#nuc	offset	region.size	count	freq	norm.freq	total.sites
T	-100	1	78	0.4	raw	187
T	-100	1	78	0.982183546115	norm	187
A	-100	1	69	0.353846153846	raw	187
A	-100	1	69	0.839187404429	norm	187
C	-100	1	32	0.164102564103	raw	187
C	-100	1	32	2.05107880608	norm	187
G	-100	1	16	0.0820512820513	raw	187
G	-100	1	16	0.900841792279	norm	187
T	-99	1	80	0.410256410256	raw	187
T	-99	1	80	1.0073677396	norm	187
A	-99	1	76	0.389743589744	raw	187
A	-99	1	76	0.924322358501	norm	187
C	-99	1	23	0.117948717949	raw	187
C	-99	1	23	1.47421289187	norm	187
G	-99	1	16	0.0820512820513	raw	187
G	-99	1	16	0.900841792279	norm	187
A	-98	1	84	0.430769230769	raw	187
A	-98	1	84	1.02161944887	norm	187
T	-98	1	76	0.389743589744	raw	187
T	-98	1	76	0.956999352625	norm	187
G	-98	1	19	0.0974358974359	raw	187
G	-98	1	19	1.06974962833	norm	187
C	-98	1	16	0.0820512820513	raw	187
C	-98	1	16	1.02553940304	norm	187
A	-97	1	79	0.405128205128	raw	187
A	-97	1	79	0.96080876739	norm	187
T	-97	1	74	0.379487179487	raw	187
T	-97	1	74	0.931815159135	norm	187
G	-97	1	23	0.117948717949	raw	187
G	-97	1	23	1.2949600764	norm	187
C	-97	1	19	0.0974358974359	raw	187
C	-97	1	19	1.21782804111	norm	187
T	-96	1	83	0.425641025641	raw	187
T	-96	1	83	1.04514402984	norm	187
A	-96	1	73	0.374358974359	raw	187
A	-96	1	73	0.887835949613	norm	187
G	-96	1	20	0.102564102564	raw	187
G	-96	1	20	1.12605224035	norm	187
C	-96	1	19	0.0974358974359	raw	187
C	-96	1	19	1.21782804111	norm	187
A	-95	1	83	0.425641025641	raw	187
A	-95	1	83	1.00945731257	norm	187
T	-95	1	76	0.389743589744	raw	187
T	-95	1	76	0.956999352625	norm	187
C	-95	1	20	0.102564102564	raw	187
C	-95	1	20	1.2819242538	norm	187
G	-95	1	16	0.0820512820513	raw	187
G	-95	1	16	0.900841792279	norm	187
T	-94	1	84	0.430769230769	raw	187
T	-94	1	84	1.05773612659	norm	187
A	-94	1	72	0.369230769231	raw	187
A	-94	1	72	0.875673813317	norm	187
G	-94	1	24	0.123076923077	raw	187
G	-94	1	24	1.35126268842	norm	187
C	-94	1	15	0.0769230769231	raw	187
C	-94	1	15	0.961443190352	norm	187
A	-93	1	86	0.441025641026	raw	187
A	-93	1	86	1.04594372146	norm	187
T	-93	1	72	0.369230769231	raw	187
T	-93	1	72	0.906630965644	norm	187
G	-93	1	20	0.102564102564	raw	187
G	-93	1	20	1.12605224035	norm	187
C	-93	1	17	0.0871794871795	raw	187
C	-93	1	17	1.08963561573	norm	187
A	-92	1	82	0.420512820513	raw	187
A	-92	1	82	0.997295176278	norm	187
T	-92	1	77	0.394871794872	raw	187
T	-92	1	77	0.96959144937	norm	187
C	-92	1	23	0.117948717949	raw	187
C	-92	1	23	1.47421289187	norm	187
G	-92	1	13	0.0666666666667	raw	187
G	-92	1	13	0.731933956227	norm	187
T	-91	1	86	0.441025641026	raw	187
T	-91	1	86	1.08292032008	norm	187
A	-91	1	76	0.389743589744	raw	187
A	-91	1	76	0.924322358501	norm	187
G	-91	1	21	0.107692307692	raw	187
G	-91	1	21	1.18235485237	norm	187
C	-91	1	12	0.0615384615385	raw	187
C	-91	1	12	0.769154552281	norm	187
A	-90	1	86	0.441025641026	raw	187
A	-90	1	86	1.04594372146	norm	187
T	-90	1	62	0.317948717949	raw	187
T	-90	1	62	0.780709998194	norm	187
G	-90	1	25	0.128205128205	raw	187
G	-90	1	25	1.40756530044	norm	187
C	-90	1	22	0.112820512821	raw	187
C	-90	1	22	1.41011667918	norm	187
A	-89	1	77	0.394871794872	raw	187
A	-89	1	77	0.936484494797	norm	187
T	-89	1	74	0.379487179487	raw	187
T	-89	1	74	0.931815159135	norm	187
G	-89	1	25	0.128205128205	raw	187
G	-89	1	25	1.40756530044	norm	187
C	-89	1	19	0.0974358974359	raw	187
C	-89	1	19	1.21782804111	norm	187
T	-88	1	85	0.435897435897	raw	187
T	-88	1	85	1.07032822333	norm	187
A	-88	1	67	0.34358974359	raw	187
A	-88	1	67	0.814863131837	norm	187
G	-88	1	23	0.117948717949	raw	187
G	-88	1	23	1.2949600764	norm	187
C	-88	1	20	0.102564102564	raw	187
C	-88	1	20	1.2819242538	norm	187
A	-87	1	76	0.389743589744	raw	187
A	-87	1	76	0.924322358501	norm	187
T	-87	1	68	0.348717948718	raw	187
T	-87	1	68	0.856262578664	norm	187
C	-87	1	26	0.133333333333	raw	187
C	-87	1	26	1.66650152994	norm	187
G	-87	1	25	0.128205128205	raw	187
G	-87	1	25	1.40756530044	norm	187
T	-86	1	86	0.441025641026	raw	187
T	-86	1	86	1.08292032008	norm	187
A	-86	1	67	0.34358974359	raw	187
A	-86	1	67	0.814863131837	norm	187
C	-86	1	21	0.107692307692	raw	187
C	-86	1	21	1.34602046649	norm	187
G	-86	1	21	0.107692307692	raw	187
G	-86	1	21	1.18235485237	norm	187
A	-85	1	81	0.415384615385	raw	187
A	-85	1	81	0.985133039982	norm	187
T	-85	1	74	0.379487179487	raw	187
T	-85	1	74	0.931815159135	norm	187
C	-85	1	23	0.117948717949	raw	187
C	-85	1	23	1.47421289187	norm	187
G	-85	1	17	0.0871794871795	raw	187
G	-85	1	17	0.957144404296	norm	187
T	-84	1	90	0.461538461538	raw	187
T	-84	1	90	1.13328870706	norm	187
A	-84	1	70	0.358974358974	raw	187
A	-84	1	70	0.851349540725	norm	187
G	-84	1	18	0.0923076923077	raw	187
G	-84	1	18	1.01344701631	norm	187
C	-84	1	17	0.0871794871795	raw	187
C	-84	1	17	1.08963561573	norm	187
T	-83	1	82	0.420512820513	raw	187
T	-83	1	82	1.0325519331	norm	187
A	-83	1	73	0.374358974359	raw	187
A	-83	1	73	0.887835949613	norm	187
C	-83	1	26	0.133333333333	raw	187
C	-83	1	26	1.66650152994	norm	187
G	-83	1	14	0.0717948717949	raw	187
G	-83	1	14	0.788236568244	norm	187
T	-82	1	86	0.441025641026	raw	187
T	-82	1	86	1.08292032008	norm	187
A	-82	1	73	0.374358974359	raw	187
A	-82	1	73	0.887835949613	norm	187
C	-82	1	23	0.117948717949	raw	187
C	-82	1	23	1.47421289187	norm	187
G	-82	1	13	0.0666666666667	raw	187
G	-82	1	13	0.731933956227	norm	187
T	-81	1	78	0.4	raw	187
T	-81	1	78	0.982183546115	norm	187
A	-81	1	70	0.358974358974	raw	187
A	-81	1	70	0.851349540725	norm	187
C	-81	1	26	0.133333333333	raw	187
C	-81	1	26	1.66650152994	norm	187
G	-81	1	21	0.107692307692	raw	187
G	-81	1	21	1.18235485237	norm	187
A	-80	1	82	0.420512820513	raw	187
A	-80	1	82	0.997295176278	norm	187
T	-80	1	82	0.420512820513	raw	187
T	-80	1	82	1.0325519331	norm	187
G	-80	1	18	0.0923076923077	raw	187
G	-80	1	18	1.01344701631	norm	187
C	-80	1	13	0.0666666666667	raw	187
C	-80	1	13	0.833250764971	norm	187
T	-79	1	79	0.405128205128	raw	187
T	-79	1	79	0.99477564286	norm	187
A	-79	1	78	0.4	raw	187
A	-79	1	78	0.948646631094	norm	187
C	-79	1	22	0.112820512821	raw	187
C	-79	1	22	1.41011667918	norm	187
G	-79	1	16	0.0820512820513	raw	187
G	-79	1	16	0.900841792279	norm	187
T	-78	1	94	0.482051282051	raw	187
T	-78	1	94	1.18365709404	norm	187
A	-78	1	68	0.348717948718	raw	187
A	-78	1	68	0.827025268133	norm	187
C	-78	1	21	0.107692307692	raw	187
C	-78	1	21	1.34602046649	norm	187
G	-78	1	12	0.0615384615385	raw	187
G	-78	1	12	0.675631344209	norm	187
T	-77	1	82	0.420512820513	raw	187
T	-77	1	82	1.0325519331	norm	187
A	-77	1	81	0.415384615385	raw	187
A	-77	1	81	0.985133039982	norm	187
C	-77	1	20	0.102564102564	raw	187
C	-77	1	20	1.2819242538	norm	187
G	-77	1	12	0.0615384615385	raw	187
G	-77	1	12	0.675631344209	norm	187
A	-76	1	83	0.425641025641	raw	187
A	-76	1	83	1.00945731257	norm	187
T	-76	1	77	0.394871794872	raw	187
T	-76	1	77	0.96959144937	norm	187
G	-76	1	18	0.0923076923077	raw	187
G	-76	1	18	1.01344701631	norm	187
C	-76	1	17	0.0871794871795	raw	187
C	-76	1	17	1.08963561573	norm	187
T	-75	1	84	0.430769230769	raw	187
T	-75	1	84	1.05773612659	norm	187
A	-75	1	73	0.374358974359	raw	187
A	-75	1	73	0.887835949613	norm	187
C	-75	1	24	0.123076923077	raw	187
C	-75	1	24	1.53830910456	norm	187
G	-75	1	14	0.0717948717949	raw	187
G	-75	1	14	0.788236568244	norm	187
A	-74	1	86	0.441025641026	raw	187
A	-74	1	86	1.04594372146	norm	187
T	-74	1	81	0.415384615385	raw	187
T	-74	1	81	1.01995983635	norm	187
C	-74	1	18	0.0923076923077	raw	187
C	-74	1	18	1.15373182842	norm	187
G	-74	1	10	0.0512820512821	raw	187
G	-74	1	10	0.563026120174	norm	187
A	-73	1	76	0.389743589744	raw	187
A	-73	1	76	0.924322358501	norm	187
T	-73	1	76	0.389743589744	raw	187
T	-73	1	76	0.956999352625	norm	187
G	-73	1	24	0.123076923077	raw	187
G	-73	1	24	1.35126268842	norm	187
C	-73	1	19	0.0974358974359	raw	187
C	-73	1	19	1.21782804111	norm	187
T	-72	1	94	0.482051282051	raw	187
T	-72	1	94	1.18365709404	norm	187
A	-72	1	65	0.333333333333	raw	187
A	-72	1	65	0.790538859245	norm	187
C	-72	1	18	0.0923076923077	raw	187
C	-72	1	18	1.15373182842	norm	187
G	-72	1	18	0.0923076923077	raw	187
G	-72	1	18	1.01344701631	norm	187
A	-71	1	77	0.394871794872	raw	187
A	-71	1	77	0.936484494797	norm	187
T	-71	1	70	0.358974358974	raw	187
T	-71	1	70	0.881446772154	norm	187
G	-71	1	32	0.164102564103	raw	187
G	-71	1	32	1.80168358456	norm	187
C	-71	1	16	0.0820512820513	raw	187
C	-71	1	16	1.02553940304	norm	187
A	-70	1	85	0.435897435897	raw	187
A	-70	1	85	1.03378158517	norm	187
T	-70	1	76	0.389743589744	raw	187
T	-70	1	76	0.956999352625	norm	187
G	-70	1	23	0.117948717949	raw	187
G	-70	1	23	1.2949600764	norm	187
C	-70	1	11	0.0564102564103	raw	187
C	-70	1	11	0.705058339591	norm	187
T	-69	1	85	0.435897435897	raw	187
T	-69	1	85	1.07032822333	norm	187
A	-69	1	69	0.353846153846	raw	187
A	-69	1	69	0.839187404429	norm	187
C	-69	1	22	0.112820512821	raw	187
C	-69	1	22	1.41011667918	norm	187
G	-69	1	19	0.0974358974359	raw	187
G	-69	1	19	1.06974962833	norm	187
T	-68	1	77	0.394871794872	raw	187
T	-68	1	77	0.96959144937	norm	187
A	-68	1	75	0.384615384615	raw	187
A	-68	1	75	0.912160222205	norm	187
C	-68	1	25	0.128205128205	raw	187
C	-68	1	25	1.60240531725	norm	187
G	-68	1	18	0.0923076923077	raw	187
G	-68	1	18	1.01344701631	norm	187
T	-67	1	87	0.446153846154	raw	187
T	-67	1	87	1.09551241682	norm	187
A	-67	1	79	0.405128205128	raw	187
A	-67	1	79	0.96080876739	norm	187
C	-67	1	15	0.0769230769231	raw	187
C	-67	1	15	0.961443190352	norm	187
G	-67	1	14	0.0717948717949	raw	187
G	-67	1	14	0.788236568244	norm	187
A	-66	1	75	0.384615384615	raw	187
A	-66	1	75	0.912160222205	norm	187
T	-66	1	71	0.364102564103	raw	187
T	-66	1	71	0.894038868899	norm	187
G	-66	1	29	0.148717948718	raw	187
G	-66	1	29	1.63277574851	norm	187
C	-66	1	20	0.102564102564	raw	187
C	-66	1	20	1.2819242538	norm	187
A	-65	1	82	0.420512820513	raw	187
A	-65	1	82	0.997295176278	norm	187
T	-65	1	73	0.374358974359	raw	187
T	-65	1	73	0.919223062389	norm	187
G	-65	1	23	0.117948717949	raw	187
G	-65	1	23	1.2949600764	norm	187
C	-65	1	17	0.0871794871795	raw	187
C	-65	1	17	1.08963561573	norm	187
A	-64	1	80	0.410256410256	raw	187
A	-64	1	80	0.972970903686	norm	187
T	-64	1	79	0.405128205128	raw	187
T	-64	1	79	0.99477564286	norm	187
C	-64	1	21	0.107692307692	raw	187
C	-64	1	21	1.34602046649	norm	187
G	-64	1	15	0.0769230769231	raw	187
G	-64	1	15	0.844539180261	norm	187
A	-63	1	76	0.389743589744	raw	187
A	-63	1	76	0.924322358501	norm	187
T	-63	1	73	0.374358974359	raw	187
T	-63	1	73	0.919223062389	norm	187
G	-63	1	25	0.128205128205	raw	187
G	-63	1	25	1.40756530044	norm	187
C	-63	1	21	0.107692307692	raw	187
C	-63	1	21	1.34602046649	norm	187
T	-62	1	82	0.420512820513	raw	187
T	-62	1	82	1.0325519331	norm	187
A	-62	1	74	0.379487179487	raw	187
A	-62	1	74	0.899998085909	norm	187
C	-62	1	23	0.117948717949	raw	187
C	-62	1	23	1.47421289187	norm	187
G	-62	1	16	0.0820512820513	raw	187
G	-62	1	16	0.900841792279	norm	187
T	-61	1	84	0.430769230769	raw	187
T	-61	1	84	1.05773612659	norm	187
A	-61	1	70	0.358974358974	raw	187
A	-61	1	70	0.851349540725	norm	187
G	-61	1	22	0.112820512821	raw	187
G	-61	1	22	1.23865746438	norm	187
C	-61	1	19	0.0974358974359	raw	187
C	-61	1	19	1.21782804111	norm	187
T	-60	1	86	0.441025641026	raw	187
T	-60	1	86	1.08292032008	norm	187
A	-60	1	67	0.34358974359	raw	187
A	-60	1	67	0.814863131837	norm	187
G	-60	1	26	0.133333333333	raw	187
G	-60	1	26	1.46386791245	norm	187
C	-60	1	16	0.0820512820513	raw	187
C	-60	1	16	1.02553940304	norm	187
T	-59	1	88	0.451282051282	raw	187
T	-59	1	88	1.10810451357	norm	187
A	-59	1	74	0.379487179487	raw	187
A	-59	1	74	0.899998085909	norm	187
G	-59	1	19	0.0974358974359	raw	187
G	-59	1	19	1.06974962833	norm	187
C	-59	1	14	0.0717948717949	raw	187
C	-59	1	14	0.897346977662	norm	187
T	-58	1	86	0.441025641026	raw	187
T	-58	1	86	1.08292032008	norm	187
A	-58	1	72	0.369230769231	raw	187
A	-58	1	72	0.875673813317	norm	187
G	-58	1	20	0.102564102564	raw	187
G	-58	1	20	1.12605224035	norm	187
C	-58	1	17	0.0871794871795	raw	187
C	-58	1	17	1.08963561573	norm	187
T	-57	1	90	0.461538461538	raw	187
T	-57	1	90	1.13328870706	norm	187
A	-57	1	69	0.353846153846	raw	187
A	-57	1	69	0.839187404429	norm	187
C	-57	1	23	0.117948717949	raw	187
C	-57	1	23	1.47421289187	norm	187
G	-57	1	13	0.0666666666667	raw	187
G	-57	1	13	0.731933956227	norm	187
T	-56	1	85	0.435897435897	raw	187
T	-56	1	85	1.07032822333	norm	187
A	-56	1	67	0.34358974359	raw	187
A	-56	1	67	0.814863131837	norm	187
C	-56	1	26	0.133333333333	raw	187
C	-56	1	26	1.66650152994	norm	187
G	-56	1	17	0.0871794871795	raw	187
G	-56	1	17	0.957144404296	norm	187
T	-55	1	73	0.374358974359	raw	187
T	-55	1	73	0.919223062389	norm	187
A	-55	1	71	0.364102564103	raw	187
A	-55	1	71	0.863511677021	norm	187
C	-55	1	29	0.148717948718	raw	187
C	-55	1	29	1.85879016801	norm	187
G	-55	1	22	0.112820512821	raw	187
G	-55	1	22	1.23865746438	norm	187
A	-54	1	77	0.394871794872	raw	187
A	-54	1	77	0.936484494797	norm	187
T	-54	1	74	0.379487179487	raw	187
T	-54	1	74	0.931815159135	norm	187
C	-54	1	25	0.128205128205	raw	187
C	-54	1	25	1.60240531725	norm	187
G	-54	1	19	0.0974358974359	raw	187
G	-54	1	19	1.06974962833	norm	187
T	-53	1	80	0.410256410256	raw	187
T	-53	1	80	1.0073677396	norm	187
A	-53	1	78	0.4	raw	187
A	-53	1	78	0.948646631094	norm	187
C	-53	1	21	0.107692307692	raw	187
C	-53	1	21	1.34602046649	norm	187
G	-53	1	16	0.0820512820513	raw	187
G	-53	1	16	0.900841792279	norm	187
A	-52	1	73	0.374358974359	raw	187
A	-52	1	73	0.887835949613	norm	187
T	-52	1	73	0.374358974359	raw	187
T	-52	1	73	0.919223062389	norm	187
C	-52	1	26	0.133333333333	raw	187
C	-52	1	26	1.66650152994	norm	187
G	-52	1	23	0.117948717949	raw	187
G	-52	1	23	1.2949600764	norm	187
T	-51	1	82	0.420512820513	raw	187
T	-51	1	82	1.0325519331	norm	187
A	-51	1	75	0.384615384615	raw	187
A	-51	1	75	0.912160222205	norm	187
C	-51	1	22	0.112820512821	raw	187
C	-51	1	22	1.41011667918	norm	187
G	-51	1	16	0.0820512820513	raw	187
G	-51	1	16	0.900841792279	norm	187
A	-50	1	82	0.420512820513	raw	187
A	-50	1	82	0.997295176278	norm	187
T	-50	1	75	0.384615384615	raw	187
T	-50	1	75	0.94440725588	norm	187
G	-50	1	23	0.117948717949	raw	187
G	-50	1	23	1.2949600764	norm	187
C	-50	1	15	0.0769230769231	raw	187
C	-50	1	15	0.961443190352	norm	187
T	-49	1	80	0.410256410256	raw	187
T	-49	1	80	1.0073677396	norm	187
A	-49	1	68	0.348717948718	raw	187
A	-49	1	68	0.827025268133	norm	187
C	-49	1	25	0.128205128205	raw	187
C	-49	1	25	1.60240531725	norm	187
G	-49	1	22	0.112820512821	raw	187
G	-49	1	22	1.23865746438	norm	187
T	-48	1	86	0.441025641026	raw	187
T	-48	1	86	1.08292032008	norm	187
A	-48	1	62	0.317948717949	raw	187
A	-48	1	62	0.754052450356	norm	187
C	-48	1	30	0.153846153846	raw	187
C	-48	1	30	1.9228863807	norm	187
G	-48	1	17	0.0871794871795	raw	187
G	-48	1	17	0.957144404296	norm	187
A	-47	1	83	0.425641025641	raw	187
A	-47	1	83	1.00945731257	norm	187
T	-47	1	77	0.394871794872	raw	187
T	-47	1	77	0.96959144937	norm	187
C	-47	1	21	0.107692307692	raw	187
C	-47	1	21	1.34602046649	norm	187
G	-47	1	14	0.0717948717949	raw	187
G	-47	1	14	0.788236568244	norm	187
T	-46	1	79	0.405128205128	raw	187
T	-46	1	79	0.99477564286	norm	187
A	-46	1	71	0.364102564103	raw	187
A	-46	1	71	0.863511677021	norm	187
C	-46	1	29	0.148717948718	raw	187
C	-46	1	29	1.85879016801	norm	187
G	-46	1	16	0.0820512820513	raw	187
G	-46	1	16	0.900841792279	norm	187
A	-45	1	85	0.435897435897	raw	187
A	-45	1	85	1.03378158517	norm	187
T	-45	1	73	0.374358974359	raw	187
T	-45	1	73	0.919223062389	norm	187
C	-45	1	21	0.107692307692	raw	187
C	-45	1	21	1.34602046649	norm	187
G	-45	1	16	0.0820512820513	raw	187
G	-45	1	16	0.900841792279	norm	187
T	-44	1	88	0.451282051282	raw	187
T	-44	1	88	1.10810451357	norm	187
A	-44	1	62	0.317948717949	raw	187
A	-44	1	62	0.754052450356	norm	187
C	-44	1	25	0.128205128205	raw	187
C	-44	1	25	1.60240531725	norm	187
G	-44	1	20	0.102564102564	raw	187
G	-44	1	20	1.12605224035	norm	187
A	-43	1	83	0.425641025641	raw	187
A	-43	1	83	1.00945731257	norm	187
T	-43	1	67	0.34358974359	raw	187
T	-43	1	67	0.843670481919	norm	187
G	-43	1	26	0.133333333333	raw	187
G	-43	1	26	1.46386791245	norm	187
C	-43	1	19	0.0974358974359	raw	187
C	-43	1	19	1.21782804111	norm	187
T	-42	1	82	0.420512820513	raw	187
T	-42	1	82	1.0325519331	norm	187
A	-42	1	67	0.34358974359	raw	187
A	-42	1	67	0.814863131837	norm	187
C	-42	1	28	0.14358974359	raw	187
C	-42	1	28	1.79469395532	norm	187
G	-42	1	18	0.0923076923077	raw	187
G	-42	1	18	1.01344701631	norm	187
T	-41	1	76	0.389743589744	raw	187
T	-41	1	76	0.956999352625	norm	187
A	-41	1	67	0.34358974359	raw	187
A	-41	1	67	0.814863131837	norm	187
C	-41	1	26	0.133333333333	raw	187
C	-41	1	26	1.66650152994	norm	187
G	-41	1	26	0.133333333333	raw	187
G	-41	1	26	1.46386791245	norm	187
A	-40	1	82	0.420512820513	raw	187
A	-40	1	82	0.997295176278	norm	187
T	-40	1	72	0.369230769231	raw	187
T	-40	1	72	0.906630965644	norm	187
C	-40	1	23	0.117948717949	raw	187
C	-40	1	23	1.47421289187	norm	187
G	-40	1	18	0.0923076923077	raw	187
G	-40	1	18	1.01344701631	norm	187
A	-39	1	82	0.420512820513	raw	187
A	-39	1	82	0.997295176278	norm	187
T	-39	1	63	0.323076923077	raw	187
T	-39	1	63	0.793302094939	norm	187
G	-39	1	29	0.148717948718	raw	187
G	-39	1	29	1.63277574851	norm	187
C	-39	1	21	0.107692307692	raw	187
C	-39	1	21	1.34602046649	norm	187
A	-38	1	85	0.435897435897	raw	187
A	-38	1	85	1.03378158517	norm	187
T	-38	1	62	0.317948717949	raw	187
T	-38	1	62	0.780709998194	norm	187
G	-38	1	27	0.138461538462	raw	187
G	-38	1	27	1.52017052447	norm	187
C	-38	1	21	0.107692307692	raw	187
C	-38	1	21	1.34602046649	norm	187
T	-37	1	77	0.394871794872	raw	187
T	-37	1	77	0.96959144937	norm	187
A	-37	1	71	0.364102564103	raw	187
A	-37	1	71	0.863511677021	norm	187
C	-37	1	27	0.138461538462	raw	187
C	-37	1	27	1.73059774263	norm	187
G	-37	1	20	0.102564102564	raw	187
G	-37	1	20	1.12605224035	norm	187
A	-36	1	89	0.45641025641	raw	187
A	-36	1	89	1.08243013035	norm	187
T	-36	1	63	0.323076923077	raw	187
T	-36	1	63	0.793302094939	norm	187
G	-36	1	25	0.128205128205	raw	187
G	-36	1	25	1.40756530044	norm	187
C	-36	1	18	0.0923076923077	raw	187
C	-36	1	18	1.15373182842	norm	187
T	-35	1	85	0.435897435897	raw	187
T	-35	1	85	1.07032822333	norm	187
A	-35	1	70	0.358974358974	raw	187
A	-35	1	70	0.851349540725	norm	187
C	-35	1	24	0.123076923077	raw	187
C	-35	1	24	1.53830910456	norm	187
G	-35	1	16	0.0820512820513	raw	187
G	-35	1	16	0.900841792279	norm	187
A	-34	1	77	0.394871794872	raw	187
A	-34	1	77	0.936484494797	norm	187
T	-34	1	65	0.333333333333	raw	187
T	-34	1	65	0.818486288429	norm	187
C	-34	1	31	0.158974358974	raw	187
C	-34	1	31	1.98698259339	norm	187
G	-34	1	22	0.112820512821	raw	187
G	-34	1	22	1.23865746438	norm	187
T	-33	1	79	0.405128205128	raw	187
T	-33	1	79	0.99477564286	norm	187
A	-33	1	58	0.297435897436	raw	187
A	-33	1	58	0.705403905172	norm	187
G	-33	1	30	0.153846153846	raw	187
G	-33	1	30	1.68907836052	norm	187
C	-33	1	28	0.14358974359	raw	187
C	-33	1	28	1.79469395532	norm	187
A	-32	1	79	0.405128205128	raw	187
A	-32	1	79	0.96080876739	norm	187
T	-32	1	69	0.353846153846	raw	187
T	-32	1	69	0.868854675409	norm	187
G	-32	1	28	0.14358974359	raw	187
G	-32	1	28	1.57647313649	norm	187
C	-32	1	19	0.0974358974359	raw	187
C	-32	1	19	1.21782804111	norm	187
A	-31	1	84	0.430769230769	raw	187
A	-31	1	84	1.02161944887	norm	187
T	-31	1	59	0.302564102564	raw	187
T	-31	1	59	0.742933707959	norm	187
C	-31	1	29	0.148717948718	raw	187
C	-31	1	29	1.85879016801	norm	187
G	-31	1	23	0.117948717949	raw	187
G	-31	1	23	1.2949600764	norm	187
A	-30	1	79	0.405128205128	raw	187
A	-30	1	79	0.96080876739	norm	187
T	-30	1	72	0.369230769231	raw	187
T	-30	1	72	0.906630965644	norm	187
C	-30	1	24	0.123076923077	raw	187
C	-30	1	24	1.53830910456	norm	187
G	-30	1	20	0.102564102564	raw	187
G	-30	1	20	1.12605224035	norm	187
T	-29	1	88	0.451282051282	raw	187
T	-29	1	88	1.10810451357	norm	187
A	-29	1	72	0.369230769231	raw	187
A	-29	1	72	0.875673813317	norm	187
C	-29	1	20	0.102564102564	raw	187
C	-29	1	20	1.2819242538	norm	187
G	-29	1	15	0.0769230769231	raw	187
G	-29	1	15	0.844539180261	norm	187
T	-28	1	77	0.394871794872	raw	187
T	-28	1	77	0.96959144937	norm	187
A	-28	1	63	0.323076923077	raw	187
A	-28	1	63	0.766214586652	norm	187
C	-28	1	33	0.169230769231	raw	187
C	-28	1	33	2.11517501877	norm	187
G	-28	1	22	0.112820512821	raw	187
G	-28	1	22	1.23865746438	norm	187
A	-27	1	80	0.410256410256	raw	187
A	-27	1	80	0.972970903686	norm	187
T	-27	1	59	0.302564102564	raw	187
T	-27	1	59	0.742933707959	norm	187
C	-27	1	32	0.164102564103	raw	187
C	-27	1	32	2.05107880608	norm	187
G	-27	1	24	0.123076923077	raw	187
G	-27	1	24	1.35126268842	norm	187
A	-26	1	73	0.374358974359	raw	187
A	-26	1	73	0.887835949613	norm	187
T	-26	1	72	0.369230769231	raw	187
T	-26	1	72	0.906630965644	norm	187
C	-26	1	28	0.14358974359	raw	187
C	-26	1	28	1.79469395532	norm	187
G	-26	1	22	0.112820512821	raw	187
G	-26	1	22	1.23865746438	norm	187
A	-25	1	82	0.420512820513	raw	187
A	-25	1	82	0.997295176278	norm	187
T	-25	1	76	0.389743589744	raw	187
T	-25	1	76	0.956999352625	norm	187
G	-25	1	19	0.0974358974359	raw	187
G	-25	1	19	1.06974962833	norm	187
C	-25	1	18	0.0923076923077	raw	187
C	-25	1	18	1.15373182842	norm	187
T	-24	1	75	0.384615384615	raw	187
T	-24	1	75	0.94440725588	norm	187
A	-24	1	73	0.374358974359	raw	187
A	-24	1	73	0.887835949613	norm	187
C	-24	1	30	0.153846153846	raw	187
C	-24	1	30	1.9228863807	norm	187
G	-24	1	17	0.0871794871795	raw	187
G	-24	1	17	0.957144404296	norm	187
A	-23	1	80	0.410256410256	raw	187
A	-23	1	80	0.972970903686	norm	187
T	-23	1	78	0.4	raw	187
T	-23	1	78	0.982183546115	norm	187
C	-23	1	21	0.107692307692	raw	187
C	-23	1	21	1.34602046649	norm	187
G	-23	1	16	0.0820512820513	raw	187
G	-23	1	16	0.900841792279	norm	187
T	-22	1	75	0.384615384615	raw	187
T	-22	1	75	0.94440725588	norm	187
A	-22	1	69	0.353846153846	raw	187
A	-22	1	69	0.839187404429	norm	187
C	-22	1	28	0.14358974359	raw	187
C	-22	1	28	1.79469395532	norm	187
G	-22	1	23	0.117948717949	raw	187
G	-22	1	23	1.2949600764	norm	187
T	-21	1	83	0.425641025641	raw	187
T	-21	1	83	1.04514402984	norm	187
A	-21	1	68	0.348717948718	raw	187
A	-21	1	68	0.827025268133	norm	187
C	-21	1	26	0.133333333333	raw	187
C	-21	1	26	1.66650152994	norm	187
G	-21	1	18	0.0923076923077	raw	187
G	-21	1	18	1.01344701631	norm	187
T	-20	1	78	0.4	raw	187
T	-20	1	78	0.982183546115	norm	187
A	-20	1	64	0.328205128205	raw	187
A	-20	1	64	0.778376722949	norm	187
G	-20	1	35	0.179487179487	raw	187
G	-20	1	35	1.97059142061	norm	187
C	-20	1	18	0.0923076923077	raw	187
C	-20	1	18	1.15373182842	norm	187
T	-19	1	78	0.4	raw	187
T	-19	1	78	0.982183546115	norm	187
A	-19	1	65	0.333333333333	raw	187
A	-19	1	65	0.790538859245	norm	187
C	-19	1	28	0.14358974359	raw	187
C	-19	1	28	1.79469395532	norm	187
G	-19	1	24	0.123076923077	raw	187
G	-19	1	24	1.35126268842	norm	187
T	-18	1	77	0.394871794872	raw	187
T	-18	1	77	0.96959144937	norm	187
A	-18	1	66	0.338461538462	raw	187
A	-18	1	66	0.802700995541	norm	187
C	-18	1	27	0.138461538462	raw	187
C	-18	1	27	1.73059774263	norm	187
G	-18	1	25	0.128205128205	raw	187
G	-18	1	25	1.40756530044	norm	187
A	-17	1	73	0.374358974359	raw	187
A	-17	1	73	0.887835949613	norm	187
T	-17	1	71	0.364102564103	raw	187
T	-17	1	71	0.894038868899	norm	187
C	-17	1	29	0.148717948718	raw	187
C	-17	1	29	1.85879016801	norm	187
G	-17	1	22	0.112820512821	raw	187
G	-17	1	22	1.23865746438	norm	187
A	-16	1	80	0.410256410256	raw	187
A	-16	1	80	0.972970903686	norm	187
T	-16	1	62	0.317948717949	raw	187
T	-16	1	62	0.780709998194	norm	187
G	-16	1	28	0.14358974359	raw	187
G	-16	1	28	1.57647313649	norm	187
C	-16	1	25	0.128205128205	raw	187
C	-16	1	25	1.60240531725	norm	187
T	-15	1	74	0.379487179487	raw	187
T	-15	1	74	0.931815159135	norm	187
A	-15	1	64	0.328205128205	raw	187
A	-15	1	64	0.778376722949	norm	187
C	-15	1	34	0.174358974359	raw	187
C	-15	1	34	2.17927123146	norm	187
G	-15	1	23	0.117948717949	raw	187
G	-15	1	23	1.2949600764	norm	187
A	-14	1	73	0.374358974359	raw	187
A	-14	1	73	0.887835949613	norm	187
T	-14	1	71	0.364102564103	raw	187
T	-14	1	71	0.894038868899	norm	187
C	-14	1	27	0.138461538462	raw	187
C	-14	1	27	1.73059774263	norm	187
G	-14	1	24	0.123076923077	raw	187
G	-14	1	24	1.35126268842	norm	187
A	-13	1	79	0.405128205128	raw	187
A	-13	1	79	0.96080876739	norm	187
T	-13	1	62	0.317948717949	raw	187
T	-13	1	62	0.780709998194	norm	187
C	-13	1	32	0.164102564103	raw	187
C	-13	1	32	2.05107880608	norm	187
G	-13	1	22	0.112820512821	raw	187
G	-13	1	22	1.23865746438	norm	187
A	-12	1	71	0.364102564103	raw	187
A	-12	1	71	0.863511677021	norm	187
T	-12	1	63	0.323076923077	raw	187
T	-12	1	63	0.793302094939	norm	187
C	-12	1	36	0.184615384615	raw	187
C	-12	1	36	2.30746365684	norm	187
G	-12	1	25	0.128205128205	raw	187
G	-12	1	25	1.40756530044	norm	187
T	-11	1	69	0.353846153846	raw	187
T	-11	1	69	0.868854675409	norm	187
A	-11	1	67	0.34358974359	raw	187
A	-11	1	67	0.814863131837	norm	187
C	-11	1	31	0.158974358974	raw	187
C	-11	1	31	1.98698259339	norm	187
G	-11	1	28	0.14358974359	raw	187
G	-11	1	28	1.57647313649	norm	187
T	-10	1	78	0.4	raw	187
T	-10	1	78	0.982183546115	norm	187
A	-10	1	73	0.374358974359	raw	187
A	-10	1	73	0.887835949613	norm	187
C	-10	1	23	0.117948717949	raw	187
C	-10	1	23	1.47421289187	norm	187
G	-10	1	21	0.107692307692	raw	187
G	-10	1	21	1.18235485237	norm	187
A	-9	1	83	0.425641025641	raw	187
A	-9	1	83	1.00945731257	norm	187
T	-9	1	60	0.307692307692	raw	187
T	-9	1	60	0.755525804704	norm	187
C	-9	1	26	0.133333333333	raw	187
C	-9	1	26	1.66650152994	norm	187
G	-9	1	26	0.133333333333	raw	187
G	-9	1	26	1.46386791245	norm	187
T	-8	1	78	0.4	raw	187
T	-8	1	78	0.982183546115	norm	187
A	-8	1	72	0.369230769231	raw	187
A	-8	1	72	0.875673813317	norm	187
C	-8	1	31	0.158974358974	raw	187
C	-8	1	31	1.98698259339	norm	187
G	-8	1	14	0.0717948717949	raw	187
G	-8	1	14	0.788236568244	norm	187
T	-7	1	75	0.384615384615	raw	187
T	-7	1	75	0.94440725588	norm	187
A	-7	1	71	0.364102564103	raw	187
A	-7	1	71	0.863511677021	norm	187
C	-7	1	30	0.153846153846	raw	187
C	-7	1	30	1.9228863807	norm	187
G	-7	1	19	0.0974358974359	raw	187
G	-7	1	19	1.06974962833	norm	187
T	-6	1	87	0.446153846154	raw	187
T	-6	1	87	1.09551241682	norm	187
A	-6	1	59	0.302564102564	raw	187
A	-6	1	59	0.717566041468	norm	187
C	-6	1	25	0.128205128205	raw	187
C	-6	1	25	1.60240531725	norm	187
G	-6	1	24	0.123076923077	raw	187
G	-6	1	24	1.35126268842	norm	187
T	-5	1	71	0.364102564103	raw	187
T	-5	1	71	0.894038868899	norm	187
A	-5	1	65	0.333333333333	raw	187
A	-5	1	65	0.790538859245	norm	187
C	-5	1	38	0.194871794872	raw	187
C	-5	1	38	2.43565608222	norm	187
G	-5	1	21	0.107692307692	raw	187
G	-5	1	21	1.18235485237	norm	187
T	-4	1	78	0.4	raw	187
T	-4	1	78	0.982183546115	norm	187
A	-4	1	70	0.358974358974	raw	187
A	-4	1	70	0.851349540725	norm	187
C	-4	1	25	0.128205128205	raw	187
C	-4	1	25	1.60240531725	norm	187
G	-4	1	22	0.112820512821	raw	187
G	-4	1	22	1.23865746438	norm	187
A	-3	1	74	0.379487179487	raw	187
A	-3	1	74	0.899998085909	norm	187
T	-3	1	64	0.328205128205	raw	187
T	-3	1	64	0.805894191684	norm	187
G	-3	1	30	0.153846153846	raw	187
G	-3	1	30	1.68907836052	norm	187
C	-3	1	27	0.138461538462	raw	187
C	-3	1	27	1.73059774263	norm	187
T	-2	1	93	0.476923076923	raw	187
T	-2	1	93	1.17106499729	norm	187
A	-2	1	58	0.297435897436	raw	187
A	-2	1	58	0.705403905172	norm	187
C	-2	1	27	0.138461538462	raw	187
C	-2	1	27	1.73059774263	norm	187
G	-2	1	17	0.0871794871795	raw	187
G	-2	1	17	0.957144404296	norm	187
T	-1	1	77	0.394871794872	raw	187
T	-1	1	77	0.96959144937	norm	187
A	-1	1	51	0.261538461538	raw	187
A	-1	1	51	0.6202689511	norm	187
C	-1	1	42	0.215384615385	raw	187
C	-1	1	42	2.69204093298	norm	187
G	-1	1	25	0.128205128205	raw	187
G	-1	1	25	1.40756530044	norm	187
C	0	1	86	0.441025641026	raw	187
C	0	1	86	5.51227429135	norm	187
A	0	1	57	0.292307692308	raw	187
A	0	1	57	0.693241768876	norm	187
G	0	1	27	0.138461538462	raw	187
G	0	1	27	1.52017052447	norm	187
T	0	1	25	0.128205128205	raw	187
T	0	1	25	0.314802418627	norm	187
T	1	1	76	0.389743589744	raw	187
T	1	1	76	0.956999352625	norm	187
A	1	1	74	0.379487179487	raw	187
A	1	1	74	0.899998085909	norm	187
C	1	1	32	0.164102564103	raw	187
C	1	1	32	2.05107880608	norm	187
G	1	1	13	0.0666666666667	raw	187
G	1	1	13	0.731933956227	norm	187
A	2	1	78	0.4	raw	187
A	2	1	78	0.948646631094	norm	187
T	2	1	62	0.317948717949	raw	187
T	2	1	62	0.780709998194	norm	187
G	2	1	31	0.158974358974	raw	187
G	2	1	31	1.74538097254	norm	187
C	2	1	24	0.123076923077	raw	187
C	2	1	24	1.53830910456	norm	187
T	3	1	85	0.435897435897	raw	187
T	3	1	85	1.07032822333	norm	187
A	3	1	46	0.235897435897	raw	187
A	3	1	46	0.559458269619	norm	187
G	3	1	38	0.194871794872	raw	187
G	3	1	38	2.13949925666	norm	187
C	3	1	26	0.133333333333	raw	187
C	3	1	26	1.66650152994	norm	187
T	4	1	73	0.374358974359	raw	187
T	4	1	73	0.919223062389	norm	187
A	4	1	57	0.292307692308	raw	187
A	4	1	57	0.693241768876	norm	187
G	4	1	37	0.189743589744	raw	187
G	4	1	37	2.08319664464	norm	187
C	4	1	28	0.14358974359	raw	187
C	4	1	28	1.79469395532	norm	187
T	5	1	73	0.374358974359	raw	187
T	5	1	73	0.919223062389	norm	187
A	5	1	59	0.302564102564	raw	187
A	5	1	59	0.717566041468	norm	187
G	5	1	34	0.174358974359	raw	187
G	5	1	34	1.91428880859	norm	187
C	5	1	29	0.148717948718	raw	187
C	5	1	29	1.85879016801	norm	187
T	6	1	64	0.328205128205	raw	187
T	6	1	64	0.805894191684	norm	187
A	6	1	56	0.287179487179	raw	187
A	6	1	56	0.68107963258	norm	187
G	6	1	39	0.2	raw	187
G	6	1	39	2.19580186868	norm	187
C	6	1	36	0.184615384615	raw	187
C	6	1	36	2.30746365684	norm	187
T	7	1	65	0.333333333333	raw	187
T	7	1	65	0.818486288429	norm	187
A	7	1	56	0.287179487179	raw	187
A	7	1	56	0.68107963258	norm	187
G	7	1	38	0.194871794872	raw	187
G	7	1	38	2.13949925666	norm	187
C	7	1	36	0.184615384615	raw	187
C	7	1	36	2.30746365684	norm	187
T	8	1	79	0.405128205128	raw	187
T	8	1	79	0.99477564286	norm	187
A	8	1	58	0.297435897436	raw	187
A	8	1	58	0.705403905172	norm	187
G	8	1	31	0.158974358974	raw	187
G	8	1	31	1.74538097254	norm	187
C	8	1	27	0.138461538462	raw	187
C	8	1	27	1.73059774263	norm	187
T	9	1	70	0.358974358974	raw	187
T	9	1	70	0.881446772154	norm	187
A	9	1	59	0.302564102564	raw	187
A	9	1	59	0.717566041468	norm	187
C	9	1	37	0.189743589744	raw	187
C	9	1	37	2.37155986953	norm	187
G	9	1	29	0.148717948718	raw	187
G	9	1	29	1.63277574851	norm	187
T	10	1	66	0.338461538462	raw	187
T	10	1	66	0.831078385174	norm	187
A	10	1	63	0.323076923077	raw	187
A	10	1	63	0.766214586652	norm	187
C	10	1	33	0.169230769231	raw	187
C	10	1	33	2.11517501877	norm	187
G	10	1	33	0.169230769231	raw	187
G	10	1	33	1.85798619657	norm	187
T	11	1	75	0.384615384615	raw	187
T	11	1	75	0.94440725588	norm	187
A	11	1	59	0.302564102564	raw	187
A	11	1	59	0.717566041468	norm	187
C	11	1	31	0.158974358974	raw	187
C	11	1	31	1.98698259339	norm	187
G	11	1	30	0.153846153846	raw	187
G	11	1	30	1.68907836052	norm	187
T	12	1	77	0.394871794872	raw	187
T	12	1	77	0.96959144937	norm	187
A	12	1	58	0.297435897436	raw	187
A	12	1	58	0.705403905172	norm	187
C	12	1	34	0.174358974359	raw	187
C	12	1	34	2.17927123146	norm	187
G	12	1	26	0.133333333333	raw	187
G	12	1	26	1.46386791245	norm	187
T	13	1	77	0.394871794872	raw	187
T	13	1	77	0.96959144937	norm	187
A	13	1	55	0.282051282051	raw	187
A	13	1	55	0.668917496284	norm	187
C	13	1	36	0.184615384615	raw	187
C	13	1	36	2.30746365684	norm	187
G	13	1	27	0.138461538462	raw	187
G	13	1	27	1.52017052447	norm	187
A	14	1	70	0.358974358974	raw	187
A	14	1	70	0.851349540725	norm	187
T	14	1	65	0.333333333333	raw	187
T	14	1	65	0.818486288429	norm	187
C	14	1	36	0.184615384615	raw	187
C	14	1	36	2.30746365684	norm	187
G	14	1	24	0.123076923077	raw	187
G	14	1	24	1.35126268842	norm	187
T	15	1	69	0.353846153846	raw	187
T	15	1	69	0.868854675409	norm	187
A	15	1	61	0.312820512821	raw	187
A	15	1	61	0.74189031406	norm	187
C	15	1	35	0.179487179487	raw	187
C	15	1	35	2.24336744415	norm	187
G	15	1	30	0.153846153846	raw	187
G	15	1	30	1.68907836052	norm	187
T	16	1	80	0.410256410256	raw	187
T	16	1	80	1.0073677396	norm	187
A	16	1	51	0.261538461538	raw	187
A	16	1	51	0.6202689511	norm	187
G	16	1	34	0.174358974359	raw	187
G	16	1	34	1.91428880859	norm	187
C	16	1	30	0.153846153846	raw	187
C	16	1	30	1.9228863807	norm	187
T	17	1	71	0.364102564103	raw	187
T	17	1	71	0.894038868899	norm	187
A	17	1	52	0.266666666667	raw	187
A	17	1	52	0.632431087396	norm	187
G	17	1	38	0.194871794872	raw	187
G	17	1	38	2.13949925666	norm	187
C	17	1	34	0.174358974359	raw	187
C	17	1	34	2.17927123146	norm	187
T	18	1	60	0.307692307692	raw	187
T	18	1	60	0.755525804704	norm	187
A	18	1	59	0.302564102564	raw	187
A	18	1	59	0.717566041468	norm	187
C	18	1	46	0.235897435897	raw	187
C	18	1	46	2.94842578375	norm	187
G	18	1	30	0.153846153846	raw	187
G	18	1	30	1.68907836052	norm	187
A	19	1	71	0.364102564103	raw	187
A	19	1	71	0.863511677021	norm	187
T	19	1	69	0.353846153846	raw	187
T	19	1	69	0.868854675409	norm	187
C	19	1	36	0.184615384615	raw	187
C	19	1	36	2.30746365684	norm	187
G	19	1	19	0.0974358974359	raw	187
G	19	1	19	1.06974962833	norm	187
A	20	1	63	0.323076923077	raw	187
A	20	1	63	0.766214586652	norm	187
T	20	1	57	0.292307692308	raw	187
T	20	1	57	0.717749514468	norm	187
C	20	1	40	0.205128205128	raw	187
C	20	1	40	2.5638485076	norm	187
G	20	1	35	0.179487179487	raw	187
G	20	1	35	1.97059142061	norm	187
A	21	1	66	0.338461538462	raw	187
A	21	1	66	0.802700995541	norm	187
T	21	1	65	0.333333333333	raw	187
T	21	1	65	0.818486288429	norm	187
C	21	1	33	0.169230769231	raw	187
C	21	1	33	2.11517501877	norm	187
G	21	1	31	0.158974358974	raw	187
G	21	1	31	1.74538097254	norm	187
A	22	1	69	0.353846153846	raw	187
A	22	1	69	0.839187404429	norm	187
T	22	1	68	0.348717948718	raw	187
T	22	1	68	0.856262578664	norm	187
C	22	1	29	0.148717948718	raw	187
C	22	1	29	1.85879016801	norm	187
G	22	1	29	0.148717948718	raw	187
G	22	1	29	1.63277574851	norm	187
T	23	1	84	0.430769230769	raw	187
T	23	1	84	1.05773612659	norm	187
A	23	1	59	0.302564102564	raw	187
A	23	1	59	0.717566041468	norm	187
C	23	1	28	0.14358974359	raw	187
C	23	1	28	1.79469395532	norm	187
G	23	1	24	0.123076923077	raw	187
G	23	1	24	1.35126268842	norm	187
T	24	1	73	0.374358974359	raw	187
T	24	1	73	0.919223062389	norm	187
A	24	1	62	0.317948717949	raw	187
A	24	1	62	0.754052450356	norm	187
C	24	1	37	0.189743589744	raw	187
C	24	1	37	2.37155986953	norm	187
G	24	1	23	0.117948717949	raw	187
G	24	1	23	1.2949600764	norm	187
A	25	1	70	0.358974358974	raw	187
A	25	1	70	0.851349540725	norm	187
T	25	1	65	0.333333333333	raw	187
T	25	1	65	0.818486288429	norm	187
C	25	1	34	0.174358974359	raw	187
C	25	1	34	2.17927123146	norm	187
G	25	1	26	0.133333333333	raw	187
G	25	1	26	1.46386791245	norm	187
T	26	1	77	0.394871794872	raw	187
T	26	1	77	0.96959144937	norm	187
A	26	1	50	0.25641025641	raw	187
A	26	1	50	0.608106814804	norm	187
C	26	1	38	0.194871794872	raw	187
C	26	1	38	2.43565608222	norm	187
G	26	1	30	0.153846153846	raw	187
G	26	1	30	1.68907836052	norm	187
T	27	1	67	0.34358974359	raw	187
T	27	1	67	0.843670481919	norm	187
A	27	1	61	0.312820512821	raw	187
A	27	1	61	0.74189031406	norm	187
G	27	1	40	0.205128205128	raw	187
G	27	1	40	2.2521044807	norm	187
C	27	1	27	0.138461538462	raw	187
C	27	1	27	1.73059774263	norm	187
T	28	1	75	0.384615384615	raw	187
T	28	1	75	0.94440725588	norm	187
A	28	1	63	0.323076923077	raw	187
A	28	1	63	0.766214586652	norm	187
G	28	1	31	0.158974358974	raw	187
G	28	1	31	1.74538097254	norm	187
C	28	1	26	0.133333333333	raw	187
C	28	1	26	1.66650152994	norm	187
T	29	1	85	0.435897435897	raw	187
T	29	1	85	1.07032822333	norm	187
A	29	1	55	0.282051282051	raw	187
A	29	1	55	0.668917496284	norm	187
C	29	1	30	0.153846153846	raw	187
C	29	1	30	1.9228863807	norm	187
G	29	1	25	0.128205128205	raw	187
G	29	1	25	1.40756530044	norm	187
T	30	1	70	0.358974358974	raw	187
T	30	1	70	0.881446772154	norm	187
A	30	1	67	0.34358974359	raw	187
A	30	1	67	0.814863131837	norm	187
G	30	1	32	0.164102564103	raw	187
G	30	1	32	1.80168358456	norm	187
C	30	1	26	0.133333333333	raw	187
C	30	1	26	1.66650152994	norm	187
T	31	1	78	0.4	raw	187
T	31	1	78	0.982183546115	norm	187
A	31	1	67	0.34358974359	raw	187
A	31	1	67	0.814863131837	norm	187
C	31	1	26	0.133333333333	raw	187
C	31	1	26	1.66650152994	norm	187
G	31	1	24	0.123076923077	raw	187
G	31	1	24	1.35126268842	norm	187
A	32	1	68	0.348717948718	raw	187
A	32	1	68	0.827025268133	norm	187
T	32	1	61	0.312820512821	raw	187
T	32	1	61	0.768117901449	norm	187
C	32	1	41	0.210256410256	raw	187
C	32	1	41	2.62794472029	norm	187
G	32	1	25	0.128205128205	raw	187
G	32	1	25	1.40756530044	norm	187
T	33	1	74	0.379487179487	raw	187
T	33	1	74	0.931815159135	norm	187
A	33	1	61	0.312820512821	raw	187
A	33	1	61	0.74189031406	norm	187
G	33	1	33	0.169230769231	raw	187
G	33	1	33	1.85798619657	norm	187
C	33	1	27	0.138461538462	raw	187
C	33	1	27	1.73059774263	norm	187
A	34	1	74	0.379487179487	raw	187
A	34	1	74	0.899998085909	norm	187
T	34	1	72	0.369230769231	raw	187
T	34	1	72	0.906630965644	norm	187
G	34	1	25	0.128205128205	raw	187
G	34	1	25	1.40756530044	norm	187
C	34	1	24	0.123076923077	raw	187
C	34	1	24	1.53830910456	norm	187
T	35	1	78	0.4	raw	187
T	35	1	78	0.982183546115	norm	187
A	35	1	64	0.328205128205	raw	187
A	35	1	64	0.778376722949	norm	187
C	35	1	27	0.138461538462	raw	187
C	35	1	27	1.73059774263	norm	187
G	35	1	26	0.133333333333	raw	187
G	35	1	26	1.46386791245	norm	187
T	36	1	89	0.45641025641	raw	187
T	36	1	89	1.12069661031	norm	187
A	36	1	54	0.276923076923	raw	187
A	36	1	54	0.656755359988	norm	187
G	36	1	29	0.148717948718	raw	187
G	36	1	29	1.63277574851	norm	187
C	36	1	23	0.117948717949	raw	187
C	36	1	23	1.47421289187	norm	187
A	37	1	80	0.410256410256	raw	187
A	37	1	80	0.972970903686	norm	187
T	37	1	79	0.405128205128	raw	187
T	37	1	79	0.99477564286	norm	187
C	37	1	21	0.107692307692	raw	187
C	37	1	21	1.34602046649	norm	187
G	37	1	15	0.0769230769231	raw	187
G	37	1	15	0.844539180261	norm	187
T	38	1	76	0.389743589744	raw	187
T	38	1	76	0.956999352625	norm	187
A	38	1	73	0.374358974359	raw	187
A	38	1	73	0.887835949613	norm	187
C	38	1	23	0.117948717949	raw	187
C	38	1	23	1.47421289187	norm	187
G	38	1	23	0.117948717949	raw	187
G	38	1	23	1.2949600764	norm	187
T	39	1	87	0.446153846154	raw	187
T	39	1	87	1.09551241682	norm	187
A	39	1	67	0.34358974359	raw	187
A	39	1	67	0.814863131837	norm	187
C	39	1	25	0.128205128205	raw	187
C	39	1	25	1.60240531725	norm	187
G	39	1	16	0.0820512820513	raw	187
G	39	1	16	0.900841792279	norm	187
T	40	1	95	0.487179487179	raw	187
T	40	1	95	1.19624919078	norm	187
A	40	1	62	0.317948717949	raw	187
A	40	1	62	0.754052450356	norm	187
G	40	1	25	0.128205128205	raw	187
G	40	1	25	1.40756530044	norm	187
C	40	1	13	0.0666666666667	raw	187
C	40	1	13	0.833250764971	norm	187
T	41	1	78	0.4	raw	187
T	41	1	78	0.982183546115	norm	187
A	41	1	71	0.364102564103	raw	187
A	41	1	71	0.863511677021	norm	187
G	41	1	26	0.133333333333	raw	187
G	41	1	26	1.46386791245	norm	187
C	41	1	20	0.102564102564	raw	187
C	41	1	20	1.2819242538	norm	187
A	42	1	78	0.4	raw	187
A	42	1	78	0.948646631094	norm	187
T	42	1	71	0.364102564103	raw	187
T	42	1	71	0.894038868899	norm	187
C	42	1	23	0.117948717949	raw	187
C	42	1	23	1.47421289187	norm	187
G	42	1	23	0.117948717949	raw	187
G	42	1	23	1.2949600764	norm	187
A	43	1	77	0.394871794872	raw	187
A	43	1	77	0.936484494797	norm	187
T	43	1	77	0.394871794872	raw	187
T	43	1	77	0.96959144937	norm	187
C	43	1	22	0.112820512821	raw	187
C	43	1	22	1.41011667918	norm	187
G	43	1	19	0.0974358974359	raw	187
G	43	1	19	1.06974962833	norm	187
T	44	1	90	0.461538461538	raw	187
T	44	1	90	1.13328870706	norm	187
A	44	1	72	0.369230769231	raw	187
A	44	1	72	0.875673813317	norm	187
G	44	1	17	0.0871794871795	raw	187
G	44	1	17	0.957144404296	norm	187
C	44	1	16	0.0820512820513	raw	187
C	44	1	16	1.02553940304	norm	187
A	45	1	81	0.415384615385	raw	187
A	45	1	81	0.985133039982	norm	187
T	45	1	73	0.374358974359	raw	187
T	45	1	73	0.919223062389	norm	187
G	45	1	23	0.117948717949	raw	187
G	45	1	23	1.2949600764	norm	187
C	45	1	18	0.0923076923077	raw	187
C	45	1	18	1.15373182842	norm	187
T	46	1	88	0.451282051282	raw	187
T	46	1	88	1.10810451357	norm	187
A	46	1	67	0.34358974359	raw	187
A	46	1	67	0.814863131837	norm	187
C	46	1	21	0.107692307692	raw	187
C	46	1	21	1.34602046649	norm	187
G	46	1	19	0.0974358974359	raw	187
G	46	1	19	1.06974962833	norm	187
T	47	1	84	0.430769230769	raw	187
T	47	1	84	1.05773612659	norm	187
A	47	1	67	0.34358974359	raw	187
A	47	1	67	0.814863131837	norm	187
C	47	1	23	0.117948717949	raw	187
C	47	1	23	1.47421289187	norm	187
G	47	1	21	0.107692307692	raw	187
G	47	1	21	1.18235485237	norm	187
T	48	1	85	0.435897435897	raw	187
T	48	1	85	1.07032822333	norm	187
A	48	1	58	0.297435897436	raw	187
A	48	1	58	0.705403905172	norm	187
C	48	1	26	0.133333333333	raw	187
C	48	1	26	1.66650152994	norm	187
G	48	1	26	0.133333333333	raw	187
G	48	1	26	1.46386791245	norm	187
A	49	1	84	0.430769230769	raw	187
A	49	1	84	1.02161944887	norm	187
T	49	1	79	0.405128205128	raw	187
T	49	1	79	0.99477564286	norm	187
C	49	1	20	0.102564102564	raw	187
C	49	1	20	1.2819242538	norm	187
G	49	1	12	0.0615384615385	raw	187
G	49	1	12	0.675631344209	norm	187
T	50	1	94	0.482051282051	raw	187
T	50	1	94	1.18365709404	norm	187
A	50	1	60	0.307692307692	raw	187
A	50	1	60	0.729728177764	norm	187
G	50	1	22	0.112820512821	raw	187
G	50	1	22	1.23865746438	norm	187
C	50	1	19	0.0974358974359	raw	187
C	50	1	19	1.21782804111	norm	187
T	51	1	77	0.394871794872	raw	187
T	51	1	77	0.96959144937	norm	187
A	51	1	71	0.364102564103	raw	187
A	51	1	71	0.863511677021	norm	187
C	51	1	26	0.133333333333	raw	187
C	51	1	26	1.66650152994	norm	187
G	51	1	21	0.107692307692	raw	187
G	51	1	21	1.18235485237	norm	187
A	52	1	83	0.425641025641	raw	187
A	52	1	83	1.00945731257	norm	187
T	52	1	78	0.4	raw	187
T	52	1	78	0.982183546115	norm	187
C	52	1	18	0.0923076923077	raw	187
C	52	1	18	1.15373182842	norm	187
G	52	1	16	0.0820512820513	raw	187
G	52	1	16	0.900841792279	norm	187
T	53	1	89	0.45641025641	raw	187
T	53	1	89	1.12069661031	norm	187
A	53	1	63	0.323076923077	raw	187
A	53	1	63	0.766214586652	norm	187
C	53	1	25	0.128205128205	raw	187
C	53	1	25	1.60240531725	norm	187
G	53	1	18	0.0923076923077	raw	187
G	53	1	18	1.01344701631	norm	187
T	54	1	83	0.425641025641	raw	187
T	54	1	83	1.04514402984	norm	187
A	54	1	69	0.353846153846	raw	187
A	54	1	69	0.839187404429	norm	187
C	54	1	24	0.123076923077	raw	187
C	54	1	24	1.53830910456	norm	187
G	54	1	19	0.0974358974359	raw	187
G	54	1	19	1.06974962833	norm	187
A	55	1	84	0.430769230769	raw	187
A	55	1	84	1.02161944887	norm	187
T	55	1	72	0.369230769231	raw	187
T	55	1	72	0.906630965644	norm	187
C	55	1	28	0.14358974359	raw	187
C	55	1	28	1.79469395532	norm	187
G	55	1	11	0.0564102564103	raw	187
G	55	1	11	0.619328732192	norm	187
T	56	1	86	0.441025641026	raw	187
T	56	1	86	1.08292032008	norm	187
A	56	1	80	0.410256410256	raw	187
A	56	1	80	0.972970903686	norm	187
C	56	1	15	0.0769230769231	raw	187
C	56	1	15	0.961443190352	norm	187
G	56	1	14	0.0717948717949	raw	187
G	56	1	14	0.788236568244	norm	187
T	57	1	79	0.405128205128	raw	187
T	57	1	79	0.99477564286	norm	187
A	57	1	69	0.353846153846	raw	187
A	57	1	69	0.839187404429	norm	187
G	57	1	25	0.128205128205	raw	187
G	57	1	25	1.40756530044	norm	187
C	57	1	22	0.112820512821	raw	187
C	57	1	22	1.41011667918	norm	187
T	58	1	95	0.487179487179	raw	187
T	58	1	95	1.19624919078	norm	187
A	58	1	70	0.358974358974	raw	187
A	58	1	70	0.851349540725	norm	187
G	58	1	17	0.0871794871795	raw	187
G	58	1	17	0.957144404296	norm	187
C	58	1	13	0.0666666666667	raw	187
C	58	1	13	0.833250764971	norm	187
T	59	1	90	0.461538461538	raw	187
T	59	1	90	1.13328870706	norm	187
A	59	1	76	0.389743589744	raw	187
A	59	1	76	0.924322358501	norm	187
G	59	1	17	0.0871794871795	raw	187
G	59	1	17	0.957144404296	norm	187
C	59	1	12	0.0615384615385	raw	187
C	59	1	12	0.769154552281	norm	187
T	60	1	85	0.435897435897	raw	187
T	60	1	85	1.07032822333	norm	187
A	60	1	76	0.389743589744	raw	187
A	60	1	76	0.924322358501	norm	187
C	60	1	21	0.107692307692	raw	187
C	60	1	21	1.34602046649	norm	187
G	60	1	13	0.0666666666667	raw	187
G	60	1	13	0.731933956227	norm	187
T	61	1	83	0.425641025641	raw	187
T	61	1	83	1.04514402984	norm	187
A	61	1	78	0.4	raw	187
A	61	1	78	0.948646631094	norm	187
G	61	1	21	0.107692307692	raw	187
G	61	1	21	1.18235485237	norm	187
C	61	1	13	0.0666666666667	raw	187
C	61	1	13	0.833250764971	norm	187
A	62	1	83	0.425641025641	raw	187
A	62	1	83	1.00945731257	norm	187
T	62	1	83	0.425641025641	raw	187
T	62	1	83	1.04514402984	norm	187
G	62	1	15	0.0769230769231	raw	187
G	62	1	15	0.844539180261	norm	187
C	62	1	14	0.0717948717949	raw	187
C	62	1	14	0.897346977662	norm	187
T	63	1	94	0.482051282051	raw	187
T	63	1	94	1.18365709404	norm	187
A	63	1	76	0.389743589744	raw	187
A	63	1	76	0.924322358501	norm	187
C	63	1	13	0.0666666666667	raw	187
C	63	1	13	0.833250764971	norm	187
G	63	1	12	0.0615384615385	raw	187
G	63	1	12	0.675631344209	norm	187
T	64	1	86	0.441025641026	raw	187
T	64	1	86	1.08292032008	norm	187
A	64	1	78	0.4	raw	187
A	64	1	78	0.948646631094	norm	187
C	64	1	17	0.0871794871795	raw	187
C	64	1	17	1.08963561573	norm	187
G	64	1	14	0.0717948717949	raw	187
G	64	1	14	0.788236568244	norm	187
T	65	1	89	0.45641025641	raw	187
T	65	1	89	1.12069661031	norm	187
A	65	1	75	0.384615384615	raw	187
A	65	1	75	0.912160222205	norm	187
C	65	1	16	0.0820512820513	raw	187
C	65	1	16	1.02553940304	norm	187
G	65	1	15	0.0769230769231	raw	187
G	65	1	15	0.844539180261	norm	187
A	66	1	83	0.425641025641	raw	187
A	66	1	83	1.00945731257	norm	187
T	66	1	79	0.405128205128	raw	187
T	66	1	79	0.99477564286	norm	187
C	66	1	17	0.0871794871795	raw	187
C	66	1	17	1.08963561573	norm	187
G	66	1	16	0.0820512820513	raw	187
G	66	1	16	0.900841792279	norm	187
T	67	1	83	0.425641025641	raw	187
T	67	1	83	1.04514402984	norm	187
A	67	1	79	0.405128205128	raw	187
A	67	1	79	0.96080876739	norm	187
C	67	1	17	0.0871794871795	raw	187
C	67	1	17	1.08963561573	norm	187
G	67	1	16	0.0820512820513	raw	187
G	67	1	16	0.900841792279	norm	187
T	68	1	87	0.446153846154	raw	187
T	68	1	87	1.09551241682	norm	187
A	68	1	71	0.364102564103	raw	187
A	68	1	71	0.863511677021	norm	187
G	68	1	21	0.107692307692	raw	187
G	68	1	21	1.18235485237	norm	187
C	68	1	16	0.0820512820513	raw	187
C	68	1	16	1.02553940304	norm	187
T	69	1	79	0.405128205128	raw	187
T	69	1	79	0.99477564286	norm	187
A	69	1	78	0.4	raw	187
A	69	1	78	0.948646631094	norm	187
C	69	1	20	0.102564102564	raw	187
C	69	1	20	1.2819242538	norm	187
G	69	1	18	0.0923076923077	raw	187
G	69	1	18	1.01344701631	norm	187
T	70	1	89	0.45641025641	raw	187
T	70	1	89	1.12069661031	norm	187
A	70	1	68	0.348717948718	raw	187
A	70	1	68	0.827025268133	norm	187
C	70	1	22	0.112820512821	raw	187
C	70	1	22	1.41011667918	norm	187
G	70	1	16	0.0820512820513	raw	187
G	70	1	16	0.900841792279	norm	187
T	71	1	90	0.461538461538	raw	187
T	71	1	90	1.13328870706	norm	187
A	71	1	83	0.425641025641	raw	187
A	71	1	83	1.00945731257	norm	187
G	71	1	12	0.0615384615385	raw	187
G	71	1	12	0.675631344209	norm	187
C	71	1	10	0.0512820512821	raw	187
C	71	1	10	0.640962126901	norm	187
A	72	1	94	0.482051282051	raw	187
A	72	1	94	1.14324081183	norm	187
T	72	1	68	0.348717948718	raw	187
T	72	1	68	0.856262578664	norm	187
G	72	1	17	0.0871794871795	raw	187
G	72	1	17	0.957144404296	norm	187
C	72	1	16	0.0820512820513	raw	187
C	72	1	16	1.02553940304	norm	187
T	73	1	84	0.430769230769	raw	187
T	73	1	84	1.05773612659	norm	187
A	73	1	79	0.405128205128	raw	187
A	73	1	79	0.96080876739	norm	187
G	73	1	18	0.0923076923077	raw	187
G	73	1	18	1.01344701631	norm	187
C	73	1	14	0.0717948717949	raw	187
C	73	1	14	0.897346977662	norm	187
T	74	1	87	0.446153846154	raw	187
T	74	1	87	1.09551241682	norm	187
A	74	1	84	0.430769230769	raw	187
A	74	1	84	1.02161944887	norm	187
C	74	1	12	0.0615384615385	raw	187
C	74	1	12	0.769154552281	norm	187
G	74	1	12	0.0615384615385	raw	187
G	74	1	12	0.675631344209	norm	187
A	75	1	85	0.435897435897	raw	187
A	75	1	85	1.03378158517	norm	187
T	75	1	74	0.379487179487	raw	187
T	75	1	74	0.931815159135	norm	187
C	75	1	22	0.112820512821	raw	187
C	75	1	22	1.41011667918	norm	187
G	75	1	14	0.0717948717949	raw	187
G	75	1	14	0.788236568244	norm	187
T	76	1	94	0.482051282051	raw	187
T	76	1	94	1.18365709404	norm	187
A	76	1	71	0.364102564103	raw	187
A	76	1	71	0.863511677021	norm	187
C	76	1	15	0.0769230769231	raw	187
C	76	1	15	0.961443190352	norm	187
G	76	1	15	0.0769230769231	raw	187
G	76	1	15	0.844539180261	norm	187
T	77	1	83	0.425641025641	raw	187
T	77	1	83	1.04514402984	norm	187
A	77	1	74	0.379487179487	raw	187
A	77	1	74	0.899998085909	norm	187
C	77	1	19	0.0974358974359	raw	187
C	77	1	19	1.21782804111	norm	187
G	77	1	19	0.0974358974359	raw	187
G	77	1	19	1.06974962833	norm	187
A	78	1	94	0.482051282051	raw	187
A	78	1	94	1.14324081183	norm	187
T	78	1	70	0.358974358974	raw	187
T	78	1	70	0.881446772154	norm	187
C	78	1	18	0.0923076923077	raw	187
C	78	1	18	1.15373182842	norm	187
G	78	1	13	0.0666666666667	raw	187
G	78	1	13	0.731933956227	norm	187
A	79	1	88	0.451282051282	raw	187
A	79	1	88	1.07026799405	norm	187
T	79	1	72	0.369230769231	raw	187
T	79	1	72	0.906630965644	norm	187
G	79	1	28	0.14358974359	raw	187
G	79	1	28	1.57647313649	norm	187
C	79	1	7	0.0358974358974	raw	187
C	79	1	7	0.448673488831	norm	187
T	80	1	83	0.425641025641	raw	187
T	80	1	83	1.04514402984	norm	187
A	80	1	82	0.420512820513	raw	187
A	80	1	82	0.997295176278	norm	187
C	80	1	18	0.0923076923077	raw	187
C	80	1	18	1.15373182842	norm	187
G	80	1	12	0.0615384615385	raw	187
G	80	1	12	0.675631344209	norm	187
T	81	1	84	0.430769230769	raw	187
T	81	1	84	1.05773612659	norm	187
A	81	1	82	0.420512820513	raw	187
A	81	1	82	0.997295176278	norm	187
G	81	1	16	0.0820512820513	raw	187
G	81	1	16	0.900841792279	norm	187
C	81	1	13	0.0666666666667	raw	187
C	81	1	13	0.833250764971	norm	187
A	82	1	87	0.446153846154	raw	187
A	82	1	87	1.05810585776	norm	187
T	82	1	72	0.369230769231	raw	187
T	82	1	72	0.906630965644	norm	187
C	82	1	18	0.0923076923077	raw	187
C	82	1	18	1.15373182842	norm	187
G	82	1	18	0.0923076923077	raw	187
G	82	1	18	1.01344701631	norm	187
A	83	1	83	0.425641025641	raw	187
A	83	1	83	1.00945731257	norm	187
T	83	1	76	0.389743589744	raw	187
T	83	1	76	0.956999352625	norm	187
C	83	1	19	0.0974358974359	raw	187
C	83	1	19	1.21782804111	norm	187
G	83	1	17	0.0871794871795	raw	187
G	83	1	17	0.957144404296	norm	187
T	84	1	81	0.415384615385	raw	187
T	84	1	81	1.01995983635	norm	187
A	84	1	70	0.358974358974	raw	187
A	84	1	70	0.851349540725	norm	187
G	84	1	27	0.138461538462	raw	187
G	84	1	27	1.52017052447	norm	187
C	84	1	17	0.0871794871795	raw	187
C	84	1	17	1.08963561573	norm	187
T	85	1	81	0.415384615385	raw	187
T	85	1	81	1.01995983635	norm	187
A	85	1	73	0.374358974359	raw	187
A	85	1	73	0.887835949613	norm	187
G	85	1	24	0.123076923077	raw	187
G	85	1	24	1.35126268842	norm	187
C	85	1	17	0.0871794871795	raw	187
C	85	1	17	1.08963561573	norm	187
T	86	1	87	0.446153846154	raw	187
T	86	1	87	1.09551241682	norm	187
A	86	1	76	0.389743589744	raw	187
A	86	1	76	0.924322358501	norm	187
G	86	1	19	0.0974358974359	raw	187
G	86	1	19	1.06974962833	norm	187
C	86	1	13	0.0666666666667	raw	187
C	86	1	13	0.833250764971	norm	187
A	87	1	94	0.482051282051	raw	187
A	87	1	94	1.14324081183	norm	187
T	87	1	72	0.369230769231	raw	187
T	87	1	72	0.906630965644	norm	187
G	87	1	19	0.0974358974359	raw	187
G	87	1	19	1.06974962833	norm	187
C	87	1	10	0.0512820512821	raw	187
C	87	1	10	0.640962126901	norm	187
T	88	1	80	0.410256410256	raw	187
T	88	1	80	1.0073677396	norm	187
A	88	1	77	0.394871794872	raw	187
A	88	1	77	0.936484494797	norm	187
G	88	1	21	0.107692307692	raw	187
G	88	1	21	1.18235485237	norm	187
C	88	1	17	0.0871794871795	raw	187
C	88	1	17	1.08963561573	norm	187
T	89	1	80	0.410256410256	raw	187
T	89	1	80	1.0073677396	norm	187
A	89	1	73	0.374358974359	raw	187
A	89	1	73	0.887835949613	norm	187
G	89	1	25	0.128205128205	raw	187
G	89	1	25	1.40756530044	norm	187
C	89	1	17	0.0871794871795	raw	187
C	89	1	17	1.08963561573	norm	187
A	90	1	81	0.415384615385	raw	187
A	90	1	81	0.985133039982	norm	187
T	90	1	73	0.374358974359	raw	187
T	90	1	73	0.919223062389	norm	187
G	90	1	23	0.117948717949	raw	187
G	90	1	23	1.2949600764	norm	187
C	90	1	18	0.0923076923077	raw	187
C	90	1	18	1.15373182842	norm	187
A	91	1	88	0.451282051282	raw	187
A	91	1	88	1.07026799405	norm	187
T	91	1	79	0.405128205128	raw	187
T	91	1	79	0.99477564286	norm	187
C	91	1	19	0.0974358974359	raw	187
C	91	1	19	1.21782804111	norm	187
G	91	1	9	0.0461538461538	raw	187
G	91	1	9	0.506723508157	norm	187
A	92	1	87	0.446153846154	raw	187
A	92	1	87	1.05810585776	norm	187
T	92	1	66	0.338461538462	raw	187
T	92	1	66	0.831078385174	norm	187
G	92	1	22	0.112820512821	raw	187
G	92	1	22	1.23865746438	norm	187
C	92	1	20	0.102564102564	raw	187
C	92	1	20	1.2819242538	norm	187
T	93	1	81	0.415384615385	raw	187
T	93	1	81	1.01995983635	norm	187
A	93	1	71	0.364102564103	raw	187
A	93	1	71	0.863511677021	norm	187
G	93	1	26	0.133333333333	raw	187
G	93	1	26	1.46386791245	norm	187
C	93	1	17	0.0871794871795	raw	187
C	93	1	17	1.08963561573	norm	187
T	94	1	81	0.415384615385	raw	187
T	94	1	81	1.01995983635	norm	187
A	94	1	80	0.410256410256	raw	187
A	94	1	80	0.972970903686	norm	187
G	94	1	21	0.107692307692	raw	187
G	94	1	21	1.18235485237	norm	187
C	94	1	13	0.0666666666667	raw	187
C	94	1	13	0.833250764971	norm	187
A	95	1	91	0.466666666667	raw	187
A	95	1	91	1.10675440294	norm	187
T	95	1	81	0.415384615385	raw	187
T	95	1	81	1.01995983635	norm	187
G	95	1	13	0.0666666666667	raw	187
G	95	1	13	0.731933956227	norm	187
C	95	1	10	0.0512820512821	raw	187
C	95	1	10	0.640962126901	norm	187
T	96	1	90	0.461538461538	raw	187
T	96	1	90	1.13328870706	norm	187
A	96	1	80	0.410256410256	raw	187
A	96	1	80	0.972970903686	norm	187
C	96	1	13	0.0666666666667	raw	187
C	96	1	13	0.833250764971	norm	187
G	96	1	12	0.0615384615385	raw	187
G	96	1	12	0.675631344209	norm	187
T	97	1	89	0.45641025641	raw	187
T	97	1	89	1.12069661031	norm	187
A	97	1	70	0.358974358974	raw	187
A	97	1	70	0.851349540725	norm	187
C	97	1	24	0.123076923077	raw	187
C	97	1	24	1.53830910456	norm	187
G	97	1	12	0.0615384615385	raw	187
G	97	1	12	0.675631344209	norm	187
T	98	1	89	0.45641025641	raw	187
T	98	1	89	1.12069661031	norm	187
A	98	1	73	0.374358974359	raw	187
A	98	1	73	0.887835949613	norm	187
C	98	1	17	0.0871794871795	raw	187
C	98	1	17	1.08963561573	norm	187
G	98	1	16	0.0820512820513	raw	187
G	98	1	16	0.900841792279	norm	187
A	99	1	84	0.430769230769	raw	187
A	99	1	84	1.02161944887	norm	187
T	99	1	72	0.369230769231	raw	187
T	99	1	72	0.906630965644	norm	187
C	99	1	24	0.123076923077	raw	187
C	99	1	24	1.53830910456	norm	187
G	99	1	15	0.0769230769231	raw	187
G	99	1	15	0.844539180261	norm	187
A	100	1	83	0.425641025641	raw	187
A	100	1	83	1.00945731257	norm	187
T	100	1	75	0.384615384615	raw	187
T	100	1	75	0.94440725588	norm	187
C	100	1	23	0.117948717949	raw	187
C	100	1	23	1.47421289187	norm	187
G	100	1	14	0.0717948717949	raw	187
G	100	1	14	0.788236568244	norm	187
