#nuc	offset	region.size	count	freq	norm.freq	total.sites
A	-100	1	13	0.448275862069	raw	27
A	-100	1	13	1.44699117746	norm	27
T	-100	1	9	0.310344827586	raw	27
T	-100	1	9	1.00528206991	norm	27
G	-100	1	4	0.137931034483	raw	27
G	-100	1	4	0.72369059986	norm	27
C	-100	1	3	0.103448275862	raw	27
C	-100	1	3	0.541916804589	norm	27
A	-99	1	8	0.275862068966	raw	27
A	-99	1	8	0.890456109206	norm	27
C	-99	1	8	0.275862068966	raw	27
C	-99	1	8	1.4451114789	norm	27
T	-99	1	7	0.241379310345	raw	27
T	-99	1	7	0.781886054375	norm	27
G	-99	1	6	0.206896551724	raw	27
G	-99	1	6	1.08553589979	norm	27
G	-98	1	9	0.310344827586	raw	27
G	-98	1	9	1.62830384969	norm	27
A	-98	1	8	0.275862068966	raw	27
A	-98	1	8	0.890456109206	norm	27
C	-98	1	8	0.275862068966	raw	27
C	-98	1	8	1.4451114789	norm	27
T	-98	1	4	0.137931034483	raw	27
T	-98	1	4	0.446792031072	norm	27
A	-97	1	14	0.48275862069	raw	27
A	-97	1	14	1.55829819111	norm	27
T	-97	1	9	0.310344827586	raw	27
T	-97	1	9	1.00528206991	norm	27
C	-97	1	4	0.137931034483	raw	27
C	-97	1	4	0.722555739452	norm	27
G	-97	1	2	0.0689655172414	raw	27
G	-97	1	2	0.36184529993	norm	27
A	-96	1	10	0.344827586207	raw	27
A	-96	1	10	1.11307013651	norm	27
T	-96	1	8	0.275862068966	raw	27
T	-96	1	8	0.893584062143	norm	27
G	-96	1	7	0.241379310345	raw	27
G	-96	1	7	1.26645854976	norm	27
C	-96	1	4	0.137931034483	raw	27
C	-96	1	4	0.722555739452	norm	27
T	-95	1	13	0.448275862069	raw	27
T	-95	1	13	1.45207410098	norm	27
C	-95	1	9	0.310344827586	raw	27
C	-95	1	9	1.62575041377	norm	27
A	-95	1	7	0.241379310345	raw	27
A	-95	1	7	0.779149095555	norm	27
A	-94	1	16	0.551724137931	raw	27
A	-94	1	16	1.78091221841	norm	27
C	-94	1	6	0.206896551724	raw	27
C	-94	1	6	1.08383360918	norm	27
T	-94	1	5	0.172413793103	raw	27
T	-94	1	5	0.558490038839	norm	27
G	-94	1	2	0.0689655172414	raw	27
G	-94	1	2	0.36184529993	norm	27
T	-93	1	11	0.379310344828	raw	27
T	-93	1	11	1.22867808545	norm	27
A	-93	1	7	0.241379310345	raw	27
A	-93	1	7	0.779149095555	norm	27
C	-93	1	7	0.241379310345	raw	27
C	-93	1	7	1.26447254404	norm	27
G	-93	1	4	0.137931034483	raw	27
G	-93	1	4	0.72369059986	norm	27
T	-92	1	9	0.310344827586	raw	27
T	-92	1	9	1.00528206991	norm	27
A	-92	1	7	0.241379310345	raw	27
A	-92	1	7	0.779149095555	norm	27
C	-92	1	7	0.241379310345	raw	27
C	-92	1	7	1.26447254404	norm	27
G	-92	1	6	0.206896551724	raw	27
G	-92	1	6	1.08553589979	norm	27
T	-91	1	14	0.48275862069	raw	27
T	-91	1	14	1.56377210875	norm	27
A	-91	1	6	0.206896551724	raw	27
A	-91	1	6	0.667842081904	norm	27
C	-91	1	5	0.172413793103	raw	27
C	-91	1	5	0.903194674315	norm	27
G	-91	1	4	0.137931034483	raw	27
G	-91	1	4	0.72369059986	norm	27
T	-90	1	11	0.379310344828	raw	27
T	-90	1	11	1.22867808545	norm	27
C	-90	1	9	0.310344827586	raw	27
C	-90	1	9	1.62575041377	norm	27
A	-90	1	8	0.275862068966	raw	27
A	-90	1	8	0.890456109206	norm	27
G	-90	1	1	0.0344827586207	raw	27
G	-90	1	1	0.180922649965	norm	27
T	-89	1	12	0.413793103448	raw	27
T	-89	1	12	1.34037609321	norm	27
A	-89	1	6	0.206896551724	raw	27
A	-89	1	6	0.667842081904	norm	27
C	-89	1	6	0.206896551724	raw	27
C	-89	1	6	1.08383360918	norm	27
G	-89	1	5	0.172413793103	raw	27
G	-89	1	5	0.904613249825	norm	27
T	-88	1	11	0.379310344828	raw	27
T	-88	1	11	1.22867808545	norm	27
C	-88	1	8	0.275862068966	raw	27
C	-88	1	8	1.4451114789	norm	27
G	-88	1	6	0.206896551724	raw	27
G	-88	1	6	1.08553589979	norm	27
A	-88	1	4	0.137931034483	raw	27
A	-88	1	4	0.445228054603	norm	27
A	-87	1	10	0.344827586207	raw	27
A	-87	1	10	1.11307013651	norm	27
T	-87	1	8	0.275862068966	raw	27
T	-87	1	8	0.893584062143	norm	27
C	-87	1	6	0.206896551724	raw	27
C	-87	1	6	1.08383360918	norm	27
G	-87	1	5	0.172413793103	raw	27
G	-87	1	5	0.904613249825	norm	27
A	-86	1	13	0.448275862069	raw	27
A	-86	1	13	1.44699117746	norm	27
C	-86	1	6	0.206896551724	raw	27
C	-86	1	6	1.08383360918	norm	27
T	-86	1	6	0.206896551724	raw	27
T	-86	1	6	0.670188046607	norm	27
G	-86	1	4	0.137931034483	raw	27
G	-86	1	4	0.72369059986	norm	27
A	-85	1	10	0.344827586207	raw	27
A	-85	1	10	1.11307013651	norm	27
C	-85	1	9	0.310344827586	raw	27
C	-85	1	9	1.62575041377	norm	27
T	-85	1	7	0.241379310345	raw	27
T	-85	1	7	0.781886054375	norm	27
G	-85	1	3	0.103448275862	raw	27
G	-85	1	3	0.542767949895	norm	27
T	-84	1	10	0.344827586207	raw	27
T	-84	1	10	1.11698007768	norm	27
C	-84	1	7	0.241379310345	raw	27
C	-84	1	7	1.26447254404	norm	27
G	-84	1	7	0.241379310345	raw	27
G	-84	1	7	1.26645854976	norm	27
A	-84	1	5	0.172413793103	raw	27
A	-84	1	5	0.556535068254	norm	27
T	-83	1	8	0.275862068966	raw	27
T	-83	1	8	0.893584062143	norm	27
A	-83	1	7	0.241379310345	raw	27
A	-83	1	7	0.779149095555	norm	27
C	-83	1	7	0.241379310345	raw	27
C	-83	1	7	1.26447254404	norm	27
G	-83	1	7	0.241379310345	raw	27
G	-83	1	7	1.26645854976	norm	27
T	-82	1	10	0.344827586207	raw	27
T	-82	1	10	1.11698007768	norm	27
A	-82	1	8	0.275862068966	raw	27
A	-82	1	8	0.890456109206	norm	27
C	-82	1	8	0.275862068966	raw	27
C	-82	1	8	1.4451114789	norm	27
G	-82	1	3	0.103448275862	raw	27
G	-82	1	3	0.542767949895	norm	27
T	-81	1	11	0.379310344828	raw	27
T	-81	1	11	1.22867808545	norm	27
A	-81	1	8	0.275862068966	raw	27
A	-81	1	8	0.890456109206	norm	27
C	-81	1	5	0.172413793103	raw	27
C	-81	1	5	0.903194674315	norm	27
G	-81	1	5	0.172413793103	raw	27
G	-81	1	5	0.904613249825	norm	27
T	-80	1	11	0.379310344828	raw	27
T	-80	1	11	1.22867808545	norm	27
C	-80	1	7	0.241379310345	raw	27
C	-80	1	7	1.26447254404	norm	27
G	-80	1	6	0.206896551724	raw	27
G	-80	1	6	1.08553589979	norm	27
A	-80	1	5	0.172413793103	raw	27
A	-80	1	5	0.556535068254	norm	27
T	-79	1	15	0.51724137931	raw	27
T	-79	1	15	1.67547011652	norm	27
A	-79	1	7	0.241379310345	raw	27
A	-79	1	7	0.779149095555	norm	27
G	-79	1	4	0.137931034483	raw	27
G	-79	1	4	0.72369059986	norm	27
C	-79	1	3	0.103448275862	raw	27
C	-79	1	3	0.541916804589	norm	27
T	-78	1	10	0.344827586207	raw	27
T	-78	1	10	1.11698007768	norm	27
A	-78	1	8	0.275862068966	raw	27
A	-78	1	8	0.890456109206	norm	27
C	-78	1	6	0.206896551724	raw	27
C	-78	1	6	1.08383360918	norm	27
G	-78	1	5	0.172413793103	raw	27
G	-78	1	5	0.904613249825	norm	27
T	-77	1	9	0.310344827586	raw	27
T	-77	1	9	1.00528206991	norm	27
A	-77	1	8	0.275862068966	raw	27
A	-77	1	8	0.890456109206	norm	27
C	-77	1	6	0.206896551724	raw	27
C	-77	1	6	1.08383360918	norm	27
G	-77	1	6	0.206896551724	raw	27
G	-77	1	6	1.08553589979	norm	27
T	-76	1	10	0.344827586207	raw	27
T	-76	1	10	1.11698007768	norm	27
C	-76	1	7	0.241379310345	raw	27
C	-76	1	7	1.26447254404	norm	27
G	-76	1	7	0.241379310345	raw	27
G	-76	1	7	1.26645854976	norm	27
A	-76	1	5	0.172413793103	raw	27
A	-76	1	5	0.556535068254	norm	27
T	-75	1	12	0.413793103448	raw	27
T	-75	1	12	1.34037609321	norm	27
A	-75	1	8	0.275862068966	raw	27
A	-75	1	8	0.890456109206	norm	27
C	-75	1	5	0.172413793103	raw	27
C	-75	1	5	0.903194674315	norm	27
G	-75	1	4	0.137931034483	raw	27
G	-75	1	4	0.72369059986	norm	27
T	-74	1	12	0.413793103448	raw	27
T	-74	1	12	1.34037609321	norm	27
A	-74	1	10	0.344827586207	raw	27
A	-74	1	10	1.11307013651	norm	27
G	-74	1	4	0.137931034483	raw	27
G	-74	1	4	0.72369059986	norm	27
C	-74	1	3	0.103448275862	raw	27
C	-74	1	3	0.541916804589	norm	27
T	-73	1	12	0.413793103448	raw	27
T	-73	1	12	1.34037609321	norm	27
C	-73	1	9	0.310344827586	raw	27
C	-73	1	9	1.62575041377	norm	27
A	-73	1	5	0.172413793103	raw	27
A	-73	1	5	0.556535068254	norm	27
G	-73	1	3	0.103448275862	raw	27
G	-73	1	3	0.542767949895	norm	27
T	-72	1	11	0.379310344828	raw	27
T	-72	1	11	1.22867808545	norm	27
C	-72	1	7	0.241379310345	raw	27
C	-72	1	7	1.26447254404	norm	27
A	-72	1	6	0.206896551724	raw	27
A	-72	1	6	0.667842081904	norm	27
G	-72	1	5	0.172413793103	raw	27
G	-72	1	5	0.904613249825	norm	27
T	-71	1	14	0.48275862069	raw	27
T	-71	1	14	1.56377210875	norm	27
A	-71	1	6	0.206896551724	raw	27
A	-71	1	6	0.667842081904	norm	27
C	-71	1	5	0.172413793103	raw	27
C	-71	1	5	0.903194674315	norm	27
G	-71	1	4	0.137931034483	raw	27
G	-71	1	4	0.72369059986	norm	27
C	-70	1	9	0.310344827586	raw	27
C	-70	1	9	1.62575041377	norm	27
G	-70	1	9	0.310344827586	raw	27
G	-70	1	9	1.62830384969	norm	27
T	-70	1	7	0.241379310345	raw	27
T	-70	1	7	0.781886054375	norm	27
A	-70	1	4	0.137931034483	raw	27
A	-70	1	4	0.445228054603	norm	27
C	-69	1	8	0.275862068966	raw	27
C	-69	1	8	1.4451114789	norm	27
A	-69	1	7	0.241379310345	raw	27
A	-69	1	7	0.779149095555	norm	27
T	-69	1	7	0.241379310345	raw	27
T	-69	1	7	0.781886054375	norm	27
G	-69	1	7	0.241379310345	raw	27
G	-69	1	7	1.26645854976	norm	27
A	-68	1	10	0.344827586207	raw	27
A	-68	1	10	1.11307013651	norm	27
T	-68	1	7	0.241379310345	raw	27
T	-68	1	7	0.781886054375	norm	27
C	-68	1	6	0.206896551724	raw	27
C	-68	1	6	1.08383360918	norm	27
G	-68	1	6	0.206896551724	raw	27
G	-68	1	6	1.08553589979	norm	27
A	-67	1	13	0.448275862069	raw	27
A	-67	1	13	1.44699117746	norm	27
T	-67	1	6	0.206896551724	raw	27
T	-67	1	6	0.670188046607	norm	27
G	-67	1	6	0.206896551724	raw	27
G	-67	1	6	1.08553589979	norm	27
C	-67	1	4	0.137931034483	raw	27
C	-67	1	4	0.722555739452	norm	27
T	-66	1	11	0.379310344828	raw	27
T	-66	1	11	1.22867808545	norm	27
A	-66	1	10	0.344827586207	raw	27
A	-66	1	10	1.11307013651	norm	27
G	-66	1	6	0.206896551724	raw	27
G	-66	1	6	1.08553589979	norm	27
C	-66	1	2	0.0689655172414	raw	27
C	-66	1	2	0.361277869726	norm	27
A	-65	1	11	0.379310344828	raw	27
A	-65	1	11	1.22437715016	norm	27
T	-65	1	11	0.379310344828	raw	27
T	-65	1	11	1.22867808545	norm	27
G	-65	1	4	0.137931034483	raw	27
G	-65	1	4	0.72369059986	norm	27
C	-65	1	3	0.103448275862	raw	27
C	-65	1	3	0.541916804589	norm	27
T	-64	1	13	0.448275862069	raw	27
T	-64	1	13	1.45207410098	norm	27
A	-64	1	8	0.275862068966	raw	27
A	-64	1	8	0.890456109206	norm	27
C	-64	1	5	0.172413793103	raw	27
C	-64	1	5	0.903194674315	norm	27
G	-64	1	3	0.103448275862	raw	27
G	-64	1	3	0.542767949895	norm	27
T	-63	1	9	0.310344827586	raw	27
T	-63	1	9	1.00528206991	norm	27
A	-63	1	8	0.275862068966	raw	27
A	-63	1	8	0.890456109206	norm	27
C	-63	1	8	0.275862068966	raw	27
C	-63	1	8	1.4451114789	norm	27
G	-63	1	4	0.137931034483	raw	27
G	-63	1	4	0.72369059986	norm	27
A	-62	1	11	0.379310344828	raw	27
A	-62	1	11	1.22437715016	norm	27
C	-62	1	9	0.310344827586	raw	27
C	-62	1	9	1.62575041377	norm	27
T	-62	1	6	0.206896551724	raw	27
T	-62	1	6	0.670188046607	norm	27
G	-62	1	3	0.103448275862	raw	27
G	-62	1	3	0.542767949895	norm	27
A	-61	1	8	0.275862068966	raw	27
A	-61	1	8	0.890456109206	norm	27
T	-61	1	8	0.275862068966	raw	27
T	-61	1	8	0.893584062143	norm	27
G	-61	1	7	0.241379310345	raw	27
G	-61	1	7	1.26645854976	norm	27
C	-61	1	6	0.206896551724	raw	27
C	-61	1	6	1.08383360918	norm	27
T	-60	1	13	0.448275862069	raw	27
T	-60	1	13	1.45207410098	norm	27
A	-60	1	7	0.241379310345	raw	27
A	-60	1	7	0.779149095555	norm	27
C	-60	1	5	0.172413793103	raw	27
C	-60	1	5	0.903194674315	norm	27
G	-60	1	4	0.137931034483	raw	27
G	-60	1	4	0.72369059986	norm	27
A	-59	1	13	0.448275862069	raw	27
A	-59	1	13	1.44699117746	norm	27
T	-59	1	8	0.275862068966	raw	27
T	-59	1	8	0.893584062143	norm	27
G	-59	1	5	0.172413793103	raw	27
G	-59	1	5	0.904613249825	norm	27
C	-59	1	3	0.103448275862	raw	27
C	-59	1	3	0.541916804589	norm	27
A	-58	1	13	0.448275862069	raw	27
A	-58	1	13	1.44699117746	norm	27
C	-58	1	7	0.241379310345	raw	27
C	-58	1	7	1.26447254404	norm	27
T	-58	1	5	0.172413793103	raw	27
T	-58	1	5	0.558490038839	norm	27
G	-58	1	4	0.137931034483	raw	27
G	-58	1	4	0.72369059986	norm	27
A	-57	1	12	0.413793103448	raw	27
A	-57	1	12	1.33568416381	norm	27
C	-57	1	6	0.206896551724	raw	27
C	-57	1	6	1.08383360918	norm	27
T	-57	1	6	0.206896551724	raw	27
T	-57	1	6	0.670188046607	norm	27
G	-57	1	5	0.172413793103	raw	27
G	-57	1	5	0.904613249825	norm	27
A	-56	1	11	0.379310344828	raw	27
A	-56	1	11	1.22437715016	norm	27
G	-56	1	7	0.241379310345	raw	27
G	-56	1	7	1.26645854976	norm	27
T	-56	1	6	0.206896551724	raw	27
T	-56	1	6	0.670188046607	norm	27
C	-56	1	5	0.172413793103	raw	27
C	-56	1	5	0.903194674315	norm	27
T	-55	1	13	0.448275862069	raw	27
T	-55	1	13	1.45207410098	norm	27
A	-55	1	9	0.310344827586	raw	27
A	-55	1	9	1.00176312286	norm	27
C	-55	1	6	0.206896551724	raw	27
C	-55	1	6	1.08383360918	norm	27
G	-55	1	1	0.0344827586207	raw	27
G	-55	1	1	0.180922649965	norm	27
T	-54	1	11	0.379310344828	raw	27
T	-54	1	11	1.22867808545	norm	27
A	-54	1	7	0.241379310345	raw	27
A	-54	1	7	0.779149095555	norm	27
C	-54	1	6	0.206896551724	raw	27
C	-54	1	6	1.08383360918	norm	27
G	-54	1	5	0.172413793103	raw	27
G	-54	1	5	0.904613249825	norm	27
A	-53	1	13	0.448275862069	raw	27
A	-53	1	13	1.44699117746	norm	27
C	-53	1	7	0.241379310345	raw	27
C	-53	1	7	1.26447254404	norm	27
T	-53	1	5	0.172413793103	raw	27
T	-53	1	5	0.558490038839	norm	27
G	-53	1	4	0.137931034483	raw	27
G	-53	1	4	0.72369059986	norm	27
T	-52	1	10	0.344827586207	raw	27
T	-52	1	10	1.11698007768	norm	27
A	-52	1	9	0.310344827586	raw	27
A	-52	1	9	1.00176312286	norm	27
C	-52	1	6	0.206896551724	raw	27
C	-52	1	6	1.08383360918	norm	27
G	-52	1	4	0.137931034483	raw	27
G	-52	1	4	0.72369059986	norm	27
T	-51	1	13	0.448275862069	raw	27
T	-51	1	13	1.45207410098	norm	27
A	-51	1	12	0.413793103448	raw	27
A	-51	1	12	1.33568416381	norm	27
G	-51	1	3	0.103448275862	raw	27
G	-51	1	3	0.542767949895	norm	27
C	-51	1	1	0.0344827586207	raw	27
C	-51	1	1	0.180638934863	norm	27
T	-50	1	15	0.51724137931	raw	27
T	-50	1	15	1.67547011652	norm	27
A	-50	1	6	0.206896551724	raw	27
A	-50	1	6	0.667842081904	norm	27
C	-50	1	6	0.206896551724	raw	27
C	-50	1	6	1.08383360918	norm	27
G	-50	1	2	0.0689655172414	raw	27
G	-50	1	2	0.36184529993	norm	27
T	-49	1	10	0.344827586207	raw	27
T	-49	1	10	1.11698007768	norm	27
C	-49	1	8	0.275862068966	raw	27
C	-49	1	8	1.4451114789	norm	27
A	-49	1	6	0.206896551724	raw	27
A	-49	1	6	0.667842081904	norm	27
G	-49	1	5	0.172413793103	raw	27
G	-49	1	5	0.904613249825	norm	27
C	-48	1	9	0.310344827586	raw	27
C	-48	1	9	1.62575041377	norm	27
G	-48	1	8	0.275862068966	raw	27
G	-48	1	8	1.44738119972	norm	27
A	-48	1	7	0.241379310345	raw	27
A	-48	1	7	0.779149095555	norm	27
T	-48	1	5	0.172413793103	raw	27
T	-48	1	5	0.558490038839	norm	27
A	-47	1	14	0.48275862069	raw	27
A	-47	1	14	1.55829819111	norm	27
T	-47	1	6	0.206896551724	raw	27
T	-47	1	6	0.670188046607	norm	27
C	-47	1	5	0.172413793103	raw	27
C	-47	1	5	0.903194674315	norm	27
G	-47	1	4	0.137931034483	raw	27
G	-47	1	4	0.72369059986	norm	27
T	-46	1	14	0.48275862069	raw	27
T	-46	1	14	1.56377210875	norm	27
A	-46	1	7	0.241379310345	raw	27
A	-46	1	7	0.779149095555	norm	27
C	-46	1	7	0.241379310345	raw	27
C	-46	1	7	1.26447254404	norm	27
G	-46	1	1	0.0344827586207	raw	27
G	-46	1	1	0.180922649965	norm	27
G	-45	1	9	0.310344827586	raw	27
G	-45	1	9	1.62830384969	norm	27
A	-45	1	8	0.275862068966	raw	27
A	-45	1	8	0.890456109206	norm	27
C	-45	1	7	0.241379310345	raw	27
C	-45	1	7	1.26447254404	norm	27
T	-45	1	5	0.172413793103	raw	27
T	-45	1	5	0.558490038839	norm	27
T	-44	1	12	0.413793103448	raw	27
T	-44	1	12	1.34037609321	norm	27
A	-44	1	10	0.344827586207	raw	27
A	-44	1	10	1.11307013651	norm	27
G	-44	1	4	0.137931034483	raw	27
G	-44	1	4	0.72369059986	norm	27
C	-44	1	3	0.103448275862	raw	27
C	-44	1	3	0.541916804589	norm	27
T	-43	1	9	0.310344827586	raw	27
T	-43	1	9	1.00528206991	norm	27
A	-43	1	8	0.275862068966	raw	27
A	-43	1	8	0.890456109206	norm	27
C	-43	1	8	0.275862068966	raw	27
C	-43	1	8	1.4451114789	norm	27
G	-43	1	4	0.137931034483	raw	27
G	-43	1	4	0.72369059986	norm	27
T	-42	1	11	0.379310344828	raw	27
T	-42	1	11	1.22867808545	norm	27
A	-42	1	7	0.241379310345	raw	27
A	-42	1	7	0.779149095555	norm	27
G	-42	1	7	0.241379310345	raw	27
G	-42	1	7	1.26645854976	norm	27
C	-42	1	4	0.137931034483	raw	27
C	-42	1	4	0.722555739452	norm	27
A	-41	1	11	0.379310344828	raw	27
A	-41	1	11	1.22437715016	norm	27
T	-41	1	10	0.344827586207	raw	27
T	-41	1	10	1.11698007768	norm	27
C	-41	1	7	0.241379310345	raw	27
C	-41	1	7	1.26447254404	norm	27
G	-41	1	1	0.0344827586207	raw	27
G	-41	1	1	0.180922649965	norm	27
A	-40	1	11	0.379310344828	raw	27
A	-40	1	11	1.22437715016	norm	27
C	-40	1	7	0.241379310345	raw	27
C	-40	1	7	1.26447254404	norm	27
G	-40	1	6	0.206896551724	raw	27
G	-40	1	6	1.08553589979	norm	27
T	-40	1	5	0.172413793103	raw	27
T	-40	1	5	0.558490038839	norm	27
A	-39	1	10	0.344827586207	raw	27
A	-39	1	10	1.11307013651	norm	27
T	-39	1	7	0.241379310345	raw	27
T	-39	1	7	0.781886054375	norm	27
C	-39	1	6	0.206896551724	raw	27
C	-39	1	6	1.08383360918	norm	27
G	-39	1	6	0.206896551724	raw	27
G	-39	1	6	1.08553589979	norm	27
T	-38	1	9	0.310344827586	raw	27
T	-38	1	9	1.00528206991	norm	27
G	-38	1	9	0.310344827586	raw	27
G	-38	1	9	1.62830384969	norm	27
C	-38	1	6	0.206896551724	raw	27
C	-38	1	6	1.08383360918	norm	27
A	-38	1	5	0.172413793103	raw	27
A	-38	1	5	0.556535068254	norm	27
A	-37	1	10	0.344827586207	raw	27
A	-37	1	10	1.11307013651	norm	27
T	-37	1	8	0.275862068966	raw	27
T	-37	1	8	0.893584062143	norm	27
C	-37	1	7	0.241379310345	raw	27
C	-37	1	7	1.26447254404	norm	27
G	-37	1	4	0.137931034483	raw	27
G	-37	1	4	0.72369059986	norm	27
A	-36	1	8	0.275862068966	raw	27
A	-36	1	8	0.890456109206	norm	27
T	-36	1	8	0.275862068966	raw	27
T	-36	1	8	0.893584062143	norm	27
G	-36	1	8	0.275862068966	raw	27
G	-36	1	8	1.44738119972	norm	27
C	-36	1	5	0.172413793103	raw	27
C	-36	1	5	0.903194674315	norm	27
A	-35	1	10	0.344827586207	raw	27
A	-35	1	10	1.11307013651	norm	27
T	-35	1	8	0.275862068966	raw	27
T	-35	1	8	0.893584062143	norm	27
G	-35	1	7	0.241379310345	raw	27
G	-35	1	7	1.26645854976	norm	27
C	-35	1	4	0.137931034483	raw	27
C	-35	1	4	0.722555739452	norm	27
A	-34	1	10	0.344827586207	raw	27
A	-34	1	10	1.11307013651	norm	27
T	-34	1	10	0.344827586207	raw	27
T	-34	1	10	1.11698007768	norm	27
C	-34	1	5	0.172413793103	raw	27
C	-34	1	5	0.903194674315	norm	27
G	-34	1	4	0.137931034483	raw	27
G	-34	1	4	0.72369059986	norm	27
T	-33	1	12	0.413793103448	raw	27
T	-33	1	12	1.34037609321	norm	27
G	-33	1	7	0.241379310345	raw	27
G	-33	1	7	1.26645854976	norm	27
A	-33	1	5	0.172413793103	raw	27
A	-33	1	5	0.556535068254	norm	27
C	-33	1	5	0.172413793103	raw	27
C	-33	1	5	0.903194674315	norm	27
C	-32	1	10	0.344827586207	raw	27
C	-32	1	10	1.80638934863	norm	27
T	-32	1	8	0.275862068966	raw	27
T	-32	1	8	0.893584062143	norm	27
A	-32	1	6	0.206896551724	raw	27
A	-32	1	6	0.667842081904	norm	27
G	-32	1	5	0.172413793103	raw	27
G	-32	1	5	0.904613249825	norm	27
A	-31	1	16	0.551724137931	raw	27
A	-31	1	16	1.78091221841	norm	27
G	-31	1	7	0.241379310345	raw	27
G	-31	1	7	1.26645854976	norm	27
T	-31	1	4	0.137931034483	raw	27
T	-31	1	4	0.446792031072	norm	27
C	-31	1	2	0.0689655172414	raw	27
C	-31	1	2	0.361277869726	norm	27
T	-30	1	13	0.448275862069	raw	27
T	-30	1	13	1.45207410098	norm	27
A	-30	1	9	0.310344827586	raw	27
A	-30	1	9	1.00176312286	norm	27
G	-30	1	5	0.172413793103	raw	27
G	-30	1	5	0.904613249825	norm	27
C	-30	1	2	0.0689655172414	raw	27
C	-30	1	2	0.361277869726	norm	27
T	-29	1	10	0.344827586207	raw	27
T	-29	1	10	1.11698007768	norm	27
A	-29	1	8	0.275862068966	raw	27
A	-29	1	8	0.890456109206	norm	27
C	-29	1	6	0.206896551724	raw	27
C	-29	1	6	1.08383360918	norm	27
G	-29	1	5	0.172413793103	raw	27
G	-29	1	5	0.904613249825	norm	27
T	-28	1	11	0.379310344828	raw	27
T	-28	1	11	1.22867808545	norm	27
A	-28	1	9	0.310344827586	raw	27
A	-28	1	9	1.00176312286	norm	27
C	-28	1	5	0.172413793103	raw	27
C	-28	1	5	0.903194674315	norm	27
G	-28	1	4	0.137931034483	raw	27
G	-28	1	4	0.72369059986	norm	27
G	-27	1	12	0.413793103448	raw	27
G	-27	1	12	2.17107179958	norm	27
T	-27	1	7	0.241379310345	raw	27
T	-27	1	7	0.781886054375	norm	27
A	-27	1	6	0.206896551724	raw	27
A	-27	1	6	0.667842081904	norm	27
C	-27	1	4	0.137931034483	raw	27
C	-27	1	4	0.722555739452	norm	27
T	-26	1	12	0.413793103448	raw	27
T	-26	1	12	1.34037609321	norm	27
G	-26	1	8	0.275862068966	raw	27
G	-26	1	8	1.44738119972	norm	27
A	-26	1	5	0.172413793103	raw	27
A	-26	1	5	0.556535068254	norm	27
C	-26	1	4	0.137931034483	raw	27
C	-26	1	4	0.722555739452	norm	27
T	-25	1	12	0.413793103448	raw	27
T	-25	1	12	1.34037609321	norm	27
A	-25	1	11	0.379310344828	raw	27
A	-25	1	11	1.22437715016	norm	27
C	-25	1	4	0.137931034483	raw	27
C	-25	1	4	0.722555739452	norm	27
G	-25	1	2	0.0689655172414	raw	27
G	-25	1	2	0.36184529993	norm	27
T	-24	1	11	0.379310344828	raw	27
T	-24	1	11	1.22867808545	norm	27
C	-24	1	9	0.310344827586	raw	27
C	-24	1	9	1.62575041377	norm	27
A	-24	1	7	0.241379310345	raw	27
A	-24	1	7	0.779149095555	norm	27
G	-24	1	2	0.0689655172414	raw	27
G	-24	1	2	0.36184529993	norm	27
A	-23	1	9	0.310344827586	raw	27
A	-23	1	9	1.00176312286	norm	27
C	-23	1	8	0.275862068966	raw	27
C	-23	1	8	1.4451114789	norm	27
T	-23	1	7	0.241379310345	raw	27
T	-23	1	7	0.781886054375	norm	27
G	-23	1	5	0.172413793103	raw	27
G	-23	1	5	0.904613249825	norm	27
T	-22	1	10	0.344827586207	raw	27
T	-22	1	10	1.11698007768	norm	27
C	-22	1	9	0.310344827586	raw	27
C	-22	1	9	1.62575041377	norm	27
A	-22	1	6	0.206896551724	raw	27
A	-22	1	6	0.667842081904	norm	27
G	-22	1	4	0.137931034483	raw	27
G	-22	1	4	0.72369059986	norm	27
T	-21	1	12	0.413793103448	raw	27
T	-21	1	12	1.34037609321	norm	27
A	-21	1	11	0.379310344828	raw	27
A	-21	1	11	1.22437715016	norm	27
C	-21	1	3	0.103448275862	raw	27
C	-21	1	3	0.541916804589	norm	27
G	-21	1	3	0.103448275862	raw	27
G	-21	1	3	0.542767949895	norm	27
T	-20	1	11	0.379310344828	raw	27
T	-20	1	11	1.22867808545	norm	27
A	-20	1	9	0.310344827586	raw	27
A	-20	1	9	1.00176312286	norm	27
G	-20	1	5	0.172413793103	raw	27
G	-20	1	5	0.904613249825	norm	27
C	-20	1	4	0.137931034483	raw	27
C	-20	1	4	0.722555739452	norm	27
A	-19	1	14	0.48275862069	raw	27
A	-19	1	14	1.55829819111	norm	27
G	-19	1	8	0.275862068966	raw	27
G	-19	1	8	1.44738119972	norm	27
T	-19	1	5	0.172413793103	raw	27
T	-19	1	5	0.558490038839	norm	27
C	-19	1	2	0.0689655172414	raw	27
C	-19	1	2	0.361277869726	norm	27
A	-18	1	11	0.379310344828	raw	27
A	-18	1	11	1.22437715016	norm	27
T	-18	1	10	0.344827586207	raw	27
T	-18	1	10	1.11698007768	norm	27
C	-18	1	4	0.137931034483	raw	27
C	-18	1	4	0.722555739452	norm	27
G	-18	1	4	0.137931034483	raw	27
G	-18	1	4	0.72369059986	norm	27
T	-17	1	10	0.344827586207	raw	27
T	-17	1	10	1.11698007768	norm	27
A	-17	1	9	0.310344827586	raw	27
A	-17	1	9	1.00176312286	norm	27
C	-17	1	7	0.241379310345	raw	27
C	-17	1	7	1.26447254404	norm	27
G	-17	1	3	0.103448275862	raw	27
G	-17	1	3	0.542767949895	norm	27
A	-16	1	13	0.448275862069	raw	27
A	-16	1	13	1.44699117746	norm	27
T	-16	1	7	0.241379310345	raw	27
T	-16	1	7	0.781886054375	norm	27
C	-16	1	6	0.206896551724	raw	27
C	-16	1	6	1.08383360918	norm	27
G	-16	1	3	0.103448275862	raw	27
G	-16	1	3	0.542767949895	norm	27
T	-15	1	9	0.310344827586	raw	27
T	-15	1	9	1.00528206991	norm	27
A	-15	1	8	0.275862068966	raw	27
A	-15	1	8	0.890456109206	norm	27
G	-15	1	7	0.241379310345	raw	27
G	-15	1	7	1.26645854976	norm	27
C	-15	1	5	0.172413793103	raw	27
C	-15	1	5	0.903194674315	norm	27
A	-14	1	11	0.379310344828	raw	27
A	-14	1	11	1.22437715016	norm	27
T	-14	1	10	0.344827586207	raw	27
T	-14	1	10	1.11698007768	norm	27
G	-14	1	6	0.206896551724	raw	27
G	-14	1	6	1.08553589979	norm	27
C	-14	1	2	0.0689655172414	raw	27
C	-14	1	2	0.361277869726	norm	27
A	-13	1	16	0.551724137931	raw	27
A	-13	1	16	1.78091221841	norm	27
T	-13	1	8	0.275862068966	raw	27
T	-13	1	8	0.893584062143	norm	27
G	-13	1	4	0.137931034483	raw	27
G	-13	1	4	0.72369059986	norm	27
C	-13	1	1	0.0344827586207	raw	27
C	-13	1	1	0.180638934863	norm	27
A	-12	1	12	0.413793103448	raw	27
A	-12	1	12	1.33568416381	norm	27
T	-12	1	11	0.379310344828	raw	27
T	-12	1	11	1.22867808545	norm	27
C	-12	1	4	0.137931034483	raw	27
C	-12	1	4	0.722555739452	norm	27
G	-12	1	2	0.0689655172414	raw	27
G	-12	1	2	0.36184529993	norm	27
A	-11	1	10	0.344827586207	raw	27
A	-11	1	10	1.11307013651	norm	27
G	-11	1	8	0.275862068966	raw	27
G	-11	1	8	1.44738119972	norm	27
T	-11	1	6	0.206896551724	raw	27
T	-11	1	6	0.670188046607	norm	27
C	-11	1	5	0.172413793103	raw	27
C	-11	1	5	0.903194674315	norm	27
A	-10	1	10	0.344827586207	raw	27
A	-10	1	10	1.11307013651	norm	27
T	-10	1	8	0.275862068966	raw	27
T	-10	1	8	0.893584062143	norm	27
G	-10	1	6	0.206896551724	raw	27
G	-10	1	6	1.08553589979	norm	27
C	-10	1	5	0.172413793103	raw	27
C	-10	1	5	0.903194674315	norm	27
T	-9	1	10	0.344827586207	raw	27
T	-9	1	10	1.11698007768	norm	27
A	-9	1	7	0.241379310345	raw	27
A	-9	1	7	0.779149095555	norm	27
G	-9	1	7	0.241379310345	raw	27
G	-9	1	7	1.26645854976	norm	27
C	-9	1	5	0.172413793103	raw	27
C	-9	1	5	0.903194674315	norm	27
A	-8	1	11	0.379310344828	raw	27
A	-8	1	11	1.22437715016	norm	27
T	-8	1	8	0.275862068966	raw	27
T	-8	1	8	0.893584062143	norm	27
C	-8	1	7	0.241379310345	raw	27
C	-8	1	7	1.26447254404	norm	27
G	-8	1	3	0.103448275862	raw	27
G	-8	1	3	0.542767949895	norm	27
A	-7	1	13	0.448275862069	raw	27
A	-7	1	13	1.44699117746	norm	27
T	-7	1	8	0.275862068966	raw	27
T	-7	1	8	0.893584062143	norm	27
C	-7	1	4	0.137931034483	raw	27
C	-7	1	4	0.722555739452	norm	27
G	-7	1	4	0.137931034483	raw	27
G	-7	1	4	0.72369059986	norm	27
T	-6	1	12	0.413793103448	raw	27
T	-6	1	12	1.34037609321	norm	27
A	-6	1	8	0.275862068966	raw	27
A	-6	1	8	0.890456109206	norm	27
C	-6	1	5	0.172413793103	raw	27
C	-6	1	5	0.903194674315	norm	27
G	-6	1	4	0.137931034483	raw	27
G	-6	1	4	0.72369059986	norm	27
T	-5	1	10	0.344827586207	raw	27
T	-5	1	10	1.11698007768	norm	27
A	-5	1	8	0.275862068966	raw	27
A	-5	1	8	0.890456109206	norm	27
C	-5	1	7	0.241379310345	raw	27
C	-5	1	7	1.26447254404	norm	27
G	-5	1	4	0.137931034483	raw	27
G	-5	1	4	0.72369059986	norm	27
T	-4	1	11	0.379310344828	raw	27
T	-4	1	11	1.22867808545	norm	27
A	-4	1	8	0.275862068966	raw	27
A	-4	1	8	0.890456109206	norm	27
C	-4	1	5	0.172413793103	raw	27
C	-4	1	5	0.903194674315	norm	27
G	-4	1	5	0.172413793103	raw	27
G	-4	1	5	0.904613249825	norm	27
C	-3	1	8	0.275862068966	raw	27
C	-3	1	8	1.4451114789	norm	27
T	-3	1	8	0.275862068966	raw	27
T	-3	1	8	0.893584062143	norm	27
G	-3	1	7	0.241379310345	raw	27
G	-3	1	7	1.26645854976	norm	27
A	-3	1	6	0.206896551724	raw	27
A	-3	1	6	0.667842081904	norm	27
T	-2	1	13	0.448275862069	raw	27
T	-2	1	13	1.45207410098	norm	27
A	-2	1	8	0.275862068966	raw	27
A	-2	1	8	0.890456109206	norm	27
G	-2	1	6	0.206896551724	raw	27
G	-2	1	6	1.08553589979	norm	27
C	-2	1	2	0.0689655172414	raw	27
C	-2	1	2	0.361277869726	norm	27
T	-1	1	12	0.413793103448	raw	27
T	-1	1	12	1.34037609321	norm	27
A	-1	1	7	0.241379310345	raw	27
A	-1	1	7	0.779149095555	norm	27
G	-1	1	7	0.241379310345	raw	27
G	-1	1	7	1.26645854976	norm	27
C	-1	1	3	0.103448275862	raw	27
C	-1	1	3	0.541916804589	norm	27
A	0	1	11	0.379310344828	raw	27
A	0	1	11	1.22437715016	norm	27
C	0	1	7	0.241379310345	raw	27
C	0	1	7	1.26447254404	norm	27
G	0	1	6	0.206896551724	raw	27
G	0	1	6	1.08553589979	norm	27
T	0	1	5	0.172413793103	raw	27
T	0	1	5	0.558490038839	norm	27
A	1	1	18	0.620689655172	raw	27
A	1	1	18	2.00352624571	norm	27
T	1	1	7	0.241379310345	raw	27
T	1	1	7	0.781886054375	norm	27
C	1	1	3	0.103448275862	raw	27
C	1	1	3	0.541916804589	norm	27
G	1	1	1	0.0344827586207	raw	27
G	1	1	1	0.180922649965	norm	27
T	2	1	9	0.310344827586	raw	27
T	2	1	9	1.00528206991	norm	27
G	2	1	9	0.310344827586	raw	27
G	2	1	9	1.62830384969	norm	27
A	2	1	7	0.241379310345	raw	27
A	2	1	7	0.779149095555	norm	27
C	2	1	4	0.137931034483	raw	27
C	2	1	4	0.722555739452	norm	27
T	3	1	12	0.413793103448	raw	27
T	3	1	12	1.34037609321	norm	27
A	3	1	8	0.275862068966	raw	27
A	3	1	8	0.890456109206	norm	27
C	3	1	6	0.206896551724	raw	27
C	3	1	6	1.08383360918	norm	27
G	3	1	3	0.103448275862	raw	27
G	3	1	3	0.542767949895	norm	27
A	4	1	14	0.48275862069	raw	27
A	4	1	14	1.55829819111	norm	27
T	4	1	7	0.241379310345	raw	27
T	4	1	7	0.781886054375	norm	27
C	4	1	5	0.172413793103	raw	27
C	4	1	5	0.903194674315	norm	27
G	4	1	3	0.103448275862	raw	27
G	4	1	3	0.542767949895	norm	27
A	5	1	15	0.51724137931	raw	27
A	5	1	15	1.66960520476	norm	27
T	5	1	8	0.275862068966	raw	27
T	5	1	8	0.893584062143	norm	27
C	5	1	4	0.137931034483	raw	27
C	5	1	4	0.722555739452	norm	27
G	5	1	2	0.0689655172414	raw	27
G	5	1	2	0.36184529993	norm	27
A	6	1	11	0.379310344828	raw	27
A	6	1	11	1.22437715016	norm	27
T	6	1	8	0.275862068966	raw	27
T	6	1	8	0.893584062143	norm	27
G	6	1	6	0.206896551724	raw	27
G	6	1	6	1.08553589979	norm	27
C	6	1	4	0.137931034483	raw	27
C	6	1	4	0.722555739452	norm	27
A	7	1	13	0.448275862069	raw	27
A	7	1	13	1.44699117746	norm	27
G	7	1	6	0.206896551724	raw	27
G	7	1	6	1.08553589979	norm	27
C	7	1	5	0.172413793103	raw	27
C	7	1	5	0.903194674315	norm	27
T	7	1	5	0.172413793103	raw	27
T	7	1	5	0.558490038839	norm	27
T	8	1	10	0.344827586207	raw	27
T	8	1	10	1.11698007768	norm	27
A	8	1	9	0.310344827586	raw	27
A	8	1	9	1.00176312286	norm	27
G	8	1	6	0.206896551724	raw	27
G	8	1	6	1.08553589979	norm	27
C	8	1	4	0.137931034483	raw	27
C	8	1	4	0.722555739452	norm	27
A	9	1	9	0.310344827586	raw	27
A	9	1	9	1.00176312286	norm	27
G	9	1	9	0.310344827586	raw	27
G	9	1	9	1.62830384969	norm	27
C	9	1	6	0.206896551724	raw	27
C	9	1	6	1.08383360918	norm	27
T	9	1	5	0.172413793103	raw	27
T	9	1	5	0.558490038839	norm	27
T	10	1	11	0.379310344828	raw	27
T	10	1	11	1.22867808545	norm	27
A	10	1	9	0.310344827586	raw	27
A	10	1	9	1.00176312286	norm	27
G	10	1	5	0.172413793103	raw	27
G	10	1	5	0.904613249825	norm	27
C	10	1	4	0.137931034483	raw	27
C	10	1	4	0.722555739452	norm	27
A	11	1	11	0.379310344828	raw	27
A	11	1	11	1.22437715016	norm	27
C	11	1	8	0.275862068966	raw	27
C	11	1	8	1.4451114789	norm	27
T	11	1	8	0.275862068966	raw	27
T	11	1	8	0.893584062143	norm	27
G	11	1	2	0.0689655172414	raw	27
G	11	1	2	0.36184529993	norm	27
G	12	1	12	0.413793103448	raw	27
G	12	1	12	2.17107179958	norm	27
A	12	1	9	0.310344827586	raw	27
A	12	1	9	1.00176312286	norm	27
T	12	1	5	0.172413793103	raw	27
T	12	1	5	0.558490038839	norm	27
C	12	1	3	0.103448275862	raw	27
C	12	1	3	0.541916804589	norm	27
T	13	1	11	0.379310344828	raw	27
T	13	1	11	1.22867808545	norm	27
A	13	1	8	0.275862068966	raw	27
A	13	1	8	0.890456109206	norm	27
C	13	1	8	0.275862068966	raw	27
C	13	1	8	1.4451114789	norm	27
G	13	1	2	0.0689655172414	raw	27
G	13	1	2	0.36184529993	norm	27
G	14	1	8	0.275862068966	raw	27
G	14	1	8	1.44738119972	norm	27
A	14	1	7	0.241379310345	raw	27
A	14	1	7	0.779149095555	norm	27
C	14	1	7	0.241379310345	raw	27
C	14	1	7	1.26447254404	norm	27
T	14	1	7	0.241379310345	raw	27
T	14	1	7	0.781886054375	norm	27
A	15	1	12	0.413793103448	raw	27
A	15	1	12	1.33568416381	norm	27
T	15	1	8	0.275862068966	raw	27
T	15	1	8	0.893584062143	norm	27
C	15	1	6	0.206896551724	raw	27
C	15	1	6	1.08383360918	norm	27
G	15	1	3	0.103448275862	raw	27
G	15	1	3	0.542767949895	norm	27
A	16	1	9	0.310344827586	raw	27
A	16	1	9	1.00176312286	norm	27
T	16	1	8	0.275862068966	raw	27
T	16	1	8	0.893584062143	norm	27
G	16	1	7	0.241379310345	raw	27
G	16	1	7	1.26645854976	norm	27
C	16	1	5	0.172413793103	raw	27
C	16	1	5	0.903194674315	norm	27
C	17	1	10	0.344827586207	raw	27
C	17	1	10	1.80638934863	norm	27
T	17	1	7	0.241379310345	raw	27
T	17	1	7	0.781886054375	norm	27
G	17	1	7	0.241379310345	raw	27
G	17	1	7	1.26645854976	norm	27
A	17	1	5	0.172413793103	raw	27
A	17	1	5	0.556535068254	norm	27
A	18	1	12	0.413793103448	raw	27
A	18	1	12	1.33568416381	norm	27
T	18	1	8	0.275862068966	raw	27
T	18	1	8	0.893584062143	norm	27
G	18	1	5	0.172413793103	raw	27
G	18	1	5	0.904613249825	norm	27
C	18	1	4	0.137931034483	raw	27
C	18	1	4	0.722555739452	norm	27
A	19	1	9	0.310344827586	raw	27
A	19	1	9	1.00176312286	norm	27
T	19	1	8	0.275862068966	raw	27
T	19	1	8	0.893584062143	norm	27
G	19	1	7	0.241379310345	raw	27
G	19	1	7	1.26645854976	norm	27
C	19	1	5	0.172413793103	raw	27
C	19	1	5	0.903194674315	norm	27
G	20	1	11	0.379310344828	raw	27
G	20	1	11	1.99014914962	norm	27
T	20	1	7	0.241379310345	raw	27
T	20	1	7	0.781886054375	norm	27
C	20	1	6	0.206896551724	raw	27
C	20	1	6	1.08383360918	norm	27
A	20	1	5	0.172413793103	raw	27
A	20	1	5	0.556535068254	norm	27
T	21	1	14	0.48275862069	raw	27
T	21	1	14	1.56377210875	norm	27
G	21	1	7	0.241379310345	raw	27
G	21	1	7	1.26645854976	norm	27
A	21	1	4	0.137931034483	raw	27
A	21	1	4	0.445228054603	norm	27
C	21	1	4	0.137931034483	raw	27
C	21	1	4	0.722555739452	norm	27
A	22	1	8	0.275862068966	raw	27
A	22	1	8	0.890456109206	norm	27
T	22	1	8	0.275862068966	raw	27
T	22	1	8	0.893584062143	norm	27
C	22	1	7	0.241379310345	raw	27
C	22	1	7	1.26447254404	norm	27
G	22	1	6	0.206896551724	raw	27
G	22	1	6	1.08553589979	norm	27
A	23	1	9	0.310344827586	raw	27
A	23	1	9	1.00176312286	norm	27
T	23	1	8	0.275862068966	raw	27
T	23	1	8	0.893584062143	norm	27
C	23	1	7	0.241379310345	raw	27
C	23	1	7	1.26447254404	norm	27
G	23	1	5	0.172413793103	raw	27
G	23	1	5	0.904613249825	norm	27
G	24	1	10	0.344827586207	raw	27
G	24	1	10	1.80922649965	norm	27
A	24	1	7	0.241379310345	raw	27
A	24	1	7	0.779149095555	norm	27
C	24	1	7	0.241379310345	raw	27
C	24	1	7	1.26447254404	norm	27
T	24	1	5	0.172413793103	raw	27
T	24	1	5	0.558490038839	norm	27
T	25	1	14	0.48275862069	raw	27
T	25	1	14	1.56377210875	norm	27
A	25	1	6	0.206896551724	raw	27
A	25	1	6	0.667842081904	norm	27
G	25	1	5	0.172413793103	raw	27
G	25	1	5	0.904613249825	norm	27
C	25	1	4	0.137931034483	raw	27
C	25	1	4	0.722555739452	norm	27
A	26	1	11	0.379310344828	raw	27
A	26	1	11	1.22437715016	norm	27
T	26	1	9	0.310344827586	raw	27
T	26	1	9	1.00528206991	norm	27
G	26	1	5	0.172413793103	raw	27
G	26	1	5	0.904613249825	norm	27
C	26	1	4	0.137931034483	raw	27
C	26	1	4	0.722555739452	norm	27
T	27	1	11	0.379310344828	raw	27
T	27	1	11	1.22867808545	norm	27
A	27	1	8	0.275862068966	raw	27
A	27	1	8	0.890456109206	norm	27
G	27	1	6	0.206896551724	raw	27
G	27	1	6	1.08553589979	norm	27
C	27	1	4	0.137931034483	raw	27
C	27	1	4	0.722555739452	norm	27
A	28	1	12	0.413793103448	raw	27
A	28	1	12	1.33568416381	norm	27
C	28	1	7	0.241379310345	raw	27
C	28	1	7	1.26447254404	norm	27
T	28	1	5	0.172413793103	raw	27
T	28	1	5	0.558490038839	norm	27
G	28	1	5	0.172413793103	raw	27
G	28	1	5	0.904613249825	norm	27
A	29	1	10	0.344827586207	raw	27
A	29	1	10	1.11307013651	norm	27
T	29	1	10	0.344827586207	raw	27
T	29	1	10	1.11698007768	norm	27
G	29	1	5	0.172413793103	raw	27
G	29	1	5	0.904613249825	norm	27
C	29	1	4	0.137931034483	raw	27
C	29	1	4	0.722555739452	norm	27
T	30	1	12	0.413793103448	raw	27
T	30	1	12	1.34037609321	norm	27
G	30	1	7	0.241379310345	raw	27
G	30	1	7	1.26645854976	norm	27
A	30	1	6	0.206896551724	raw	27
A	30	1	6	0.667842081904	norm	27
C	30	1	4	0.137931034483	raw	27
C	30	1	4	0.722555739452	norm	27
T	31	1	12	0.413793103448	raw	27
T	31	1	12	1.34037609321	norm	27
A	31	1	6	0.206896551724	raw	27
A	31	1	6	0.667842081904	norm	27
G	31	1	6	0.206896551724	raw	27
G	31	1	6	1.08553589979	norm	27
C	31	1	5	0.172413793103	raw	27
C	31	1	5	0.903194674315	norm	27
T	32	1	13	0.448275862069	raw	27
T	32	1	13	1.45207410098	norm	27
A	32	1	7	0.241379310345	raw	27
A	32	1	7	0.779149095555	norm	27
C	32	1	5	0.172413793103	raw	27
C	32	1	5	0.903194674315	norm	27
G	32	1	4	0.137931034483	raw	27
G	32	1	4	0.72369059986	norm	27
T	33	1	15	0.51724137931	raw	27
T	33	1	15	1.67547011652	norm	27
C	33	1	7	0.241379310345	raw	27
C	33	1	7	1.26447254404	norm	27
A	33	1	4	0.137931034483	raw	27
A	33	1	4	0.445228054603	norm	27
G	33	1	3	0.103448275862	raw	27
G	33	1	3	0.542767949895	norm	27
A	34	1	14	0.48275862069	raw	27
A	34	1	14	1.55829819111	norm	27
T	34	1	10	0.344827586207	raw	27
T	34	1	10	1.11698007768	norm	27
C	34	1	4	0.137931034483	raw	27
C	34	1	4	0.722555739452	norm	27
G	34	1	1	0.0344827586207	raw	27
G	34	1	1	0.180922649965	norm	27
A	35	1	11	0.379310344828	raw	27
A	35	1	11	1.22437715016	norm	27
T	35	1	7	0.241379310345	raw	27
T	35	1	7	0.781886054375	norm	27
G	35	1	7	0.241379310345	raw	27
G	35	1	7	1.26645854976	norm	27
C	35	1	4	0.137931034483	raw	27
C	35	1	4	0.722555739452	norm	27
T	36	1	10	0.344827586207	raw	27
T	36	1	10	1.11698007768	norm	27
A	36	1	8	0.275862068966	raw	27
A	36	1	8	0.890456109206	norm	27
G	36	1	6	0.206896551724	raw	27
G	36	1	6	1.08553589979	norm	27
C	36	1	5	0.172413793103	raw	27
C	36	1	5	0.903194674315	norm	27
T	37	1	14	0.48275862069	raw	27
T	37	1	14	1.56377210875	norm	27
A	37	1	8	0.275862068966	raw	27
A	37	1	8	0.890456109206	norm	27
G	37	1	5	0.172413793103	raw	27
G	37	1	5	0.904613249825	norm	27
C	37	1	2	0.0689655172414	raw	27
C	37	1	2	0.361277869726	norm	27
T	38	1	12	0.413793103448	raw	27
T	38	1	12	1.34037609321	norm	27
A	38	1	10	0.344827586207	raw	27
A	38	1	10	1.11307013651	norm	27
G	38	1	4	0.137931034483	raw	27
G	38	1	4	0.72369059986	norm	27
C	38	1	3	0.103448275862	raw	27
C	38	1	3	0.541916804589	norm	27
T	39	1	9	0.310344827586	raw	27
T	39	1	9	1.00528206991	norm	27
A	39	1	7	0.241379310345	raw	27
A	39	1	7	0.779149095555	norm	27
C	39	1	7	0.241379310345	raw	27
C	39	1	7	1.26447254404	norm	27
G	39	1	6	0.206896551724	raw	27
G	39	1	6	1.08553589979	norm	27
T	40	1	12	0.413793103448	raw	27
T	40	1	12	1.34037609321	norm	27
A	40	1	9	0.310344827586	raw	27
A	40	1	9	1.00176312286	norm	27
C	40	1	5	0.172413793103	raw	27
C	40	1	5	0.903194674315	norm	27
G	40	1	3	0.103448275862	raw	27
G	40	1	3	0.542767949895	norm	27
A	41	1	12	0.413793103448	raw	27
A	41	1	12	1.33568416381	norm	27
T	41	1	8	0.275862068966	raw	27
T	41	1	8	0.893584062143	norm	27
G	41	1	7	0.241379310345	raw	27
G	41	1	7	1.26645854976	norm	27
C	41	1	2	0.0689655172414	raw	27
C	41	1	2	0.361277869726	norm	27
A	42	1	12	0.413793103448	raw	27
A	42	1	12	1.33568416381	norm	27
T	42	1	8	0.275862068966	raw	27
T	42	1	8	0.893584062143	norm	27
C	42	1	6	0.206896551724	raw	27
C	42	1	6	1.08383360918	norm	27
G	42	1	3	0.103448275862	raw	27
G	42	1	3	0.542767949895	norm	27
A	43	1	11	0.379310344828	raw	27
A	43	1	11	1.22437715016	norm	27
G	43	1	8	0.275862068966	raw	27
G	43	1	8	1.44738119972	norm	27
C	43	1	5	0.172413793103	raw	27
C	43	1	5	0.903194674315	norm	27
T	43	1	5	0.172413793103	raw	27
T	43	1	5	0.558490038839	norm	27
C	44	1	12	0.413793103448	raw	27
C	44	1	12	2.16766721836	norm	27
T	44	1	10	0.344827586207	raw	27
T	44	1	10	1.11698007768	norm	27
G	44	1	4	0.137931034483	raw	27
G	44	1	4	0.72369059986	norm	27
A	44	1	3	0.103448275862	raw	27
A	44	1	3	0.333921040952	norm	27
A	45	1	8	0.275862068966	raw	27
A	45	1	8	0.890456109206	norm	27
T	45	1	8	0.275862068966	raw	27
T	45	1	8	0.893584062143	norm	27
C	45	1	7	0.241379310345	raw	27
C	45	1	7	1.26447254404	norm	27
G	45	1	6	0.206896551724	raw	27
G	45	1	6	1.08553589979	norm	27
T	46	1	12	0.413793103448	raw	27
T	46	1	12	1.34037609321	norm	27
A	46	1	7	0.241379310345	raw	27
A	46	1	7	0.779149095555	norm	27
C	46	1	5	0.172413793103	raw	27
C	46	1	5	0.903194674315	norm	27
G	46	1	5	0.172413793103	raw	27
G	46	1	5	0.904613249825	norm	27
T	47	1	12	0.413793103448	raw	27
T	47	1	12	1.34037609321	norm	27
C	47	1	7	0.241379310345	raw	27
C	47	1	7	1.26447254404	norm	27
A	47	1	6	0.206896551724	raw	27
A	47	1	6	0.667842081904	norm	27
G	47	1	4	0.137931034483	raw	27
G	47	1	4	0.72369059986	norm	27
T	48	1	9	0.310344827586	raw	27
T	48	1	9	1.00528206991	norm	27
A	48	1	8	0.275862068966	raw	27
A	48	1	8	0.890456109206	norm	27
G	48	1	7	0.241379310345	raw	27
G	48	1	7	1.26645854976	norm	27
C	48	1	5	0.172413793103	raw	27
C	48	1	5	0.903194674315	norm	27
T	49	1	12	0.413793103448	raw	27
T	49	1	12	1.34037609321	norm	27
A	49	1	8	0.275862068966	raw	27
A	49	1	8	0.890456109206	norm	27
G	49	1	6	0.206896551724	raw	27
G	49	1	6	1.08553589979	norm	27
C	49	1	3	0.103448275862	raw	27
C	49	1	3	0.541916804589	norm	27
T	50	1	17	0.586206896552	raw	27
T	50	1	17	1.89886613205	norm	27
A	50	1	8	0.275862068966	raw	27
A	50	1	8	0.890456109206	norm	27
C	50	1	3	0.103448275862	raw	27
C	50	1	3	0.541916804589	norm	27
G	50	1	1	0.0344827586207	raw	27
G	50	1	1	0.180922649965	norm	27
T	51	1	15	0.51724137931	raw	27
T	51	1	15	1.67547011652	norm	27
C	51	1	6	0.206896551724	raw	27
C	51	1	6	1.08383360918	norm	27
A	51	1	4	0.137931034483	raw	27
A	51	1	4	0.445228054603	norm	27
G	51	1	4	0.137931034483	raw	27
G	51	1	4	0.72369059986	norm	27
A	52	1	9	0.310344827586	raw	27
A	52	1	9	1.00176312286	norm	27
T	52	1	9	0.310344827586	raw	27
T	52	1	9	1.00528206991	norm	27
C	52	1	8	0.275862068966	raw	27
C	52	1	8	1.4451114789	norm	27
G	52	1	3	0.103448275862	raw	27
G	52	1	3	0.542767949895	norm	27
T	53	1	12	0.413793103448	raw	27
T	53	1	12	1.34037609321	norm	27
A	53	1	9	0.310344827586	raw	27
A	53	1	9	1.00176312286	norm	27
C	53	1	4	0.137931034483	raw	27
C	53	1	4	0.722555739452	norm	27
G	53	1	4	0.137931034483	raw	27
G	53	1	4	0.72369059986	norm	27
G	54	1	10	0.344827586207	raw	27
G	54	1	10	1.80922649965	norm	27
T	54	1	8	0.275862068966	raw	27
T	54	1	8	0.893584062143	norm	27
C	54	1	7	0.241379310345	raw	27
C	54	1	7	1.26447254404	norm	27
A	54	1	4	0.137931034483	raw	27
A	54	1	4	0.445228054603	norm	27
A	55	1	13	0.448275862069	raw	27
A	55	1	13	1.44699117746	norm	27
T	55	1	9	0.310344827586	raw	27
T	55	1	9	1.00528206991	norm	27
C	55	1	6	0.206896551724	raw	27
C	55	1	6	1.08383360918	norm	27
G	55	1	1	0.0344827586207	raw	27
G	55	1	1	0.180922649965	norm	27
A	56	1	16	0.551724137931	raw	27
A	56	1	16	1.78091221841	norm	27
T	56	1	8	0.275862068966	raw	27
T	56	1	8	0.893584062143	norm	27
C	56	1	4	0.137931034483	raw	27
C	56	1	4	0.722555739452	norm	27
G	56	1	1	0.0344827586207	raw	27
G	56	1	1	0.180922649965	norm	27
T	57	1	14	0.48275862069	raw	27
T	57	1	14	1.56377210875	norm	27
A	57	1	7	0.241379310345	raw	27
A	57	1	7	0.779149095555	norm	27
C	57	1	5	0.172413793103	raw	27
C	57	1	5	0.903194674315	norm	27
G	57	1	3	0.103448275862	raw	27
G	57	1	3	0.542767949895	norm	27
T	58	1	14	0.48275862069	raw	27
T	58	1	14	1.56377210875	norm	27
G	58	1	6	0.206896551724	raw	27
G	58	1	6	1.08553589979	norm	27
C	58	1	5	0.172413793103	raw	27
C	58	1	5	0.903194674315	norm	27
A	58	1	4	0.137931034483	raw	27
A	58	1	4	0.445228054603	norm	27
A	59	1	15	0.51724137931	raw	27
A	59	1	15	1.66960520476	norm	27
T	59	1	7	0.241379310345	raw	27
T	59	1	7	0.781886054375	norm	27
G	59	1	5	0.172413793103	raw	27
G	59	1	5	0.904613249825	norm	27
C	59	1	2	0.0689655172414	raw	27
C	59	1	2	0.361277869726	norm	27
A	60	1	10	0.344827586207	raw	27
A	60	1	10	1.11307013651	norm	27
G	60	1	7	0.241379310345	raw	27
G	60	1	7	1.26645854976	norm	27
C	60	1	6	0.206896551724	raw	27
C	60	1	6	1.08383360918	norm	27
T	60	1	6	0.206896551724	raw	27
T	60	1	6	0.670188046607	norm	27
A	61	1	10	0.344827586207	raw	27
A	61	1	10	1.11307013651	norm	27
T	61	1	7	0.241379310345	raw	27
T	61	1	7	0.781886054375	norm	27
C	61	1	6	0.206896551724	raw	27
C	61	1	6	1.08383360918	norm	27
G	61	1	6	0.206896551724	raw	27
G	61	1	6	1.08553589979	norm	27
A	62	1	13	0.448275862069	raw	27
A	62	1	13	1.44699117746	norm	27
T	62	1	6	0.206896551724	raw	27
T	62	1	6	0.670188046607	norm	27
C	62	1	5	0.172413793103	raw	27
C	62	1	5	0.903194674315	norm	27
G	62	1	5	0.172413793103	raw	27
G	62	1	5	0.904613249825	norm	27
T	63	1	12	0.413793103448	raw	27
T	63	1	12	1.34037609321	norm	27
A	63	1	8	0.275862068966	raw	27
A	63	1	8	0.890456109206	norm	27
G	63	1	5	0.172413793103	raw	27
G	63	1	5	0.904613249825	norm	27
C	63	1	4	0.137931034483	raw	27
C	63	1	4	0.722555739452	norm	27
T	64	1	10	0.344827586207	raw	27
T	64	1	10	1.11698007768	norm	27
A	64	1	9	0.310344827586	raw	27
A	64	1	9	1.00176312286	norm	27
G	64	1	6	0.206896551724	raw	27
G	64	1	6	1.08553589979	norm	27
C	64	1	4	0.137931034483	raw	27
C	64	1	4	0.722555739452	norm	27
A	65	1	11	0.379310344828	raw	27
A	65	1	11	1.22437715016	norm	27
T	65	1	9	0.310344827586	raw	27
T	65	1	9	1.00528206991	norm	27
C	65	1	6	0.206896551724	raw	27
C	65	1	6	1.08383360918	norm	27
G	65	1	3	0.103448275862	raw	27
G	65	1	3	0.542767949895	norm	27
A	66	1	11	0.379310344828	raw	27
A	66	1	11	1.22437715016	norm	27
T	66	1	8	0.275862068966	raw	27
T	66	1	8	0.893584062143	norm	27
C	66	1	6	0.206896551724	raw	27
C	66	1	6	1.08383360918	norm	27
G	66	1	4	0.137931034483	raw	27
G	66	1	4	0.72369059986	norm	27
T	67	1	10	0.344827586207	raw	27
T	67	1	10	1.11698007768	norm	27
A	67	1	8	0.275862068966	raw	27
A	67	1	8	0.890456109206	norm	27
C	67	1	6	0.206896551724	raw	27
C	67	1	6	1.08383360918	norm	27
G	67	1	5	0.172413793103	raw	27
G	67	1	5	0.904613249825	norm	27
T	68	1	12	0.413793103448	raw	27
T	68	1	12	1.34037609321	norm	27
A	68	1	6	0.206896551724	raw	27
A	68	1	6	0.667842081904	norm	27
C	68	1	6	0.206896551724	raw	27
C	68	1	6	1.08383360918	norm	27
G	68	1	5	0.172413793103	raw	27
G	68	1	5	0.904613249825	norm	27
A	69	1	15	0.51724137931	raw	27
A	69	1	15	1.66960520476	norm	27
T	69	1	6	0.206896551724	raw	27
T	69	1	6	0.670188046607	norm	27
C	69	1	4	0.137931034483	raw	27
C	69	1	4	0.722555739452	norm	27
G	69	1	4	0.137931034483	raw	27
G	69	1	4	0.72369059986	norm	27
A	70	1	17	0.586206896552	raw	27
A	70	1	17	1.89221923206	norm	27
G	70	1	6	0.206896551724	raw	27
G	70	1	6	1.08553589979	norm	27
C	70	1	3	0.103448275862	raw	27
C	70	1	3	0.541916804589	norm	27
T	70	1	3	0.103448275862	raw	27
T	70	1	3	0.335094023304	norm	27
T	71	1	10	0.344827586207	raw	27
T	71	1	10	1.11698007768	norm	27
C	71	1	8	0.275862068966	raw	27
C	71	1	8	1.4451114789	norm	27
A	71	1	7	0.241379310345	raw	27
A	71	1	7	0.779149095555	norm	27
G	71	1	4	0.137931034483	raw	27
G	71	1	4	0.72369059986	norm	27
T	72	1	11	0.379310344828	raw	27
T	72	1	11	1.22867808545	norm	27
C	72	1	7	0.241379310345	raw	27
C	72	1	7	1.26447254404	norm	27
G	72	1	6	0.206896551724	raw	27
G	72	1	6	1.08553589979	norm	27
A	72	1	5	0.172413793103	raw	27
A	72	1	5	0.556535068254	norm	27
T	73	1	13	0.448275862069	raw	27
T	73	1	13	1.45207410098	norm	27
G	73	1	6	0.206896551724	raw	27
G	73	1	6	1.08553589979	norm	27
A	73	1	5	0.172413793103	raw	27
A	73	1	5	0.556535068254	norm	27
C	73	1	5	0.172413793103	raw	27
C	73	1	5	0.903194674315	norm	27
A	74	1	11	0.379310344828	raw	27
A	74	1	11	1.22437715016	norm	27
T	74	1	11	0.379310344828	raw	27
T	74	1	11	1.22867808545	norm	27
C	74	1	4	0.137931034483	raw	27
C	74	1	4	0.722555739452	norm	27
G	74	1	3	0.103448275862	raw	27
G	74	1	3	0.542767949895	norm	27
T	75	1	11	0.379310344828	raw	27
T	75	1	11	1.22867808545	norm	27
A	75	1	9	0.310344827586	raw	27
A	75	1	9	1.00176312286	norm	27
G	75	1	5	0.172413793103	raw	27
G	75	1	5	0.904613249825	norm	27
C	75	1	4	0.137931034483	raw	27
C	75	1	4	0.722555739452	norm	27
A	76	1	15	0.51724137931	raw	27
A	76	1	15	1.66960520476	norm	27
G	76	1	8	0.275862068966	raw	27
G	76	1	8	1.44738119972	norm	27
C	76	1	3	0.103448275862	raw	27
C	76	1	3	0.541916804589	norm	27
T	76	1	3	0.103448275862	raw	27
T	76	1	3	0.335094023304	norm	27
T	77	1	10	0.344827586207	raw	27
T	77	1	10	1.11698007768	norm	27
G	77	1	9	0.310344827586	raw	27
G	77	1	9	1.62830384969	norm	27
A	77	1	6	0.206896551724	raw	27
A	77	1	6	0.667842081904	norm	27
C	77	1	4	0.137931034483	raw	27
C	77	1	4	0.722555739452	norm	27
A	78	1	12	0.413793103448	raw	27
A	78	1	12	1.33568416381	norm	27
T	78	1	10	0.344827586207	raw	27
T	78	1	10	1.11698007768	norm	27
G	78	1	4	0.137931034483	raw	27
G	78	1	4	0.72369059986	norm	27
C	78	1	3	0.103448275862	raw	27
C	78	1	3	0.541916804589	norm	27
A	79	1	10	0.344827586207	raw	27
A	79	1	10	1.11307013651	norm	27
T	79	1	10	0.344827586207	raw	27
T	79	1	10	1.11698007768	norm	27
G	79	1	6	0.206896551724	raw	27
G	79	1	6	1.08553589979	norm	27
C	79	1	3	0.103448275862	raw	27
C	79	1	3	0.541916804589	norm	27
T	80	1	10	0.344827586207	raw	27
T	80	1	10	1.11698007768	norm	27
G	80	1	9	0.310344827586	raw	27
G	80	1	9	1.62830384969	norm	27
A	80	1	6	0.206896551724	raw	27
A	80	1	6	0.667842081904	norm	27
C	80	1	4	0.137931034483	raw	27
C	80	1	4	0.722555739452	norm	27
G	81	1	9	0.310344827586	raw	27
G	81	1	9	1.62830384969	norm	27
T	81	1	8	0.275862068966	raw	27
T	81	1	8	0.893584062143	norm	27
A	81	1	6	0.206896551724	raw	27
A	81	1	6	0.667842081904	norm	27
C	81	1	6	0.206896551724	raw	27
C	81	1	6	1.08383360918	norm	27
A	82	1	12	0.413793103448	raw	27
A	82	1	12	1.33568416381	norm	27
T	82	1	12	0.413793103448	raw	27
T	82	1	12	1.34037609321	norm	27
G	82	1	5	0.172413793103	raw	27
G	82	1	5	0.904613249825	norm	27
A	83	1	11	0.379310344828	raw	27
A	83	1	11	1.22437715016	norm	27
T	83	1	9	0.310344827586	raw	27
T	83	1	9	1.00528206991	norm	27
C	83	1	5	0.172413793103	raw	27
C	83	1	5	0.903194674315	norm	27
G	83	1	4	0.137931034483	raw	27
G	83	1	4	0.72369059986	norm	27
T	84	1	11	0.379310344828	raw	27
T	84	1	11	1.22867808545	norm	27
C	84	1	8	0.275862068966	raw	27
C	84	1	8	1.4451114789	norm	27
A	84	1	6	0.206896551724	raw	27
A	84	1	6	0.667842081904	norm	27
G	84	1	4	0.137931034483	raw	27
G	84	1	4	0.72369059986	norm	27
T	85	1	12	0.413793103448	raw	27
T	85	1	12	1.34037609321	norm	27
A	85	1	8	0.275862068966	raw	27
A	85	1	8	0.890456109206	norm	27
C	85	1	5	0.172413793103	raw	27
C	85	1	5	0.903194674315	norm	27
G	85	1	4	0.137931034483	raw	27
G	85	1	4	0.72369059986	norm	27
T	86	1	9	0.310344827586	raw	27
T	86	1	9	1.00528206991	norm	27
A	86	1	8	0.275862068966	raw	27
A	86	1	8	0.890456109206	norm	27
C	86	1	7	0.241379310345	raw	27
C	86	1	7	1.26447254404	norm	27
G	86	1	5	0.172413793103	raw	27
G	86	1	5	0.904613249825	norm	27
A	87	1	11	0.379310344828	raw	27
A	87	1	11	1.22437715016	norm	27
T	87	1	10	0.344827586207	raw	27
T	87	1	10	1.11698007768	norm	27
G	87	1	5	0.172413793103	raw	27
G	87	1	5	0.904613249825	norm	27
C	87	1	3	0.103448275862	raw	27
C	87	1	3	0.541916804589	norm	27
T	88	1	16	0.551724137931	raw	27
T	88	1	16	1.78716812429	norm	27
G	88	1	5	0.172413793103	raw	27
G	88	1	5	0.904613249825	norm	27
A	88	1	4	0.137931034483	raw	27
A	88	1	4	0.445228054603	norm	27
C	88	1	4	0.137931034483	raw	27
C	88	1	4	0.722555739452	norm	27
A	89	1	10	0.344827586207	raw	27
A	89	1	10	1.11307013651	norm	27
C	89	1	9	0.310344827586	raw	27
C	89	1	9	1.62575041377	norm	27
T	89	1	7	0.241379310345	raw	27
T	89	1	7	0.781886054375	norm	27
G	89	1	3	0.103448275862	raw	27
G	89	1	3	0.542767949895	norm	27
T	90	1	9	0.310344827586	raw	27
T	90	1	9	1.00528206991	norm	27
G	90	1	8	0.275862068966	raw	27
G	90	1	8	1.44738119972	norm	27
A	90	1	6	0.206896551724	raw	27
A	90	1	6	0.667842081904	norm	27
C	90	1	6	0.206896551724	raw	27
C	90	1	6	1.08383360918	norm	27
A	91	1	12	0.413793103448	raw	27
A	91	1	12	1.33568416381	norm	27
T	91	1	10	0.344827586207	raw	27
T	91	1	10	1.11698007768	norm	27
G	91	1	4	0.137931034483	raw	27
G	91	1	4	0.72369059986	norm	27
C	91	1	3	0.103448275862	raw	27
C	91	1	3	0.541916804589	norm	27
T	92	1	12	0.413793103448	raw	27
T	92	1	12	1.34037609321	norm	27
A	92	1	9	0.310344827586	raw	27
A	92	1	9	1.00176312286	norm	27
G	92	1	5	0.172413793103	raw	27
G	92	1	5	0.904613249825	norm	27
C	92	1	3	0.103448275862	raw	27
C	92	1	3	0.541916804589	norm	27
T	93	1	13	0.448275862069	raw	27
T	93	1	13	1.45207410098	norm	27
A	93	1	9	0.310344827586	raw	27
A	93	1	9	1.00176312286	norm	27
C	93	1	4	0.137931034483	raw	27
C	93	1	4	0.722555739452	norm	27
G	93	1	3	0.103448275862	raw	27
G	93	1	3	0.542767949895	norm	27
A	94	1	10	0.344827586207	raw	27
A	94	1	10	1.11307013651	norm	27
T	94	1	8	0.275862068966	raw	27
T	94	1	8	0.893584062143	norm	27
G	94	1	6	0.206896551724	raw	27
G	94	1	6	1.08553589979	norm	27
C	94	1	5	0.172413793103	raw	27
C	94	1	5	0.903194674315	norm	27
A	95	1	9	0.310344827586	raw	27
A	95	1	9	1.00176312286	norm	27
G	95	1	9	0.310344827586	raw	27
G	95	1	9	1.62830384969	norm	27
T	95	1	7	0.241379310345	raw	27
T	95	1	7	0.781886054375	norm	27
C	95	1	4	0.137931034483	raw	27
C	95	1	4	0.722555739452	norm	27
T	96	1	12	0.413793103448	raw	27
T	96	1	12	1.34037609321	norm	27
A	96	1	9	0.310344827586	raw	27
A	96	1	9	1.00176312286	norm	27
G	96	1	5	0.172413793103	raw	27
G	96	1	5	0.904613249825	norm	27
C	96	1	3	0.103448275862	raw	27
C	96	1	3	0.541916804589	norm	27
G	97	1	10	0.344827586207	raw	27
G	97	1	10	1.80922649965	norm	27
A	97	1	8	0.275862068966	raw	27
A	97	1	8	0.890456109206	norm	27
T	97	1	8	0.275862068966	raw	27
T	97	1	8	0.893584062143	norm	27
C	97	1	3	0.103448275862	raw	27
C	97	1	3	0.541916804589	norm	27
A	98	1	9	0.310344827586	raw	27
A	98	1	9	1.00176312286	norm	27
C	98	1	7	0.241379310345	raw	27
C	98	1	7	1.26447254404	norm	27
G	98	1	7	0.241379310345	raw	27
G	98	1	7	1.26645854976	norm	27
T	98	1	6	0.206896551724	raw	27
T	98	1	6	0.670188046607	norm	27
T	99	1	14	0.48275862069	raw	27
T	99	1	14	1.56377210875	norm	27
A	99	1	8	0.275862068966	raw	27
A	99	1	8	0.890456109206	norm	27
G	99	1	4	0.137931034483	raw	27
G	99	1	4	0.72369059986	norm	27
C	99	1	3	0.103448275862	raw	27
C	99	1	3	0.541916804589	norm	27
A	100	1	11	0.379310344828	raw	27
A	100	1	11	1.22437715016	norm	27
G	100	1	9	0.310344827586	raw	27
G	100	1	9	1.62830384969	norm	27
C	100	1	5	0.172413793103	raw	27
C	100	1	5	0.903194674315	norm	27
T	100	1	4	0.137931034483	raw	27
T	100	1	4	0.446792031072	norm	27
