#nuc	offset	region.size	count	freq	norm.freq	total.sites
T	-100	1	87	0.388392857143	raw	214
T	-100	1	87	1.25809854285	norm	214
A	-100	1	82	0.366071428571	raw	214
A	-100	1	82	1.18164320742	norm	214
C	-100	1	35	0.15625	raw	214
C	-100	1	35	0.818520173598	norm	214
G	-100	1	20	0.0892857142857	raw	214
G	-100	1	20	0.468460432945	norm	214
T	-99	1	87	0.388392857143	raw	214
T	-99	1	87	1.25809854285	norm	214
A	-99	1	84	0.375	raw	214
A	-99	1	84	1.21046377345	norm	214
C	-99	1	31	0.138392857143	raw	214
C	-99	1	31	0.724975010901	norm	214
G	-99	1	22	0.0982142857143	raw	214
G	-99	1	22	0.51530647624	norm	214
A	-98	1	92	0.410714285714	raw	214
A	-98	1	92	1.32574603759	norm	214
T	-98	1	80	0.357142857143	raw	214
T	-98	1	80	1.15687222331	norm	214
G	-98	1	28	0.125	raw	214
G	-98	1	28	0.655844606123	norm	214
C	-98	1	24	0.107142857143	raw	214
C	-98	1	24	0.561270976181	norm	214
A	-97	1	93	0.415178571429	raw	214
A	-97	1	93	1.34015632061	norm	214
T	-97	1	83	0.370535714286	raw	214
T	-97	1	83	1.20025493168	norm	214
G	-97	1	25	0.111607142857	raw	214
G	-97	1	25	0.585575541181	norm	214
C	-97	1	23	0.102678571429	raw	214
C	-97	1	23	0.537884685507	norm	214
T	-96	1	91	0.40625	raw	214
T	-96	1	91	1.31594215402	norm	214
A	-96	1	83	0.370535714286	raw	214
A	-96	1	83	1.19605349043	norm	214
G	-96	1	27	0.120535714286	raw	214
G	-96	1	27	0.632421584476	norm	214
C	-96	1	23	0.102678571429	raw	214
C	-96	1	23	0.537884685507	norm	214
A	-95	1	90	0.401785714286	raw	214
A	-95	1	90	1.29692547156	norm	214
T	-95	1	89	0.397321428571	raw	214
T	-95	1	89	1.28702034843	norm	214
C	-95	1	29	0.129464285714	raw	214
C	-95	1	29	0.678202429553	norm	214
G	-95	1	16	0.0714285714286	raw	214
G	-95	1	16	0.374768346356	norm	214
T	-94	1	89	0.397321428571	raw	214
T	-94	1	89	1.28702034843	norm	214
A	-94	1	88	0.392857142857	raw	214
A	-94	1	88	1.26810490552	norm	214
G	-94	1	26	0.116071428571	raw	214
G	-94	1	26	0.608998562829	norm	214
C	-94	1	21	0.09375	raw	214
C	-94	1	21	0.491112104159	norm	214
A	-93	1	93	0.415178571429	raw	214
A	-93	1	93	1.34015632061	norm	214
T	-93	1	83	0.370535714286	raw	214
T	-93	1	83	1.20025493168	norm	214
C	-93	1	24	0.107142857143	raw	214
C	-93	1	24	0.561270976181	norm	214
G	-93	1	24	0.107142857143	raw	214
G	-93	1	24	0.562152519534	norm	214
A	-92	1	89	0.397321428571	raw	214
A	-92	1	89	1.28251518854	norm	214
T	-92	1	86	0.383928571429	raw	214
T	-92	1	86	1.24363764006	norm	214
C	-92	1	30	0.133928571429	raw	214
C	-92	1	30	0.701588720227	norm	214
G	-92	1	19	0.0848214285714	raw	214
G	-92	1	19	0.445037411298	norm	214
T	-91	1	100	0.446428571429	raw	214
T	-91	1	100	1.44609027914	norm	214
A	-91	1	82	0.366071428571	raw	214
A	-91	1	82	1.18164320742	norm	214
G	-91	1	25	0.111607142857	raw	214
G	-91	1	25	0.585575541181	norm	214
C	-91	1	17	0.0758928571429	raw	214
C	-91	1	17	0.397566941462	norm	214
A	-90	1	94	0.419642857143	raw	214
A	-90	1	94	1.35456660362	norm	214
T	-90	1	73	0.325892857143	raw	214
T	-90	1	73	1.05564590377	norm	214
C	-90	1	31	0.138392857143	raw	214
C	-90	1	31	0.724975010901	norm	214
G	-90	1	26	0.116071428571	raw	214
G	-90	1	26	0.608998562829	norm	214
T	-89	1	86	0.383928571429	raw	214
T	-89	1	86	1.24363764006	norm	214
A	-89	1	83	0.370535714286	raw	214
A	-89	1	83	1.19605349043	norm	214
G	-89	1	30	0.133928571429	raw	214
G	-89	1	30	0.702690649418	norm	214
C	-89	1	25	0.111607142857	raw	214
C	-89	1	25	0.584657266856	norm	214
T	-88	1	96	0.428571428571	raw	214
T	-88	1	96	1.38824666797	norm	214
A	-88	1	71	0.316964285714	raw	214
A	-88	1	71	1.02313009423	norm	214
G	-88	1	29	0.129464285714	raw	214
G	-88	1	29	0.67926762777	norm	214
C	-88	1	28	0.125	raw	214
C	-88	1	28	0.654816138878	norm	214
A	-87	1	86	0.383928571429	raw	214
A	-87	1	86	1.23928433949	norm	214
T	-87	1	76	0.339285714286	raw	214
T	-87	1	76	1.09902861214	norm	214
C	-87	1	32	0.142857142857	raw	214
C	-87	1	32	0.748361301575	norm	214
G	-87	1	30	0.133928571429	raw	214
G	-87	1	30	0.702690649418	norm	214
T	-86	1	92	0.410714285714	raw	214
T	-86	1	92	1.33040305681	norm	214
A	-86	1	80	0.357142857143	raw	214
A	-86	1	80	1.15282264138	norm	214
C	-86	1	27	0.120535714286	raw	214
C	-86	1	27	0.631429848204	norm	214
G	-86	1	25	0.111607142857	raw	214
G	-86	1	25	0.585575541181	norm	214
A	-85	1	91	0.40625	raw	214
A	-85	1	91	1.31133575457	norm	214
T	-85	1	81	0.361607142857	raw	214
T	-85	1	81	1.1713331261	norm	214
C	-85	1	32	0.142857142857	raw	214
C	-85	1	32	0.748361301575	norm	214
G	-85	1	20	0.0892857142857	raw	214
G	-85	1	20	0.468460432945	norm	214
T	-84	1	100	0.446428571429	raw	214
T	-84	1	100	1.44609027914	norm	214
A	-84	1	75	0.334821428571	raw	214
A	-84	1	75	1.0807712263	norm	214
G	-84	1	25	0.111607142857	raw	214
G	-84	1	25	0.585575541181	norm	214
C	-84	1	24	0.107142857143	raw	214
C	-84	1	24	0.561270976181	norm	214
T	-83	1	90	0.401785714286	raw	214
T	-83	1	90	1.30148125122	norm	214
A	-83	1	80	0.357142857143	raw	214
A	-83	1	80	1.15282264138	norm	214
C	-83	1	33	0.147321428571	raw	214
C	-83	1	33	0.771747592249	norm	214
G	-83	1	21	0.09375	raw	214
G	-83	1	21	0.491883454592	norm	214
T	-82	1	96	0.428571428571	raw	214
T	-82	1	96	1.38824666797	norm	214
A	-82	1	81	0.361607142857	raw	214
A	-82	1	81	1.1672329244	norm	214
C	-82	1	31	0.138392857143	raw	214
C	-82	1	31	0.724975010901	norm	214
G	-82	1	16	0.0714285714286	raw	214
G	-82	1	16	0.374768346356	norm	214
T	-81	1	89	0.397321428571	raw	214
T	-81	1	89	1.28702034843	norm	214
A	-81	1	78	0.348214285714	raw	214
A	-81	1	78	1.12400207535	norm	214
C	-81	1	31	0.138392857143	raw	214
C	-81	1	31	0.724975010901	norm	214
G	-81	1	26	0.116071428571	raw	214
G	-81	1	26	0.608998562829	norm	214
T	-80	1	93	0.415178571429	raw	214
T	-80	1	93	1.3448639596	norm	214
A	-80	1	87	0.388392857143	raw	214
A	-80	1	87	1.2536946225	norm	214
G	-80	1	24	0.107142857143	raw	214
G	-80	1	24	0.562152519534	norm	214
C	-80	1	20	0.0892857142857	raw	214
C	-80	1	20	0.467725813485	norm	214
T	-79	1	94	0.419642857143	raw	214
T	-79	1	94	1.35932486239	norm	214
A	-79	1	85	0.379464285714	raw	214
A	-79	1	85	1.22487405647	norm	214
C	-79	1	25	0.111607142857	raw	214
C	-79	1	25	0.584657266856	norm	214
G	-79	1	20	0.0892857142857	raw	214
G	-79	1	20	0.468460432945	norm	214
T	-78	1	104	0.464285714286	raw	214
T	-78	1	104	1.5039338903	norm	214
A	-78	1	76	0.339285714286	raw	214
A	-78	1	76	1.09518150931	norm	214
C	-78	1	27	0.120535714286	raw	214
C	-78	1	27	0.631429848204	norm	214
G	-78	1	17	0.0758928571429	raw	214
G	-78	1	17	0.398191368003	norm	214
T	-77	1	91	0.40625	raw	214
T	-77	1	91	1.31594215402	norm	214
A	-77	1	89	0.397321428571	raw	214
A	-77	1	89	1.28251518854	norm	214
C	-77	1	26	0.116071428571	raw	214
C	-77	1	26	0.60804355753	norm	214
G	-77	1	18	0.0803571428571	raw	214
G	-77	1	18	0.421614389651	norm	214
A	-76	1	88	0.392857142857	raw	214
A	-76	1	88	1.26810490552	norm	214
T	-76	1	87	0.388392857143	raw	214
T	-76	1	87	1.25809854285	norm	214
G	-76	1	25	0.111607142857	raw	214
G	-76	1	25	0.585575541181	norm	214
C	-76	1	24	0.107142857143	raw	214
C	-76	1	24	0.561270976181	norm	214
T	-75	1	96	0.428571428571	raw	214
T	-75	1	96	1.38824666797	norm	214
A	-75	1	81	0.361607142857	raw	214
A	-75	1	81	1.1672329244	norm	214
C	-75	1	29	0.129464285714	raw	214
C	-75	1	29	0.678202429553	norm	214
G	-75	1	18	0.0803571428571	raw	214
G	-75	1	18	0.421614389651	norm	214
A	-74	1	96	0.428571428571	raw	214
A	-74	1	96	1.38338716966	norm	214
T	-74	1	93	0.415178571429	raw	214
T	-74	1	93	1.3448639596	norm	214
C	-74	1	21	0.09375	raw	214
C	-74	1	21	0.491112104159	norm	214
G	-74	1	14	0.0625	raw	214
G	-74	1	14	0.327922303062	norm	214
T	-73	1	88	0.392857142857	raw	214
T	-73	1	88	1.27255944564	norm	214
A	-73	1	81	0.361607142857	raw	214
A	-73	1	81	1.1672329244	norm	214
C	-73	1	28	0.125	raw	214
C	-73	1	28	0.654816138878	norm	214
G	-73	1	27	0.120535714286	raw	214
G	-73	1	27	0.632421584476	norm	214
T	-72	1	105	0.46875	raw	214
T	-72	1	105	1.51839479309	norm	214
A	-72	1	71	0.316964285714	raw	214
A	-72	1	71	1.02313009423	norm	214
C	-72	1	25	0.111607142857	raw	214
C	-72	1	25	0.584657266856	norm	214
G	-72	1	23	0.102678571429	raw	214
G	-72	1	23	0.538729497887	norm	214
T	-71	1	84	0.375	raw	214
T	-71	1	84	1.21471583448	norm	214
A	-71	1	83	0.370535714286	raw	214
A	-71	1	83	1.19605349043	norm	214
G	-71	1	36	0.160714285714	raw	214
G	-71	1	36	0.843228779301	norm	214
C	-71	1	21	0.09375	raw	214
C	-71	1	21	0.491112104159	norm	214
A	-70	1	89	0.397321428571	raw	214
A	-70	1	89	1.28251518854	norm	214
T	-70	1	83	0.370535714286	raw	214
T	-70	1	83	1.20025493168	norm	214
G	-70	1	32	0.142857142857	raw	214
G	-70	1	32	0.749536692712	norm	214
C	-70	1	20	0.0892857142857	raw	214
C	-70	1	20	0.467725813485	norm	214
T	-69	1	92	0.410714285714	raw	214
T	-69	1	92	1.33040305681	norm	214
A	-69	1	76	0.339285714286	raw	214
A	-69	1	76	1.09518150931	norm	214
C	-69	1	30	0.133928571429	raw	214
C	-69	1	30	0.701588720227	norm	214
G	-69	1	26	0.116071428571	raw	214
G	-69	1	26	0.608998562829	norm	214
A	-68	1	85	0.379464285714	raw	214
A	-68	1	85	1.22487405647	norm	214
T	-68	1	84	0.375	raw	214
T	-68	1	84	1.21471583448	norm	214
C	-68	1	31	0.138392857143	raw	214
C	-68	1	31	0.724975010901	norm	214
G	-68	1	24	0.107142857143	raw	214
G	-68	1	24	0.562152519534	norm	214
T	-67	1	93	0.415178571429	raw	214
T	-67	1	93	1.3448639596	norm	214
A	-67	1	92	0.410714285714	raw	214
A	-67	1	92	1.32574603759	norm	214
G	-67	1	20	0.0892857142857	raw	214
G	-67	1	20	0.468460432945	norm	214
C	-67	1	19	0.0848214285714	raw	214
C	-67	1	19	0.44433952281	norm	214
A	-66	1	85	0.379464285714	raw	214
A	-66	1	85	1.22487405647	norm	214
T	-66	1	82	0.366071428571	raw	214
T	-66	1	82	1.18579402889	norm	214
G	-66	1	35	0.15625	raw	214
G	-66	1	35	0.819805757654	norm	214
C	-66	1	22	0.0982142857143	raw	214
C	-66	1	22	0.514498394833	norm	214
A	-65	1	93	0.415178571429	raw	214
A	-65	1	93	1.34015632061	norm	214
T	-65	1	84	0.375	raw	214
T	-65	1	84	1.21471583448	norm	214
G	-65	1	27	0.120535714286	raw	214
G	-65	1	27	0.632421584476	norm	214
C	-65	1	20	0.0892857142857	raw	214
C	-65	1	20	0.467725813485	norm	214
T	-64	1	92	0.410714285714	raw	214
T	-64	1	92	1.33040305681	norm	214
A	-64	1	88	0.392857142857	raw	214
A	-64	1	88	1.26810490552	norm	214
C	-64	1	26	0.116071428571	raw	214
C	-64	1	26	0.60804355753	norm	214
G	-64	1	18	0.0803571428571	raw	214
G	-64	1	18	0.421614389651	norm	214
A	-63	1	84	0.375	raw	214
A	-63	1	84	1.21046377345	norm	214
T	-63	1	82	0.366071428571	raw	214
T	-63	1	82	1.18579402889	norm	214
C	-63	1	29	0.129464285714	raw	214
C	-63	1	29	0.678202429553	norm	214
G	-63	1	29	0.129464285714	raw	214
G	-63	1	29	0.67926762777	norm	214
T	-62	1	88	0.392857142857	raw	214
T	-62	1	88	1.27255944564	norm	214
A	-62	1	85	0.379464285714	raw	214
A	-62	1	85	1.22487405647	norm	214
C	-62	1	32	0.142857142857	raw	214
C	-62	1	32	0.748361301575	norm	214
G	-62	1	19	0.0848214285714	raw	214
G	-62	1	19	0.445037411298	norm	214
T	-61	1	92	0.410714285714	raw	214
T	-61	1	92	1.33040305681	norm	214
A	-61	1	78	0.348214285714	raw	214
A	-61	1	78	1.12400207535	norm	214
G	-61	1	29	0.129464285714	raw	214
G	-61	1	29	0.67926762777	norm	214
C	-61	1	25	0.111607142857	raw	214
C	-61	1	25	0.584657266856	norm	214
T	-60	1	99	0.441964285714	raw	214
T	-60	1	99	1.43162937635	norm	214
A	-60	1	74	0.330357142857	raw	214
A	-60	1	74	1.06636094328	norm	214
G	-60	1	30	0.133928571429	raw	214
G	-60	1	30	0.702690649418	norm	214
C	-60	1	21	0.09375	raw	214
C	-60	1	21	0.491112104159	norm	214
T	-59	1	96	0.428571428571	raw	214
T	-59	1	96	1.38824666797	norm	214
A	-59	1	87	0.388392857143	raw	214
A	-59	1	87	1.2536946225	norm	214
G	-59	1	24	0.107142857143	raw	214
G	-59	1	24	0.562152519534	norm	214
C	-59	1	17	0.0758928571429	raw	214
C	-59	1	17	0.397566941462	norm	214
T	-58	1	91	0.40625	raw	214
T	-58	1	91	1.31594215402	norm	214
A	-58	1	85	0.379464285714	raw	214
A	-58	1	85	1.22487405647	norm	214
C	-58	1	24	0.107142857143	raw	214
C	-58	1	24	0.561270976181	norm	214
G	-58	1	24	0.107142857143	raw	214
G	-58	1	24	0.562152519534	norm	214
T	-57	1	96	0.428571428571	raw	214
T	-57	1	96	1.38824666797	norm	214
A	-57	1	81	0.361607142857	raw	214
A	-57	1	81	1.1672329244	norm	214
C	-57	1	29	0.129464285714	raw	214
C	-57	1	29	0.678202429553	norm	214
G	-57	1	18	0.0803571428571	raw	214
G	-57	1	18	0.421614389651	norm	214
T	-56	1	91	0.40625	raw	214
T	-56	1	91	1.31594215402	norm	214
A	-56	1	78	0.348214285714	raw	214
A	-56	1	78	1.12400207535	norm	214
C	-56	1	31	0.138392857143	raw	214
C	-56	1	31	0.724975010901	norm	214
G	-56	1	24	0.107142857143	raw	214
G	-56	1	24	0.562152519534	norm	214
T	-55	1	86	0.383928571429	raw	214
T	-55	1	86	1.24363764006	norm	214
A	-55	1	80	0.357142857143	raw	214
A	-55	1	80	1.15282264138	norm	214
C	-55	1	35	0.15625	raw	214
C	-55	1	35	0.818520173598	norm	214
G	-55	1	23	0.102678571429	raw	214
G	-55	1	23	0.538729497887	norm	214
T	-54	1	85	0.379464285714	raw	214
T	-54	1	85	1.22917673727	norm	214
A	-54	1	84	0.375	raw	214
A	-54	1	84	1.21046377345	norm	214
C	-54	1	31	0.138392857143	raw	214
C	-54	1	31	0.724975010901	norm	214
G	-54	1	24	0.107142857143	raw	214
G	-54	1	24	0.562152519534	norm	214
A	-53	1	91	0.40625	raw	214
A	-53	1	91	1.31133575457	norm	214
T	-53	1	85	0.379464285714	raw	214
T	-53	1	85	1.22917673727	norm	214
C	-53	1	28	0.125	raw	214
C	-53	1	28	0.654816138878	norm	214
G	-53	1	20	0.0892857142857	raw	214
G	-53	1	20	0.468460432945	norm	214
T	-52	1	83	0.370535714286	raw	214
T	-52	1	83	1.20025493168	norm	214
A	-52	1	82	0.366071428571	raw	214
A	-52	1	82	1.18164320742	norm	214
C	-52	1	32	0.142857142857	raw	214
C	-52	1	32	0.748361301575	norm	214
G	-52	1	27	0.120535714286	raw	214
G	-52	1	27	0.632421584476	norm	214
T	-51	1	95	0.424107142857	raw	214
T	-51	1	95	1.37378576518	norm	214
A	-51	1	87	0.388392857143	raw	214
A	-51	1	87	1.2536946225	norm	214
C	-51	1	23	0.102678571429	raw	214
C	-51	1	23	0.537884685507	norm	214
G	-51	1	19	0.0848214285714	raw	214
G	-51	1	19	0.445037411298	norm	214
T	-50	1	90	0.401785714286	raw	214
T	-50	1	90	1.30148125122	norm	214
A	-50	1	88	0.392857142857	raw	214
A	-50	1	88	1.26810490552	norm	214
G	-50	1	25	0.111607142857	raw	214
G	-50	1	25	0.585575541181	norm	214
C	-50	1	21	0.09375	raw	214
C	-50	1	21	0.491112104159	norm	214
T	-49	1	90	0.401785714286	raw	214
T	-49	1	90	1.30148125122	norm	214
A	-49	1	74	0.330357142857	raw	214
A	-49	1	74	1.06636094328	norm	214
C	-49	1	33	0.147321428571	raw	214
C	-49	1	33	0.771747592249	norm	214
G	-49	1	27	0.120535714286	raw	214
G	-49	1	27	0.632421584476	norm	214
T	-48	1	91	0.40625	raw	214
T	-48	1	91	1.31594215402	norm	214
A	-48	1	69	0.308035714286	raw	214
A	-48	1	69	0.994309528192	norm	214
C	-48	1	39	0.174107142857	raw	214
C	-48	1	39	0.912065336295	norm	214
G	-48	1	25	0.111607142857	raw	214
G	-48	1	25	0.585575541181	norm	214
A	-47	1	97	0.433035714286	raw	214
A	-47	1	97	1.39779745268	norm	214
T	-47	1	83	0.370535714286	raw	214
T	-47	1	83	1.20025493168	norm	214
C	-47	1	26	0.116071428571	raw	214
C	-47	1	26	0.60804355753	norm	214
G	-47	1	18	0.0803571428571	raw	214
G	-47	1	18	0.421614389651	norm	214
T	-46	1	93	0.415178571429	raw	214
T	-46	1	93	1.3448639596	norm	214
A	-46	1	78	0.348214285714	raw	214
A	-46	1	78	1.12400207535	norm	214
C	-46	1	36	0.160714285714	raw	214
C	-46	1	36	0.841906464272	norm	214
G	-46	1	17	0.0758928571429	raw	214
G	-46	1	17	0.398191368003	norm	214
A	-45	1	93	0.415178571429	raw	214
A	-45	1	93	1.34015632061	norm	214
T	-45	1	78	0.348214285714	raw	214
T	-45	1	78	1.12795041773	norm	214
C	-45	1	28	0.125	raw	214
C	-45	1	28	0.654816138878	norm	214
G	-45	1	25	0.111607142857	raw	214
G	-45	1	25	0.585575541181	norm	214
T	-44	1	100	0.446428571429	raw	214
T	-44	1	100	1.44609027914	norm	214
A	-44	1	72	0.321428571429	raw	214
A	-44	1	72	1.03754037724	norm	214
C	-44	1	28	0.125	raw	214
C	-44	1	28	0.654816138878	norm	214
G	-44	1	24	0.107142857143	raw	214
G	-44	1	24	0.562152519534	norm	214
A	-43	1	91	0.40625	raw	214
A	-43	1	91	1.31133575457	norm	214
T	-43	1	76	0.339285714286	raw	214
T	-43	1	76	1.09902861214	norm	214
G	-43	1	30	0.133928571429	raw	214
G	-43	1	30	0.702690649418	norm	214
C	-43	1	27	0.120535714286	raw	214
C	-43	1	27	0.631429848204	norm	214
T	-42	1	93	0.415178571429	raw	214
T	-42	1	93	1.3448639596	norm	214
A	-42	1	74	0.330357142857	raw	214
A	-42	1	74	1.06636094328	norm	214
C	-42	1	32	0.142857142857	raw	214
C	-42	1	32	0.748361301575	norm	214
G	-42	1	25	0.111607142857	raw	214
G	-42	1	25	0.585575541181	norm	214
T	-41	1	86	0.383928571429	raw	214
T	-41	1	86	1.24363764006	norm	214
A	-41	1	78	0.348214285714	raw	214
A	-41	1	78	1.12400207535	norm	214
C	-41	1	33	0.147321428571	raw	214
C	-41	1	33	0.771747592249	norm	214
G	-41	1	27	0.120535714286	raw	214
G	-41	1	27	0.632421584476	norm	214
A	-40	1	93	0.415178571429	raw	214
A	-40	1	93	1.34015632061	norm	214
T	-40	1	77	0.34375	raw	214
T	-40	1	77	1.11348951494	norm	214
C	-40	1	30	0.133928571429	raw	214
C	-40	1	30	0.701588720227	norm	214
G	-40	1	24	0.107142857143	raw	214
G	-40	1	24	0.562152519534	norm	214
A	-39	1	92	0.410714285714	raw	214
A	-39	1	92	1.32574603759	norm	214
T	-39	1	70	0.3125	raw	214
T	-39	1	70	1.0122631954	norm	214
G	-39	1	35	0.15625	raw	214
G	-39	1	35	0.819805757654	norm	214
C	-39	1	27	0.120535714286	raw	214
C	-39	1	27	0.631429848204	norm	214
A	-38	1	90	0.401785714286	raw	214
A	-38	1	90	1.29692547156	norm	214
T	-38	1	71	0.316964285714	raw	214
T	-38	1	71	1.02672409819	norm	214
G	-38	1	36	0.160714285714	raw	214
G	-38	1	36	0.843228779301	norm	214
C	-38	1	27	0.120535714286	raw	214
C	-38	1	27	0.631429848204	norm	214
T	-37	1	85	0.379464285714	raw	214
T	-37	1	85	1.22917673727	norm	214
A	-37	1	81	0.361607142857	raw	214
A	-37	1	81	1.1672329244	norm	214
C	-37	1	34	0.151785714286	raw	214
C	-37	1	34	0.795133882924	norm	214
G	-37	1	24	0.107142857143	raw	214
G	-37	1	24	0.562152519534	norm	214
A	-36	1	97	0.433035714286	raw	214
A	-36	1	97	1.39779745268	norm	214
T	-36	1	71	0.316964285714	raw	214
T	-36	1	71	1.02672409819	norm	214
G	-36	1	33	0.147321428571	raw	214
G	-36	1	33	0.772959714359	norm	214
C	-36	1	23	0.102678571429	raw	214
C	-36	1	23	0.537884685507	norm	214
T	-35	1	93	0.415178571429	raw	214
T	-35	1	93	1.3448639596	norm	214
A	-35	1	80	0.357142857143	raw	214
A	-35	1	80	1.15282264138	norm	214
C	-35	1	28	0.125	raw	214
C	-35	1	28	0.654816138878	norm	214
G	-35	1	23	0.102678571429	raw	214
G	-35	1	23	0.538729497887	norm	214
A	-34	1	87	0.388392857143	raw	214
A	-34	1	87	1.2536946225	norm	214
T	-34	1	75	0.334821428571	raw	214
T	-34	1	75	1.08456770935	norm	214
C	-34	1	36	0.160714285714	raw	214
C	-34	1	36	0.841906464272	norm	214
G	-34	1	26	0.116071428571	raw	214
G	-34	1	26	0.608998562829	norm	214
T	-33	1	91	0.40625	raw	214
T	-33	1	91	1.31594215402	norm	214
A	-33	1	63	0.28125	raw	214
A	-33	1	63	0.907847830089	norm	214
G	-33	1	37	0.165178571429	raw	214
G	-33	1	37	0.866651800948	norm	214
C	-33	1	33	0.147321428571	raw	214
C	-33	1	33	0.771747592249	norm	214
A	-32	1	85	0.379464285714	raw	214
A	-32	1	85	1.22487405647	norm	214
T	-32	1	77	0.34375	raw	214
T	-32	1	77	1.11348951494	norm	214
G	-32	1	33	0.147321428571	raw	214
G	-32	1	33	0.772959714359	norm	214
C	-32	1	29	0.129464285714	raw	214
C	-32	1	29	0.678202429553	norm	214
A	-31	1	100	0.446428571429	raw	214
A	-31	1	100	1.44102830173	norm	214
T	-31	1	63	0.28125	raw	214
T	-31	1	63	0.911036875857	norm	214
C	-31	1	31	0.138392857143	raw	214
C	-31	1	31	0.724975010901	norm	214
G	-31	1	30	0.133928571429	raw	214
G	-31	1	30	0.702690649418	norm	214
A	-30	1	88	0.392857142857	raw	214
A	-30	1	88	1.26810490552	norm	214
T	-30	1	85	0.379464285714	raw	214
T	-30	1	85	1.22917673727	norm	214
C	-30	1	26	0.116071428571	raw	214
C	-30	1	26	0.60804355753	norm	214
G	-30	1	25	0.111607142857	raw	214
G	-30	1	25	0.585575541181	norm	214
T	-29	1	98	0.4375	raw	214
T	-29	1	98	1.41716847356	norm	214
A	-29	1	80	0.357142857143	raw	214
A	-29	1	80	1.15282264138	norm	214
C	-29	1	26	0.116071428571	raw	214
C	-29	1	26	0.60804355753	norm	214
G	-29	1	20	0.0892857142857	raw	214
G	-29	1	20	0.468460432945	norm	214
T	-28	1	88	0.392857142857	raw	214
T	-28	1	88	1.27255944564	norm	214
A	-28	1	72	0.321428571429	raw	214
A	-28	1	72	1.03754037724	norm	214
C	-28	1	38	0.169642857143	raw	214
C	-28	1	38	0.888679045621	norm	214
G	-28	1	26	0.116071428571	raw	214
G	-28	1	26	0.608998562829	norm	214
A	-27	1	86	0.383928571429	raw	214
A	-27	1	86	1.23928433949	norm	214
T	-27	1	66	0.294642857143	raw	214
T	-27	1	66	0.954419584231	norm	214
C	-27	1	36	0.160714285714	raw	214
C	-27	1	36	0.841906464272	norm	214
G	-27	1	36	0.160714285714	raw	214
G	-27	1	36	0.843228779301	norm	214
T	-26	1	84	0.375	raw	214
T	-26	1	84	1.21471583448	norm	214
A	-26	1	78	0.348214285714	raw	214
A	-26	1	78	1.12400207535	norm	214
C	-26	1	32	0.142857142857	raw	214
C	-26	1	32	0.748361301575	norm	214
G	-26	1	30	0.133928571429	raw	214
G	-26	1	30	0.702690649418	norm	214
A	-25	1	93	0.415178571429	raw	214
A	-25	1	93	1.34015632061	norm	214
T	-25	1	88	0.392857142857	raw	214
T	-25	1	88	1.27255944564	norm	214
C	-25	1	22	0.0982142857143	raw	214
C	-25	1	22	0.514498394833	norm	214
G	-25	1	21	0.09375	raw	214
G	-25	1	21	0.491883454592	norm	214
T	-24	1	86	0.383928571429	raw	214
T	-24	1	86	1.24363764006	norm	214
A	-24	1	80	0.357142857143	raw	214
A	-24	1	80	1.15282264138	norm	214
C	-24	1	39	0.174107142857	raw	214
C	-24	1	39	0.912065336295	norm	214
G	-24	1	19	0.0848214285714	raw	214
G	-24	1	19	0.445037411298	norm	214
A	-23	1	89	0.397321428571	raw	214
A	-23	1	89	1.28251518854	norm	214
T	-23	1	85	0.379464285714	raw	214
T	-23	1	85	1.22917673727	norm	214
C	-23	1	29	0.129464285714	raw	214
C	-23	1	29	0.678202429553	norm	214
G	-23	1	21	0.09375	raw	214
G	-23	1	21	0.491883454592	norm	214
T	-22	1	85	0.379464285714	raw	214
T	-22	1	85	1.22917673727	norm	214
A	-22	1	75	0.334821428571	raw	214
A	-22	1	75	1.0807712263	norm	214
C	-22	1	37	0.165178571429	raw	214
C	-22	1	37	0.865292754946	norm	214
G	-22	1	27	0.120535714286	raw	214
G	-22	1	27	0.632421584476	norm	214
T	-21	1	95	0.424107142857	raw	214
T	-21	1	95	1.37378576518	norm	214
A	-21	1	79	0.352678571429	raw	214
A	-21	1	79	1.13841235837	norm	214
C	-21	1	29	0.129464285714	raw	214
C	-21	1	29	0.678202429553	norm	214
G	-21	1	21	0.09375	raw	214
G	-21	1	21	0.491883454592	norm	214
T	-20	1	89	0.397321428571	raw	214
T	-20	1	89	1.28702034843	norm	214
A	-20	1	73	0.325892857143	raw	214
A	-20	1	73	1.05195066026	norm	214
G	-20	1	40	0.178571428571	raw	214
G	-20	1	40	0.93692086589	norm	214
C	-20	1	22	0.0982142857143	raw	214
C	-20	1	22	0.514498394833	norm	214
T	-19	1	83	0.370535714286	raw	214
T	-19	1	83	1.20025493168	norm	214
A	-19	1	79	0.352678571429	raw	214
A	-19	1	79	1.13841235837	norm	214
G	-19	1	32	0.142857142857	raw	214
G	-19	1	32	0.749536692712	norm	214
C	-19	1	30	0.133928571429	raw	214
C	-19	1	30	0.701588720227	norm	214
T	-18	1	87	0.388392857143	raw	214
T	-18	1	87	1.25809854285	norm	214
A	-18	1	77	0.34375	raw	214
A	-18	1	77	1.10959179233	norm	214
C	-18	1	31	0.138392857143	raw	214
C	-18	1	31	0.724975010901	norm	214
G	-18	1	29	0.129464285714	raw	214
G	-18	1	29	0.67926762777	norm	214
A	-17	1	82	0.366071428571	raw	214
A	-17	1	82	1.18164320742	norm	214
T	-17	1	81	0.361607142857	raw	214
T	-17	1	81	1.1713331261	norm	214
C	-17	1	36	0.160714285714	raw	214
C	-17	1	36	0.841906464272	norm	214
G	-17	1	25	0.111607142857	raw	214
G	-17	1	25	0.585575541181	norm	214
A	-16	1	93	0.415178571429	raw	214
A	-16	1	93	1.34015632061	norm	214
T	-16	1	69	0.308035714286	raw	214
T	-16	1	69	0.997802292605	norm	214
C	-16	1	31	0.138392857143	raw	214
C	-16	1	31	0.724975010901	norm	214
G	-16	1	31	0.138392857143	raw	214
G	-16	1	31	0.726113671065	norm	214
T	-15	1	83	0.370535714286	raw	214
T	-15	1	83	1.20025493168	norm	214
A	-15	1	72	0.321428571429	raw	214
A	-15	1	72	1.03754037724	norm	214
C	-15	1	39	0.174107142857	raw	214
C	-15	1	39	0.912065336295	norm	214
G	-15	1	30	0.133928571429	raw	214
G	-15	1	30	0.702690649418	norm	214
A	-14	1	84	0.375	raw	214
A	-14	1	84	1.21046377345	norm	214
T	-14	1	81	0.361607142857	raw	214
T	-14	1	81	1.1713331261	norm	214
G	-14	1	30	0.133928571429	raw	214
G	-14	1	30	0.702690649418	norm	214
C	-14	1	29	0.129464285714	raw	214
C	-14	1	29	0.678202429553	norm	214
A	-13	1	95	0.424107142857	raw	214
A	-13	1	95	1.36897688664	norm	214
T	-13	1	70	0.3125	raw	214
T	-13	1	70	1.0122631954	norm	214
C	-13	1	33	0.147321428571	raw	214
C	-13	1	33	0.771747592249	norm	214
G	-13	1	26	0.116071428571	raw	214
G	-13	1	26	0.608998562829	norm	214
A	-12	1	83	0.370535714286	raw	214
A	-12	1	83	1.19605349043	norm	214
T	-12	1	74	0.330357142857	raw	214
T	-12	1	74	1.07010680656	norm	214
C	-12	1	40	0.178571428571	raw	214
C	-12	1	40	0.935451626969	norm	214
G	-12	1	27	0.120535714286	raw	214
G	-12	1	27	0.632421584476	norm	214
A	-11	1	77	0.34375	raw	214
A	-11	1	77	1.10959179233	norm	214
T	-11	1	75	0.334821428571	raw	214
T	-11	1	75	1.08456770935	norm	214
C	-11	1	36	0.160714285714	raw	214
C	-11	1	36	0.841906464272	norm	214
G	-11	1	36	0.160714285714	raw	214
G	-11	1	36	0.843228779301	norm	214
T	-10	1	86	0.383928571429	raw	214
T	-10	1	86	1.24363764006	norm	214
A	-10	1	83	0.370535714286	raw	214
A	-10	1	83	1.19605349043	norm	214
C	-10	1	28	0.125	raw	214
C	-10	1	28	0.654816138878	norm	214
G	-10	1	27	0.120535714286	raw	214
G	-10	1	27	0.632421584476	norm	214
A	-9	1	90	0.401785714286	raw	214
A	-9	1	90	1.29692547156	norm	214
T	-9	1	70	0.3125	raw	214
T	-9	1	70	1.0122631954	norm	214
G	-9	1	33	0.147321428571	raw	214
G	-9	1	33	0.772959714359	norm	214
C	-9	1	31	0.138392857143	raw	214
C	-9	1	31	0.724975010901	norm	214
T	-8	1	86	0.383928571429	raw	214
T	-8	1	86	1.24363764006	norm	214
A	-8	1	83	0.370535714286	raw	214
A	-8	1	83	1.19605349043	norm	214
C	-8	1	38	0.169642857143	raw	214
C	-8	1	38	0.888679045621	norm	214
G	-8	1	17	0.0758928571429	raw	214
G	-8	1	17	0.398191368003	norm	214
A	-7	1	84	0.375	raw	214
A	-7	1	84	1.21046377345	norm	214
T	-7	1	83	0.370535714286	raw	214
T	-7	1	83	1.20025493168	norm	214
C	-7	1	34	0.151785714286	raw	214
C	-7	1	34	0.795133882924	norm	214
G	-7	1	23	0.102678571429	raw	214
G	-7	1	23	0.538729497887	norm	214
T	-6	1	99	0.441964285714	raw	214
T	-6	1	99	1.43162937635	norm	214
A	-6	1	67	0.299107142857	raw	214
A	-6	1	67	0.965488962158	norm	214
C	-6	1	30	0.133928571429	raw	214
C	-6	1	30	0.701588720227	norm	214
G	-6	1	28	0.125	raw	214
G	-6	1	28	0.655844606123	norm	214
T	-5	1	81	0.361607142857	raw	214
T	-5	1	81	1.1713331261	norm	214
A	-5	1	73	0.325892857143	raw	214
A	-5	1	73	1.05195066026	norm	214
C	-5	1	45	0.200892857143	raw	214
C	-5	1	45	1.05238308034	norm	214
G	-5	1	25	0.111607142857	raw	214
G	-5	1	25	0.585575541181	norm	214
T	-4	1	89	0.397321428571	raw	214
T	-4	1	89	1.28702034843	norm	214
A	-4	1	78	0.348214285714	raw	214
A	-4	1	78	1.12400207535	norm	214
C	-4	1	30	0.133928571429	raw	214
C	-4	1	30	0.701588720227	norm	214
G	-4	1	27	0.120535714286	raw	214
G	-4	1	27	0.632421584476	norm	214
A	-3	1	80	0.357142857143	raw	214
A	-3	1	80	1.15282264138	norm	214
T	-3	1	72	0.321428571429	raw	214
T	-3	1	72	1.04118500098	norm	214
G	-3	1	37	0.165178571429	raw	214
G	-3	1	37	0.866651800948	norm	214
C	-3	1	35	0.15625	raw	214
C	-3	1	35	0.818520173598	norm	214
T	-2	1	106	0.473214285714	raw	214
T	-2	1	106	1.53285569589	norm	214
A	-2	1	66	0.294642857143	raw	214
A	-2	1	66	0.95107867914	norm	214
C	-2	1	29	0.129464285714	raw	214
C	-2	1	29	0.678202429553	norm	214
G	-2	1	23	0.102678571429	raw	214
G	-2	1	23	0.538729497887	norm	214
T	-1	1	89	0.397321428571	raw	214
T	-1	1	89	1.28702034843	norm	214
A	-1	1	58	0.258928571429	raw	214
A	-1	1	58	0.835796415002	norm	214
C	-1	1	45	0.200892857143	raw	214
C	-1	1	45	1.05238308034	norm	214
G	-1	1	32	0.142857142857	raw	214
G	-1	1	32	0.749536692712	norm	214
C	0	1	93	0.415178571429	raw	214
C	0	1	93	2.1749250327	norm	214
A	0	1	68	0.303571428571	raw	214
A	0	1	68	0.979899245175	norm	214
G	0	1	33	0.147321428571	raw	214
G	0	1	33	0.772959714359	norm	214
T	0	1	30	0.133928571429	raw	214
T	0	1	30	0.433827083741	norm	214
A	1	1	92	0.410714285714	raw	214
A	1	1	92	1.32574603759	norm	214
T	1	1	83	0.370535714286	raw	214
T	1	1	83	1.20025493168	norm	214
C	1	1	35	0.15625	raw	214
C	1	1	35	0.818520173598	norm	214
G	1	1	14	0.0625	raw	214
G	1	1	14	0.327922303062	norm	214
A	2	1	85	0.379464285714	raw	214
A	2	1	85	1.22487405647	norm	214
T	2	1	71	0.316964285714	raw	214
T	2	1	71	1.02672409819	norm	214
G	2	1	40	0.178571428571	raw	214
G	2	1	40	0.93692086589	norm	214
C	2	1	28	0.125	raw	214
C	2	1	28	0.654816138878	norm	214
T	3	1	97	0.433035714286	raw	214
T	3	1	97	1.40270757076	norm	214
A	3	1	54	0.241071428571	raw	214
A	3	1	54	0.778155282933	norm	214
G	3	1	41	0.183035714286	raw	214
G	3	1	41	0.960343887538	norm	214
C	3	1	32	0.142857142857	raw	214
C	3	1	32	0.748361301575	norm	214
T	4	1	80	0.357142857143	raw	214
T	4	1	80	1.15687222331	norm	214
A	4	1	71	0.316964285714	raw	214
A	4	1	71	1.02313009423	norm	214
G	4	1	40	0.178571428571	raw	214
G	4	1	40	0.93692086589	norm	214
C	4	1	33	0.147321428571	raw	214
C	4	1	33	0.771747592249	norm	214
T	5	1	81	0.361607142857	raw	214
T	5	1	81	1.1713331261	norm	214
A	5	1	74	0.330357142857	raw	214
A	5	1	74	1.06636094328	norm	214
G	5	1	36	0.160714285714	raw	214
G	5	1	36	0.843228779301	norm	214
C	5	1	33	0.147321428571	raw	214
C	5	1	33	0.771747592249	norm	214
T	6	1	72	0.321428571429	raw	214
T	6	1	72	1.04118500098	norm	214
A	6	1	67	0.299107142857	raw	214
A	6	1	67	0.965488962158	norm	214
G	6	1	45	0.200892857143	raw	214
G	6	1	45	1.05403597413	norm	214
C	6	1	40	0.178571428571	raw	214
C	6	1	40	0.935451626969	norm	214
T	7	1	70	0.3125	raw	214
T	7	1	70	1.0122631954	norm	214
A	7	1	69	0.308035714286	raw	214
A	7	1	69	0.994309528192	norm	214
G	7	1	44	0.196428571429	raw	214
G	7	1	44	1.03061295248	norm	214
C	7	1	41	0.183035714286	raw	214
C	7	1	41	0.958837917643	norm	214
T	8	1	89	0.397321428571	raw	214
T	8	1	89	1.28702034843	norm	214
A	8	1	67	0.299107142857	raw	214
A	8	1	67	0.965488962158	norm	214
G	8	1	37	0.165178571429	raw	214
G	8	1	37	0.866651800948	norm	214
C	8	1	31	0.138392857143	raw	214
C	8	1	31	0.724975010901	norm	214
T	9	1	75	0.334821428571	raw	214
T	9	1	75	1.08456770935	norm	214
A	9	1	68	0.303571428571	raw	214
A	9	1	68	0.979899245175	norm	214
C	9	1	43	0.191964285714	raw	214
C	9	1	43	1.00561049899	norm	214
G	9	1	38	0.169642857143	raw	214
G	9	1	38	0.890074822596	norm	214
T	10	1	77	0.34375	raw	214
T	10	1	77	1.11348951494	norm	214
A	10	1	72	0.321428571429	raw	214
A	10	1	72	1.03754037724	norm	214
G	10	1	38	0.169642857143	raw	214
G	10	1	38	0.890074822596	norm	214
C	10	1	37	0.165178571429	raw	214
C	10	1	37	0.865292754946	norm	214
T	11	1	83	0.370535714286	raw	214
T	11	1	83	1.20025493168	norm	214
A	11	1	70	0.3125	raw	214
A	11	1	70	1.00871981121	norm	214
C	11	1	39	0.174107142857	raw	214
C	11	1	39	0.912065336295	norm	214
G	11	1	32	0.142857142857	raw	214
G	11	1	32	0.749536692712	norm	214
T	12	1	82	0.366071428571	raw	214
T	12	1	82	1.18579402889	norm	214
A	12	1	67	0.299107142857	raw	214
A	12	1	67	0.965488962158	norm	214
G	12	1	38	0.169642857143	raw	214
G	12	1	38	0.890074822596	norm	214
C	12	1	37	0.165178571429	raw	214
C	12	1	37	0.865292754946	norm	214
T	13	1	88	0.392857142857	raw	214
T	13	1	88	1.27255944564	norm	214
A	13	1	63	0.28125	raw	214
A	13	1	63	0.907847830089	norm	214
C	13	1	44	0.196428571429	raw	214
C	13	1	44	1.02899678967	norm	214
G	13	1	29	0.129464285714	raw	214
G	13	1	29	0.67926762777	norm	214
A	14	1	77	0.34375	raw	214
A	14	1	77	1.10959179233	norm	214
T	14	1	72	0.321428571429	raw	214
T	14	1	72	1.04118500098	norm	214
C	14	1	43	0.191964285714	raw	214
C	14	1	43	1.00561049899	norm	214
G	14	1	32	0.142857142857	raw	214
G	14	1	32	0.749536692712	norm	214
T	15	1	77	0.34375	raw	214
T	15	1	77	1.11348951494	norm	214
A	15	1	73	0.325892857143	raw	214
A	15	1	73	1.05195066026	norm	214
C	15	1	41	0.183035714286	raw	214
C	15	1	41	0.958837917643	norm	214
G	15	1	33	0.147321428571	raw	214
G	15	1	33	0.772959714359	norm	214
T	16	1	88	0.392857142857	raw	214
T	16	1	88	1.27255944564	norm	214
A	16	1	60	0.267857142857	raw	214
A	16	1	60	0.864616981037	norm	214
G	16	1	41	0.183035714286	raw	214
G	16	1	41	0.960343887538	norm	214
C	16	1	35	0.15625	raw	214
C	16	1	35	0.818520173598	norm	214
T	17	1	78	0.348214285714	raw	214
T	17	1	78	1.12795041773	norm	214
A	17	1	57	0.254464285714	raw	214
A	17	1	57	0.821386131985	norm	214
G	17	1	45	0.200892857143	raw	214
G	17	1	45	1.05403597413	norm	214
C	17	1	44	0.196428571429	raw	214
C	17	1	44	1.02899678967	norm	214
A	18	1	71	0.316964285714	raw	214
A	18	1	71	1.02313009423	norm	214
T	18	1	68	0.303571428571	raw	214
T	18	1	68	0.983341389814	norm	214
C	18	1	50	0.223214285714	raw	214
C	18	1	50	1.16931453371	norm	214
G	18	1	35	0.15625	raw	214
G	18	1	35	0.819805757654	norm	214
A	19	1	80	0.357142857143	raw	214
A	19	1	80	1.15282264138	norm	214
T	19	1	77	0.34375	raw	214
T	19	1	77	1.11348951494	norm	214
C	19	1	41	0.183035714286	raw	214
C	19	1	41	0.958837917643	norm	214
G	19	1	26	0.116071428571	raw	214
G	19	1	26	0.608998562829	norm	214
A	20	1	68	0.303571428571	raw	214
A	20	1	68	0.979899245175	norm	214
T	20	1	64	0.285714285714	raw	214
T	20	1	64	0.925497778648	norm	214
C	20	1	46	0.205357142857	raw	214
C	20	1	46	1.07576937101	norm	214
G	20	1	46	0.205357142857	raw	214
G	20	1	46	1.07745899577	norm	214
T	21	1	79	0.352678571429	raw	214
T	21	1	79	1.14241132052	norm	214
A	21	1	70	0.3125	raw	214
A	21	1	70	1.00871981121	norm	214
G	21	1	38	0.169642857143	raw	214
G	21	1	38	0.890074822596	norm	214
C	21	1	37	0.165178571429	raw	214
C	21	1	37	0.865292754946	norm	214
A	22	1	77	0.34375	raw	214
A	22	1	77	1.10959179233	norm	214
T	22	1	76	0.339285714286	raw	214
T	22	1	76	1.09902861214	norm	214
C	22	1	36	0.160714285714	raw	214
C	22	1	36	0.841906464272	norm	214
G	22	1	35	0.15625	raw	214
G	22	1	35	0.819805757654	norm	214
T	23	1	92	0.410714285714	raw	214
T	23	1	92	1.33040305681	norm	214
A	23	1	68	0.303571428571	raw	214
A	23	1	68	0.979899245175	norm	214
C	23	1	35	0.15625	raw	214
C	23	1	35	0.818520173598	norm	214
G	23	1	29	0.129464285714	raw	214
G	23	1	29	0.67926762777	norm	214
T	24	1	78	0.348214285714	raw	214
T	24	1	78	1.12795041773	norm	214
A	24	1	69	0.308035714286	raw	214
A	24	1	69	0.994309528192	norm	214
C	24	1	44	0.196428571429	raw	214
C	24	1	44	1.02899678967	norm	214
G	24	1	33	0.147321428571	raw	214
G	24	1	33	0.772959714359	norm	214
T	25	1	79	0.352678571429	raw	214
T	25	1	79	1.14241132052	norm	214
A	25	1	76	0.339285714286	raw	214
A	25	1	76	1.09518150931	norm	214
C	25	1	38	0.169642857143	raw	214
C	25	1	38	0.888679045621	norm	214
G	25	1	31	0.138392857143	raw	214
G	25	1	31	0.726113671065	norm	214
T	26	1	86	0.383928571429	raw	214
T	26	1	86	1.24363764006	norm	214
A	26	1	61	0.272321428571	raw	214
A	26	1	61	0.879027264054	norm	214
C	26	1	42	0.1875	raw	214
C	26	1	42	0.982224208318	norm	214
G	26	1	35	0.15625	raw	214
G	26	1	35	0.819805757654	norm	214
T	27	1	78	0.348214285714	raw	214
T	27	1	78	1.12795041773	norm	214
A	27	1	69	0.308035714286	raw	214
A	27	1	69	0.994309528192	norm	214
G	27	1	46	0.205357142857	raw	214
G	27	1	46	1.07745899577	norm	214
C	27	1	31	0.138392857143	raw	214
C	27	1	31	0.724975010901	norm	214
T	28	1	80	0.357142857143	raw	214
T	28	1	80	1.15687222331	norm	214
A	28	1	75	0.334821428571	raw	214
A	28	1	75	1.0807712263	norm	214
G	28	1	36	0.160714285714	raw	214
G	28	1	36	0.843228779301	norm	214
C	28	1	33	0.147321428571	raw	214
C	28	1	33	0.771747592249	norm	214
T	29	1	95	0.424107142857	raw	214
T	29	1	95	1.37378576518	norm	214
A	29	1	65	0.290178571429	raw	214
A	29	1	65	0.936668396123	norm	214
C	29	1	34	0.151785714286	raw	214
C	29	1	34	0.795133882924	norm	214
G	29	1	30	0.133928571429	raw	214
G	29	1	30	0.702690649418	norm	214
T	30	1	82	0.366071428571	raw	214
T	30	1	82	1.18579402889	norm	214
A	30	1	73	0.325892857143	raw	214
A	30	1	73	1.05195066026	norm	214
G	30	1	39	0.174107142857	raw	214
G	30	1	39	0.913497844243	norm	214
C	30	1	30	0.133928571429	raw	214
C	30	1	30	0.701588720227	norm	214
T	31	1	90	0.401785714286	raw	214
T	31	1	90	1.30148125122	norm	214
A	31	1	73	0.325892857143	raw	214
A	31	1	73	1.05195066026	norm	214
C	31	1	31	0.138392857143	raw	214
C	31	1	31	0.724975010901	norm	214
G	31	1	30	0.133928571429	raw	214
G	31	1	30	0.702690649418	norm	214
A	32	1	75	0.334821428571	raw	214
A	32	1	75	1.0807712263	norm	214
T	32	1	74	0.330357142857	raw	214
T	32	1	74	1.07010680656	norm	214
C	32	1	46	0.205357142857	raw	214
C	32	1	46	1.07576937101	norm	214
G	32	1	29	0.129464285714	raw	214
G	32	1	29	0.67926762777	norm	214
T	33	1	89	0.397321428571	raw	214
T	33	1	89	1.28702034843	norm	214
A	33	1	65	0.290178571429	raw	214
A	33	1	65	0.936668396123	norm	214
G	33	1	36	0.160714285714	raw	214
G	33	1	36	0.843228779301	norm	214
C	33	1	34	0.151785714286	raw	214
C	33	1	34	0.795133882924	norm	214
A	34	1	88	0.392857142857	raw	214
A	34	1	88	1.26810490552	norm	214
T	34	1	82	0.366071428571	raw	214
T	34	1	82	1.18579402889	norm	214
C	34	1	28	0.125	raw	214
C	34	1	28	0.654816138878	norm	214
G	34	1	26	0.116071428571	raw	214
G	34	1	26	0.608998562829	norm	214
T	35	1	85	0.379464285714	raw	214
T	35	1	85	1.22917673727	norm	214
A	35	1	75	0.334821428571	raw	214
A	35	1	75	1.0807712263	norm	214
G	35	1	33	0.147321428571	raw	214
G	35	1	33	0.772959714359	norm	214
C	35	1	31	0.138392857143	raw	214
C	35	1	31	0.724975010901	norm	214
T	36	1	99	0.441964285714	raw	214
T	36	1	99	1.43162937635	norm	214
A	36	1	62	0.276785714286	raw	214
A	36	1	62	0.893437547071	norm	214
G	36	1	35	0.15625	raw	214
G	36	1	35	0.819805757654	norm	214
C	36	1	28	0.125	raw	214
C	36	1	28	0.654816138878	norm	214
T	37	1	93	0.415178571429	raw	214
T	37	1	93	1.3448639596	norm	214
A	37	1	88	0.392857142857	raw	214
A	37	1	88	1.26810490552	norm	214
C	37	1	23	0.102678571429	raw	214
C	37	1	23	0.537884685507	norm	214
G	37	1	20	0.0892857142857	raw	214
G	37	1	20	0.468460432945	norm	214
T	38	1	88	0.392857142857	raw	214
T	38	1	88	1.27255944564	norm	214
A	38	1	83	0.370535714286	raw	214
A	38	1	83	1.19605349043	norm	214
G	38	1	27	0.120535714286	raw	214
G	38	1	27	0.632421584476	norm	214
C	38	1	26	0.116071428571	raw	214
C	38	1	26	0.60804355753	norm	214
T	39	1	96	0.428571428571	raw	214
T	39	1	96	1.38824666797	norm	214
A	39	1	74	0.330357142857	raw	214
A	39	1	74	1.06636094328	norm	214
C	39	1	32	0.142857142857	raw	214
C	39	1	32	0.748361301575	norm	214
G	39	1	22	0.0982142857143	raw	214
G	39	1	22	0.51530647624	norm	214
T	40	1	107	0.477678571429	raw	214
T	40	1	107	1.54731659868	norm	214
A	40	1	71	0.316964285714	raw	214
A	40	1	71	1.02313009423	norm	214
G	40	1	28	0.125	raw	214
G	40	1	28	0.655844606123	norm	214
C	40	1	18	0.0803571428571	raw	214
C	40	1	18	0.420953232136	norm	214
T	41	1	86	0.383928571429	raw	214
T	41	1	86	1.24363764006	norm	214
A	41	1	83	0.370535714286	raw	214
A	41	1	83	1.19605349043	norm	214
G	41	1	33	0.147321428571	raw	214
G	41	1	33	0.772959714359	norm	214
C	41	1	22	0.0982142857143	raw	214
C	41	1	22	0.514498394833	norm	214
A	42	1	90	0.401785714286	raw	214
A	42	1	90	1.29692547156	norm	214
T	42	1	79	0.352678571429	raw	214
T	42	1	79	1.14241132052	norm	214
C	42	1	29	0.129464285714	raw	214
C	42	1	29	0.678202429553	norm	214
G	42	1	26	0.116071428571	raw	214
G	42	1	26	0.608998562829	norm	214
A	43	1	88	0.392857142857	raw	214
A	43	1	88	1.26810490552	norm	214
T	43	1	82	0.366071428571	raw	214
T	43	1	82	1.18579402889	norm	214
C	43	1	27	0.120535714286	raw	214
C	43	1	27	0.631429848204	norm	214
G	43	1	27	0.120535714286	raw	214
G	43	1	27	0.632421584476	norm	214
T	44	1	100	0.446428571429	raw	214
T	44	1	100	1.44609027914	norm	214
A	44	1	75	0.334821428571	raw	214
A	44	1	75	1.0807712263	norm	214
C	44	1	28	0.125	raw	214
C	44	1	28	0.654816138878	norm	214
G	44	1	21	0.09375	raw	214
G	44	1	21	0.491883454592	norm	214
A	45	1	89	0.397321428571	raw	214
A	45	1	89	1.28251518854	norm	214
T	45	1	81	0.361607142857	raw	214
T	45	1	81	1.1713331261	norm	214
G	45	1	29	0.129464285714	raw	214
G	45	1	29	0.67926762777	norm	214
C	45	1	25	0.111607142857	raw	214
C	45	1	25	0.584657266856	norm	214
T	46	1	100	0.446428571429	raw	214
T	46	1	100	1.44609027914	norm	214
A	46	1	74	0.330357142857	raw	214
A	46	1	74	1.06636094328	norm	214
C	46	1	26	0.116071428571	raw	214
C	46	1	26	0.60804355753	norm	214
G	46	1	24	0.107142857143	raw	214
G	46	1	24	0.562152519534	norm	214
T	47	1	96	0.428571428571	raw	214
T	47	1	96	1.38824666797	norm	214
A	47	1	73	0.325892857143	raw	214
A	47	1	73	1.05195066026	norm	214
C	47	1	30	0.133928571429	raw	214
C	47	1	30	0.701588720227	norm	214
G	47	1	25	0.111607142857	raw	214
G	47	1	25	0.585575541181	norm	214
T	48	1	94	0.419642857143	raw	214
T	48	1	94	1.35932486239	norm	214
A	48	1	66	0.294642857143	raw	214
A	48	1	66	0.95107867914	norm	214
G	48	1	33	0.147321428571	raw	214
G	48	1	33	0.772959714359	norm	214
C	48	1	31	0.138392857143	raw	214
C	48	1	31	0.724975010901	norm	214
A	49	1	92	0.410714285714	raw	214
A	49	1	92	1.32574603759	norm	214
T	49	1	91	0.40625	raw	214
T	49	1	91	1.31594215402	norm	214
C	49	1	23	0.102678571429	raw	214
C	49	1	23	0.537884685507	norm	214
G	49	1	18	0.0803571428571	raw	214
G	49	1	18	0.421614389651	norm	214
T	50	1	111	0.495535714286	raw	214
T	50	1	111	1.60516020984	norm	214
A	50	1	68	0.303571428571	raw	214
A	50	1	68	0.979899245175	norm	214
G	50	1	23	0.102678571429	raw	214
G	50	1	23	0.538729497887	norm	214
C	50	1	22	0.0982142857143	raw	214
C	50	1	22	0.514498394833	norm	214
T	51	1	92	0.410714285714	raw	214
T	51	1	92	1.33040305681	norm	214
A	51	1	75	0.334821428571	raw	214
A	51	1	75	1.0807712263	norm	214
C	51	1	32	0.142857142857	raw	214
C	51	1	32	0.748361301575	norm	214
G	51	1	25	0.111607142857	raw	214
G	51	1	25	0.585575541181	norm	214
A	52	1	92	0.410714285714	raw	214
A	52	1	92	1.32574603759	norm	214
T	52	1	87	0.388392857143	raw	214
T	52	1	87	1.25809854285	norm	214
C	52	1	26	0.116071428571	raw	214
C	52	1	26	0.60804355753	norm	214
G	52	1	19	0.0848214285714	raw	214
G	52	1	19	0.445037411298	norm	214
T	53	1	101	0.450892857143	raw	214
T	53	1	101	1.46055118193	norm	214
A	53	1	72	0.321428571429	raw	214
A	53	1	72	1.03754037724	norm	214
C	53	1	29	0.129464285714	raw	214
C	53	1	29	0.678202429553	norm	214
G	53	1	22	0.0982142857143	raw	214
G	53	1	22	0.51530647624	norm	214
T	54	1	91	0.40625	raw	214
T	54	1	91	1.31594215402	norm	214
A	54	1	73	0.325892857143	raw	214
A	54	1	73	1.05195066026	norm	214
C	54	1	31	0.138392857143	raw	214
C	54	1	31	0.724975010901	norm	214
G	54	1	29	0.129464285714	raw	214
G	54	1	29	0.67926762777	norm	214
A	55	1	97	0.433035714286	raw	214
A	55	1	97	1.39779745268	norm	214
T	55	1	81	0.361607142857	raw	214
T	55	1	81	1.1713331261	norm	214
C	55	1	34	0.151785714286	raw	214
C	55	1	34	0.795133882924	norm	214
G	55	1	12	0.0535714285714	raw	214
G	55	1	12	0.281076259767	norm	214
A	56	1	96	0.428571428571	raw	214
A	56	1	96	1.38338716966	norm	214
T	56	1	94	0.419642857143	raw	214
T	56	1	94	1.35932486239	norm	214
C	56	1	19	0.0848214285714	raw	214
C	56	1	19	0.44433952281	norm	214
G	56	1	15	0.0669642857143	raw	214
G	56	1	15	0.351345324709	norm	214
T	57	1	93	0.415178571429	raw	214
T	57	1	93	1.3448639596	norm	214
A	57	1	76	0.339285714286	raw	214
A	57	1	76	1.09518150931	norm	214
G	57	1	28	0.125	raw	214
G	57	1	28	0.655844606123	norm	214
C	57	1	27	0.120535714286	raw	214
C	57	1	27	0.631429848204	norm	214
T	58	1	109	0.486607142857	raw	214
T	58	1	109	1.57623840426	norm	214
A	58	1	74	0.330357142857	raw	214
A	58	1	74	1.06636094328	norm	214
G	58	1	23	0.102678571429	raw	214
G	58	1	23	0.538729497887	norm	214
C	58	1	18	0.0803571428571	raw	214
C	58	1	18	0.420953232136	norm	214
T	59	1	97	0.433035714286	raw	214
T	59	1	97	1.40270757076	norm	214
A	59	1	91	0.40625	raw	214
A	59	1	91	1.31133575457	norm	214
G	59	1	22	0.0982142857143	raw	214
G	59	1	22	0.51530647624	norm	214
C	59	1	14	0.0625	raw	214
C	59	1	14	0.327408069439	norm	214
T	60	1	91	0.40625	raw	214
T	60	1	91	1.31594215402	norm	214
A	60	1	86	0.383928571429	raw	214
A	60	1	86	1.23928433949	norm	214
C	60	1	27	0.120535714286	raw	214
C	60	1	27	0.631429848204	norm	214
G	60	1	20	0.0892857142857	raw	214
G	60	1	20	0.468460432945	norm	214
T	61	1	90	0.401785714286	raw	214
T	61	1	90	1.30148125122	norm	214
A	61	1	88	0.392857142857	raw	214
A	61	1	88	1.26810490552	norm	214
G	61	1	27	0.120535714286	raw	214
G	61	1	27	0.632421584476	norm	214
C	61	1	19	0.0848214285714	raw	214
C	61	1	19	0.44433952281	norm	214
A	62	1	96	0.428571428571	raw	214
A	62	1	96	1.38338716966	norm	214
T	62	1	89	0.397321428571	raw	214
T	62	1	89	1.28702034843	norm	214
G	62	1	20	0.0892857142857	raw	214
G	62	1	20	0.468460432945	norm	214
C	62	1	19	0.0848214285714	raw	214
C	62	1	19	0.44433952281	norm	214
T	63	1	106	0.473214285714	raw	214
T	63	1	106	1.53285569589	norm	214
A	63	1	84	0.375	raw	214
A	63	1	84	1.21046377345	norm	214
C	63	1	17	0.0758928571429	raw	214
C	63	1	17	0.397566941462	norm	214
G	63	1	17	0.0758928571429	raw	214
G	63	1	17	0.398191368003	norm	214
T	64	1	96	0.428571428571	raw	214
T	64	1	96	1.38824666797	norm	214
A	64	1	87	0.388392857143	raw	214
A	64	1	87	1.2536946225	norm	214
C	64	1	21	0.09375	raw	214
C	64	1	21	0.491112104159	norm	214
G	64	1	20	0.0892857142857	raw	214
G	64	1	20	0.468460432945	norm	214
T	65	1	98	0.4375	raw	214
T	65	1	98	1.41716847356	norm	214
A	65	1	86	0.383928571429	raw	214
A	65	1	86	1.23928433949	norm	214
C	65	1	22	0.0982142857143	raw	214
C	65	1	22	0.514498394833	norm	214
G	65	1	18	0.0803571428571	raw	214
G	65	1	18	0.421614389651	norm	214
A	66	1	94	0.419642857143	raw	214
A	66	1	94	1.35456660362	norm	214
T	66	1	87	0.388392857143	raw	214
T	66	1	87	1.25809854285	norm	214
C	66	1	23	0.102678571429	raw	214
C	66	1	23	0.537884685507	norm	214
G	66	1	20	0.0892857142857	raw	214
G	66	1	20	0.468460432945	norm	214
T	67	1	93	0.415178571429	raw	214
T	67	1	93	1.3448639596	norm	214
A	67	1	87	0.388392857143	raw	214
A	67	1	87	1.2536946225	norm	214
C	67	1	23	0.102678571429	raw	214
C	67	1	23	0.537884685507	norm	214
G	67	1	21	0.09375	raw	214
G	67	1	21	0.491883454592	norm	214
T	68	1	99	0.441964285714	raw	214
T	68	1	99	1.43162937635	norm	214
A	68	1	77	0.34375	raw	214
A	68	1	77	1.10959179233	norm	214
G	68	1	26	0.116071428571	raw	214
G	68	1	26	0.608998562829	norm	214
C	68	1	22	0.0982142857143	raw	214
C	68	1	22	0.514498394833	norm	214
A	69	1	93	0.415178571429	raw	214
A	69	1	93	1.34015632061	norm	214
T	69	1	85	0.379464285714	raw	214
T	69	1	85	1.22917673727	norm	214
C	69	1	24	0.107142857143	raw	214
C	69	1	24	0.561270976181	norm	214
G	69	1	22	0.0982142857143	raw	214
G	69	1	22	0.51530647624	norm	214
T	70	1	92	0.410714285714	raw	214
T	70	1	92	1.33040305681	norm	214
A	70	1	85	0.379464285714	raw	214
A	70	1	85	1.22487405647	norm	214
C	70	1	25	0.111607142857	raw	214
C	70	1	25	0.584657266856	norm	214
G	70	1	22	0.0982142857143	raw	214
G	70	1	22	0.51530647624	norm	214
T	71	1	100	0.446428571429	raw	214
T	71	1	100	1.44609027914	norm	214
A	71	1	90	0.401785714286	raw	214
A	71	1	90	1.29692547156	norm	214
C	71	1	18	0.0803571428571	raw	214
C	71	1	18	0.420953232136	norm	214
G	71	1	16	0.0714285714286	raw	214
G	71	1	16	0.374768346356	norm	214
A	72	1	99	0.441964285714	raw	214
A	72	1	99	1.42661801871	norm	214
T	72	1	79	0.352678571429	raw	214
T	72	1	79	1.14241132052	norm	214
C	72	1	23	0.102678571429	raw	214
C	72	1	23	0.537884685507	norm	214
G	72	1	23	0.102678571429	raw	214
G	72	1	23	0.538729497887	norm	214
T	73	1	97	0.433035714286	raw	214
T	73	1	97	1.40270757076	norm	214
A	73	1	84	0.375	raw	214
A	73	1	84	1.21046377345	norm	214
G	73	1	24	0.107142857143	raw	214
G	73	1	24	0.562152519534	norm	214
C	73	1	19	0.0848214285714	raw	214
C	73	1	19	0.44433952281	norm	214
T	74	1	98	0.4375	raw	214
T	74	1	98	1.41716847356	norm	214
A	74	1	95	0.424107142857	raw	214
A	74	1	95	1.36897688664	norm	214
C	74	1	16	0.0714285714286	raw	214
C	74	1	16	0.374180650788	norm	214
G	74	1	15	0.0669642857143	raw	214
G	74	1	15	0.351345324709	norm	214
A	75	1	94	0.419642857143	raw	214
A	75	1	94	1.35456660362	norm	214
T	75	1	85	0.379464285714	raw	214
T	75	1	85	1.22917673727	norm	214
C	75	1	26	0.116071428571	raw	214
C	75	1	26	0.60804355753	norm	214
G	75	1	19	0.0848214285714	raw	214
G	75	1	19	0.445037411298	norm	214
T	76	1	97	0.433035714286	raw	214
T	76	1	97	1.40270757076	norm	214
A	76	1	86	0.383928571429	raw	214
A	76	1	86	1.23928433949	norm	214
G	76	1	23	0.102678571429	raw	214
G	76	1	23	0.538729497887	norm	214
C	76	1	18	0.0803571428571	raw	214
C	76	1	18	0.420953232136	norm	214
T	77	1	93	0.415178571429	raw	214
T	77	1	93	1.3448639596	norm	214
A	77	1	80	0.357142857143	raw	214
A	77	1	80	1.15282264138	norm	214
G	77	1	28	0.125	raw	214
G	77	1	28	0.655844606123	norm	214
C	77	1	23	0.102678571429	raw	214
C	77	1	23	0.537884685507	norm	214
A	78	1	106	0.473214285714	raw	214
A	78	1	106	1.52748999983	norm	214
T	78	1	80	0.357142857143	raw	214
T	78	1	80	1.15687222331	norm	214
C	78	1	21	0.09375	raw	214
C	78	1	21	0.491112104159	norm	214
G	78	1	17	0.0758928571429	raw	214
G	78	1	17	0.398191368003	norm	214
A	79	1	98	0.4375	raw	214
A	79	1	98	1.41220773569	norm	214
T	79	1	82	0.366071428571	raw	214
T	79	1	82	1.18579402889	norm	214
G	79	1	34	0.151785714286	raw	214
G	79	1	34	0.796382736007	norm	214
C	79	1	10	0.0446428571429	raw	214
C	79	1	10	0.233862906742	norm	214
T	80	1	93	0.415178571429	raw	214
T	80	1	93	1.3448639596	norm	214
A	80	1	88	0.392857142857	raw	214
A	80	1	88	1.26810490552	norm	214
C	80	1	22	0.0982142857143	raw	214
C	80	1	22	0.514498394833	norm	214
G	80	1	21	0.09375	raw	214
G	80	1	21	0.491883454592	norm	214
T	81	1	92	0.410714285714	raw	214
T	81	1	92	1.33040305681	norm	214
A	81	1	88	0.392857142857	raw	214
A	81	1	88	1.26810490552	norm	214
G	81	1	25	0.111607142857	raw	214
G	81	1	25	0.585575541181	norm	214
C	81	1	19	0.0848214285714	raw	214
C	81	1	19	0.44433952281	norm	214
A	82	1	99	0.441964285714	raw	214
A	82	1	99	1.42661801871	norm	214
T	82	1	84	0.375	raw	214
T	82	1	84	1.21471583448	norm	214
G	82	1	23	0.102678571429	raw	214
G	82	1	23	0.538729497887	norm	214
C	82	1	18	0.0803571428571	raw	214
C	82	1	18	0.420953232136	norm	214
A	83	1	94	0.419642857143	raw	214
A	83	1	94	1.35456660362	norm	214
T	83	1	85	0.379464285714	raw	214
T	83	1	85	1.22917673727	norm	214
C	83	1	24	0.107142857143	raw	214
C	83	1	24	0.561270976181	norm	214
G	83	1	21	0.09375	raw	214
G	83	1	21	0.491883454592	norm	214
T	84	1	92	0.410714285714	raw	214
T	84	1	92	1.33040305681	norm	214
A	84	1	76	0.339285714286	raw	214
A	84	1	76	1.09518150931	norm	214
G	84	1	31	0.138392857143	raw	214
G	84	1	31	0.726113671065	norm	214
C	84	1	25	0.111607142857	raw	214
C	84	1	25	0.584657266856	norm	214
T	85	1	93	0.415178571429	raw	214
T	85	1	93	1.3448639596	norm	214
A	85	1	81	0.361607142857	raw	214
A	85	1	81	1.1672329244	norm	214
G	85	1	28	0.125	raw	214
G	85	1	28	0.655844606123	norm	214
C	85	1	22	0.0982142857143	raw	214
C	85	1	22	0.514498394833	norm	214
T	86	1	96	0.428571428571	raw	214
T	86	1	96	1.38824666797	norm	214
A	86	1	84	0.375	raw	214
A	86	1	84	1.21046377345	norm	214
G	86	1	24	0.107142857143	raw	214
G	86	1	24	0.562152519534	norm	214
C	86	1	20	0.0892857142857	raw	214
C	86	1	20	0.467725813485	norm	214
A	87	1	105	0.46875	raw	214
A	87	1	105	1.51307971681	norm	214
T	87	1	82	0.366071428571	raw	214
T	87	1	82	1.18579402889	norm	214
G	87	1	24	0.107142857143	raw	214
G	87	1	24	0.562152519534	norm	214
C	87	1	13	0.0580357142857	raw	214
C	87	1	13	0.304021778765	norm	214
T	88	1	96	0.428571428571	raw	214
T	88	1	96	1.38824666797	norm	214
A	88	1	81	0.361607142857	raw	214
A	88	1	81	1.1672329244	norm	214
G	88	1	26	0.116071428571	raw	214
G	88	1	26	0.608998562829	norm	214
C	88	1	21	0.09375	raw	214
C	88	1	21	0.491112104159	norm	214
T	89	1	87	0.388392857143	raw	214
T	89	1	87	1.25809854285	norm	214
A	89	1	83	0.370535714286	raw	214
A	89	1	83	1.19605349043	norm	214
G	89	1	28	0.125	raw	214
G	89	1	28	0.655844606123	norm	214
C	89	1	26	0.116071428571	raw	214
C	89	1	26	0.60804355753	norm	214
A	90	1	87	0.388392857143	raw	214
A	90	1	87	1.2536946225	norm	214
T	90	1	82	0.366071428571	raw	214
T	90	1	82	1.18579402889	norm	214
G	90	1	31	0.138392857143	raw	214
G	90	1	31	0.726113671065	norm	214
C	90	1	24	0.107142857143	raw	214
C	90	1	24	0.561270976181	norm	214
A	91	1	100	0.446428571429	raw	214
A	91	1	100	1.44102830173	norm	214
T	91	1	89	0.397321428571	raw	214
T	91	1	89	1.28702034843	norm	214
C	91	1	22	0.0982142857143	raw	214
C	91	1	22	0.514498394833	norm	214
G	91	1	13	0.0580357142857	raw	214
G	91	1	13	0.304499281414	norm	214
A	92	1	96	0.428571428571	raw	214
A	92	1	96	1.38338716966	norm	214
T	92	1	78	0.348214285714	raw	214
T	92	1	78	1.12795041773	norm	214
G	92	1	27	0.120535714286	raw	214
G	92	1	27	0.632421584476	norm	214
C	92	1	23	0.102678571429	raw	214
C	92	1	23	0.537884685507	norm	214
T	93	1	94	0.419642857143	raw	214
T	93	1	94	1.35932486239	norm	214
A	93	1	80	0.357142857143	raw	214
A	93	1	80	1.15282264138	norm	214
G	93	1	29	0.129464285714	raw	214
G	93	1	29	0.67926762777	norm	214
C	93	1	21	0.09375	raw	214
C	93	1	21	0.491112104159	norm	214
A	94	1	90	0.401785714286	raw	214
A	94	1	90	1.29692547156	norm	214
T	94	1	89	0.397321428571	raw	214
T	94	1	89	1.28702034843	norm	214
G	94	1	27	0.120535714286	raw	214
G	94	1	27	0.632421584476	norm	214
C	94	1	18	0.0803571428571	raw	214
C	94	1	18	0.420953232136	norm	214
A	95	1	100	0.446428571429	raw	214
A	95	1	100	1.44102830173	norm	214
T	95	1	88	0.392857142857	raw	214
T	95	1	88	1.27255944564	norm	214
G	95	1	22	0.0982142857143	raw	214
G	95	1	22	0.51530647624	norm	214
C	95	1	14	0.0625	raw	214
C	95	1	14	0.327408069439	norm	214
T	96	1	102	0.455357142857	raw	214
T	96	1	102	1.47501208472	norm	214
A	96	1	89	0.397321428571	raw	214
A	96	1	89	1.28251518854	norm	214
G	96	1	17	0.0758928571429	raw	214
G	96	1	17	0.398191368003	norm	214
C	96	1	16	0.0714285714286	raw	214
C	96	1	16	0.374180650788	norm	214
T	97	1	97	0.433035714286	raw	214
T	97	1	97	1.40270757076	norm	214
A	97	1	78	0.348214285714	raw	214
A	97	1	78	1.12400207535	norm	214
C	97	1	27	0.120535714286	raw	214
C	97	1	27	0.631429848204	norm	214
G	97	1	22	0.0982142857143	raw	214
G	97	1	22	0.51530647624	norm	214
T	98	1	95	0.424107142857	raw	214
T	98	1	95	1.37378576518	norm	214
A	98	1	82	0.366071428571	raw	214
A	98	1	82	1.18164320742	norm	214
C	98	1	24	0.107142857143	raw	214
C	98	1	24	0.561270976181	norm	214
G	98	1	23	0.102678571429	raw	214
G	98	1	23	0.538729497887	norm	214
A	99	1	92	0.410714285714	raw	214
A	99	1	92	1.32574603759	norm	214
T	99	1	86	0.383928571429	raw	214
T	99	1	86	1.24363764006	norm	214
C	99	1	27	0.120535714286	raw	214
C	99	1	27	0.631429848204	norm	214
G	99	1	19	0.0848214285714	raw	214
G	99	1	19	0.445037411298	norm	214
A	100	1	94	0.419642857143	raw	214
A	100	1	94	1.35456660362	norm	214
T	100	1	79	0.352678571429	raw	214
T	100	1	79	1.14241132052	norm	214
C	100	1	28	0.125	raw	214
C	100	1	28	0.654816138878	norm	214
G	100	1	23	0.102678571429	raw	214
G	100	1	23	0.538729497887	norm	214
