2micron	94	95	2
2micron	97	98	1
2micron	121	122	1
2micron	142	143	1
2micron	145	146	3
2micron	183	184	1
2micron	193	194	1
2micron	196	197	2
2micron	285	286	3
2micron	669	670	2
2micron	670	671	1
2micron	689	690	1
2micron	712	713	2
2micron	734	735	1
2micron	739	740	2
2micron	770	771	1
2micron	801	802	4
2micron	911	912	2
2micron	997	999	1
2micron	999	1000	13
2micron	1010	1011	3
2micron	1015	1017	3
2micron	1025	1026	1
2micron	1058	1059	2
2micron	1060	1061	1
2micron	1066	1067	2
2micron	1067	1068	4
chrI	2929	2930	1
chrI	11324	11325	1
chrI	14614	14615	1
chrI	15025	15026	2
chrI	33697	33698	1
chrI	33748	33749	1
chrI	37763	37764	1
chrI	41259	41260	1
chrI	41294	41295	1
chrI	43214	43215	3
chrI	43379	43380	3
chrI	44868	44869	1
chrI	46404	46405	1
chrI	48915	48916	3
chrI	49059	49060	2
chrI	52917	52918	1
chrI	66118	66119	1
chrI	66823	66824	4
chrI	66848	66849	2
chrI	66873	66874	2
chrI	66888	66889	1
chrI	80113	80114	2
chrI	81439	81440	1
chrI	82921	82922	1
chrI	90228	90229	2
chrI	105487	105488	3
chrI	106009	106010	1
chrI	106098	106099	2
chrI	116009	116010	3
chrI	116014	116015	2
chrI	116039	116040	2
chrI	116112	116113	2
chrI	116119	116120	2
chrI	116223	116224	1
chrI	121522	121523	1
chrI	121553	121554	1
chrI	123492	123493	1
chrI	127925	127926	1
chrI	127926	127927	2
chrI	130961	130962	1
chrI	133287	133288	1
chrI	133288	133289	3
chrI	133366	133367	1
chrI	135607	135608	3
chrI	138755	138756	1
chrI	155730	155731	2
chrI	168891	168892	2
chrI	176453	176454	1
chrI	177177	177178	1
chrI	178231	178232	3
chrI	178438	178439	1
chrI	180737	180738	2
chrI	184177	184178	1
chrI	185141	185142	2
chrI	186307	186308	2
chrI	193738	193739	1
chrI	223011	223012	2
chrI	229115	229116	2
chrI	229123	229124	1
chrII	12047	12048	4
chrII	13039	13040	1
chrII	18912	18913	1
chrII	20648	20649	3
chrII	29300	29301	2
chrII	37489	37490	4
chrII	37624	37625	1
chrII	40198	40199	2
chrII	40529	40530	1
chrII	43463	43464	2
chrII	43496	43497	2
chrII	47216	47217	3
chrII	48289	48290	1
chrII	49311	49312	1
chrII	51574	51575	3
chrII	58194	58195	1
chrII	58948	58949	1
chrII	58998	58999	1
chrII	64218	64219	1
chrII	64219	64220	5
chrII	64337	64338	2
chrII	66003	66004	1
chrII	66106	66107	2
chrII	69945	69946	3
chrII	70037	70038	2
chrII	75243	75244	1
chrII	78725	78726	1
chrII	79890	79891	1
chrII	86663	86664	1
chrII	86714	86715	4
chrII	88138	88139	2
chrII	88139	88140	1
chrII	96483	96484	1
chrII	98984	98985	1
chrII	102634	102635	1
chrII	105300	105301	4
chrII	109400	109401	1
chrII	110188	110189	2
chrII	111686	111687	1
chrII	111806	111807	1
chrII	116250	116251	2
chrII	118055	118056	1
chrII	119061	119062	3
chrII	137243	137244	1
chrII	139395	139396	2
chrII	139404	139405	1
chrII	140580	140581	1
chrII	143018	143019	1
chrII	143335	143336	3
chrII	143362	143363	1
chrII	145783	145784	2
chrII	146410	146411	2
chrII	146685	146686	2
chrII	149225	149226	2
chrII	149236	149237	1
chrII	153144	153145	2
chrII	156555	156556	3
chrII	174404	174405	1
chrII	207628	207629	1
chrII	207629	207630	2
chrII	231924	231926	1
chrII	232087	232088	4
chrII	232088	232089	1
chrII	232552	232553	1
chrII	241578	241579	1
chrII	241926	241927	1
chrII	250319	250320	3
chrII	258101	258102	1
chrII	258183	258184	1
chrII	270484	270485	1
chrII	270489	270490	1
chrII	270493	270494	2
chrII	276218	276219	1
chrII	276220	276221	1
chrII	293928	293929	1
chrII	294452	294453	1
chrII	298817	298818	1
chrII	298831	298832	1
chrII	299131	299132	2
chrII	300058	300059	1
chrII	304065	304066	2
chrII	304069	304070	1
chrII	304115	304116	1
chrII	304168	304169	4
chrII	313662	313663	3
chrII	315795	315796	2
chrII	320407	320408	1
chrII	322711	322712	4
chrII	324242	324243	2
chrII	335622	335623	1
chrII	347556	347557	1
chrII	347632	347633	1
chrII	349648	349649	1
chrII	354320	354321	1
chrII	354321	354322	3
chrII	354350	354351	1
chrII	354355	354356	3
chrII	383430	383431	2
chrII	384131	384132	1
chrII	391695	391696	2
chrII	401422	401423	1
chrII	411598	411599	1
chrII	411613	411614	1
chrII	412660	412661	1
chrII	420630	420631	1
chrII	429834	429835	1
chrII	430186	430187	1
chrII	441921	441922	1
chrII	442105	442106	3
chrII	444064	444065	1
chrII	466324	466325	1
chrII	498129	498130	1
chrII	498137	498138	1
chrII	498139	498140	1
chrII	498142	498143	1
chrII	498154	498155	2
chrII	498164	498165	1
chrII	498168	498169	1
chrII	498169	498170	4
chrII	498174	498175	2
chrII	498179	498180	4
chrII	498180	498181	1
chrII	498184	498186	2
chrII	498187	498189	2
chrII	498189	498190	3
chrII	498192	498193	3
chrII	498193	498194	2
chrII	498195	498196	4
chrII	498196	498197	5
chrII	498198	498199	4
chrII	498199	498200	1
chrII	498208	498209	1
chrII	498210	498211	1
chrII	498213	498214	3
chrII	498215	498216	2
chrII	498220	498221	1
chrII	498232	498233	3
chrII	498239	498240	2
chrII	498245	498246	7
chrII	498248	498249	2
chrII	498259	498260	3
chrII	498264	498265	1
chrII	498274	498276	1
chrII	498279	498280	1
chrII	498286	498287	3
chrII	498348	498349	1
chrII	499743	499744	1
chrII	500422	500423	1
chrII	500423	500424	4
chrII	506909	506910	1
chrII	513201	513202	1
chrII	513712	513713	1
chrII	518018	518019	1
chrII	521364	521365	1
chrII	529561	529562	1
chrII	534011	534012	1
chrII	535287	535289	1
chrII	535999	536000	2
chrII	536098	536099	1
chrII	536157	536158	1
chrII	546654	546655	1
chrII	546701	546702	1
chrII	547501	547502	3
chrII	551196	551197	1
chrII	551314	551315	1
chrII	553424	553425	1
chrII	569887	569888	1
chrII	571152	571153	2
chrII	574886	574887	2
chrII	588803	588804	4
chrII	593973	593974	2
chrII	601858	601859	3
chrII	628258	628259	1
chrII	628328	628329	1
chrII	632316	632317	1
chrII	632917	632918	1
chrII	634071	634072	1
chrII	634194	634195	1
chrII	634219	634220	1
chrII	639246	639247	1
chrII	641604	641605	2
chrII	641620	641621	1
chrII	641651	641652	2
chrII	641674	641675	3
chrII	641704	641705	1
chrII	641710	641711	1
chrII	641726	641727	1
chrII	641734	641735	3
chrII	645978	645979	4
chrII	646105	646106	1
chrII	652550	652551	1
chrII	658486	658487	2
chrII	665244	665245	2
chrII	678493	678494	1
chrII	680937	680938	1
chrII	680939	680942	1
chrII	680972	680973	5
chrII	688688	688689	1
chrII	688716	688717	1
chrII	688728	688729	1
chrII	688734	688735	5
chrII	689912	689913	2
chrII	689915	689916	4
chrII	689920	689921	1
chrII	691301	691302	1
chrII	695430	695431	1
chrII	710910	710911	6
chrII	711797	711798	2
chrII	713406	713407	6
chrII	740737	740738	2
chrII	740797	740798	2
chrII	740828	740829	2
chrII	743603	743604	1
chrII	745206	745207	2
chrII	745973	745974	2
chrII	751572	751573	1
chrII	751573	751574	3
chrII	753444	753445	1
chrII	762051	762052	1
chrII	763328	763329	1
chrII	765341	765342	3
chrII	773115	773116	1
chrII	779774	779775	3
chrII	779777	779778	1
chrII	779785	779786	3
chrII	785701	785702	2
chrII	789449	789450	2
chrII	789487	789488	1
chrII	792827	792828	1
chrII	792910	792911	1
chrII	795169	795170	1
chrII	803294	803295	1
chrIII	158	159	1
chrIII	16637	16638	3
chrIII	30889	30890	2
chrIII	37476	37477	1
chrIII	49768	49769	1
chrIII	50918	50920	1
chrIII	52334	52335	2
chrIII	52439	52440	1
chrIII	55451	55452	1
chrIII	55836	55837	2
chrIII	55856	55857	2
chrIII	62532	62533	1
chrIII	62622	62623	2
chrIII	62650	62651	1
chrIII	62683	62684	2
chrIII	62696	62697	1
chrIII	80887	80888	1
chrIII	80926	80927	1
chrIII	81063	81064	1
chrIII	81485	81486	1
chrIII	93150	93151	1
chrIII	105787	105788	1
chrIII	105852	105853	1
chrIII	106375	106377	2
chrIII	108534	108535	3
chrIII	109598	109599	3
chrIII	128822	128823	1
chrIII	130346	130347	1
chrIII	134047	134048	1
chrIII	136176	136177	1
chrIII	146887	146888	2
chrIII	153207	153208	1
chrIII	155240	155241	1
chrIII	157263	157264	1
chrIII	157649	157650	2
chrIII	157700	157702	1
chrIII	163375	163376	2
chrIII	166578	166579	2
chrIII	169727	169728	1
chrIII	169783	169784	2
chrIII	174415	174416	4
chrIII	174704	174705	2
chrIII	175329	175330	2
chrIII	177246	177247	1
chrIII	178496	178497	1
chrIII	183494	183495	1
chrIII	185451	185452	2
chrIII	188315	188316	3
chrIII	188614	188615	1
chrIII	194551	194552	1
chrIII	194560	194562	1
chrIII	194586	194587	1
chrIII	194596	194597	1
chrIII	194630	194631	3
chrIII	194726	194727	1
chrIII	195164	195165	1
chrIII	195389	195390	4
chrIII	215460	215461	2
chrIII	215513	215514	2
chrIII	215569	215570	1
chrIII	215765	215766	1
chrIII	229926	229927	1
chrIII	239077	239078	1
chrIII	247058	247059	3
chrIII	247067	247068	4
chrIII	247084	247085	1
chrIII	247170	247171	2
chrIII	247176	247177	2
chrIII	248155	248156	1
chrIII	253682	253683	1
chrIII	255065	255066	1
chrIII	256518	256519	1
chrIII	257005	257006	1
chrIII	258610	258611	3
chrIII	258636	258637	1
chrIII	258645	258646	1
chrIII	267856	267857	4
chrIII	267962	267963	2
chrIII	276196	276197	1
chrIII	277677	277678	1
chrIII	283860	283861	1
chrIII	298713	298714	2
chrIII	298804	298805	3
chrIII	302102	302103	1
chrIII	313430	313431	2
chrIV	21666	21667	1
chrIV	34690	34691	5
chrIV	41594	41595	1
chrIV	57909	57910	1
chrIV	65234	65235	1
chrIV	65610	65611	1
chrIV	65611	65612	3
chrIV	66176	66177	4
chrIV	75638	75639	2
chrIV	75654	75655	3
chrIV	76016	76017	1
chrIV	91556	91557	2
chrIV	92449	92450	1
chrIV	93893	93894	1
chrIV	119042	119043	2
chrIV	121521	121522	1
chrIV	122857	122858	2
chrIV	135326	135327	1
chrIV	138001	138002	1
chrIV	139894	139895	1
chrIV	140149	140150	1
chrIV	140170	140171	1
chrIV	143304	143305	2
chrIV	143406	143407	1
chrIV	144966	144967	1
chrIV	147761	147762	2
chrIV	147762	147763	4
chrIV	147868	147869	1
chrIV	156548	156549	1
chrIV	156603	156604	3
chrIV	162719	162720	2
chrIV	164606	164607	1
chrIV	183691	183692	1
chrIV	184498	184499	6
chrIV	185893	185894	1
chrIV	185894	185895	2
chrIV	186550	186551	1
chrIV	188976	188977	1
chrIV	192538	192539	1
chrIV	210875	210876	1
chrIV	213411	213412	2
chrIV	213427	213428	3
chrIV	217488	217489	3
chrIV	218436	218437	1
chrIV	226153	226154	1
chrIV	226737	226738	2
chrIV	227454	227455	2
chrIV	228819	228820	1
chrIV	230365	230366	1
chrIV	231745	231746	1
chrIV	234633	234634	1
chrIV	234651	234652	1
chrIV	249745	249746	1
chrIV	249793	249794	1
chrIV	252395	252396	1
chrIV	252396	252397	2
chrIV	253268	253269	2
chrIV	258368	258369	3
chrIV	258880	258881	1
chrIV	264097	264098	3
chrIV	264180	264181	3
chrIV	264207	264208	1
chrIV	268244	268245	3
chrIV	268292	268293	1
chrIV	269491	269492	1
chrIV	270960	270961	1
chrIV	272591	272592	1
chrIV	272990	272991	1
chrIV	273303	273304	3
chrIV	281102	281103	3
chrIV	287312	287313	1
chrIV	289996	289997	1
chrIV	295744	295745	1
chrIV	295745	295746	3
chrIV	304053	304054	1
chrIV	304455	304456	1
chrIV	316970	316971	1
chrIV	321141	321142	1
chrIV	321369	321370	1
chrIV	321415	321416	1
chrIV	321834	321835	5
chrIV	329263	329264	1
chrIV	331921	331922	3
chrIV	333753	333754	1
chrIV	337462	337463	2
chrIV	340375	340376	1
chrIV	340377	340378	4
chrIV	342597	342598	2
chrIV	350083	350084	2
chrIV	350089	350090	1
chrIV	350502	350503	2
chrIV	353198	353199	1
chrIV	353257	353258	1
chrIV	353258	353259	3
chrIV	353290	353291	1
chrIV	361266	361267	1
chrIV	361269	361270	2
chrIV	362047	362048	1
chrIV	366227	366228	2
chrIV	366250	366251	1
chrIV	367500	367501	2
chrIV	368525	368526	1
chrIV	374335	374336	1
chrIV	381823	381824	1
chrIV	389899	389900	1
chrIV	394838	394839	1
chrIV	396327	396328	2
chrIV	398654	398655	1
chrIV	398655	398656	2
chrIV	398953	398954	2
chrIV	404537	404538	4
chrIV	404647	404648	1
chrIV	407355	407356	3
chrIV	413506	413507	1
chrIV	421503	421504	1
chrIV	421535	421536	1
chrIV	421551	421552	1
chrIV	421859	421860	2
chrIV	428926	428927	4
chrIV	431328	431329	1
chrIV	431503	431504	1
chrIV	431504	431505	3
chrIV	436124	436125	1
chrIV	436125	436126	5
chrIV	436127	436128	1
chrIV	436963	436964	1
chrIV	438373	438374	1
chrIV	464542	464543	2
chrIV	464618	464619	1
chrIV	466600	466601	2
chrIV	468944	468945	1
chrIV	469050	469051	1
chrIV	475754	475755	1
chrIV	478590	478591	4
chrIV	478593	478594	4
chrIV	478595	478596	1
chrIV	494702	494703	1
chrIV	501600	501601	1
chrIV	501694	501695	1
chrIV	506634	506635	1
chrIV	507360	507361	1
chrIV	511101	511102	1
chrIV	525721	525722	1
chrIV	525800	525801	1
chrIV	526075	526076	1
chrIV	539611	539612	2
chrIV	545302	545303	1
chrIV	546441	546442	1
chrIV	547469	547470	1
chrIV	567486	567487	1
chrIV	567488	567489	1
chrIV	569579	569580	1
chrIV	569580	569581	3
chrIV	569609	569610	4
chrIV	569650	569651	1
chrIV	570115	570116	1
chrIV	573369	573370	3
chrIV	585342	585343	1
chrIV	586144	586145	3
chrIV	586160	586161	1
chrIV	590892	590893	3
chrIV	590915	590916	2
chrIV	598696	598697	3
chrIV	599106	599107	1
chrIV	599519	599520	1
chrIV	599842	599843	1
chrIV	599846	599847	1
chrIV	599871	599872	1
chrIV	603157	603158	3
chrIV	607917	607918	1
chrIV	614187	614188	2
chrIV	619432	619433	3
chrIV	621720	621721	2
chrIV	625208	625209	2
chrIV	642494	642495	2
chrIV	643089	643090	1
chrIV	651873	651874	3
chrIV	657821	657822	1
chrIV	659927	659928	1
chrIV	661541	661542	5
chrIV	661547	661548	1
chrIV	663558	663559	1
chrIV	666704	666705	2
chrIV	666765	666766	1
chrIV	666772	666773	4
chrIV	679938	679939	1
chrIV	680521	680522	2
chrIV	686251	686252	1
chrIV	693297	693298	1
chrIV	699114	699116	1
chrIV	699212	699213	1
chrIV	700799	700800	1
chrIV	703986	703987	2
chrIV	704065	704066	1
chrIV	705969	705970	1
chrIV	710934	710935	2
chrIV	711757	711758	1
chrIV	713502	713503	1
chrIV	718191	718192	1
chrIV	718192	718193	3
chrIV	721825	721826	1
chrIV	721834	721835	1
chrIV	725904	725905	1
chrIV	725916	725917	1
chrIV	731028	731029	1
chrIV	732418	732419	3
chrIV	733156	733157	1
chrIV	734716	734717	2
chrIV	734760	734761	3
chrIV	735574	735575	1
chrIV	736786	736787	1
chrIV	738734	738735	1
chrIV	740807	740808	6
chrIV	745797	745798	3
chrIV	745888	745889	2
chrIV	746478	746479	1
chrIV	749648	749649	1
chrIV	764290	764291	1
chrIV	769599	769600	3
chrIV	770693	770694	1
chrIV	774101	774102	4
chrIV	776467	776468	1
chrIV	779159	779160	1
chrIV	791420	791421	1
chrIV	791421	791422	3
chrIV	791486	791487	1
chrIV	791775	791776	7
chrIV	791842	791843	4
chrIV	791878	791879	1
chrIV	806234	806235	1
chrIV	806387	806388	1
chrIV	806400	806401	2
chrIV	806405	806406	1
chrIV	807193	807194	1
chrIV	807223	807224	1
chrIV	807285	807288	1
chrIV	807288	807289	4
chrIV	807293	807294	2
chrIV	807299	807300	3
chrIV	807300	807301	2
chrIV	807305	807306	3
chrIV	807324	807325	4
chrIV	807338	807339	2
chrIV	807348	807349	3
chrIV	807369	807370	1
chrIV	808840	808841	1
chrIV	810053	810054	1
chrIV	814512	814513	1
chrIV	814534	814535	1
chrIV	814643	814645	1
chrIV	819004	819005	1
chrIV	824392	824393	1
chrIV	829461	829462	2
chrIV	830178	830179	1
chrIV	834700	834701	2
chrIV	840314	840315	2
chrIV	857862	857863	1
chrIV	857863	857864	3
chrIV	858447	858448	1
chrIV	861224	861225	2
chrIV	868060	868061	3
chrIV	871368	871369	1
chrIV	871369	871370	3
chrIV	889562	889563	2
chrIV	889878	889879	1
chrIV	889917	889918	1
chrIV	890004	890005	1
chrIV	890005	890006	2
chrIV	894409	894410	1
chrIV	897433	897434	1
chrIV	899346	899347	1
chrIV	900118	900119	1
chrIV	906515	906516	5
chrIV	910034	910035	1
chrIV	914353	914354	1
chrIV	924882	924883	2
chrIV	924897	924898	5
chrIV	924928	924929	1
chrIV	925818	925819	3
chrIV	925835	925836	5
chrIV	939186	939188	1
chrIV	943947	943948	1
chrIV	943950	943951	2
chrIV	943998	943999	4
chrIV	951878	951879	1
chrIV	954480	954481	3
chrIV	954843	954844	2
chrIV	955879	955880	1
chrIV	957923	957924	1
chrIV	964874	964875	1
chrIV	965035	965036	1
chrIV	965086	965087	1
chrIV	965966	965967	4
chrIV	970629	970630	1
chrIV	973367	973368	1
chrIV	973827	973828	2
chrIV	973876	973877	1
chrIV	993786	993787	2
chrIV	993791	993792	1
chrIV	1001292	1001293	2
chrIV	1007361	1007362	4
chrIV	1007852	1007853	1
chrIV	1011076	1011077	2
chrIV	1011186	1011187	2
chrIV	1011207	1011208	1
chrIV	1015392	1015393	1
chrIV	1020798	1020799	5
chrIV	1032594	1032595	1
chrIV	1035246	1035247	2
chrIV	1040032	1040033	1
chrIV	1041427	1041428	1
chrIV	1041728	1041729	1
chrIV	1045626	1045627	1
chrIV	1045636	1045637	3
chrIV	1046486	1046487	1
chrIV	1055232	1055234	1
chrIV	1055241	1055242	1
chrIV	1059974	1059975	1
chrIV	1063654	1063655	2
chrIV	1063923	1063924	1
chrIV	1075611	1075612	1
chrIV	1077600	1077601	1
chrIV	1081389	1081390	1
chrIV	1086415	1086416	2
chrIV	1086416	1086417	1
chrIV	1086450	1086451	1
chrIV	1086477	1086478	1
chrIV	1089570	1089571	1
chrIV	1117564	1117565	1
chrIV	1119350	1119351	1
chrIV	1120158	1120159	1
chrIV	1135817	1135818	1
chrIV	1140831	1140832	1
chrIV	1143509	1143510	1
chrIV	1144802	1144803	1
chrIV	1145134	1145135	1
chrIV	1149444	1149445	3
chrIV	1161893	1161894	3
chrIV	1161918	1161919	1
chrIV	1161933	1161934	2
chrIV	1169525	1169526	1
chrIV	1176625	1176626	1
chrIV	1178838	1178839	1
chrIV	1178846	1178847	1
chrIV	1178859	1178860	1
chrIV	1179220	1179221	1
chrIV	1180092	1180093	1
chrIV	1180971	1180972	1
chrIV	1182129	1182130	4
chrIV	1184848	1184849	5
chrIV	1186267	1186268	1
chrIV	1187054	1187055	4
chrIV	1187432	1187433	1
chrIV	1188663	1188664	1
chrIV	1188664	1188665	2
chrIV	1188682	1188683	1
chrIV	1188692	1188693	2
chrIV	1188693	1188694	4
chrIV	1188713	1188714	2
chrIV	1188745	1188746	3
chrIV	1188750	1188751	4
chrIV	1189044	1189045	2
chrIV	1190187	1190188	3
chrIV	1198565	1198567	1
chrIV	1199200	1199201	1
chrIV	1200840	1200841	1
chrIV	1201163	1201164	3
chrIV	1203631	1203632	1
chrIV	1220320	1220321	1
chrIV	1224110	1224111	1
chrIV	1232473	1232474	3
chrIV	1232534	1232535	1
chrIV	1235332	1235333	3
chrIV	1240981	1240982	1
chrIV	1241094	1241095	1
chrIV	1250393	1250394	1
chrIV	1252903	1252904	1
chrIV	1260436	1260437	1
chrIV	1260713	1260714	1
chrIV	1264596	1264597	1
chrIV	1264806	1264807	1
chrIV	1266946	1266947	1
chrIV	1272960	1272961	1
chrIV	1273729	1273730	1
chrIV	1279405	1279406	3
chrIV	1279520	1279522	1
chrIV	1279793	1279794	1
chrIV	1286028	1286029	1
chrIV	1294081	1294082	1
chrIV	1297744	1297745	1
chrIV	1299751	1299752	4
chrIV	1303894	1303895	1
chrIV	1305238	1305239	3
chrIV	1305255	1305256	1
chrIV	1312470	1312471	1
chrIV	1313222	1313223	1
chrIV	1313278	1313279	1
chrIV	1313462	1313463	1
chrIV	1313463	1313464	2
chrIV	1313503	1313504	2
chrIV	1313514	1313515	3
chrIV	1315103	1315104	3
chrIV	1329849	1329850	1
chrIV	1331222	1331223	1
chrIV	1333650	1333651	1
chrIV	1335894	1335895	2
chrIV	1336609	1336610	1
chrIV	1336611	1336612	4
chrIV	1344577	1344578	1
chrIV	1346961	1346962	1
chrIV	1348916	1348917	1
chrIV	1350803	1350804	1
chrIV	1351560	1351561	3
chrIV	1363721	1363722	4
chrIV	1368539	1368540	1
chrIV	1372062	1372063	1
chrIV	1375894	1375895	1
chrIV	1388377	1388378	1
chrIV	1389408	1389409	1
chrIV	1389429	1389430	3
chrIV	1389477	1389478	2
chrIV	1390285	1390286	1
chrIV	1391940	1391941	1
chrIV	1392031	1392032	3
chrIV	1394321	1394322	1
chrIV	1395143	1395144	1
chrIV	1396061	1396062	1
chrIV	1396901	1396902	4
chrIV	1402044	1402045	4
chrIV	1402047	1402048	1
chrIV	1404484	1404485	1
chrIV	1408318	1408319	3
chrIV	1410871	1410872	1
chrIV	1410903	1410904	2
chrIV	1413598	1413599	2
chrIV	1423961	1423962	2
chrIV	1424373	1424374	1
chrIV	1426366	1426367	1
chrIV	1432678	1432679	1
chrIV	1440618	1440619	3
chrIV	1448344	1448345	2
chrIV	1454686	1454687	2
chrIV	1462207	1462208	1
chrIV	1462350	1462351	3
chrIV	1462722	1462723	1
chrIV	1469629	1469630	1
chrIV	1469687	1469688	3
chrIV	1475214	1475215	1
chrIV	1483005	1483006	3
chrIV	1489974	1489975	4
chrIV	1491511	1491512	1
chrIV	1491580	1491581	1
chrIV	1492627	1492628	1
chrIV	1492628	1492629	3
chrIV	1499636	1499637	2
chrIV	1506950	1506951	3
chrIV	1506956	1506957	1
chrIV	1512229	1512230	1
chrIV	1512231	1512232	1
chrIV	1512233	1512235	1
chrIV	1512236	1512237	2
chrIV	1512238	1512239	1
chrIX	25306	25307	1
chrIX	26092	26093	1
chrIX	26241	26242	2
chrIX	31618	31619	2
chrIX	34304	34305	1
chrIX	39534	39535	1
chrIX	41237	41238	2
chrIX	41263	41265	1
chrIX	41446	41447	1
chrIX	41471	41472	1
chrIX	45772	45773	3
chrIX	47814	47815	1
chrIX	53300	53301	1
chrIX	58141	58142	2
chrIX	58168	58169	1
chrIX	58170	58171	2
chrIX	74460	74461	5
chrIX	76860	76862	1
chrIX	78201	78202	1
chrIX	80184	80185	1
chrIX	80185	80186	2
chrIX	82736	82737	1
chrIX	94088	94089	1
chrIX	100471	100472	1
chrIX	113180	113181	1
chrIX	116037	116038	1
chrIX	128479	128480	1
chrIX	131155	131156	1
chrIX	133446	133447	2
chrIX	135436	135437	1
chrIX	139092	139093	3
chrIX	141425	141426	6
chrIX	149965	149966	1
chrIX	152668	152669	2
chrIX	159692	159693	1
chrIX	175047	175048	1
chrIX	179335	179336	1
chrIX	184970	184971	1
chrIX	185035	185036	2
chrIX	186579	186580	1
chrIX	195073	195074	1
chrIX	214515	214516	1
chrIX	221951	221952	4
chrIX	222580	222581	1
chrIX	226565	226566	1
chrIX	238138	238139	1
chrIX	238761	238762	2
chrIX	239296	239297	1
chrIX	250423	250424	1
chrIX	252512	252513	1
chrIX	253003	253004	1
chrIX	253624	253625	1
chrIX	256255	256256	1
chrIX	263510	263511	1
chrIX	263610	263611	2
chrIX	263671	263672	3
chrIX	270034	270035	1
chrIX	270176	270177	1
chrIX	270243	270244	1
chrIX	270244	270245	3
chrIX	270254	270255	3
chrIX	270262	270263	3
chrIX	272205	272206	3
chrIX	272764	272765	4
chrIX	275120	275121	2
chrIX	275244	275245	1
chrIX	275355	275356	1
chrIX	278446	278447	1
chrIX	285723	285724	3
chrIX	291565	291566	2
chrIX	295215	295216	3
chrIX	295264	295265	4
chrIX	312139	312140	1
chrIX	312405	312407	1
chrIX	316081	316082	1
chrIX	316091	316092	3
chrIX	328254	328255	2
chrIX	334945	334946	2
chrIX	334966	334967	1
chrIX	338506	338507	2
chrIX	339114	339115	3
chrIX	340101	340102	1
chrIX	340102	340103	5
chrIX	343522	343523	1
chrIX	344370	344371	1
chrIX	345974	345975	1
chrIX	347708	347709	4
chrIX	364219	364220	2
chrIX	364238	364239	4
chrIX	364251	364252	2
chrIX	364286	364287	1
chrIX	381123	381124	3
chrIX	397403	397404	1
chrIX	405203	405204	1
chrIX	406946	406947	2
chrIX	411618	411619	1
chrIX	414785	414786	3
chrIX	416260	416261	2
chrIX	416883	416884	1
chrIX	421338	421339	3
chrIX	421404	421405	2
chrIX	421405	421406	1
chrIX	421432	421433	1
chrIX	421446	421447	2
chrIX	421559	421560	3
chrV	7865	7866	2
chrV	9512	9513	1
chrV	14623	14624	1
chrV	15508	15509	1
chrV	16271	16272	1
chrV	26851	26852	3
chrV	32133	32134	4
chrV	46723	46724	1
chrV	70636	70637	1
chrV	71207	71208	1
chrV	75148	75149	1
chrV	75237	75238	2
chrV	79119	79120	2
chrV	79974	79975	1
chrV	82849	82850	6
chrV	83907	83908	1
chrV	84436	84437	2
chrV	88480	88481	1
chrV	88827	88828	1
chrV	89476	89477	1
chrV	89542	89543	1
chrV	89565	89566	2
chrV	92903	92904	3
chrV	94642	94643	1
chrV	96284	96285	1
chrV	96319	96320	1
chrV	96322	96324	1
chrV	96326	96327	1
chrV	96337	96338	1
chrV	96366	96367	5
chrV	97839	97840	1
chrV	99446	99447	3
chrV	105567	105568	1
chrV	109846	109847	3
chrV	109854	109855	1
chrV	110793	110794	1
chrV	110992	110993	1
chrV	113894	113895	3
chrV	114343	114344	1
chrV	114344	114345	2
chrV	121893	121894	1
chrV	121894	121895	5
chrV	123319	123320	2
chrV	123966	123967	1
chrV	124028	124029	1
chrV	124036	124037	2
chrV	124090	124091	1
chrV	124091	124092	2
chrV	125283	125285	1
chrV	149127	149128	1
chrV	149135	149136	1
chrV	157591	157592	1
chrV	159261	159262	3
chrV	159373	159374	1
chrV	159440	159442	1
chrV	167714	167715	1
chrV	173523	173524	1
chrV	173574	173575	2
chrV	175475	175476	2
chrV	175598	175599	1
chrV	178955	178956	2
chrV	179759	179760	3
chrV	183193	183194	2
chrV	183544	183545	2
chrV	183566	183567	1
chrV	183604	183605	1
chrV	184588	184589	1
chrV	186342	186343	1
chrV	186997	186998	1
chrV	195591	195592	1
chrV	195639	195640	4
chrV	196277	196278	1
chrV	196281	196282	1
chrV	196351	196352	3
chrV	196386	196387	1
chrV	199498	199499	2
chrV	202059	202060	1
chrV	208386	208387	1
chrV	228832	228833	1
chrV	229983	229984	3
chrV	233077	233078	3
chrV	234693	234694	2
chrV	235451	235452	2
chrV	240792	240793	1
chrV	247451	247452	1
chrV	261173	261174	2
chrV	263186	263187	1
chrV	264017	264018	1
chrV	266077	266078	1
chrV	267823	267824	3
chrV	276855	276856	1
chrV	280818	280819	3
chrV	284940	284941	1
chrV	289685	289686	1
chrV	294821	294822	3
chrV	317800	317801	1
chrV	331531	331532	1
chrV	334446	334447	5
chrV	335125	335126	1
chrV	335127	335128	1
chrV	335186	335187	1
chrV	335228	335229	2
chrV	335236	335237	4
chrV	335250	335251	2
chrV	335257	335258	4
chrV	335272	335273	1
chrV	343019	343020	3
chrV	343031	343032	2
chrV	343036	343037	1
chrV	344638	344639	2
chrV	344674	344675	2
chrV	346986	346987	1
chrV	355045	355046	4
chrV	362462	362463	1
chrV	362509	362510	3
chrV	362607	362608	1
chrV	366117	366118	1
chrV	366177	366178	3
chrV	366303	366304	1
chrV	369196	369197	2
chrV	369480	369481	2
chrV	369481	369482	1
chrV	376408	376409	1
chrV	381462	381463	1
chrV	381524	381525	2
chrV	383991	383992	1
chrV	389009	389010	1
chrV	390559	390560	2
chrV	393933	393934	1
chrV	401638	401639	1
chrV	412577	412578	3
chrV	413266	413267	1
chrV	415520	415521	1
chrV	415542	415543	2
chrV	415545	415546	1
chrV	418066	418067	1
chrV	418963	418964	1
chrV	420274	420275	3
chrV	426622	426623	5
chrV	443320	443321	1
chrV	453796	453797	5
chrV	459788	459789	1
chrV	459789	459790	6
chrV	467545	467546	1
chrV	467578	467579	4
chrV	482953	482954	1
chrV	483087	483088	1
chrV	486210	486211	1
chrV	487347	487348	3
chrV	488392	488393	1
chrV	505652	505653	2
chrV	505693	505694	1
chrV	505754	505755	1
chrV	505755	505756	5
chrV	505759	505760	1
chrV	505761	505762	1
chrV	505762	505763	6
chrV	507715	507716	1
chrV	508645	508646	1
chrV	513991	513992	3
chrV	515389	515390	1
chrV	517275	517276	1
chrV	517347	517348	2
chrV	528363	528364	1
chrV	539184	539185	2
chrV	552882	552883	3
chrV	557389	557390	1
chrV	557396	557397	2
chrV	566487	566488	1
chrV	566520	566521	6
chrV	566533	566534	1
chrV	566621	566622	1
chrV	567809	567810	1
chrVI	24503	24504	1
chrVI	28459	28460	2
chrVI	33341	33342	1
chrVI	38306	38307	2
chrVI	38403	38404	1
chrVI	38411	38412	2
chrVI	38465	38466	1
chrVI	38626	38627	1
chrVI	43025	43026	1
chrVI	55100	55101	1
chrVI	56776	56777	1
chrVI	58123	58124	1
chrVI	59383	59384	2
chrVI	59471	59472	1
chrVI	59472	59473	2
chrVI	59490	59491	1
chrVI	61104	61105	1
chrVI	69573	69574	1
chrVI	69596	69597	4
chrVI	72303	72304	1
chrVI	72412	72413	1
chrVI	77990	77991	1
chrVI	78528	78529	2
chrVI	93277	93278	1
chrVI	93279	93280	1
chrVI	93347	93348	2
chrVI	119946	119947	1
chrVI	119971	119972	1
chrVI	121849	121850	1
chrVI	127570	127571	3
chrVI	128586	128588	1
chrVI	130770	130771	1
chrVI	130795	130796	1
chrVI	130796	130797	2
chrVI	133581	133582	1
chrVI	144025	144026	1
chrVI	145053	145054	1
chrVI	148747	148748	1
chrVI	157110	157111	1
chrVI	159713	159714	1
chrVI	163049	163050	1
chrVI	165291	165292	2
chrVI	181935	181936	2
chrVI	196435	196436	1
chrVI	201274	201275	1
chrVI	201282	201283	1
chrVI	201340	201341	1
chrVI	201347	201348	7
chrVI	201381	201382	4
chrVI	205022	205023	5
chrVI	213798	213799	2
chrVI	213908	213909	2
chrVI	226131	226134	1
chrVI	226264	226265	1
chrVI	229871	229872	1
chrVI	230007	230008	1
chrVI	233210	233211	1
chrVI	236007	236008	1
chrVI	236031	236032	2
chrVI	236082	236083	2
chrVI	246612	246613	1
chrVI	247923	247924	4
chrVI	251808	251809	1
chrVI	253420	253421	1
chrVI	253656	253657	1
chrVI	253913	253914	3
chrVI	255243	255244	2
chrVI	258393	258394	2
chrVI	261002	261003	1
chrVI	269767	269768	1
chrVII	12142	12143	1
chrVII	22755	22756	4
chrVII	22768	22769	1
chrVII	22769	22770	2
chrVII	22773	22774	5
chrVII	25267	25268	3
chrVII	32528	32529	1
chrVII	33334	33335	1
chrVII	33390	33391	2
chrVII	33470	33471	3
chrVII	34768	34769	1
chrVII	35910	35911	2
chrVII	39028	39029	2
chrVII	42155	42156	4
chrVII	42159	42160	1
chrVII	43573	43574	2
chrVII	47730	47731	3
chrVII	54494	54495	1
chrVII	54513	54514	3
chrVII	54517	54518	2
chrVII	61845	61846	1
chrVII	69705	69706	2
chrVII	70048	70049	2
chrVII	71603	71604	2
chrVII	71648	71649	1
chrVII	71666	71667	1
chrVII	71675	71676	1
chrVII	71987	71988	3
chrVII	71993	71994	3
chrVII	76217	76218	3
chrVII	76228	76229	2
chrVII	88853	88854	1
chrVII	123684	123685	3
chrVII	125199	125200	1
chrVII	125253	125254	1
chrVII	125272	125273	1
chrVII	125441	125442	1
chrVII	129174	129175	3
chrVII	132351	132352	1
chrVII	135773	135774	1
chrVII	138654	138655	3
chrVII	145100	145101	3
chrVII	166355	166356	3
chrVII	172135	172136	1
chrVII	185441	185442	1
chrVII	186306	186307	1
chrVII	186568	186569	1
chrVII	193726	193727	1
chrVII	204104	204105	1
chrVII	206215	206216	1
chrVII	211222	211223	1
chrVII	211943	211944	1
chrVII	211944	211945	5
chrVII	212164	212165	1
chrVII	214955	214956	1
chrVII	214968	214969	6
chrVII	215791	215792	1
chrVII	216533	216534	1
chrVII	216545	216546	1
chrVII	216577	216578	1
chrVII	216802	216803	2
chrVII	216813	216814	1
chrVII	228696	228697	2
chrVII	230522	230523	1
chrVII	230523	230524	4
chrVII	239918	239919	1
chrVII	247692	247693	2
chrVII	247717	247718	3
chrVII	247719	247720	1
chrVII	247725	247726	1
chrVII	247731	247732	3
chrVII	251050	251051	2
chrVII	252138	252139	5
chrVII	254433	254434	1
chrVII	255470	255471	1
chrVII	257020	257021	1
chrVII	296318	296319	2
chrVII	296478	296479	3
chrVII	299705	299706	1
chrVII	301761	301762	1
chrVII	311702	311703	2
chrVII	311776	311777	1
chrVII	311780	311781	3
chrVII	313402	313403	2
chrVII	314669	314670	1
chrVII	315615	315616	2
chrVII	321938	321939	3
chrVII	321941	321942	4
chrVII	321943	321944	4
chrVII	321999	322000	1
chrVII	333580	333581	4
chrVII	335024	335025	1
chrVII	345252	345253	1
chrVII	345254	345255	4
chrVII	349341	349342	1
chrVII	349869	349870	1
chrVII	351390	351391	2
chrVII	355288	355289	3
chrVII	355308	355309	2
chrVII	355337	355339	1
chrVII	355342	355343	3
chrVII	355349	355350	2
chrVII	360106	360107	1
chrVII	362228	362229	1
chrVII	378911	378912	4
chrVII	389488	389489	3
chrVII	390999	391000	1
chrVII	393675	393676	8
chrVII	393966	393967	1
chrVII	393968	393969	6
chrVII	411444	411445	1
chrVII	419338	419339	1
chrVII	426556	426557	3
chrVII	439617	439618	4
chrVII	443859	443860	2
chrVII	446208	446209	2
chrVII	468365	468366	2
chrVII	468570	468571	1
chrVII	478589	478590	3
chrVII	482677	482678	1
chrVII	483225	483226	1
chrVII	483226	483227	2
chrVII	483253	483254	1
chrVII	483265	483266	1
chrVII	483297	483298	1
chrVII	483360	483361	1
chrVII	483364	483365	1
chrVII	507350	507351	1
chrVII	511648	511649	1
chrVII	511671	511672	1
chrVII	512790	512791	3
chrVII	515902	515903	2
chrVII	516520	516521	3
chrVII	516532	516533	1
chrVII	516533	516534	3
chrVII	516538	516539	1
chrVII	516558	516559	1
chrVII	516559	516560	3
chrVII	516589	516590	2
chrVII	525682	525683	1
chrVII	525683	525684	4
chrVII	528846	528847	1
chrVII	529387	529388	1
chrVII	530749	530750	2
chrVII	551510	551511	5
chrVII	555806	555807	1
chrVII	558185	558186	1
chrVII	558209	558210	2
chrVII	575564	575565	1
chrVII	583330	583331	4
chrVII	585605	585606	1
chrVII	593917	593918	1
chrVII	593919	593920	1
chrVII	616125	616126	2
chrVII	616626	616627	1
chrVII	621072	621073	1
chrVII	621073	621074	6
chrVII	623897	623898	1
chrVII	623903	623904	1
chrVII	623925	623926	2
chrVII	624004	624005	6
chrVII	624441	624442	1
chrVII	636006	636007	1
chrVII	636700	636701	2
chrVII	655158	655159	1
chrVII	659466	659468	1
chrVII	659468	659469	5
chrVII	666358	666359	1
chrVII	666394	666395	3
chrVII	667922	667923	4
chrVII	673652	673653	1
chrVII	673695	673696	2
chrVII	673702	673703	2
chrVII	673704	673705	3
chrVII	680743	680744	1
chrVII	686394	686395	1
chrVII	689055	689056	1
chrVII	690668	690669	1
chrVII	693523	693524	1
chrVII	703147	703148	2
chrVII	705359	705360	1
chrVII	720080	720081	3
chrVII	720763	720764	2
chrVII	722413	722414	1
chrVII	726773	726774	1
chrVII	726921	726922	4
chrVII	726923	726924	2
chrVII	746226	746227	1
chrVII	747448	747449	1
chrVII	759511	759512	3
chrVII	762126	762127	3
chrVII	762156	762157	1
chrVII	775537	775538	1
chrVII	775539	775540	4
chrVII	775869	775870	1
chrVII	775870	775871	3
chrVII	785395	785396	1
chrVII	785426	785427	1
chrVII	785498	785499	3
chrVII	785514	785515	1
chrVII	793608	793609	1
chrVII	801487	801488	1
chrVII	826774	826775	2
chrVII	831555	831556	1
chrVII	832863	832864	1
chrVII	833038	833039	4
chrVII	837465	837466	1
chrVII	840024	840025	3
chrVII	840042	840043	1
chrVII	842869	842870	1
chrVII	842893	842894	1
chrVII	843035	843036	1
chrVII	843601	843602	2
chrVII	845945	845946	4
chrVII	851313	851314	1
chrVII	854260	854261	1
chrVII	854962	854963	1
chrVII	856570	856571	1
chrVII	856848	856849	1
chrVII	861790	861791	2
chrVII	874165	874166	1
chrVII	887113	887114	1
chrVII	893909	893910	1
chrVII	899238	899239	4
chrVII	902022	902023	1
chrVII	902042	902043	1
chrVII	903553	903554	2
chrVII	908615	908616	1
chrVII	908627	908628	2
chrVII	909714	909715	2
chrVII	916464	916465	1
chrVII	925276	925277	1
chrVII	926712	926713	2
chrVII	930283	930284	1
chrVII	935270	935271	2
chrVII	937059	937060	1
chrVII	938035	938036	1
chrVII	943215	943216	1
chrVII	947144	947146	1
chrVII	956067	956068	4
chrVII	956231	956232	1
chrVII	959946	959947	2
chrVII	960289	960290	1
chrVII	967788	967789	1
chrVII	981194	981195	3
chrVII	993654	993655	2
chrVII	997428	997429	1
chrVII	1000899	1000900	2
chrVII	1001076	1001077	2
chrVII	1005641	1005642	3
chrVII	1008188	1008189	1
chrVII	1027176	1027177	1
chrVII	1029695	1029696	3
chrVII	1030648	1030650	1
chrVII	1032504	1032505	1
chrVII	1036343	1036344	2
chrVII	1056090	1056091	1
chrVII	1069393	1069394	2
chrVII	1083572	1083573	1
chrVII	1083598	1083599	2
chrVIII	7064	7065	1
chrVIII	9994	9995	2
chrVIII	11006	11007	4
chrVIII	14965	14966	1
chrVIII	18003	18004	1
chrVIII	19660	19661	2
chrVIII	23849	23850	2
chrVIII	26888	26889	1
chrVIII	26982	26983	3
chrVIII	33399	33400	3
chrVIII	45840	45841	1
chrVIII	48986	48987	2
chrVIII	51346	51347	7
chrVIII	53520	53521	1
chrVIII	79894	79895	5
chrVIII	94131	94132	2
chrVIII	99693	99694	1
chrVIII	102245	102246	1
chrVIII	106711	106712	1
chrVIII	106793	106794	1
chrVIII	118209	118210	1
chrVIII	119830	119831	1
chrVIII	135652	135653	1
chrVIII	139091	139092	3
chrVIII	139104	139105	1
chrVIII	153250	153251	1
chrVIII	153677	153678	1
chrVIII	155368	155369	1
chrVIII	169021	169022	3
chrVIII	170144	170145	1
chrVIII	177650	177651	3
chrVIII	179983	179984	1
chrVIII	195756	195757	1
chrVIII	212203	212204	2
chrVIII	218392	218393	2
chrVIII	218395	218396	1
chrVIII	218399	218400	2
chrVIII	220528	220529	3
chrVIII	226074	226075	1
chrVIII	230552	230553	1
chrVIII	232227	232228	3
chrVIII	236996	236997	1
chrVIII	242862	242863	1
chrVIII	242863	242864	5
chrVIII	243013	243014	4
chrVIII	246960	246961	5
chrVIII	247809	247810	1
chrVIII	247889	247890	1
chrVIII	256407	256408	1
chrVIII	261962	261963	1
chrVIII	265074	265075	1
chrVIII	267804	267805	1
chrVIII	273588	273589	1
chrVIII	286743	286744	1
chrVIII	289575	289576	1
chrVIII	294202	294203	1
chrVIII	300447	300448	3
chrVIII	301488	301489	2
chrVIII	301692	301693	1
chrVIII	301710	301711	3
chrVIII	301778	301779	1
chrVIII	302532	302533	1
chrVIII	302868	302869	1
chrVIII	303000	303001	1
chrVIII	305759	305760	1
chrVIII	310847	310848	2
chrVIII	316525	316526	3
chrVIII	316532	316533	2
chrVIII	316588	316590	1
chrVIII	319113	319114	3
chrVIII	322514	322515	1
chrVIII	322575	322576	8
chrVIII	324660	324661	4
chrVIII	325879	325880	3
chrVIII	330786	330787	1
chrVIII	333232	333233	1
chrVIII	333233	333234	5
chrVIII	335941	335942	2
chrVIII	338101	338102	2
chrVIII	338829	338830	1
chrVIII	341392	341393	4
chrVIII	341404	341405	1
chrVIII	346984	346985	1
chrVIII	348744	348745	1
chrVIII	348746	348747	3
chrVIII	349664	349665	1
chrVIII	351827	351830	1
chrVIII	351830	351831	2
chrVIII	351831	351832	1
chrVIII	351845	351846	3
chrVIII	351867	351868	1
chrVIII	351869	351870	1
chrVIII	351889	351890	1
chrVIII	367545	367546	1
chrVIII	367621	367622	2
chrVIII	370349	370350	1
chrVIII	370365	370366	1
chrVIII	386444	386445	1
chrVIII	404238	404239	1
chrVIII	409610	409611	1
chrVIII	432121	432122	2
chrVIII	432240	432241	1
chrVIII	440506	440507	1
chrVIII	446368	446369	4
chrVIII	448478	448479	4
chrVIII	452830	452831	1
chrVIII	456775	456776	3
chrVIII	466502	466503	1
chrVIII	466659	466660	1
chrVIII	474475	474476	2
chrVIII	475842	475843	1
chrVIII	481982	481983	1
chrVIII	482070	482071	4
chrVIII	483438	483439	1
chrVIII	489520	489521	2
chrVIII	489888	489889	4
chrVIII	492263	492264	2
chrVIII	499274	499275	1
chrVIII	499275	499276	4
chrVIII	502147	502148	1
chrVIII	502194	502195	2
chrVIII	502549	502550	1
chrVIII	503319	503320	1
chrVIII	504076	504077	2
chrVIII	504139	504140	1
chrVIII	504155	504156	3
chrVIII	504206	504207	1
chrVIII	513863	513864	1
chrVIII	524998	524999	1
chrX	20416	20417	1
chrX	25229	25230	1
chrX	30521	30522	1
chrX	34827	34828	3
chrX	41165	41166	3
chrX	41171	41172	1
chrX	41188	41189	2
chrX	44558	44559	1
chrX	44559	44560	3
chrX	53430	53431	1
chrX	53436	53437	1
chrX	54510	54511	2
chrX	56052	56053	1
chrX	61193	61194	2
chrX	61483	61484	3
chrX	66959	66960	4
chrX	71378	71379	2
chrX	72693	72694	1
chrX	74968	74969	1
chrX	91489	91490	1
chrX	95604	95605	1
chrX	99770	99771	2
chrX	101317	101318	2
chrX	102257	102258	2
chrX	105170	105171	1
chrX	105574	105575	2
chrX	105683	105684	2
chrX	107274	107275	6
chrX	107321	107322	1
chrX	107322	107323	3
chrX	114414	114415	1
chrX	125347	125348	3
chrX	125442	125443	1
chrX	127021	127022	1
chrX	138461	138462	1
chrX	151315	151316	4
chrX	151357	151358	1
chrX	151412	151413	1
chrX	151413	151414	2
chrX	159081	159082	1
chrX	206901	206902	1
chrX	207637	207638	1
chrX	211174	211175	1
chrX	216144	216145	1
chrX	216717	216718	3
chrX	222229	222231	1
chrX	225001	225002	1
chrX	227704	227705	1
chrX	227823	227824	5
chrX	234669	234670	1
chrX	237798	237799	1
chrX	237821	237822	1
chrX	237822	237823	2
chrX	237839	237840	1
chrX	237840	237841	2
chrX	240465	240466	3
chrX	242366	242367	3
chrX	242372	242373	1
chrX	246443	246444	2
chrX	249356	249357	1
chrX	251556	251557	2
chrX	258888	258889	1
chrX	259512	259513	1
chrX	259541	259542	1
chrX	259556	259557	1
chrX	263311	263312	1
chrX	263313	263314	2
chrX	267807	267808	4
chrX	271643	271644	3
chrX	296279	296280	1
chrX	303431	303432	2
chrX	304622	304623	4
chrX	304755	304756	2
chrX	305210	305211	1
chrX	307811	307812	1
chrX	308757	308758	2
chrX	308823	308824	4
chrX	321766	321767	1
chrX	323423	323424	3
chrX	331419	331420	1
chrX	334214	334215	1
chrX	337134	337135	1
chrX	340025	340026	3
chrX	343411	343412	4
chrX	352902	352903	2
chrX	364568	364569	1
chrX	375463	375464	1
chrX	384807	384808	1
chrX	386058	386059	1
chrX	386312	386313	1
chrX	386518	386519	1
chrX	388803	388804	5
chrX	391333	391334	1
chrX	392912	392913	1
chrX	392913	392914	3
chrX	394287	394288	2
chrX	398588	398589	1
chrX	408032	408033	2
chrX	422959	422960	4
chrX	428563	428564	1
chrX	429282	429283	2
chrX	431900	431901	1
chrX	436436	436437	1
chrX	437527	437528	1
chrX	440968	440969	1
chrX	445240	445241	1
chrX	446277	446278	3
chrX	447698	447699	1
chrX	449021	449022	1
chrX	452391	452392	1
chrX	452392	452393	2
chrX	455069	455070	2
chrX	466630	466631	1
chrX	466686	466687	4
chrX	466699	466700	1
chrX	483968	483969	1
chrX	496992	496993	1
chrX	498318	498319	6
chrX	498374	498375	1
chrX	507127	507128	5
chrX	521087	521088	2
chrX	525227	525228	1
chrX	535377	535378	1
chrX	544025	544026	1
chrX	544034	544035	1
chrX	544117	544118	1
chrX	546014	546015	1
chrX	549119	549120	1
chrX	549124	549125	3
chrX	549149	549150	1
chrX	549164	549165	1
chrX	549228	549229	1
chrX	549841	549842	1
chrX	551859	551860	1
chrX	554248	554249	4
chrX	555429	555430	1
chrX	566313	566314	1
chrX	567266	567267	3
chrX	568100	568101	1
chrX	569039	569040	2
chrX	579590	579591	1
chrX	579608	579609	3
chrX	579720	579721	1
chrX	579721	579722	4
chrX	579740	579741	2
chrX	587893	587894	1
chrX	600199	600200	3
chrX	600222	600223	1
chrX	604169	604170	1
chrX	611941	611942	2
chrX	616374	616375	1
chrX	619392	619393	1
chrX	619929	619930	2
chrX	637416	637417	4
chrX	637422	637423	2
chrX	637465	637466	1
chrX	637470	637471	1
chrX	637552	637553	1
chrX	637554	637555	1
chrX	637564	637565	2
chrX	640008	640009	1
chrX	640010	640011	1
chrX	640012	640013	2
chrX	640014	640015	4
chrX	640016	640017	2
chrX	640018	640019	1
chrX	640307	640308	6
chrX	650229	650230	1
chrX	672291	672292	1
chrX	688492	688493	1
chrX	688500	688501	3
chrX	690736	690738	1
chrX	697559	697560	1
chrX	701051	701052	2
chrX	701364	701365	1
chrX	703685	703686	2
chrX	703777	703778	2
chrX	703807	703808	1
chrX	706964	706965	1
chrX	706982	706983	2
chrX	716064	716065	2
chrX	718645	718646	1
chrX	719878	719879	1
chrX	719879	719880	3
chrX	723791	723792	1
chrX	725026	725027	1
chrX	726368	726369	1
chrX	726369	726370	2
chrXI	14165	14166	1
chrXI	21417	21418	3
chrXI	27872	27873	2
chrXI	28516	28517	1
chrXI	30574	30575	1
chrXI	48003	48004	1
chrXI	48037	48038	1
chrXI	49773	49774	1
chrXI	49774	49775	6
chrXI	57308	57309	4
chrXI	67415	67416	1
chrXI	78312	78313	2
chrXI	78396	78397	1
chrXI	81792	81793	3
chrXI	82644	82645	1
chrXI	89927	89928	4
chrXI	90174	90175	1
chrXI	90197	90198	3
chrXI	94300	94301	1
chrXI	109766	109767	2
chrXI	116487	116488	5
chrXI	117263	117264	1
chrXI	118817	118818	1
chrXI	119126	119127	1
chrXI	123555	123556	1
chrXI	127418	127420	1
chrXI	127772	127773	2
chrXI	127851	127852	1
chrXI	127870	127871	4
chrXI	130596	130597	1
chrXI	130604	130605	3
chrXI	143623	143624	2
chrXI	147953	147954	2
chrXI	149129	149130	5
chrXI	156019	156020	3
chrXI	183461	183462	1
chrXI	183472	183473	1
chrXI	187684	187685	1
chrXI	206978	206979	2
chrXI	214904	214905	1
chrXI	218400	218401	1
chrXI	221001	221002	1
chrXI	227527	227528	3
chrXI	227543	227544	2
chrXI	235730	235731	1
chrXI	251108	251109	1
chrXI	251186	251187	1
chrXI	257297	257298	1
chrXI	264196	264197	3
chrXI	264206	264207	1
chrXI	264213	264214	1
chrXI	264220	264221	3
chrXI	270147	270148	3
chrXI	272077	272078	1
chrXI	272213	272214	6
chrXI	273915	273916	3
chrXI	278880	278881	1
chrXI	279297	279298	1
chrXI	284462	284463	3
chrXI	284627	284629	1
chrXI	296072	296073	1
chrXI	313234	313235	1
chrXI	331261	331262	3
chrXI	341036	341037	2
chrXI	344048	344049	2
chrXI	346310	346311	1
chrXI	353838	353839	5
chrXI	355674	355675	1
chrXI	355675	355676	3
chrXI	359097	359098	1
chrXI	359335	359336	1
chrXI	361951	361952	1
chrXI	362141	362142	1
chrXI	374565	374566	1
chrXI	375276	375277	2
chrXI	375976	375977	1
chrXI	377616	377617	5
chrXI	378081	378082	1
chrXI	378123	378124	1
chrXI	379508	379509	3
chrXI	381743	381744	1
chrXI	384183	384184	1
chrXI	385590	385591	1
chrXI	391128	391129	1
chrXI	392431	392432	1
chrXI	395516	395517	1
chrXI	396770	396771	1
chrXI	402144	402145	2
chrXI	406331	406332	5
chrXI	408800	408801	1
chrXI	415385	415386	1
chrXI	416835	416836	1
chrXI	429601	429602	2
chrXI	437805	437806	1
chrXI	448110	448111	1
chrXI	450531	450532	1
chrXI	452880	452881	1
chrXI	453168	453169	1
chrXI	455532	455533	1
chrXI	457216	457217	5
chrXI	461767	461768	1
chrXI	467969	467970	4
chrXI	468484	468485	5
chrXI	470611	470612	3
chrXI	479203	479204	1
chrXI	492650	492651	1
chrXI	495500	495501	1
chrXI	495736	495737	2
chrXI	499445	499446	6
chrXI	501066	501067	1
chrXI	515094	515095	1
chrXI	521782	521783	1
chrXI	535361	535362	1
chrXI	537719	537720	3
chrXI	544529	544530	2
chrXI	545128	545129	1
chrXI	549872	549873	1
chrXI	553746	553747	1
chrXI	553781	553782	2
chrXI	559961	559962	2
chrXI	570364	570365	1
chrXI	578156	578157	1
chrXI	578274	578275	3
chrXI	585929	585930	1
chrXI	585930	585931	3
chrXI	585958	585959	1
chrXI	586042	586043	1
chrXI	595522	595523	4
chrXI	595547	595548	2
chrXI	601641	601642	2
chrXI	607288	607289	1
chrXI	608588	608589	1
chrXI	611253	611254	4
chrXI	619808	619809	1
chrXI	620277	620278	1
chrXI	621371	621372	2
chrXI	621424	621425	3
chrXI	621694	621695	3
chrXI	623070	623071	1
chrXI	623406	623407	1
chrXI	623410	623411	1
chrXI	623419	623420	2
chrXI	623440	623441	1
chrXI	623461	623462	1
chrXI	625776	625777	2
chrXI	635583	635584	2
chrXI	636277	636278	1
chrXI	636319	636320	2
chrXI	637957	637958	1
chrXI	650797	650798	4
chrXI	655107	655108	3
chrXI	655228	655229	2
chrXII	32518	32519	6
chrXII	33086	33087	3
chrXII	33123	33124	2
chrXII	33210	33211	1
chrXII	34050	34051	6
chrXII	39292	39293	2
chrXII	39387	39388	2
chrXII	50302	50303	1
chrXII	58511	58512	1
chrXII	69889	69890	1
chrXII	76073	76074	1
chrXII	83550	83551	1
chrXII	83551	83552	3
chrXII	83665	83666	2
chrXII	89094	89095	2
chrXII	92477	92478	1
chrXII	102779	102780	3
chrXII	104200	104201	4
chrXII	113200	113201	1
chrXII	114517	114518	1
chrXII	114543	114544	1
chrXII	139111	139112	1
chrXII	141526	141527	1
chrXII	143555	143556	1
chrXII	145527	145528	2
chrXII	149401	149402	1
chrXII	157344	157345	2
chrXII	158145	158146	2
chrXII	158400	158401	1
chrXII	158463	158464	1
chrXII	158511	158512	1
chrXII	160596	160597	1
chrXII	162632	162633	1
chrXII	163003	163004	1
chrXII	163004	163005	6
chrXII	163131	163132	1
chrXII	164435	164436	1
chrXII	164717	164718	1
chrXII	164800	164801	1
chrXII	171765	171766	1
chrXII	183205	183206	1
chrXII	186395	186396	1
chrXII	201188	201189	2
chrXII	205805	205806	1
chrXII	212212	212213	1
chrXII	212361	212362	2
chrXII	212395	212396	1
chrXII	212419	212420	1
chrXII	212426	212427	2
chrXII	212449	212450	1
chrXII	212450	212451	5
chrXII	224811	224812	1
chrXII	226373	226374	1
chrXII	234717	234718	2
chrXII	235225	235226	2
chrXII	238222	238223	1
chrXII	241353	241354	1
chrXII	248652	248653	1
chrXII	255552	255553	3
chrXII	262558	262559	1
chrXII	264858	264859	1
chrXII	269544	269545	1
chrXII	271402	271403	2
chrXII	271794	271795	1
chrXII	272002	272003	2
chrXII	279621	279622	1
chrXII	279622	279623	3
chrXII	282372	282373	5
chrXII	283029	283030	1
chrXII	285373	285375	1
chrXII	288439	288440	2
chrXII	298010	298011	1
chrXII	298208	298209	4
chrXII	305612	305613	1
chrXII	312000	312001	2
chrXII	325333	325334	2
chrXII	330738	330739	1
chrXII	333993	333994	1
chrXII	333994	333995	4
chrXII	335031	335032	1
chrXII	341855	341856	1
chrXII	342705	342706	1
chrXII	342756	342757	1
chrXII	352349	352350	4
chrXII	354776	354777	1
chrXII	364646	364647	3
chrXII	375878	375879	1
chrXII	378537	378538	1
chrXII	381800	381801	1
chrXII	381801	381802	3
chrXII	382023	382024	1
chrXII	385776	385777	1
chrXII	389164	389165	1
chrXII	389177	389178	1
chrXII	389197	389198	1
chrXII	389212	389213	1
chrXII	389213	389214	4
chrXII	389215	389216	2
chrXII	389311	389312	3
chrXII	390906	390907	1
chrXII	420288	420289	2
chrXII	430563	430564	1
chrXII	431846	431847	7
chrXII	431886	431887	1
chrXII	440576	440577	1
chrXII	460052	460053	3
chrXII	460095	460096	3
chrXII	496433	496434	1
chrXII	520095	520096	1
chrXII	520440	520441	1
chrXII	522928	522929	1
chrXII	529012	529013	1
chrXII	529914	529915	1
chrXII	530877	530878	1
chrXII	536613	536614	3
chrXII	538401	538402	1
chrXII	539840	539841	1
chrXII	544938	544939	1
chrXII	545591	545592	2
chrXII	546925	546926	1
chrXII	553435	553436	1
chrXII	557609	557610	1
chrXII	565566	565567	1
chrXII	570213	570214	4
chrXII	575632	575633	1
chrXII	575633	575634	3
chrXII	585507	585508	1
chrXII	591088	591089	2
chrXII	592838	592839	1
chrXII	599120	599121	1
chrXII	605475	605476	1
chrXII	605614	605615	1
chrXII	605715	605716	1
chrXII	616591	616593	1
chrXII	617220	617221	2
chrXII	617500	617501	1
chrXII	617576	617577	2
chrXII	621017	621018	1
chrXII	629847	629848	1
chrXII	631533	631534	1
chrXII	633055	633056	2
chrXII	633342	633343	1
chrXII	634565	634566	1
chrXII	634603	634604	1
chrXII	640789	640790	1
chrXII	643911	643912	1
chrXII	645703	645704	3
chrXII	659394	659395	1
chrXII	663413	663414	2
chrXII	665971	665972	1
chrXII	666084	666085	1
chrXII	670202	670203	1
chrXII	671741	671742	1
chrXII	678163	678164	2
chrXII	678683	678684	1
chrXII	679166	679167	1
chrXII	691013	691014	1
chrXII	691014	691015	3
chrXII	693501	693503	1
chrXII	696127	696128	1
chrXII	700564	700565	1
chrXII	700664	700665	1
chrXII	709045	709046	1
chrXII	726448	726449	1
chrXII	732452	732453	1
chrXII	734348	734349	1
chrXII	737290	737291	1
chrXII	746899	746900	2
chrXII	746940	746941	5
chrXII	751052	751053	1
chrXII	754174	754175	1
chrXII	755618	755619	1
chrXII	757692	757693	5
chrXII	771958	771959	1
chrXII	771968	771969	1
chrXII	772627	772628	2
chrXII	776138	776139	5
chrXII	786853	786854	1
chrXII	797506	797507	1
chrXII	797507	797508	2
chrXII	797527	797528	2
chrXII	802704	802705	1
chrXII	804633	804634	2
chrXII	813731	813732	1
chrXII	817439	817440	2
chrXII	817445	817446	3
chrXII	843694	843695	1
chrXII	850259	850260	1
chrXII	858860	858861	1
chrXII	858861	858862	2
chrXII	858885	858886	1
chrXII	858891	858892	1
chrXII	858968	858969	1
chrXII	858977	858978	1
chrXII	865851	865852	2
chrXII	865878	865879	2
chrXII	865882	865883	1
chrXII	872306	872307	1
chrXII	872561	872562	1
chrXII	875141	875142	1
chrXII	878245	878246	1
chrXII	888157	888158	1
chrXII	893414	893415	4
chrXII	896282	896283	1
chrXII	904719	904720	2
chrXII	907764	907765	1
chrXII	914525	914526	1
chrXII	916950	916951	1
chrXII	916951	916952	3
chrXII	920566	920567	3
chrXII	921776	921777	2
chrXII	923362	923363	2
chrXII	929796	929797	2
chrXII	929840	929841	1
chrXII	949074	949075	2
chrXII	951868	951869	1
chrXII	982628	982629	1
chrXII	985996	985997	2
chrXII	986002	986003	2
chrXII	987165	987166	1
chrXII	991823	991824	1
chrXII	991867	991868	1
chrXII	993976	993977	1
chrXII	994579	994580	1
chrXII	1010025	1010026	1
chrXII	1010309	1010310	4
chrXII	1010369	1010370	1
chrXII	1010401	1010402	1
chrXII	1010439	1010440	2
chrXII	1015135	1015136	1
chrXII	1016731	1016732	1
chrXII	1026213	1026214	1
chrXII	1030078	1030079	3
chrXII	1035682	1035683	1
chrXII	1045215	1045216	1
chrXII	1046096	1046097	1
chrXII	1047255	1047256	1
chrXII	1047256	1047257	2
chrXIII	20867	20868	1
chrXIII	24846	24847	1
chrXIII	27773	27774	1
chrXIII	37395	37396	1
chrXIII	38309	38310	3
chrXIII	38313	38314	2
chrXIII	38374	38375	1
chrXIII	38470	38471	1
chrXIII	40577	40578	2
chrXIII	41523	41524	5
chrXIII	41645	41646	1
chrXIII	41655	41656	3
chrXIII	41656	41657	4
chrXIII	41657	41658	1
chrXIII	45123	45124	2
chrXIII	46524	46525	1
chrXIII	51776	51777	3
chrXIII	51885	51886	1
chrXIII	51890	51891	2
chrXIII	51905	51906	1
chrXIII	51987	51988	1
chrXIII	57309	57310	2
chrXIII	57411	57412	1
chrXIII	59093	59094	1
chrXIII	59100	59101	4
chrXIII	59115	59116	2
chrXIII	59126	59128	1
chrXIII	59152	59153	1
chrXIII	59157	59158	3
chrXIII	59163	59164	2
chrXIII	61079	61080	1
chrXIII	63929	63930	1
chrXIII	68411	68412	1
chrXIII	68412	68413	3
chrXIII	68467	68468	2
chrXIII	71916	71917	1
chrXIII	71990	71991	2
chrXIII	79634	79635	1
chrXIII	84696	84697	3
chrXIII	92873	92874	1
chrXIII	92882	92883	1
chrXIII	92937	92938	1
chrXIII	101372	101373	1
chrXIII	101373	101374	3
chrXIII	101452	101453	1
chrXIII	104596	104597	3
chrXIII	105279	105280	1
chrXIII	105341	105342	1
chrXIII	106873	106874	1
chrXIII	106890	106891	4
chrXIII	107515	107516	1
chrXIII	110090	110091	1
chrXIII	115905	115906	2
chrXIII	119347	119348	2
chrXIII	136177	136178	1
chrXIII	137807	137808	1
chrXIII	137933	137934	2
chrXIII	139826	139827	1
chrXIII	140892	140893	1
chrXIII	141895	141896	1
chrXIII	143073	143074	2
chrXIII	143133	143134	3
chrXIII	143188	143189	3
chrXIII	144034	144035	2
chrXIII	144061	144062	2
chrXIII	153001	153002	1
chrXIII	158517	158518	2
chrXIII	158571	158572	1
chrXIII	169549	169550	1
chrXIII	178491	178492	1
chrXIII	182469	182470	1
chrXIII	194021	194022	4
chrXIII	194765	194766	3
chrXIII	206933	206934	1
chrXIII	209155	209156	2
chrXIII	217308	217309	1
chrXIII	217451	217452	2
chrXIII	218608	218609	2
chrXIII	218623	218624	1
chrXIII	218626	218627	4
chrXIII	231605	231606	2
chrXIII	231611	231612	1
chrXIII	238618	238619	1
chrXIII	243961	243962	1
chrXIII	243967	243968	1
chrXIII	244000	244001	1
chrXIII	244059	244060	3
chrXIII	244872	244873	4
chrXIII	253997	253998	1
chrXIII	254082	254083	1
chrXIII	254982	254983	1
chrXIII	264441	264442	1
chrXIII	264664	264665	1
chrXIII	266357	266358	4
chrXIII	293757	293758	2
chrXIII	305679	305680	1
chrXIII	307718	307719	1
chrXIII	309351	309352	4
chrXIII	313391	313392	2
chrXIII	315442	315443	1
chrXIII	317226	317227	1
chrXIII	318921	318922	1
chrXIII	321008	321009	3
chrXIII	349436	349437	1
chrXIII	349438	349439	2
chrXIII	350970	350971	6
chrXIII	354000	354001	4
chrXIII	380282	380283	3
chrXIII	381095	381096	1
chrXIII	385581	385582	1
chrXIII	385589	385590	4
chrXIII	386623	386624	2
chrXIII	391247	391248	1
chrXIII	391284	391285	2
chrXIII	393085	393086	4
chrXIII	402879	402880	1
chrXIII	407327	407328	1
chrXIII	416098	416099	1
chrXIII	417253	417254	1
chrXIII	423624	423625	1
chrXIII	426056	426057	2
chrXIII	428328	428329	1
chrXIII	436365	436366	1
chrXIII	443370	443371	1
chrXIII	445445	445446	1
chrXIII	453258	453259	1
chrXIII	455357	455358	4
chrXIII	455379	455380	1
chrXIII	455431	455432	1
chrXIII	455494	455495	2
chrXIII	460960	460961	2
chrXIII	465534	465535	1
chrXIII	466629	466630	1
chrXIII	473831	473832	1
chrXIII	479996	479997	3
chrXIII	482114	482115	2
chrXIII	484607	484608	2
chrXIII	486143	486144	1
chrXIII	489763	489764	1
chrXIII	490113	490114	3
chrXIII	510927	510928	4
chrXIII	513215	513216	2
chrXIII	514284	514285	2
chrXIII	516531	516532	1
chrXIII	516841	516842	2
chrXIII	518177	518178	1
chrXIII	520510	520511	1
chrXIII	520512	520513	2
chrXIII	520738	520739	1
chrXIII	531660	531661	1
chrXIII	535470	535471	1
chrXIII	537336	537337	1
chrXIII	537344	537345	1
chrXIII	541859	541860	1
chrXIII	545722	545723	1
chrXIII	549390	549391	1
chrXIII	554331	554332	2
chrXIII	568448	568449	1
chrXIII	570213	570214	3
chrXIII	570768	570769	1
chrXIII	570844	570845	1
chrXIII	570845	570846	5
chrXIII	570863	570864	2
chrXIII	571459	571460	1
chrXIII	573007	573008	4
chrXIII	593896	593897	1
chrXIII	600150	600151	1
chrXIII	607687	607688	1
chrXIII	607706	607707	1
chrXIII	608647	608648	1
chrXIII	612727	612728	2
chrXIII	615627	615628	1
chrXIII	618126	618127	1
chrXIII	620417	620418	1
chrXIII	620625	620626	2
chrXIII	624610	624611	1
chrXIII	624618	624619	1
chrXIII	633583	633584	1
chrXIII	633655	633656	1
chrXIII	634990	634991	2
chrXIII	635575	635576	1
chrXIII	636171	636172	1
chrXIII	638227	638228	1
chrXIII	639830	639831	1
chrXIII	640750	640751	1
chrXIII	641245	641246	1
chrXIII	644454	644455	1
chrXIII	653262	653263	1
chrXIII	653268	653269	1
chrXIII	653270	653271	1
chrXIII	653287	653288	1
chrXIII	653307	653308	3
chrXIII	653318	653319	1
chrXIII	653355	653356	1
chrXIII	654955	654956	2
chrXIII	655396	655397	1
chrXIII	655612	655613	3
chrXIII	658922	658923	1
chrXIII	659569	659570	2
chrXIII	659595	659596	1
chrXIII	659604	659605	2
chrXIII	666891	666892	2
chrXIII	671720	671721	3
chrXIII	674285	674286	1
chrXIII	681417	681418	2
chrXIII	681732	681733	1
chrXIII	691611	691612	1
chrXIII	695654	695655	4
chrXIII	695689	695690	1
chrXIII	697907	697908	1
chrXIII	698906	698907	1
chrXIII	705609	705610	2
chrXIII	709007	709008	1
chrXIII	710758	710759	2
chrXIII	710977	710978	1
chrXIII	711207	711208	1
chrXIII	711209	711210	2
chrXIII	711854	711855	1
chrXIII	712803	712804	4
chrXIII	725079	725080	1
chrXIII	725727	725728	1
chrXIII	727529	727530	1
chrXIII	731701	731702	3
chrXIII	734920	734921	1
chrXIII	738392	738393	2
chrXIII	746666	746667	2
chrXIII	747609	747610	1
chrXIII	747612	747613	1
chrXIII	752494	752495	1
chrXIII	754197	754198	1
chrXIII	769987	769988	1
chrXIII	779630	779631	3
chrXIII	780829	780830	3
chrXIII	780830	780831	1
chrXIII	797160	797161	1
chrXIII	797161	797162	4
chrXIII	800881	800882	3
chrXIII	800913	800914	1
chrXIII	817515	817516	3
chrXIII	817544	817545	1
chrXIII	817565	817566	1
chrXIII	817566	817567	3
chrXIII	818965	818966	4
chrXIII	819016	819017	1
chrXIII	819088	819089	2
chrXIII	820036	820037	1
chrXIII	822485	822486	1
chrXIII	822978	822979	1
chrXIII	825672	825673	1
chrXIII	825995	825996	1
chrXIII	829851	829852	1
chrXIII	830560	830561	1
chrXIII	831964	831965	3
chrXIII	832042	832043	3
chrXIII	834269	834270	3
chrXIII	837815	837816	2
chrXIII	837952	837953	3
chrXIII	838387	838388	1
chrXIII	838449	838450	4
chrXIII	843692	843693	1
chrXIII	845834	845835	6
chrXIII	851786	851787	4
chrXIII	855625	855626	1
chrXIII	877127	877128	1
chrXIII	880946	880947	1
chrXIII	884439	884440	1
chrXIII	884886	884887	1
chrXIII	889859	889860	1
chrXIII	899793	899794	3
chrXIII	900059	900060	3
chrXIII	911379	911380	1
chrXIII	911893	911894	1
chrXIV	16082	16083	1
chrXIV	29441	29442	1
chrXIV	32169	32170	2
chrXIV	34449	34450	2
chrXIV	34884	34885	2
chrXIV	35732	35733	1
chrXIV	36570	36571	2
chrXIV	39813	39814	4
chrXIV	39841	39842	2
chrXIV	40119	40120	3
chrXIV	41237	41238	2
chrXIV	48535	48536	4
chrXIV	48609	48610	2
chrXIV	56776	56777	1
chrXIV	56828	56830	1
chrXIV	63103	63104	1
chrXIV	65457	65458	1
chrXIV	66791	66792	1
chrXIV	69132	69133	3
chrXIV	70047	70048	1
chrXIV	87377	87378	1
chrXIV	89150	89151	3
chrXIV	89234	89235	2
chrXIV	93915	93916	1
chrXIV	95883	95884	2
chrXIV	95982	95983	1
chrXIV	105252	105253	1
chrXIV	113652	113653	1
chrXIV	113682	113683	1
chrXIV	113698	113699	2
chrXIV	114395	114396	1
chrXIV	115789	115790	2
chrXIV	115803	115804	1
chrXIV	115809	115811	1
chrXIV	115829	115830	6
chrXIV	115845	115846	1
chrXIV	115858	115859	3
chrXIV	120148	120149	1
chrXIV	123680	123681	2
chrXIV	125257	125258	1
chrXIV	126850	126851	1
chrXIV	136322	136323	2
chrXIV	136324	136325	4
chrXIV	136403	136404	3
chrXIV	136417	136418	3
chrXIV	141302	141303	1
chrXIV	149010	149011	1
chrXIV	151528	151529	2
chrXIV	151819	151820	3
chrXIV	158493	158494	1
chrXIV	173420	173421	6
chrXIV	176183	176184	1
chrXIV	180152	180153	1
chrXIV	180173	180174	1
chrXIV	183603	183604	1
chrXIV	187424	187425	1
chrXIV	195788	195789	1
chrXIV	197540	197541	2
chrXIV	202005	202006	1
chrXIV	202006	202007	2
chrXIV	203699	203700	2
chrXIV	211310	211311	3
chrXIV	212451	212452	1
chrXIV	213344	213345	2
chrXIV	214499	214500	1
chrXIV	228851	228852	1
chrXIV	234451	234452	1
chrXIV	242242	242243	2
chrXIV	254756	254757	1
chrXIV	254847	254848	5
chrXIV	254860	254861	1
chrXIV	263472	263473	1
chrXIV	270265	270266	1
chrXIV	272224	272225	1
chrXIV	273524	273525	1
chrXIV	286926	286927	1
chrXIV	288314	288315	3
chrXIV	288393	288394	1
chrXIV	288410	288411	1
chrXIV	290065	290066	1
chrXIV	294748	294749	1
chrXIV	299950	299951	1
chrXIV	304920	304921	4
chrXIV	307217	307218	2
chrXIV	318349	318350	1
chrXIV	318465	318466	3
chrXIV	323872	323873	1
chrXIV	323878	323879	3
chrXIV	324246	324247	3
chrXIV	324386	324387	1
chrXIV	333218	333219	1
chrXIV	341337	341338	1
chrXIV	359384	359385	1
chrXIV	374038	374039	4
chrXIV	375027	375028	1
chrXIV	375028	375029	2
chrXIV	381522	381523	1
chrXIV	389365	389367	1
chrXIV	397084	397085	4
chrXIV	402103	402104	1
chrXIV	402211	402213	1
chrXIV	412295	412296	2
chrXIV	412317	412318	3
chrXIV	433245	433246	3
chrXIV	433889	433890	1
chrXIV	433902	433903	2
chrXIV	450109	450110	4
chrXIV	450116	450117	1
chrXIV	450128	450129	2
chrXIV	450193	450194	1
chrXIV	450312	450313	1
chrXIV	450496	450497	1
chrXIV	451345	451346	2
chrXIV	457132	457133	1
chrXIV	459771	459772	1
chrXIV	466494	466495	1
chrXIV	471546	471547	4
chrXIV	471556	471557	2
chrXIV	471639	471640	1
chrXIV	471640	471641	3
chrXIV	473780	473781	2
chrXIV	490058	490059	1
chrXIV	495512	495513	2
chrXIV	516617	516618	1
chrXIV	516664	516665	1
chrXIV	516674	516675	1
chrXIV	518212	518213	1
chrXIV	531156	531157	1
chrXIV	533600	533601	1
chrXIV	537757	537758	4
chrXIV	537762	537763	1
chrXIV	537785	537786	6
chrXIV	543561	543562	1
chrXIV	548913	548914	1
chrXIV	550403	550404	1
chrXIV	556120	556121	1
chrXIV	556197	556198	1
chrXIV	572009	572010	1
chrXIV	577385	577386	2
chrXIV	578456	578457	1
chrXIV	580831	580832	2
chrXIV	580832	580833	3
chrXIV	581142	581143	1
chrXIV	582223	582225	1
chrXIV	585323	585324	1
chrXIV	588919	588920	1
chrXIV	590195	590196	1
chrXIV	590213	590214	3
chrXIV	591216	591217	3
chrXIV	594197	594198	1
chrXIV	610100	610101	2
chrXIV	610995	610996	1
chrXIV	613209	613210	1
chrXIV	615917	615918	1
chrXIV	630171	630172	1
chrXIV	631440	631441	2
chrXIV	631981	631982	3
chrXIV	638695	638696	3
chrXIV	638748	638749	2
chrXIV	646417	646418	1
chrXIV	650421	650422	1
chrXIV	651243	651244	2
chrXIV	652575	652576	1
chrXIV	652578	652579	1
chrXIV	653609	653610	4
chrXIV	653817	653818	1
chrXIV	670860	670861	1
chrXIV	671055	671056	1
chrXIV	673825	673826	1
chrXIV	682009	682010	4
chrXIV	683981	683982	1
chrXIV	688288	688289	1
chrXIV	688568	688569	1
chrXIV	689100	689101	1
chrXIV	695841	695842	2
chrXIV	695867	695868	1
chrXIV	695872	695873	1
chrXIV	695898	695899	1
chrXIV	696757	696758	1
chrXIV	697414	697415	1
chrXIV	702655	702656	3
chrXIV	706248	706249	1
chrXIV	707772	707773	3
chrXIV	707881	707882	1
chrXIV	708562	708563	3
chrXIV	708572	708573	3
chrXIV	708574	708576	1
chrXIV	708580	708581	1
chrXIV	708582	708583	1
chrXIV	708583	708584	6
chrXIV	708584	708585	2
chrXIV	708590	708591	1
chrXIV	710203	710204	2
chrXIV	714625	714626	1
chrXIV	727752	727753	1
chrXIV	737822	737823	1
chrXIV	737882	737883	1
chrXIV	749280	749281	2
chrXIV	757082	757083	1
chrXIV	765763	765764	1
chrXIV	777400	777401	3
chrXIV	777930	777931	1
chrXV	6285	6286	3
chrXV	7786	7787	1
chrXV	8462	8463	1
chrXV	12459	12460	2
chrXV	15811	15812	1
chrXV	20212	20213	2
chrXV	20841	20842	2
chrXV	21585	21586	1
chrXV	31606	31607	3
chrXV	38352	38353	3
chrXV	53523	53524	3
chrXV	58928	58929	3
chrXV	60978	60979	2
chrXV	62317	62318	1
chrXV	62338	62339	1
chrXV	70600	70601	3
chrXV	72477	72478	2
chrXV	72488	72489	1
chrXV	72948	72949	2
chrXV	73337	73338	4
chrXV	84125	84126	2
chrXV	84126	84127	1
chrXV	84909	84910	4
chrXV	84931	84932	2
chrXV	89104	89105	1
chrXV	105143	105144	1
chrXV	108308	108309	3
chrXV	112110	112111	1
chrXV	113205	113206	1
chrXV	113206	113207	4
chrXV	129977	129978	3
chrXV	130290	130291	3
chrXV	142892	142893	1
chrXV	143464	143465	1
chrXV	143574	143575	2
chrXV	155273	155274	1
chrXV	164297	164298	1
chrXV	164486	164487	2
chrXV	166394	166395	1
chrXV	174385	174386	1
chrXV	174436	174437	4
chrXV	184844	184845	5
chrXV	191216	191217	1
chrXV	191217	191218	2
chrXV	195998	195999	1
chrXV	196564	196565	1
chrXV	196667	196669	1
chrXV	196698	196699	1
chrXV	199744	199745	1
chrXV	199850	199851	1
chrXV	203699	203700	3
chrXV	204168	204169	1
chrXV	219107	219108	1
chrXV	219109	219110	2
chrXV	222883	222884	1
chrXV	228655	228656	1
chrXV	228769	228770	1
chrXV	230735	230736	1
chrXV	232436	232437	1
chrXV	233379	233380	1
chrXV	236854	236855	1
chrXV	237702	237703	1
chrXV	241686	241687	1
chrXV	252738	252739	1
chrXV	255783	255784	2
chrXV	255816	255817	1
chrXV	261949	261950	2
chrXV	265476	265477	1
chrXV	265766	265767	1
chrXV	265768	265769	2
chrXV	273323	273324	1
chrXV	273324	273325	2
chrXV	274462	274463	1
chrXV	289729	289730	1
chrXV	297702	297703	1
chrXV	298280	298281	2
chrXV	313042	313043	1
chrXV	319786	319787	1
chrXV	320278	320279	2
chrXV	320755	320756	2
chrXV	321448	321449	3
chrXV	325315	325316	1
chrXV	325466	325467	1
chrXV	326891	326892	1
chrXV	328199	328200	1
chrXV	328324	328325	5
chrXV	331268	331269	1
chrXV	343285	343286	1
chrXV	353949	353950	1
chrXV	354251	354252	3
chrXV	363282	363283	1
chrXV	368669	368670	5
chrXV	368798	368799	1
chrXV	369344	369345	1
chrXV	370334	370335	1
chrXV	375754	375755	2
chrXV	375853	375854	1
chrXV	377028	377030	1
chrXV	377082	377083	7
chrXV	379789	379790	6
chrXV	381689	381690	1
chrXV	381690	381691	4
chrXV	403346	403347	1
chrXV	403988	403989	1
chrXV	407984	407985	1
chrXV	414738	414739	3
chrXV	415096	415097	3
chrXV	416389	416390	2
chrXV	423256	423257	2
chrXV	432828	432829	1
chrXV	437089	437090	2
chrXV	437661	437662	1
chrXV	442897	442898	1
chrXV	446190	446191	1
chrXV	446929	446930	2
chrXV	447519	447520	2
chrXV	448631	448632	2
chrXV	455753	455754	2
chrXV	459061	459062	1
chrXV	460474	460475	3
chrXV	467917	467918	1
chrXV	472025	472026	1
chrXV	475120	475121	3
chrXV	488330	488331	1
chrXV	490550	490551	1
chrXV	495322	495323	1
chrXV	495383	495384	1
chrXV	495439	495440	1
chrXV	495925	495926	1
chrXV	508305	508306	1
chrXV	509899	509900	1
chrXV	511261	511262	4
chrXV	514187	514188	1
chrXV	521575	521576	1
chrXV	522053	522054	2
chrXV	522064	522065	1
chrXV	522083	522084	1
chrXV	522098	522099	1
chrXV	522104	522105	2
chrXV	522778	522779	2
chrXV	528178	528179	1
chrXV	529868	529869	2
chrXV	530123	530124	3
chrXV	533223	533224	1
chrXV	535562	535563	1
chrXV	536443	536444	1
chrXV	538005	538006	1
chrXV	544835	544836	1
chrXV	559803	559804	3
chrXV	574679	574680	1
chrXV	574739	574740	1
chrXV	574746	574747	2
chrXV	580411	580412	3
chrXV	580433	580434	1
chrXV	582472	582473	1
chrXV	587090	587091	1
chrXV	604527	604528	2
chrXV	607044	607045	4
chrXV	609257	609258	3
chrXV	614498	614499	1
chrXV	618269	618270	1
chrXV	622414	622415	1
chrXV	627884	627885	1
chrXV	635188	635189	2
chrXV	635685	635686	7
chrXV	638590	638591	2
chrXV	640990	640991	4
chrXV	642564	642565	3
chrXV	642681	642682	2
chrXV	644784	644785	2
chrXV	645890	645891	1
chrXV	658485	658486	4
chrXV	663327	663328	1
chrXV	663390	663391	1
chrXV	665682	665683	3
chrXV	671014	671015	1
chrXV	674810	674811	1
chrXV	676395	676396	2
chrXV	676737	676738	6
chrXV	677320	677321	1
chrXV	677836	677837	2
chrXV	678955	678956	1
chrXV	679069	679070	4
chrXV	679112	679113	4
chrXV	681755	681756	1
chrXV	691266	691267	1
chrXV	693108	693109	2
chrXV	693111	693113	1
chrXV	693117	693118	2
chrXV	694749	694750	2
chrXV	695232	695233	1
chrXV	696216	696217	1
chrXV	700310	700311	1
chrXV	713526	713527	4
chrXV	715478	715479	1
chrXV	721654	721655	1
chrXV	722135	722136	1
chrXV	722751	722752	1
chrXV	728250	728251	2
chrXV	731207	731208	6
chrXV	741596	741597	1
chrXV	749365	749366	3
chrXV	749458	749459	1
chrXV	749534	749535	4
chrXV	750225	750226	2
chrXV	761282	761283	1
chrXV	761408	761409	5
chrXV	764276	764277	2
chrXV	766006	766007	1
chrXV	771091	771092	1
chrXV	771092	771093	2
chrXV	772122	772123	1
chrXV	773559	773560	1
chrXV	775289	775290	1
chrXV	785056	785057	1
chrXV	785059	785060	3
chrXV	787466	787467	4
chrXV	787584	787585	1
chrXV	787585	787586	3
chrXV	789233	789234	1
chrXV	791490	791491	2
chrXV	803861	803862	3
chrXV	811460	811461	2
chrXV	824554	824555	2
chrXV	832900	832901	2
chrXV	839538	839539	1
chrXV	840160	840161	3
chrXV	840602	840603	1
chrXV	844247	844248	2
chrXV	848408	848409	1
chrXV	848698	848699	1
chrXV	853896	853897	2
chrXV	860221	860222	1
chrXV	861264	861265	1
chrXV	869954	869955	1
chrXV	875241	875242	4
chrXV	875261	875262	1
chrXV	876536	876537	1
chrXV	884006	884007	1
chrXV	885017	885018	1
chrXV	889944	889945	1
chrXV	890048	890049	1
chrXV	904614	904615	2
chrXV	905030	905031	1
chrXV	908776	908777	2
chrXV	911108	911109	1
chrXV	911120	911121	1
chrXV	911121	911122	2
chrXV	920796	920797	3
chrXV	920799	920800	1
chrXV	921171	921172	1
chrXV	924229	924230	1
chrXV	924236	924237	2
chrXV	929060	929061	1
chrXV	929241	929242	1
chrXV	934720	934721	4
chrXV	934777	934778	1
chrXV	937478	937479	4
chrXV	937629	937630	1
chrXV	942173	942174	1
chrXV	948051	948052	1
chrXV	953283	953284	5
chrXV	954511	954512	1
chrXV	955677	955678	1
chrXV	957865	957866	1
chrXV	961507	961508	1
chrXV	961568	961569	2
chrXV	982250	982251	2
chrXV	983515	983516	2
chrXV	983995	983996	1
chrXV	984265	984266	1
chrXV	987980	987981	1
chrXV	988032	988033	3
chrXV	989238	989239	1
chrXV	989270	989271	2
chrXV	990693	990694	1
chrXV	1000509	1000510	1
chrXV	1002881	1002882	5
chrXV	1010501	1010502	1
chrXV	1010931	1010932	1
chrXV	1012006	1012007	1
chrXV	1019308	1019309	2
chrXV	1020473	1020474	1
chrXV	1024581	1024582	1
chrXV	1027368	1027369	3
chrXV	1034255	1034256	1
chrXV	1035815	1035816	3
chrXV	1044934	1044935	1
chrXV	1055158	1055159	1
chrXV	1063139	1063140	6
chrXV	1063153	1063154	3
chrXV	1070185	1070186	1
chrXVI	19696	19697	1
chrXVI	19734	19735	1
chrXVI	19779	19780	1
chrXVI	33873	33874	2
chrXVI	34168	34169	1
chrXVI	34243	34244	5
chrXVI	39415	39416	1
chrXVI	50900	50901	1
chrXVI	55801	55802	1
chrXVI	70412	70413	4
chrXVI	70605	70606	1
chrXVI	70629	70630	1
chrXVI	76839	76840	1
chrXVI	80392	80393	2
chrXVI	82979	82980	1
chrXVI	84976	84977	3
chrXVI	92159	92160	4
chrXVI	92251	92252	4
chrXVI	95033	95034	3
chrXVI	103497	103498	1
chrXVI	103547	103548	1
chrXVI	106164	106165	3
chrXVI	124607	124608	4
chrXVI	124641	124642	1
chrXVI	124643	124644	2
chrXVI	125824	125825	1
chrXVI	125968	125969	4
chrXVI	126195	126196	2
chrXVI	129315	129316	3
chrXVI	136851	136852	1
chrXVI	148138	148139	1
chrXVI	150305	150306	2
chrXVI	154453	154454	1
chrXVI	160393	160394	1
chrXVI	160485	160486	3
chrXVI	160492	160493	1
chrXVI	160497	160498	3
chrXVI	162090	162091	2
chrXVI	162141	162142	3
chrXVI	162188	162189	1
chrXVI	162839	162840	1
chrXVI	164311	164312	1
chrXVI	164883	164884	1
chrXVI	166652	166653	2
chrXVI	179724	179725	2
chrXVI	180716	180717	1
chrXVI	180717	180718	4
chrXVI	180753	180754	1
chrXVI	181023	181024	1
chrXVI	181027	181028	2
chrXVI	181028	181029	1
chrXVI	195890	195891	1
chrXVI	204107	204108	5
chrXVI	204119	204120	1
chrXVI	217657	217658	1
chrXVI	228692	228693	1
chrXVI	236649	236650	3
chrXVI	236997	236998	2
chrXVI	246680	246681	4
chrXVI	249633	249634	2
chrXVI	249655	249656	1
chrXVI	252174	252175	1
chrXVI	254690	254691	1
chrXVI	262594	262595	1
chrXVI	272835	272836	4
chrXVI	279650	279651	1
chrXVI	282289	282290	3
chrXVI	296202	296203	2
chrXVI	296206	296207	2
chrXVI	296228	296229	3
chrXVI	298966	298967	1
chrXVI	298991	298992	1
chrXVI	302967	302968	1
chrXVI	310797	310798	1
chrXVI	321394	321396	1
chrXVI	321920	321921	1
chrXVI	321921	321922	2
chrXVI	324283	324284	1
chrXVI	325013	325014	3
chrXVI	332502	332503	1
chrXVI	334588	334590	1
chrXVI	335847	335848	1
chrXVI	336185	336186	1
chrXVI	336375	336376	1
chrXVI	339270	339271	5
chrXVI	341796	341797	1
chrXVI	345339	345340	1
chrXVI	351317	351318	2
chrXVI	360585	360586	4
chrXVI	360586	360587	1
chrXVI	360587	360588	2
chrXVI	360597	360598	2
chrXVI	360599	360600	1
chrXVI	360600	360601	2
chrXVI	360657	360658	1
chrXVI	366048	366049	1
chrXVI	372583	372584	1
chrXVI	373940	373941	1
chrXVI	388104	388105	1
chrXVI	388178	388179	1
chrXVI	390718	390719	1
chrXVI	400088	400089	1
chrXVI	402821	402822	4
chrXVI	402941	402942	1
chrXVI	403824	403825	2
chrXVI	408534	408535	4
chrXVI	415047	415048	2
chrXVI	425368	425369	2
chrXVI	425653	425654	1
chrXVI	427169	427170	1
chrXVI	433230	433231	1
chrXVI	433779	433780	4
chrXVI	448177	448178	1
chrXVI	457960	457961	3
chrXVI	460215	460216	1
chrXVI	460303	460304	1
chrXVI	470039	470040	1
chrXVI	479441	479443	1
chrXVI	479443	479444	2
chrXVI	479488	479489	1
chrXVI	480917	480918	2
chrXVI	503410	503411	1
chrXVI	506441	506442	1
chrXVI	506443	506444	2
chrXVI	506968	506969	2
chrXVI	509030	509031	1
chrXVI	510070	510071	1
chrXVI	511622	511623	2
chrXVI	514322	514323	5
chrXVI	517390	517391	1
chrXVI	522573	522574	1
chrXVI	524648	524649	1
chrXVI	526235	526236	3
chrXVI	526976	526977	3
chrXVI	530480	530481	2
chrXVI	530563	530564	2
chrXVI	538308	538309	1
chrXVI	543386	543387	2
chrXVI	549580	549581	1
chrXVI	555019	555020	1
chrXVI	555633	555634	1
chrXVI	558739	558740	1
chrXVI	572293	572294	3
chrXVI	584322	584323	1
chrXVI	584333	584334	1
chrXVI	591528	591529	1
chrXVI	591542	591543	2
chrXVI	592365	592366	2
chrXVI	596928	596929	1
chrXVI	603416	603417	1
chrXVI	610893	610894	2
chrXVI	620855	620856	2
chrXVI	622165	622166	3
chrXVI	628297	628298	1
chrXVI	635608	635609	3
chrXVI	635881	635882	1
chrXVI	636012	636013	3
chrXVI	636177	636178	1
chrXVI	639898	639899	4
chrXVI	640519	640520	1
chrXVI	640642	640643	3
chrXVI	640661	640662	4
chrXVI	649528	649529	1
chrXVI	655621	655622	1
chrXVI	668206	668207	2
chrXVI	681083	681084	1
chrXVI	681427	681428	3
chrXVI	687791	687792	1
chrXVI	691779	691780	3
chrXVI	691803	691804	1
chrXVI	691804	691805	2
chrXVI	696872	696873	1
chrXVI	697071	697072	1
chrXVI	697132	697133	6
chrXVI	697140	697141	3
chrXVI	699590	699591	1
chrXVI	705088	705089	2
chrXVI	707898	707899	3
chrXVI	707908	707909	2
chrXVI	707985	707986	1
chrXVI	710154	710155	1
chrXVI	710440	710441	1
chrXVI	716085	716086	1
chrXVI	719072	719073	2
chrXVI	722620	722621	1
chrXVI	731990	731991	1
chrXVI	737388	737389	1
chrXVI	742849	742850	1
chrXVI	747421	747422	3
chrXVI	748275	748276	2
chrXVI	748341	748342	1
chrXVI	751375	751377	1
chrXVI	756474	756475	1
chrXVI	762411	762412	3
chrXVI	763380	763381	4
chrXVI	764048	764049	1
chrXVI	791126	791127	1
chrXVI	791376	791377	1
chrXVI	794708	794709	1
chrXVI	794709	794710	3
chrXVI	795048	795049	1
chrXVI	798576	798577	1
chrXVI	798577	798578	3
chrXVI	798619	798620	4
chrXVI	798628	798629	2
chrXVI	798643	798644	1
chrXVI	798644	798645	2
chrXVI	798686	798687	1
chrXVI	814565	814566	1
chrXVI	815315	815316	2
chrXVI	815410	815411	1
chrXVI	820923	820924	4
chrXVI	874226	874227	3
chrXVI	879262	879263	5
chrXVI	884066	884067	1
chrXVI	888060	888061	1
chrXVI	889035	889036	1
chrXVI	889105	889106	3
chrXVI	892291	892292	2
chrXVI	901784	901785	1
chrXVI	903202	903203	2
chrXVI	913481	913482	4
chrXVI	913533	913534	1
chrXVI	920108	920109	1
chrXVI	936675	936676	2
chrXVI	940977	940978	1
chrXVI	941652	941653	2
chrM	517	518	1
chrM	524	525	3
chrM	537	538	1
chrM	1517	1518	1
chrM	1986	1987	1
chrM	2197	2198	1
chrM	3108	3109	4
chrM	3765	3766	2
chrM	3851	3852	1
chrM	4586	4587	3
chrM	4589	4590	1
chrM	4922	4923	1
chrM	4932	4933	2
chrM	4948	4949	1
chrM	4962	4963	1
chrM	5435	5436	1
chrM	6169	6170	2
chrM	6177	6178	5
chrM	6191	6192	2
chrM	6192	6193	4
chrM	6211	6212	1
chrM	6215	6216	2
chrM	6234	6235	1
chrM	6235	6236	7
chrM	6236	6237	1
chrM	6242	6243	4
chrM	6971	6972	5
chrM	7214	7215	3
chrM	7275	7276	1
chrM	7333	7334	1
chrM	7393	7395	1
chrM	7399	7400	3
chrM	7412	7413	2
chrM	7415	7416	1
chrM	7426	7427	6
chrM	7428	7429	2
chrM	7450	7451	2
chrM	7483	7484	1
chrM	7497	7498	1
chrM	7503	7504	2
chrM	7512	7513	1
chrM	7519	7520	2
chrM	7526	7527	3
chrM	7533	7534	1
chrM	7537	7538	1
chrM	7539	7540	1
chrM	7541	7542	4
chrM	7543	7544	7
chrM	7544	7545	2
chrM	7547	7548	1
chrM	7549	7550	1
chrM	7551	7552	1
chrM	7554	7555	1
chrM	7557	7558	3
chrM	7560	7561	2
chrM	7565	7566	1
chrM	7566	7567	2
chrM	7572	7573	2
chrM	7576	7577	1
chrM	7645	7646	1
chrM	7659	7660	5
chrM	7669	7670	7
chrM	7705	7706	3
chrM	7786	7787	1
chrM	7813	7814	1
chrM	8031	8032	3
chrM	8040	8041	1
chrM	8058	8059	3
chrM	8163	8164	1
chrM	8177	8178	1
chrM	8886	8887	1
chrM	9963	9964	1
chrM	10433	10434	1
chrM	10435	10436	1
chrM	10443	10444	1
chrM	10447	10448	4
chrM	10448	10449	1
chrM	10671	10672	3
chrM	10673	10674	1
chrM	10997	10998	1
chrM	11000	11001	3
chrM	11002	11003	1
chrM	11014	11015	1
chrM	11100	11101	1
chrM	11108	11109	2
chrM	11472	11473	2
chrM	12551	12552	1
chrM	13123	13124	1
chrM	13827	13828	1
chrM	13851	13852	2
chrM	13852	13853	4
chrM	13853	13854	1
chrM	13897	13898	1
chrM	13901	13902	3
chrM	13903	13904	1
chrM	13905	13906	5
chrM	13907	13908	1
chrM	13911	13912	1
chrM	13943	13944	2
chrM	13952	13953	1
chrM	13994	13995	1
chrM	14001	14002	1
chrM	14014	14015	2
chrM	14020	14021	3
chrM	14030	14031	3
chrM	14043	14044	1
chrM	14052	14053	1
chrM	14058	14059	1
chrM	14065	14066	1
chrM	14066	14067	4
chrM	14086	14087	3
chrM	14094	14095	6
chrM	14097	14098	2
chrM	14102	14103	8
chrM	14103	14104	4
chrM	14114	14115	1
chrM	14115	14116	9
chrM	14153	14154	1
chrM	14157	14158	1
chrM	14159	14160	1
chrM	14160	14161	3
chrM	14179	14180	4
chrM	14188	14189	1
chrM	14285	14286	1
chrM	14291	14292	1
chrM	14531	14532	2
chrM	14548	14549	1
chrM	14645	14646	2
chrM	14648	14649	2
chrM	14658	14659	1
chrM	14686	14687	1
chrM	14687	14688	7
chrM	14697	14698	1
chrM	14737	14738	1
chrM	14738	14739	8
chrM	14868	14869	1
chrM	14913	14914	2
chrM	14924	14926	1
chrM	14938	14939	2
chrM	14949	14950	2
chrM	15008	15009	2
chrM	15027	15028	2
chrM	15137	15138	2
chrM	15150	15151	2
chrM	15221	15222	1
chrM	15248	15249	1
chrM	15269	15270	3
chrM	15325	15326	1
chrM	15326	15327	2
chrM	15330	15331	2
chrM	15332	15333	3
chrM	15386	15387	1
chrM	15504	15505	1
chrM	15513	15515	1
chrM	15521	15522	1
chrM	15527	15529	1
chrM	15536	15537	1
chrM	15540	15541	1
chrM	15602	15603	2
chrM	15617	15618	1
chrM	15641	15642	1
chrM	15652	15653	1
chrM	15656	15657	1
chrM	15990	15991	2
chrM	16001	16002	1
chrM	16046	16047	3
chrM	16052	16053	1
chrM	16340	16341	2
chrM	16355	16356	1
chrM	16373	16374	3
chrM	16400	16401	4
chrM	16457	16458	1
chrM	16495	16496	1
chrM	16506	16507	1
chrM	16507	16508	4
chrM	16510	16511	2
chrM	16622	16623	1
chrM	16671	16672	1
chrM	16829	16830	1
chrM	16839	16841	1
chrM	17015	17016	1
chrM	17017	17018	2
chrM	17019	17020	2
chrM	17023	17024	2
chrM	17037	17038	2
chrM	17038	17039	6
chrM	17053	17054	3
chrM	17055	17056	2
chrM	17062	17063	2
chrM	17066	17067	1
chrM	17075	17076	2
chrM	17095	17096	1
chrM	17096	17097	2
chrM	17103	17104	4
chrM	17114	17115	2
chrM	17188	17189	1
chrM	17198	17199	2
chrM	17282	17283	1
chrM	17321	17322	1
chrM	17388	17389	1
chrM	17429	17430	3
chrM	17596	17597	1
chrM	17600	17601	2
chrM	17609	17610	2
chrM	17654	17655	1
chrM	17687	17688	1
chrM	17774	17775	3
chrM	17777	17778	1
chrM	17793	17794	1
chrM	17810	17811	1
chrM	17884	17885	2
chrM	17885	17886	1
chrM	17889	17890	1
chrM	17972	17973	2
chrM	17990	17991	5
chrM	17994	17995	3
chrM	18036	18037	5
chrM	18038	18039	4
chrM	18046	18047	3
chrM	18070	18071	2
chrM	18084	18085	1
chrM	18087	18088	4
chrM	18171	18172	1
chrM	18293	18294	1
chrM	18663	18664	1
chrM	18830	18831	3
chrM	18976	18977	1
chrM	19099	19100	1
chrM	19105	19106	1
chrM	19155	19156	1
chrM	19156	19157	15
chrM	19162	19163	1
chrM	19174	19175	1
chrM	19264	19265	1
chrM	19266	19267	1
chrM	19273	19274	1
chrM	19387	19388	1
chrM	19401	19403	1
chrM	19423	19424	2
chrM	19475	19476	2
chrM	19480	19481	1
chrM	19483	19484	1
chrM	19492	19493	1
chrM	19501	19502	2
chrM	19520	19521	1
chrM	19547	19548	1
chrM	19555	19556	1
chrM	19582	19583	1
chrM	19602	19603	2
chrM	19614	19615	1
chrM	19654	19655	2
chrM	19687	19688	2
chrM	19699	19700	1
chrM	19855	19856	5
chrM	19909	19910	3
chrM	19914	19915	8
chrM	19924	19925	1
chrM	19927	19928	6
chrM	19930	19931	5
chrM	19933	19934	3
chrM	19968	19969	1
chrM	20033	20034	1
chrM	20100	20101	3
chrM	20240	20241	1
chrM	20506	20507	1
chrM	20514	20515	1
chrM	21154	21156	1
chrM	21248	21249	1
chrM	21262	21263	1
chrM	21298	21299	1
chrM	21308	21309	2
chrM	21310	21311	1
chrM	21313	21314	2
chrM	21320	21321	3
chrM	21382	21383	1
chrM	21396	21399	1
chrM	21432	21433	1
chrM	21435	21436	1
chrM	21507	21508	1
chrM	21511	21512	3
chrM	21515	21516	5
chrM	21528	21529	1
chrM	21534	21535	3
chrM	21541	21542	2
chrM	21649	21650	1
chrM	21761	21762	1
chrM	21798	21799	1
chrM	21821	21822	2
chrM	21847	21848	1
chrM	21895	21896	1
chrM	21953	21954	1
chrM	21956	21957	1
chrM	21957	21958	3
chrM	21968	21969	1
chrM	22430	22431	2
chrM	22507	22508	1
chrM	22582	22583	3
chrM	22597	22598	1
chrM	22980	22981	1
chrM	22983	22984	1
chrM	23636	23637	14
chrM	23643	23644	2
chrM	23661	23662	1
chrM	23670	23671	1
chrM	23721	23722	1
chrM	23728	23729	2
chrM	23734	23735	1
chrM	23742	23743	1
chrM	23778	23779	1
chrM	24265	24266	2
chrM	24269	24270	3
chrM	24297	24298	3
chrM	24417	24418	1
chrM	24424	24425	1
chrM	24459	24460	2
chrM	24654	24655	2
chrM	24679	24680	1
chrM	24797	24798	2
chrM	24848	24849	1
chrM	25009	25010	1
chrM	25016	25017	1
chrM	25066	25067	3
chrM	25067	25068	1
chrM	25120	25121	2
chrM	25139	25140	1
chrM	25210	25211	3
chrM	25341	25342	1
chrM	25349	25350	5
chrM	25357	25360	1
chrM	25414	25415	1
chrM	25488	25489	2
chrM	25515	25516	1
chrM	25542	25543	1
chrM	25569	25570	1
chrM	25929	25930	1
chrM	25953	25954	1
chrM	26007	26008	3
chrM	26019	26020	1
chrM	26183	26184	2
chrM	26188	26189	3
chrM	26193	26194	2
chrM	26203	26204	1
chrM	26216	26217	1
chrM	26224	26225	1
chrM	26258	26259	1
chrM	26266	26267	1
chrM	26360	26361	1
chrM	26366	26367	1
chrM	26575	26576	1
chrM	26599	26601	1
chrM	26659	26660	1
chrM	26662	26663	1
chrM	26670	26671	1
chrM	26682	26683	2
chrM	26693	26694	1
chrM	26695	26696	2
chrM	26700	26701	1
chrM	26701	26702	2
chrM	26821	26822	2
chrM	27136	27137	3
chrM	27221	27222	1
chrM	27281	27282	1
chrM	27315	27316	1
chrM	27325	27326	2
chrM	27416	27417	1
chrM	27516	27517	1
chrM	28652	28653	3
chrM	28954	28955	2
chrM	29454	29455	3
chrM	29543	29544	2
chrM	30588	30590	1
chrM	31057	31058	1
chrM	31612	31614	1
chrM	31645	31646	1
chrM	32285	32286	1
chrM	32288	32289	1
chrM	32498	32499	1
chrM	32918	32919	1
chrM	32996	32997	1
chrM	33218	33219	4
chrM	33229	33230	1
chrM	33230	33231	2
chrM	33231	33232	1
chrM	33235	33236	1
chrM	34040	34041	2
chrM	34043	34044	3
chrM	34049	34050	3
chrM	34073	34074	1
chrM	34080	34081	1
chrM	34295	34296	1
chrM	34411	34412	1
chrM	34420	34421	2
chrM	34490	34491	1
chrM	34512	34513	1
chrM	35072	35073	1
chrM	35132	35133	3
chrM	35141	35142	1
chrM	35146	35147	3
chrM	35161	35162	1
chrM	35163	35164	3
chrM	35174	35175	1
chrM	35175	35176	4
chrM	35740	35741	2
chrM	36248	36249	1
chrM	36567	36568	5
chrM	36570	36571	2
chrM	36609	36610	1
chrM	36836	36837	2
chrM	36863	36864	1
chrM	36869	36870	1
chrM	37280	37281	1
chrM	37293	37294	1
chrM	37300	37301	1
chrM	37305	37306	1
chrM	37311	37312	1
chrM	37334	37335	1
chrM	37344	37345	1
chrM	37354	37356	1
chrM	37489	37490	1
chrM	37539	37540	5
chrM	37584	37585	3
chrM	37601	37602	1
chrM	37610	37611	1
chrM	37617	37618	1
chrM	37663	37664	3
chrM	37677	37678	1
chrM	37690	37691	1
chrM	37711	37712	2
chrM	37718	37719	1
chrM	37907	37908	2
chrM	38037	38039	1
chrM	38042	38043	1
chrM	38063	38064	1
chrM	38123	38124	1
chrM	38251	38252	1
chrM	38259	38260	1
chrM	38314	38315	1
chrM	38362	38363	1
chrM	38480	38481	3
chrM	38507	38508	1
chrM	38510	38511	1
chrM	38517	38518	3
chrM	38540	38541	1
chrM	38544	38545	1
chrM	39039	39040	1
chrM	39045	39046	1
chrM	39169	39170	1
chrM	39187	39188	1
chrM	39205	39206	1
chrM	39209	39210	1
chrM	39223	39224	30
chrM	39250	39251	1
chrM	39290	39291	4
chrM	39355	39356	1
chrM	39405	39406	1
chrM	39511	39512	3
chrM	39688	39689	1
chrM	39701	39702	1
chrM	39727	39728	1
chrM	39728	39729	3
chrM	39806	39807	1
chrM	39945	39946	1
chrM	39948	39949	1
chrM	39951	39952	1
chrM	40114	40115	1
chrM	40119	40120	1
chrM	40124	40125	4
chrM	40788	40789	1
chrM	40797	40798	1
chrM	40806	40807	1
chrM	40866	40867	3
chrM	40870	40871	1
chrM	40880	40882	1
chrM	40889	40890	1
chrM	40912	40913	4
chrM	40927	40928	1
chrM	40982	40983	1
chrM	41097	41098	1
chrM	41381	41383	2
chrM	41383	41384	1
chrM	41387	41388	2
chrM	41388	41389	4
chrM	41391	41392	1
chrM	41413	41414	1
chrM	41414	41415	2
chrM	41421	41422	1
chrM	41426	41427	1
chrM	41430	41431	1
chrM	41434	41435	2
chrM	41435	41436	1
chrM	41438	41439	2
chrM	41584	41585	1
chrM	41591	41592	2
chrM	41595	41596	3
chrM	41613	41614	1
chrM	41708	41709	1
chrM	41709	41710	2
chrM	41721	41722	1
chrM	41836	41837	4
chrM	41837	41838	3
chrM	41905	41906	3
chrM	41929	41930	5
chrM	41948	41949	2
chrM	41949	41950	4
chrM	41961	41962	2
chrM	41969	41970	1
chrM	42014	42016	1
chrM	42257	42258	1
chrM	42259	42260	1
chrM	42266	42267	1
chrM	42278	42279	2
chrM	42294	42295	2
chrM	42363	42364	2
chrM	42369	42370	3
chrM	42370	42371	2
chrM	42415	42416	1
chrM	42836	42837	5
chrM	42868	42869	3
chrM	42873	42874	3
chrM	42875	42876	1
chrM	43002	43003	1
chrM	43008	43009	3
chrM	43019	43020	2
chrM	43024	43025	1
chrM	43025	43026	3
chrM	43033	43034	1
chrM	43122	43123	1
chrM	43145	43146	1
chrM	43487	43488	1
chrM	43497	43498	1
chrM	43498	43499	2
chrM	43500	43501	1
chrM	43515	43516	2
chrM	43568	43569	1
chrM	44181	44182	1
chrM	44250	44251	2
chrM	44252	44253	6
chrM	44257	44258	1
chrM	44262	44263	3
chrM	44265	44266	1
chrM	44721	44722	6
chrM	44735	44737	1
chrM	44739	44740	1
chrM	44745	44746	1
chrM	44872	44873	1
chrM	45059	45060	1
chrM	45174	45175	1
chrM	45228	45229	1
chrM	45358	45359	2
chrM	45400	45401	1
chrM	45606	45607	1
chrM	46526	46527	1
chrM	46757	46758	2
chrM	46763	46764	1
chrM	46765	46766	1
chrM	46768	46769	2
chrM	46785	46786	5
chrM	46799	46800	1
chrM	46815	46816	1
chrM	48221	48222	3
chrM	48258	48259	1
chrM	48261	48262	6
chrM	48262	48263	2
chrM	48265	48266	2
chrM	48269	48270	1
chrM	48273	48274	1
chrM	48298	48299	1
chrM	48302	48303	1
chrM	48365	48366	1
chrM	48904	48905	4
chrM	48964	48965	1
chrM	49031	49032	2
chrM	49049	49050	1
chrM	49109	49110	1
chrM	49113	49114	1
chrM	49115	49116	2
chrM	49547	49548	1
chrM	49638	49639	1
chrM	49952	49953	4
chrM	49969	49970	3
chrM	50120	50123	1
chrM	50126	50127	2
chrM	50170	50171	1
chrM	50412	50413	1
chrM	50418	50419	1
chrM	50421	50422	1
chrM	50426	50427	2
chrM	50731	50732	1
chrM	50748	50749	2
chrM	51246	51247	4
chrM	52277	52278	2
chrM	52280	52281	1
chrM	52283	52284	1
chrM	52289	52290	1
chrM	52294	52295	6
chrM	52298	52300	1
chrM	52825	52826	1
chrM	53128	53129	1
chrM	53153	53154	1
chrM	53505	53506	1
chrM	53644	53645	2
chrM	53645	53647	1
chrM	53661	53662	1
chrM	53662	53663	2
chrM	53663	53664	1
chrM	53678	53680	1
chrM	53681	53682	2
chrM	53696	53697	2
chrM	53697	53698	1
chrM	53729	53730	9
chrM	53730	53731	12
chrM	53731	53732	2
chrM	53736	53737	3
chrM	53740	53741	6
chrM	53741	53742	2
chrM	53746	53747	2
chrM	53750	53751	2
chrM	53752	53753	3
chrM	53754	53757	1
chrM	53757	53758	8
chrM	53758	53759	1
chrM	53764	53765	1
chrM	53766	53767	1
chrM	53767	53768	5
chrM	53769	53771	1
chrM	53774	53776	1
chrM	53777	53778	1
chrM	53864	53865	1
chrM	54668	54670	2
chrM	54810	54811	2
chrM	54814	54815	1
chrM	54821	54822	1
chrM	54828	54829	5
chrM	54880	54881	1
chrM	55004	55005	2
chrM	55005	55006	3
chrM	55204	55205	1
chrM	55470	55472	3
chrM	55475	55476	1
chrM	55478	55479	1
chrM	55481	55482	3
chrM	55536	55537	1
chrM	55546	55547	2
chrM	55554	55555	6
chrM	55557	55558	1
chrM	55570	55571	1
chrM	55576	55577	1
chrM	55583	55584	2
chrM	56062	56063	1
chrM	57039	57040	1
chrM	58093	58094	2
chrM	58195	58196	4
chrM	58616	58617	1
chrM	58624	58625	1
chrM	58626	58627	2
chrM	58628	58629	1
chrM	58634	58635	1
chrM	58646	58647	1
chrM	58653	58654	6
chrM	58656	58657	2
chrM	58666	58667	1
chrM	58668	58669	3
chrM	58676	58677	1
chrM	58680	58681	2
chrM	58684	58685	5
chrM	58685	58686	3
chrM	58686	58687	1
chrM	58689	58690	1
chrM	58690	58691	5
chrM	58691	58692	2
chrM	58697	58699	1
chrM	58699	58700	4
chrM	58701	58703	1
chrM	58703	58704	4
chrM	58707	58708	1
chrM	58709	58710	3
chrM	58710	58711	4
chrM	58712	58713	2
chrM	58714	58715	3
chrM	58716	58718	2
chrM	58719	58720	1
chrM	58722	58723	1
chrM	58723	58724	7
chrM	58724	58725	2
chrM	58727	58728	1
chrM	58728	58729	4
chrM	58729	58730	3
chrM	58731	58732	2
chrM	58733	58734	5
chrM	58735	58736	2
chrM	58737	58738	4
chrM	58741	58742	1
chrM	58753	58754	2
chrM	58817	58818	3
chrM	58896	58897	4
chrM	58897	58898	3
chrM	58915	58916	2
chrM	58917	58918	1
chrM	58928	58929	2
chrM	58941	58942	1
chrM	58945	58946	1
chrM	58947	58948	1
chrM	59019	59021	2
chrM	59328	59329	1
chrM	59784	59785	1
chrM	60855	60856	9
chrM	60885	60886	1
chrM	60887	60888	1
chrM	60903	60904	1
chrM	60928	60929	2
chrM	60942	60943	4
chrM	60943	60944	5
chrM	60947	60948	2
chrM	60955	60956	1
chrM	61150	61151	4
chrM	61158	61159	4
chrM	61162	61163	2
chrM	61163	61164	1
chrM	61166	61167	2
chrM	61177	61178	2
chrM	61186	61187	3
chrM	61215	61216	1
chrM	61217	61220	1
chrM	61221	61222	1
chrM	61285	61286	1
chrM	61297	61298	1
chrM	61382	61383	1
chrM	61394	61395	1
chrM	61398	61399	1
chrM	61459	61460	1
chrM	61468	61470	1
chrM	61478	61480	1
chrM	61486	61487	1
chrM	61582	61583	3
chrM	61590	61591	6
chrM	61673	61674	3
chrM	61685	61686	1
chrM	61692	61693	1
chrM	61814	61815	1
chrM	61820	61821	1
chrM	61822	61823	1
chrM	61838	61839	4
chrM	61880	61881	1
chrM	61882	61883	4
chrM	61888	61889	1
chrM	61891	61892	2
chrM	61893	61894	2
chrM	61926	61927	1
chrM	61948	61949	1
chrM	61952	61953	1
chrM	61984	61985	1
chrM	61990	61991	1
chrM	62008	62009	3
chrM	62289	62290	1
chrM	62438	62439	2
chrM	62444	62445	1
chrM	62876	62877	1
chrM	63398	63399	1
chrM	63577	63578	1
chrM	63621	63622	2
chrM	63665	63666	1
chrM	63666	63667	3
chrM	63667	63669	1
chrM	63675	63677	1
chrM	63679	63680	1
chrM	64131	64132	1
chrM	64569	64570	1
chrM	64875	64876	1
chrM	65067	65069	1
chrM	65082	65083	1
chrM	65083	65084	2
chrM	65099	65100	2
chrM	65102	65103	1
chrM	65528	65529	2
chrM	65947	65948	5
chrM	65970	65971	1
chrM	66117	66118	3
chrM	66236	66237	1
chrM	66658	66659	1
chrM	66699	66700	1
chrM	66879	66880	6
chrM	66882	66883	1
chrM	66901	66902	1
chrM	67114	67115	2
chrM	67115	67116	1
chrM	67117	67118	1
chrM	67119	67120	2
chrM	67128	67129	5
chrM	67130	67131	1
chrM	67339	67340	8
chrM	67395	67396	1
chrM	67960	67961	1
chrM	67961	67962	2
chrM	68638	68639	1
chrM	68639	68640	2
chrM	68706	68707	3
chrM	68979	68980	3
chrM	69347	69348	1
chrM	69720	69721	1
chrM	69913	69914	1
chrM	70161	70162	1
chrM	70183	70184	3
chrM	70192	70193	1
chrM	70205	70206	1
chrM	70211	70212	4
chrM	70490	70491	1
chrM	72226	72227	1
chrM	72228	72229	2
chrM	72687	72688	2
chrM	72688	72689	1
chrM	72698	72699	1
chrM	72779	72780	1
chrM	72788	72789	1
chrM	72794	72795	5
chrM	73023	73024	3
chrM	73028	73029	1
chrM	73035	73036	4
chrM	73076	73077	1
chrM	73085	73086	1
chrM	73241	73242	4
chrM	73473	73474	1
chrM	73475	73476	1
chrM	73479	73480	5
chrM	73484	73485	3
chrM	73490	73491	2
chrM	73506	73507	5
chrM	73515	73516	4
chrM	74017	74018	1
chrM	74121	74122	1
chrM	74190	74191	2
chrM	74195	74196	1
chrM	74213	74214	1
chrM	74216	74217	1
chrM	74219	74220	2
chrM	74222	74223	1
chrM	74232	74233	1
chrM	74241	74242	1
chrM	74244	74245	1
chrM	74248	74249	4
chrM	74250	74251	1
chrM	74263	74264	1
chrM	74283	74284	1
chrM	74291	74292	1
chrM	74306	74307	1
chrM	74312	74313	1
chrM	74323	74324	2
chrM	74325	74326	1
chrM	74328	74331	1
chrM	74385	74386	1
chrM	74441	74442	1
chrM	74740	74741	1
chrM	74853	74854	1
chrM	74920	74921	4
chrM	74930	74931	2
chrM	74940	74941	2
chrM	74954	74955	2
chrM	74959	74960	2
chrM	74961	74962	2
chrM	74963	74964	2
chrM	75131	75132	2
chrM	75185	75186	2
chrM	75194	75195	1
chrM	75199	75200	1
chrM	75218	75219	4
chrM	75259	75260	2
chrM	75263	75264	1
chrM	75851	75852	3
chrM	75854	75855	1
chrM	75955	75956	1
chrM	75968	75969	3
chrM	76682	76683	2
chrM	77717	77718	1
chrM	77737	77738	4
chrM	77738	77739	1
chrM	77751	77752	2
chrM	78097	78098	1
chrM	78098	78099	3
chrM	78941	78942	1
chrM	80186	80187	1
chrM	80349	80350	1
chrM	80358	80359	2
chrM	80534	80535	4
chrM	80594	80595	1
chrM	81053	81054	1
chrM	81148	81149	1
chrM	81157	81158	1
chrM	81750	81751	1
chrM	81753	81754	1
chrM	81755	81756	2
chrM	81757	81759	2
chrM	81760	81761	1
chrM	81771	81772	1
chrM	81773	81774	1
chrM	81779	81780	1
chrM	81782	81783	1
chrM	81790	81791	2
chrM	83050	83051	3
chrM	83316	83317	2
chrM	83328	83329	2
chrM	83329	83330	1
chrM	83664	83665	1
chrM	84195	84196	1
chrM	84204	84205	2
chrM	84205	84206	1
chrM	84209	84210	1
chrM	84213	84214	5
chrM	84251	84252	1
chrM	84254	84255	1
chrM	84540	84541	1
chrM	84545	84546	1
chrM	84557	84558	3
chrM	84561	84562	1
chrM	84747	84748	3
chrM	84749	84750	4
chrM	84750	84751	1
chrM	84754	84755	5
chrM	84756	84757	1
chrM	84764	84765	1
chrM	84776	84777	1
chrM	84778	84779	1
chrM	85605	85606	1
