2micron	102	103	1
2micron	183	184	3
2micron	266	267	1
2micron	284	285	1
2micron	289	290	1
2micron	291	292	2
2micron	292	293	1
2micron	295	296	3
2micron	378	379	1
2micron	410	411	2
2micron	496	497	3
2micron	682	683	1
2micron	687	688	1
2micron	696	697	4
2micron	702	703	3
2micron	756	757	4
2micron	758	759	5
2micron	1226	1227	1
2micron	2127	2128	1
2micron	2143	2144	1
2micron	2147	2148	1
2micron	2163	2164	1
2micron	2642	2643	1
2micron	2691	2692	1
2micron	2716	2717	3
2micron	6171	6172	2
2micron	6178	6179	1
2micron	6179	6180	4
2micron	6181	6182	2
2micron	6262	6263	3
chrI	10670	10671	5
chrI	14798	14799	1
chrI	18597	18598	1
chrI	28787	28788	1
chrI	28804	28805	1
chrI	40722	40723	1
chrI	40889	40890	3
chrI	40895	40896	3
chrI	48109	48110	3
chrI	53657	53658	2
chrI	56106	56107	2
chrI	64020	64021	3
chrI	65961	65962	1
chrI	73092	73093	1
chrI	73189	73190	2
chrI	81570	81571	4
chrI	82371	82372	5
chrI	82401	82402	1
chrI	88915	88916	1
chrI	89348	89349	1
chrI	93038	93039	1
chrI	97142	97143	1
chrI	98570	98571	1
chrI	98755	98756	1
chrI	102563	102564	4
chrI	103641	103642	1
chrI	104234	104235	1
chrI	110062	110063	4
chrI	114149	114150	1
chrI	114328	114329	1
chrI	116868	116869	1
chrI	128654	128655	3
chrI	128665	128666	1
chrI	137050	137051	1
chrI	155451	155452	1
chrI	156246	156247	3
chrI	156247	156248	1
chrI	159733	159734	2
chrI	174518	174519	2
chrI	178038	178039	1
chrI	182018	182019	2
chrI	191716	191717	2
chrI	191877	191878	1
chrI	191901	191902	1
chrI	191974	191975	2
chrI	192048	192049	1
chrI	192051	192052	1
chrI	192054	192055	2
chrI	192752	192753	5
chrI	198705	198706	2
chrI	230133	230134	2
chrII	11777	11778	1
chrII	14367	14368	2
chrII	17597	17598	1
chrII	19094	19095	1
chrII	22381	22382	1
chrII	27337	27338	1
chrII	27345	27346	1
chrII	27427	27429	2
chrII	28238	28239	2
chrII	28711	28712	1
chrII	44556	44557	3
chrII	44832	44833	1
chrII	46568	46569	1
chrII	46606	46607	2
chrII	46765	46766	1
chrII	46893	46894	8
chrII	49835	49836	1
chrII	51147	51148	1
chrII	57764	57765	4
chrII	61409	61410	1
chrII	61419	61420	1
chrII	62834	62835	4
chrII	62835	62836	1
chrII	65735	65736	2
chrII	73166	73167	1
chrII	78702	78703	3
chrII	84764	84765	1
chrII	86976	86977	2
chrII	92837	92838	4
chrII	97845	97846	1
chrII	98506	98507	1
chrII	113786	113787	2
chrII	117580	117581	2
chrII	135737	135738	1
chrII	135813	135814	3
chrII	137047	137048	1
chrII	148918	148919	1
chrII	153272	153273	1
chrII	157583	157584	2
chrII	157591	157592	1
chrII	166769	166770	1
chrII	166881	166882	1
chrII	170210	170211	1
chrII	171115	171116	1
chrII	181383	181384	1
chrII	190509	190510	2
chrII	190982	190983	5
chrII	199042	199043	1
chrII	232892	232893	2
chrII	240374	240375	2
chrII	241684	241685	1
chrII	243491	243492	1
chrII	250474	250475	1
chrII	254011	254012	3
chrII	259004	259005	1
chrII	266492	266493	3
chrII	271982	271983	2
chrII	272489	272490	2
chrII	297536	297537	1
chrII	298406	298407	1
chrII	303372	303373	3
chrII	303570	303571	4
chrII	303584	303585	1
chrII	305252	305253	1
chrII	321563	321564	2
chrII	322461	322462	1
chrII	330524	330525	1
chrII	332450	332451	4
chrII	336434	336435	2
chrII	364313	364314	1
chrII	364330	364331	3
chrII	364331	364332	1
chrII	367060	367061	1
chrII	370763	370764	1
chrII	373182	373183	2
chrII	378158	378159	1
chrII	379914	379915	1
chrII	388003	388004	1
chrII	391970	391972	1
chrII	392169	392170	2
chrII	392590	392591	1
chrII	402630	402631	1
chrII	407930	407931	2
chrII	411819	411820	2
chrII	417482	417483	1
chrII	420396	420397	1
chrII	423554	423555	3
chrII	423555	423556	1
chrII	427212	427213	1
chrII	428400	428401	1
chrII	441921	441922	1
chrII	443991	443992	1
chrII	445925	445926	2
chrII	446395	446396	6
chrII	451352	451353	2
chrII	454969	454970	1
chrII	462077	462078	1
chrII	466495	466496	4
chrII	466565	466566	1
chrII	466577	466578	1
chrII	469137	469138	1
chrII	473136	473137	1
chrII	473844	473845	4
chrII	493085	493086	1
chrII	495919	495920	1
chrII	505608	505609	2
chrII	513955	513956	1
chrII	517049	517050	4
chrII	517086	517087	2
chrII	519717	519718	6
chrII	519788	519789	2
chrII	521386	521387	3
chrII	524477	524478	1
chrII	528788	528789	1
chrII	536010	536011	1
chrII	545123	545124	2
chrII	545429	545430	3
chrII	546254	546255	1
chrII	548337	548338	2
chrII	561139	561140	1
chrII	561722	561723	1
chrII	567017	567018	2
chrII	570774	570775	1
chrII	572880	572881	2
chrII	573961	573962	3
chrII	574264	574265	2
chrII	575595	575596	3
chrII	575605	575606	3
chrII	576990	576991	1
chrII	579238	579239	3
chrII	581841	581842	5
chrII	582478	582479	1
chrII	585004	585005	1
chrII	588491	588492	2
chrII	592500	592501	1
chrII	593759	593760	1
chrII	596385	596386	1
chrII	597972	597973	5
chrII	597973	597974	2
chrII	604533	604534	1
chrII	608943	608944	2
chrII	609240	609241	5
chrII	609329	609330	1
chrII	615037	615038	1
chrII	627958	627959	1
chrII	627984	627985	1
chrII	630659	630660	1
chrII	630732	630733	4
chrII	633140	633141	1
chrII	633204	633205	4
chrII	633253	633254	3
chrII	633306	633307	1
chrII	633399	633400	1
chrII	640206	640207	1
chrII	644993	644994	5
chrII	644994	644995	1
chrII	645808	645809	2
chrII	653009	653010	2
chrII	655984	655985	1
chrII	669508	669509	1
chrII	674092	674093	1
chrII	674139	674140	2
chrII	674214	674215	4
chrII	674507	674508	2
chrII	677643	677644	3
chrII	681785	681786	3
chrII	682843	682844	1
chrII	682845	682846	1
chrII	682872	682873	1
chrII	682903	682904	1
chrII	682927	682928	1
chrII	682929	682930	1
chrII	685459	685460	1
chrII	691202	691203	1
chrII	691253	691254	3
chrII	691263	691264	1
chrII	691266	691267	3
chrII	693455	693456	1
chrII	698897	698898	3
chrII	701736	701737	2
chrII	703180	703181	2
chrII	703181	703182	1
chrII	703221	703222	1
chrII	707297	707298	1
chrII	710775	710776	2
chrII	714285	714286	1
chrII	721386	721387	1
chrII	724389	724390	1
chrII	729650	729651	1
chrII	730479	730480	1
chrII	731050	731051	1
chrII	744225	744226	1
chrII	749303	749304	1
chrII	749586	749587	1
chrII	751641	751642	2
chrII	752131	752132	1
chrII	752247	752248	6
chrII	753194	753195	2
chrII	754366	754367	2
chrII	755265	755266	1
chrII	756485	756486	2
chrII	765052	765053	4
chrII	786460	786461	1
chrII	791266	791267	3
chrII	795922	795923	2
chrIII	18038	18039	1
chrIII	21969	21970	1
chrIII	35174	35175	4
chrIII	37194	37195	3
chrIII	37844	37845	4
chrIII	38621	38622	1
chrIII	47599	47600	1
chrIII	52858	52859	1
chrIII	52877	52878	3
chrIII	52891	52892	2
chrIII	52899	52900	1
chrIII	52921	52922	5
chrIII	52931	52932	4
chrIII	55553	55554	3
chrIII	57933	57934	1
chrIII	57960	57961	1
chrIII	62939	62940	1
chrIII	63204	63205	1
chrIII	69827	69828	3
chrIII	77502	77503	1
chrIII	77521	77522	1
chrIII	77527	77528	2
chrIII	77533	77534	5
chrIII	77538	77539	1
chrIII	77568	77569	3
chrIII	77585	77586	4
chrIII	93595	93596	1
chrIII	93602	93603	1
chrIII	93603	93604	2
chrIII	104626	104627	1
chrIII	106135	106136	1
chrIII	125940	125941	1
chrIII	126702	126703	1
chrIII	127704	127705	2
chrIII	127766	127767	3
chrIII	128269	128270	1
chrIII	128577	128578	3
chrIII	133999	134000	1
chrIII	141325	141326	2
chrIII	142388	142389	1
chrIII	156133	156134	1
chrIII	159452	159453	1
chrIII	169944	169945	3
chrIII	169946	169947	1
chrIII	173839	173840	4
chrIII	176652	176653	1
chrIII	180871	180872	2
chrIII	184484	184485	3
chrIII	187005	187006	1
chrIII	187012	187013	2
chrIII	187030	187031	3
chrIII	187095	187096	2
chrIII	190586	190587	1
chrIII	196630	196631	2
chrIII	196643	196644	2
chrIII	196644	196645	1
chrIII	197586	197587	1
chrIII	202087	202088	1
chrIII	203985	203986	2
chrIII	206658	206659	4
chrIII	211130	211131	1
chrIII	211160	211161	1
chrIII	211203	211204	3
chrIII	215149	215150	2
chrIII	215150	215151	1
chrIII	215207	215208	4
chrIII	217432	217433	1
chrIII	221143	221144	1
chrIII	221206	221207	3
chrIII	228972	228973	1
chrIII	232091	232092	1
chrIII	234812	234813	2
chrIII	240260	240261	1
chrIII	249588	249589	2
chrIII	249592	249593	3
chrIII	249720	249721	1
chrIII	252534	252535	4
chrIII	258755	258756	1
chrIII	267521	267522	1
chrIII	267532	267534	1
chrIII	268019	268020	1
chrIII	269367	269368	2
chrIII	270500	270501	1
chrIII	272453	272454	2
chrIII	272513	272514	2
chrIII	278664	278665	1
chrIII	286919	286920	2
chrIII	289605	289606	1
chrIII	291647	291648	1
chrIII	292599	292600	2
chrIII	301663	301664	2
chrIV	18911	18912	6
chrIV	21502	21503	1
chrIV	24467	24468	1
chrIV	24477	24478	3
chrIV	45939	45940	1
chrIV	47320	47321	2
chrIV	47422	47423	3
chrIV	53081	53082	1
chrIV	57509	57510	2
chrIV	57659	57660	2
chrIV	57683	57684	1
chrIV	57686	57687	1
chrIV	57696	57697	3
chrIV	57700	57701	2
chrIV	57712	57713	2
chrIV	62944	62945	1
chrIV	62963	62964	4
chrIV	63088	63089	1
chrIV	63932	63933	1
chrIV	73302	73303	1
chrIV	73682	73683	2
chrIV	73692	73693	3
chrIV	74632	74633	1
chrIV	82064	82065	1
chrIV	82105	82106	1
chrIV	82389	82390	1
chrIV	84081	84082	1
chrIV	104491	104492	1
chrIV	106343	106344	3
chrIV	107858	107859	1
chrIV	114590	114591	1
chrIV	114591	114592	3
chrIV	114592	114593	1
chrIV	124162	124163	3
chrIV	132700	132701	1
chrIV	135003	135004	1
chrIV	135691	135692	4
chrIV	139107	139108	1
chrIV	149412	149413	2
chrIV	149771	149772	3
chrIV	152475	152476	1
chrIV	156307	156308	1
chrIV	161734	161735	1
chrIV	164415	164416	1
chrIV	165790	165791	1
chrIV	175543	175544	1
chrIV	181131	181132	2
chrIV	186696	186697	1
chrIV	188425	188426	1
chrIV	190295	190296	3
chrIV	202284	202285	1
chrIV	227213	227214	2
chrIV	233083	233084	1
chrIV	238133	238134	1
chrIV	239632	239633	4
chrIV	239633	239634	1
chrIV	239635	239636	4
chrIV	249492	249493	2
chrIV	249493	249494	1
chrIV	249528	249529	1
chrIV	254652	254653	1
chrIV	255073	255074	1
chrIV	256976	256977	1
chrIV	263284	263285	1
chrIV	263869	263870	2
chrIV	267535	267536	2
chrIV	293672	293673	3
chrIV	295424	295425	1
chrIV	298772	298773	1
chrIV	324581	324582	1
chrIV	325841	325842	1
chrIV	327171	327172	1
chrIV	328024	328025	1
chrIV	329756	329757	1
chrIV	336253	336254	1
chrIV	336676	336677	1
chrIV	338209	338210	1
chrIV	340186	340187	5
chrIV	341955	341956	1
chrIV	342139	342140	4
chrIV	344659	344660	1
chrIV	362811	362812	2
chrIV	362838	362839	3
chrIV	362840	362841	1
chrIV	367236	367237	1
chrIV	371837	371838	2
chrIV	375966	375967	4
chrIV	376122	376123	2
chrIV	376123	376124	1
chrIV	381210	381211	2
chrIV	381510	381511	2
chrIV	381511	381512	1
chrIV	381558	381559	1
chrIV	388036	388037	2
chrIV	389207	389208	1
chrIV	389212	389213	2
chrIV	391945	391946	1
chrIV	391947	391948	2
chrIV	393664	393665	3
chrIV	397998	397999	2
chrIV	398293	398294	1
chrIV	400802	400803	3
chrIV	400899	400900	2
chrIV	402487	402488	1
chrIV	403150	403151	3
chrIV	403175	403176	5
chrIV	403176	403177	1
chrIV	403973	403976	1
chrIV	405868	405869	3
chrIV	409924	409925	1
chrIV	414044	414045	1
chrIV	415294	415295	3
chrIV	418645	418646	1
chrIV	420644	420645	1
chrIV	424525	424526	1
chrIV	429170	429171	6
chrIV	429173	429174	1
chrIV	453307	453308	3
chrIV	454293	454294	4
chrIV	454318	454319	1
chrIV	454422	454423	1
chrIV	459819	459820	1
chrIV	464472	464473	1
chrIV	466148	466149	1
chrIV	468736	468737	1
chrIV	479566	479567	2
chrIV	481110	481111	3
chrIV	483275	483276	1
chrIV	487634	487635	4
chrIV	493745	493746	1
chrIV	493751	493752	1
chrIV	496245	496246	1
chrIV	497254	497255	1
chrIV	501348	501349	4
chrIV	511757	511758	1
chrIV	519934	519935	1
chrIV	538370	538371	1
chrIV	538438	538439	1
chrIV	540189	540190	3
chrIV	546943	546944	2
chrIV	558032	558033	2
chrIV	568400	568401	1
chrIV	578775	578776	2
chrIV	584325	584326	1
chrIV	588715	588716	2
chrIV	590456	590457	2
chrIV	590597	590598	1
chrIV	599476	599477	1
chrIV	601748	601749	1
chrIV	606095	606096	2
chrIV	606097	606098	1
chrIV	607841	607842	4
chrIV	607878	607879	1
chrIV	607922	607923	1
chrIV	619330	619331	1
chrIV	619450	619451	1
chrIV	628861	628862	1
chrIV	638586	638587	2
chrIV	638704	638705	3
chrIV	642519	642520	1
chrIV	643169	643170	2
chrIV	643170	643171	1
chrIV	652633	652635	1
chrIV	664093	664094	2
chrIV	674288	674289	1
chrIV	675304	675305	1
chrIV	680377	680378	1
chrIV	680586	680587	1
chrIV	682480	682481	3
chrIV	682743	682744	1
chrIV	683767	683768	6
chrIV	694845	694846	1
chrIV	698398	698399	1
chrIV	698416	698417	4
chrIV	698785	698786	1
chrIV	703022	703023	1
chrIV	715251	715252	2
chrIV	716994	716995	3
chrIV	718832	718833	1
chrIV	722755	722756	2
chrIV	723600	723601	1
chrIV	724395	724396	1
chrIV	727229	727230	1
chrIV	727427	727428	1
chrIV	733941	733942	2
chrIV	733942	733943	1
chrIV	735210	735211	1
chrIV	739358	739359	1
chrIV	740118	740119	2
chrIV	740164	740165	1
chrIV	741121	741122	2
chrIV	741138	741139	4
chrIV	744597	744598	3
chrIV	754376	754377	3
chrIV	754401	754402	4
chrIV	754542	754543	3
chrIV	754551	754552	1
chrIV	754922	754923	2
chrIV	754946	754947	1
chrIV	756004	756005	2
chrIV	756005	756006	1
chrIV	767753	767754	3
chrIV	781012	781013	1
chrIV	787271	787272	1
chrIV	796159	796160	1
chrIV	798452	798453	2
chrIV	801891	801892	2
chrIV	802265	802266	1
chrIV	809654	809655	2
chrIV	810652	810653	3
chrIV	810700	810701	3
chrIV	810704	810705	2
chrIV	811359	811360	1
chrIV	829240	829241	3
chrIV	840827	840828	2
chrIV	841751	841752	3
chrIV	843574	843575	3
chrIV	851144	851145	1
chrIV	855630	855631	4
chrIV	856295	856296	1
chrIV	861022	861023	2
chrIV	869736	869737	2
chrIV	871061	871062	1
chrIV	889262	889263	1
chrIV	902340	902341	3
chrIV	902341	902342	1
chrIV	904039	904040	1
chrIV	904155	904156	1
chrIV	904174	904175	1
chrIV	904719	904720	2
chrIV	904748	904749	1
chrIV	906266	906267	3
chrIV	907322	907323	1
chrIV	908681	908682	5
chrIV	917931	917932	1
chrIV	922851	922852	2
chrIV	937593	937594	1
chrIV	938129	938130	3
chrIV	938210	938211	1
chrIV	941404	941405	1
chrIV	947663	947664	1
chrIV	951374	951375	1
chrIV	956397	956398	1
chrIV	962659	962660	2
chrIV	963114	963115	4
chrIV	964130	964131	1
chrIV	969122	969123	1
chrIV	971887	971888	1
chrIV	972939	972940	2
chrIV	973542	973543	3
chrIV	976663	976664	1
chrIV	976683	976684	1
chrIV	976800	976801	4
chrIV	978299	978300	1
chrIV	980641	980642	2
chrIV	980870	980871	1
chrIV	996509	996510	1
chrIV	1003359	1003360	3
chrIV	1007316	1007317	1
chrIV	1010077	1010078	1
chrIV	1010965	1010966	1
chrIV	1013496	1013497	1
chrIV	1014909	1014910	1
chrIV	1023459	1023460	2
chrIV	1025304	1025305	1
chrIV	1025618	1025619	1
chrIV	1036799	1036800	1
chrIV	1036914	1036915	2
chrIV	1039501	1039502	3
chrIV	1040909	1040910	1
chrIV	1043475	1043476	1
chrIV	1044331	1044332	1
chrIV	1051556	1051557	2
chrIV	1057210	1057211	4
chrIV	1067953	1067954	3
chrIV	1074061	1074062	1
chrIV	1076536	1076537	1
chrIV	1077472	1077473	4
chrIV	1077473	1077474	1
chrIV	1082133	1082134	1
chrIV	1082159	1082161	1
chrIV	1091726	1091727	1
chrIV	1110571	1110572	2
chrIV	1110573	1110574	1
chrIV	1114620	1114621	3
chrIV	1116044	1116045	1
chrIV	1119450	1119451	1
chrIV	1120670	1120671	3
chrIV	1132129	1132130	3
chrIV	1143364	1143365	2
chrIV	1144346	1144347	2
chrIV	1146609	1146610	2
chrIV	1153471	1153472	2
chrIV	1156640	1156641	1
chrIV	1156641	1156642	2
chrIV	1156642	1156643	1
chrIV	1161490	1161491	1
chrIV	1165096	1165097	1
chrIV	1180854	1180855	2
chrIV	1182795	1182796	1
chrIV	1184399	1184400	1
chrIV	1185230	1185231	4
chrIV	1203092	1203093	1
chrIV	1203094	1203095	1
chrIV	1205956	1205957	1
chrIV	1221898	1221899	1
chrIV	1228718	1228719	3
chrIV	1257326	1257327	3
chrIV	1257327	1257328	1
chrIV	1258198	1258199	1
chrIV	1258203	1258204	4
chrIV	1276757	1276758	3
chrIV	1276939	1276940	1
chrIV	1280069	1280070	1
chrIV	1280080	1280081	1
chrIV	1280131	1280132	1
chrIV	1284358	1284359	2
chrIV	1284364	1284365	4
chrIV	1299064	1299065	1
chrIV	1303560	1303561	1
chrIV	1324175	1324176	3
chrIV	1324211	1324212	3
chrIV	1324294	1324295	1
chrIV	1325548	1325549	3
chrIV	1325560	1325561	1
chrIV	1328074	1328075	1
chrIV	1330784	1330785	1
chrIV	1330786	1330787	1
chrIV	1332485	1332486	1
chrIV	1333228	1333229	4
chrIV	1335655	1335656	1
chrIV	1338063	1338064	6
chrIV	1348108	1348109	2
chrIV	1348141	1348142	1
chrIV	1349745	1349746	1
chrIV	1357447	1357448	1
chrIV	1368245	1368246	1
chrIV	1372922	1372923	1
chrIV	1378671	1378672	2
chrIV	1379412	1379413	2
chrIV	1385035	1385036	1
chrIV	1394020	1394021	1
chrIV	1394047	1394048	1
chrIV	1394066	1394067	4
chrIV	1394093	1394094	1
chrIV	1400619	1400620	2
chrIV	1408147	1408148	1
chrIV	1409443	1409444	1
chrIV	1409833	1409834	1
chrIV	1423915	1423916	1
chrIV	1424264	1424265	1
chrIV	1425924	1425925	1
chrIV	1427913	1427914	3
chrIV	1427914	1427915	1
chrIV	1428523	1428524	2
chrIV	1433001	1433002	1
chrIV	1433189	1433190	1
chrIV	1436938	1436939	1
chrIV	1440350	1440351	2
chrIV	1440430	1440431	3
chrIV	1440912	1440913	2
chrIV	1450205	1450206	2
chrIV	1453035	1453036	1
chrIV	1454728	1454729	2
chrIV	1455547	1455548	1
chrIV	1471988	1471989	1
chrIV	1472012	1472013	3
chrIV	1485767	1485768	1
chrIV	1485852	1485853	2
chrIV	1487104	1487105	1
chrIV	1488714	1488715	1
chrIV	1500335	1500336	1
chrIV	1500345	1500346	1
chrIV	1500352	1500353	2
chrIV	1500354	1500355	2
chrIV	1500355	1500356	1
chrIV	1500361	1500362	1
chrIV	1500381	1500382	1
chrIV	1501838	1501839	1
chrIV	1514862	1514863	1
chrIV	1514953	1514954	3
chrIX	40883	40884	2
chrIX	40956	40957	3
chrIX	44125	44126	1
chrIX	44276	44277	1
chrIX	52313	52314	1
chrIX	52321	52322	4
chrIX	52329	52330	1
chrIX	52766	52767	1
chrIX	52811	52812	1
chrIX	52819	52820	2
chrIX	52859	52860	1
chrIX	54821	54822	1
chrIX	54828	54829	1
chrIX	54880	54881	1
chrIX	55115	55116	7
chrIX	55180	55181	2
chrIX	55181	55182	1
chrIX	57394	57395	3
chrIX	58389	58390	1
chrIX	63463	63464	2
chrIX	63464	63465	1
chrIX	63494	63495	2
chrIX	63522	63523	2
chrIX	63549	63551	1
chrIX	63557	63558	2
chrIX	66666	66667	1
chrIX	70244	70245	3
chrIX	76503	76504	1
chrIX	90218	90219	1
chrIX	91249	91250	1
chrIX	91254	91255	4
chrIX	108391	108392	2
chrIX	112923	112924	4
chrIX	113877	113878	1
chrIX	115725	115726	1
chrIX	126629	126630	1
chrIX	126633	126634	1
chrIX	137723	137724	2
chrIX	145000	145001	1
chrIX	145162	145163	3
chrIX	149688	149689	2
chrIX	156144	156145	6
chrIX	170709	170710	2
chrIX	170737	170738	1
chrIX	170757	170758	3
chrIX	176985	176986	1
chrIX	178059	178060	2
chrIX	178060	178062	1
chrIX	178415	178416	1
chrIX	182925	182926	1
chrIX	188677	188678	3
chrIX	188678	188679	1
chrIX	188719	188720	1
chrIX	195811	195812	1
chrIX	211108	211109	2
chrIX	214108	214109	2
chrIX	219657	219658	1
chrIX	234704	234705	1
chrIX	242777	242778	1
chrIX	243828	243829	3
chrIX	245884	245885	1
chrIX	261673	261674	4
chrIX	263158	263159	1
chrIX	265327	265328	2
chrIX	265390	265391	1
chrIX	275172	275175	1
chrIX	278325	278326	1
chrIX	280692	280693	4
chrIX	282844	282845	2
chrIX	285029	285030	2
chrIX	285744	285745	1
chrIX	287442	287443	2
chrIX	287488	287489	2
chrIX	287608	287609	5
chrIX	288067	288068	1
chrIX	298931	298932	1
chrIX	298977	298978	1
chrIX	298988	298989	2
chrIX	304680	304681	3
chrIX	308254	308255	1
chrIX	308597	308598	1
chrIX	312412	312413	1
chrIX	313241	313242	2
chrIX	320012	320013	1
chrIX	320321	320322	1
chrIX	327891	327892	1
chrIX	330001	330002	1
chrIX	330003	330004	1
chrIX	330035	330036	2
chrIX	332815	332816	1
chrIX	334438	334439	2
chrIX	336218	336219	2
chrIX	338168	338169	2
chrIX	338169	338170	1
chrIX	343695	343696	3
chrIX	344450	344451	1
chrIX	344503	344504	1
chrIX	344644	344645	1
chrIX	352065	352066	2
chrIX	352066	352067	1
chrIX	354334	354335	2
chrIX	372463	372464	1
chrIX	372470	372471	2
chrIX	372546	372547	1
chrIX	377975	377976	1
chrIX	377977	377978	1
chrIX	378037	378038	3
chrIX	383805	383806	1
chrIX	395970	395971	1
chrIX	397316	397317	2
chrIX	399293	399294	1
chrIX	406707	406708	2
chrIX	409667	409668	1
chrIX	416133	416134	1
chrIX	416792	416793	1
chrIX	416823	416824	1
chrIX	416841	416842	1
chrIX	435304	435305	1
chrV	6577	6578	1
chrV	8824	8825	1
chrV	12540	12541	1
chrV	13253	13254	2
chrV	15923	15924	1
chrV	18393	18394	1
chrV	19407	19408	2
chrV	26399	26400	1
chrV	28941	28942	2
chrV	29021	29022	1
chrV	35466	35467	1
chrV	41819	41820	2
chrV	42095	42096	1
chrV	46318	46319	2
chrV	48686	48687	1
chrV	56331	56332	2
chrV	60322	60323	3
chrV	60399	60400	1
chrV	70921	70922	2
chrV	77747	77748	2
chrV	80912	80913	1
chrV	81280	81281	1
chrV	81532	81533	3
chrV	81582	81583	1
chrV	81591	81592	1
chrV	83520	83521	1
chrV	83598	83599	6
chrV	83599	83600	1
chrV	83670	83671	1
chrV	83691	83692	1
chrV	87184	87185	3
chrV	87261	87262	1
chrV	87272	87273	5
chrV	88428	88429	3
chrV	97711	97712	2
chrV	105261	105262	1
chrV	108658	108659	3
chrV	108659	108660	1
chrV	119595	119596	1
chrV	137099	137100	2
chrV	140983	140984	2
chrV	141267	141268	4
chrV	141349	141350	1
chrV	144808	144809	3
chrV	145004	145005	1
chrV	159565	159566	2
chrV	160569	160570	1
chrV	168783	168784	1
chrV	169416	169417	4
chrV	171659	171660	1
chrV	171705	171706	2
chrV	181739	181740	1
chrV	182823	182824	3
chrV	187876	187877	1
chrV	206418	206419	1
chrV	211706	211707	2
chrV	229403	229404	2
chrV	236494	236495	2
chrV	236834	236835	1
chrV	236849	236850	1
chrV	242657	242658	1
chrV	244533	244534	1
chrV	245589	245590	2
chrV	245663	245664	3
chrV	247726	247727	1
chrV	247756	247757	1
chrV	249247	249248	1
chrV	249296	249297	1
chrV	249625	249626	1
chrV	254069	254070	1
chrV	263637	263638	1
chrV	264389	264390	2
chrV	270638	270639	2
chrV	270766	270767	3
chrV	279554	279555	1
chrV	279733	279734	3
chrV	285857	285858	1
chrV	285869	285870	1
chrV	287091	287092	1
chrV	291002	291003	1
chrV	313613	313614	1
chrV	317645	317646	2
chrV	318540	318541	1
chrV	318554	318555	1
chrV	318558	318559	1
chrV	318705	318706	2
chrV	334651	334652	1
chrV	335621	335622	2
chrV	343597	343598	2
chrV	343870	343871	1
chrV	344582	344583	2
chrV	344643	344644	3
chrV	351281	351282	2
chrV	351369	351370	1
chrV	355689	355690	3
chrV	357631	357632	3
chrV	357632	357633	1
chrV	364071	364072	1
chrV	368252	368253	1
chrV	375946	375947	1
chrV	377334	377335	2
chrV	388648	388649	2
chrV	393006	393007	2
chrV	402553	402554	1
chrV	404635	404636	5
chrV	412357	412358	5
chrV	415869	415870	1
chrV	421961	421962	6
chrV	435422	435423	3
chrV	437220	437221	1
chrV	438931	438932	1
chrV	463271	463272	3
chrV	463280	463281	1
chrV	463290	463291	1
chrV	463316	463317	3
chrV	468729	468730	1
chrV	469629	469630	2
chrV	474465	474466	2
chrV	474492	474493	4
chrV	474500	474501	4
chrV	474508	474509	3
chrV	474510	474511	1
chrV	475655	475656	3
chrV	485195	485196	2
chrV	488405	488406	2
chrV	499763	499764	1
chrV	499825	499826	1
chrV	502761	502762	1
chrV	505251	505252	2
chrV	505271	505272	5
chrV	506959	506960	1
chrV	515014	515015	1
chrV	524296	524297	2
chrV	532972	532973	1
chrV	538932	538933	3
chrV	539957	539958	1
chrV	541854	541855	2
chrV	547425	547426	1
chrV	552300	552301	1
chrV	557955	557956	1
chrV	566149	566150	3
chrV	570230	570231	3
chrVI	1419	1420	3
chrVI	17954	17955	2
chrVI	27044	27045	3
chrVI	27116	27117	3
chrVI	27154	27155	2
chrVI	39180	39181	6
chrVI	40751	40752	2
chrVI	42799	42800	3
chrVI	43804	43805	1
chrVI	55379	55381	1
chrVI	55398	55399	1
chrVI	55399	55400	2
chrVI	55408	55409	1
chrVI	55420	55421	1
chrVI	55424	55425	2
chrVI	55425	55427	1
chrVI	55433	55434	1
chrVI	70564	70565	1
chrVI	78122	78123	1
chrVI	78134	78135	1
chrVI	81077	81078	1
chrVI	82810	82811	2
chrVI	83281	83282	1
chrVI	85740	85741	2
chrVI	89038	89039	3
chrVI	89264	89265	1
chrVI	89919	89920	4
chrVI	92586	92587	1
chrVI	95288	95289	4
chrVI	102585	102586	2
chrVI	104373	104374	1
chrVI	104749	104750	3
chrVI	104801	104803	1
chrVI	105801	105802	1
chrVI	105803	105804	1
chrVI	107454	107455	5
chrVI	108028	108029	1
chrVI	118778	118779	4
chrVI	118779	118780	2
chrVI	122462	122463	2
chrVI	134648	134649	1
chrVI	152260	152261	1
chrVI	152545	152546	1
chrVI	153161	153162	2
chrVI	156657	156658	1
chrVI	156661	156662	3
chrVI	164431	164432	2
chrVI	169635	169636	2
chrVI	172515	172516	1
chrVI	185058	185059	1
chrVI	200772	200773	1
chrVI	202888	202889	1
chrVI	213323	213324	3
chrVI	217670	217671	1
chrVI	228496	228497	1
chrVI	229968	229969	1
chrVI	231162	231163	1
chrVI	235109	235110	1
chrVI	237528	237529	1
chrVI	237545	237546	3
chrVI	240318	240319	2
chrVI	240351	240352	1
chrVI	240660	240661	1
chrVI	247603	247604	1
chrVI	248360	248361	1
chrVI	252923	252924	1
chrVI	253471	253472	2
chrVI	262003	262004	1
chrVI	269950	269951	1
chrVII	11660	11661	3
chrVII	17804	17805	1
chrVII	26914	26915	1
chrVII	50819	50820	1
chrVII	54859	54860	1
chrVII	56766	56767	2
chrVII	65284	65285	1
chrVII	71280	71281	3
chrVII	74098	74099	1
chrVII	75428	75429	1
chrVII	79505	79506	1
chrVII	83948	83949	2
chrVII	86738	86739	1
chrVII	98393	98394	1
chrVII	99085	99086	3
chrVII	112328	112329	1
chrVII	113717	113718	3
chrVII	113718	113719	1
chrVII	118522	118523	1
chrVII	120161	120162	1
chrVII	120295	120296	1
chrVII	128846	128847	1
chrVII	132366	132367	1
chrVII	132853	132854	1
chrVII	133902	133903	1
chrVII	136572	136573	1
chrVII	161545	161546	1
chrVII	176668	176669	1
chrVII	184879	184880	3
chrVII	188400	188401	3
chrVII	188401	188402	1
chrVII	192319	192320	1
chrVII	192364	192365	1
chrVII	192381	192382	2
chrVII	192399	192400	3
chrVII	194461	194462	2
chrVII	203850	203851	3
chrVII	204058	204059	1
chrVII	205749	205750	1
chrVII	207220	207221	3
chrVII	219564	219565	1
chrVII	224275	224276	4
chrVII	246453	246454	1
chrVII	247033	247034	3
chrVII	262869	262870	2
chrVII	270314	270315	4
chrVII	270315	270317	1
chrVII	271895	271896	1
chrVII	271994	271995	4
chrVII	272069	272070	2
chrVII	272997	272998	2
chrVII	273628	273629	2
chrVII	273876	273877	1
chrVII	278954	278955	1
chrVII	284719	284720	1
chrVII	299312	299313	4
chrVII	299978	299979	1
chrVII	304380	304381	3
chrVII	305364	305365	1
chrVII	305777	305778	1
chrVII	320480	320481	2
chrVII	321643	321644	1
chrVII	321721	321722	1
chrVII	322227	322228	1
chrVII	322269	322270	1
chrVII	328899	328900	5
chrVII	331247	331248	1
chrVII	338805	338806	1
chrVII	340990	340991	1
chrVII	341115	341116	3
chrVII	342075	342076	1
chrVII	342260	342261	1
chrVII	349028	349029	1
chrVII	355220	355221	2
chrVII	370665	370666	1
chrVII	372006	372007	2
chrVII	372041	372042	2
chrVII	372069	372070	1
chrVII	372135	372136	6
chrVII	376105	376106	2
chrVII	376162	376163	2
chrVII	384344	384345	1
chrVII	384408	384409	4
chrVII	384409	384410	1
chrVII	386838	386839	1
chrVII	413338	413339	1
chrVII	413422	413423	1
chrVII	436573	436574	1
chrVII	444284	444285	1
chrVII	446926	446927	1
chrVII	449755	449756	1
chrVII	451219	451220	1
chrVII	453064	453065	1
chrVII	463482	463483	6
chrVII	466038	466039	1
chrVII	468158	468159	1
chrVII	469779	469780	1
chrVII	478476	478477	2
chrVII	482148	482149	2
chrVII	491746	491747	1
chrVII	504696	504697	1
chrVII	504737	504738	5
chrVII	508652	508653	1
chrVII	510271	510272	3
chrVII	513366	513367	1
chrVII	516230	516231	1
chrVII	516512	516513	3
chrVII	533904	533905	3
chrVII	534582	534583	2
chrVII	545625	545626	1
chrVII	557801	557802	1
chrVII	559474	559475	4
chrVII	567930	567931	1
chrVII	583176	583177	1
chrVII	586591	586592	1
chrVII	587641	587642	6
chrVII	593442	593443	1
chrVII	593451	593452	1
chrVII	597016	597017	3
chrVII	597214	597215	1
chrVII	608301	608302	1
chrVII	624470	624471	1
chrVII	637021	637022	1
chrVII	643698	643699	2
chrVII	643807	643808	2
chrVII	659237	659238	1
chrVII	660201	660202	1
chrVII	663627	663628	1
chrVII	663670	663671	1
chrVII	667008	667009	1
chrVII	673381	673382	1
chrVII	683889	683890	1
chrVII	684264	684265	2
chrVII	694580	694581	1
chrVII	694607	694608	1
chrVII	694854	694855	2
chrVII	704513	704514	1
chrVII	714122	714123	3
chrVII	718571	718572	1
chrVII	720705	720706	1
chrVII	726185	726186	2
chrVII	735317	735318	3
chrVII	736860	736861	2
chrVII	747421	747422	2
chrVII	747422	747423	1
chrVII	747443	747444	2
chrVII	747445	747446	1
chrVII	747492	747493	3
chrVII	748213	748214	3
chrVII	751440	751441	1
chrVII	751451	751452	1
chrVII	751465	751466	1
chrVII	754298	754299	1
chrVII	755884	755885	1
chrVII	757150	757151	3
chrVII	763435	763436	1
chrVII	766796	766797	2
chrVII	766976	766977	2
chrVII	768237	768238	2
chrVII	771456	771457	3
chrVII	771457	771458	1
chrVII	774655	774656	1
chrVII	788109	788110	1
chrVII	791764	791765	1
chrVII	797267	797268	1
chrVII	800937	800938	1
chrVII	800974	800975	1
chrVII	800992	800993	3
chrVII	801889	801890	1
chrVII	808985	808986	1
chrVII	810458	810459	1
chrVII	810524	810525	1
chrVII	810638	810639	3
chrVII	810639	810640	1
chrVII	811244	811245	1
chrVII	831845	831846	2
chrVII	832712	832713	1
chrVII	847868	847869	1
chrVII	852460	852461	2
chrVII	852627	852628	1
chrVII	853566	853567	3
chrVII	853736	853737	1
chrVII	866478	866479	2
chrVII	872353	872354	2
chrVII	872373	872374	1
chrVII	873346	873347	2
chrVII	873546	873547	4
chrVII	874504	874505	2
chrVII	881183	881184	1
chrVII	883573	883574	3
chrVII	883648	883649	1
chrVII	883653	883654	3
chrVII	883657	883658	3
chrVII	883662	883663	1
chrVII	883668	883669	5
chrVII	883686	883687	1
chrVII	883698	883699	1
chrVII	883705	883706	1
chrVII	884947	884948	1
chrVII	891244	891245	2
chrVII	892519	892520	2
chrVII	892647	892648	1
chrVII	897434	897435	1
chrVII	900467	900468	4
chrVII	901794	901795	2
chrVII	904448	904449	2
chrVII	904472	904473	1
chrVII	904494	904495	9
chrVII	904577	904578	2
chrVII	906411	906412	2
chrVII	922495	922496	2
chrVII	925631	925632	1
chrVII	929966	929967	2
chrVII	946244	946245	1
chrVII	955758	955759	4
chrVII	959259	959260	1
chrVII	962587	962588	3
chrVII	962611	962612	3
chrVII	966675	966676	1
chrVII	969182	969183	4
chrVII	975437	975438	2
chrVII	980771	980772	2
chrVII	982090	982091	3
chrVII	982124	982125	1
chrVII	989900	989901	1
chrVII	989904	989906	2
chrVII	989906	989907	1
chrVII	989916	989917	1
chrVII	989919	989920	1
chrVII	989926	989927	2
chrVII	989943	989944	1
chrVII	993545	993546	1
chrVII	993549	993551	1
chrVII	1008437	1008438	3
chrVII	1008501	1008502	1
chrVII	1018751	1018752	3
chrVII	1019859	1019860	4
chrVII	1019860	1019861	1
chrVII	1022190	1022191	1
chrVII	1025443	1025444	1
chrVII	1035952	1035953	1
chrVII	1042890	1042891	1
chrVII	1046096	1046098	1
chrVII	1046166	1046167	1
chrVII	1046172	1046173	1
chrVII	1050598	1050599	3
chrVII	1055947	1055948	1
chrVII	1056278	1056279	2
chrVII	1059396	1059397	1
chrVII	1063170	1063171	1
chrVII	1066492	1066493	2
chrVII	1083006	1083007	3
chrVIII	9362	9363	2
chrVIII	14116	14117	1
chrVIII	14301	14303	1
chrVIII	22650	22651	2
chrVIII	27123	27125	2
chrVIII	27134	27135	1
chrVIII	30199	30200	1
chrVIII	30231	30232	1
chrVIII	41281	41282	4
chrVIII	51415	51416	1
chrVIII	54932	54933	1
chrVIII	61022	61023	2
chrVIII	71411	71412	1
chrVIII	74019	74020	2
chrVIII	82001	82002	1
chrVIII	82008	82009	1
chrVIII	96026	96027	2
chrVIII	96198	96199	1
chrVIII	96200	96201	2
chrVIII	96215	96216	1
chrVIII	96226	96227	5
chrVIII	96236	96237	1
chrVIII	99146	99147	1
chrVIII	106349	106350	1
chrVIII	106363	106364	5
chrVIII	106391	106392	1
chrVIII	106583	106584	1
chrVIII	112525	112526	1
chrVIII	114181	114182	1
chrVIII	116863	116864	2
chrVIII	130588	130589	1
chrVIII	131122	131123	2
chrVIII	131288	131289	4
chrVIII	133260	133261	2
chrVIII	133561	133562	2
chrVIII	136426	136427	1
chrVIII	141162	141163	1
chrVIII	141282	141283	1
chrVIII	141285	141286	4
chrVIII	141288	141289	2
chrVIII	148864	148865	2
chrVIII	151130	151131	2
chrVIII	157244	157245	1
chrVIII	157750	157751	1
chrVIII	161311	161312	1
chrVIII	161314	161315	1
chrVIII	169511	169512	1
chrVIII	176671	176672	1
chrVIII	176697	176698	1
chrVIII	177220	177221	1
chrVIII	177302	177303	2
chrVIII	177337	177338	2
chrVIII	177338	177339	1
chrVIII	177339	177340	2
chrVIII	198279	198280	3
chrVIII	211696	211697	1
chrVIII	214224	214225	2
chrVIII	216924	216925	1
chrVIII	221101	221102	1
chrVIII	221821	221822	1
chrVIII	223033	223034	2
chrVIII	228980	228981	1
chrVIII	237170	237171	1
chrVIII	238736	238737	1
chrVIII	244809	244810	3
chrVIII	244830	244831	1
chrVIII	244850	244851	3
chrVIII	249516	249517	1
chrVIII	249584	249585	1
chrVIII	250128	250129	1
chrVIII	261726	261727	4
chrVIII	266607	266608	2
chrVIII	266620	266621	1
chrVIII	266633	266634	1
chrVIII	270600	270601	1
chrVIII	283653	283654	1
chrVIII	283774	283775	1
chrVIII	287696	287697	1
chrVIII	297444	297445	2
chrVIII	298277	298278	3
chrVIII	299248	299249	1
chrVIII	310114	310115	1
chrVIII	325749	325750	1
chrVIII	326600	326601	1
chrVIII	335905	335906	2
chrVIII	344946	344947	1
chrVIII	347224	347225	1
chrVIII	358835	358836	1
chrVIII	363937	363938	2
chrVIII	365408	365409	2
chrVIII	366772	366773	3
chrVIII	367154	367155	1
chrVIII	371280	371281	2
chrVIII	371421	371422	1
chrVIII	380260	380261	5
chrVIII	380481	380482	1
chrVIII	381021	381022	2
chrVIII	383701	383702	2
chrVIII	385665	385666	1
chrVIII	387466	387467	1
chrVIII	388050	388051	1
chrVIII	415145	415146	2
chrVIII	416303	416304	1
chrVIII	416395	416396	3
chrVIII	420897	420898	2
chrVIII	422139	422140	1
chrVIII	425021	425022	1
chrVIII	425065	425066	1
chrVIII	431154	431156	1
chrVIII	434053	434054	3
chrVIII	434307	434308	1
chrVIII	437096	437097	2
chrVIII	437101	437102	1
chrVIII	437102	437103	2
chrVIII	437113	437114	2
chrVIII	437114	437115	1
chrVIII	437132	437133	1
chrVIII	437135	437136	2
chrVIII	437136	437137	4
chrVIII	437137	437138	1
chrVIII	437151	437152	2
chrVIII	437155	437156	3
chrVIII	442998	442999	4
chrVIII	445051	445052	1
chrVIII	448187	448188	1
chrVIII	483296	483297	5
chrVIII	496706	496707	1
chrVIII	496759	496760	1
chrVIII	498442	498443	1
chrVIII	508165	508166	3
chrVIII	515436	515437	1
chrVIII	525194	525195	1
chrVIII	531544	531545	1
chrX	35986	35987	1
chrX	38063	38064	1
chrX	40934	40935	1
chrX	42376	42377	5
chrX	43491	43492	1
chrX	48539	48540	2
chrX	48689	48690	5
chrX	48690	48691	1
chrX	49807	49808	1
chrX	53112	53113	2
chrX	54658	54659	1
chrX	55771	55772	1
chrX	57637	57638	2
chrX	59471	59472	1
chrX	72724	72725	1
chrX	75643	75644	1
chrX	85190	85191	1
chrX	87586	87587	1
chrX	90942	90943	1
chrX	90961	90962	3
chrX	90962	90963	1
chrX	100947	100948	1
chrX	101245	101246	1
chrX	102915	102916	3
chrX	111898	111899	1
chrX	117306	117307	1
chrX	124290	124291	1
chrX	125100	125101	1
chrX	129416	129417	2
chrX	135805	135806	1
chrX	137561	137562	4
chrX	138692	138693	1
chrX	144193	144194	1
chrX	149050	149051	1
chrX	152648	152649	2
chrX	158223	158224	1
chrX	159664	159665	2
chrX	164854	164855	1
chrX	164988	164989	1
chrX	165015	165016	1
chrX	165025	165026	1
chrX	179067	179068	5
chrX	181462	181463	2
chrX	185087	185088	1
chrX	186549	186550	4
chrX	188344	188345	1
chrX	189347	189348	1
chrX	189427	189428	2
chrX	189545	189546	2
chrX	189590	189591	1
chrX	191152	191153	1
chrX	204350	204351	3
chrX	211404	211405	2
chrX	211431	211432	2
chrX	222053	222054	5
chrX	234508	234509	2
chrX	234521	234522	1
chrX	242188	242189	2
chrX	257608	257609	3
chrX	257837	257838	1
chrX	268340	268341	1
chrX	276644	276645	1
chrX	282201	282202	2
chrX	283735	283736	2
chrX	295764	295765	1
chrX	300339	300340	1
chrX	320851	320852	1
chrX	322623	322624	1
chrX	322701	322702	3
chrX	332222	332223	1
chrX	332923	332924	1
chrX	339436	339437	1
chrX	339752	339753	3
chrX	339783	339784	1
chrX	339804	339805	6
chrX	349994	349995	1
chrX	352053	352054	1
chrX	357336	357337	1
chrX	357368	357369	1
chrX	364165	364166	2
chrX	368885	368886	1
chrX	371840	371841	1
chrX	376798	376799	1
chrX	393418	393419	3
chrX	394177	394178	1
chrX	396556	396557	1
chrX	397820	397821	1
chrX	408103	408104	1
chrX	410471	410472	1
chrX	416841	416842	1
chrX	418094	418095	5
chrX	418232	418233	1
chrX	421413	421414	2
chrX	422786	422787	1
chrX	424811	424812	1
chrX	428517	428518	2
chrX	428628	428629	4
chrX	428729	428730	2
chrX	428794	428795	1
chrX	430009	430010	1
chrX	432115	432116	4
chrX	432117	432118	1
chrX	441329	441330	1
chrX	441454	441455	1
chrX	450549	450550	1
chrX	459595	459596	1
chrX	484897	484898	4
chrX	484899	484900	1
chrX	484975	484976	1
chrX	487287	487288	1
chrX	500944	500945	1
chrX	502086	502087	4
chrX	502327	502328	1
chrX	502385	502386	2
chrX	502610	502611	2
chrX	514177	514178	2
chrX	527045	527046	1
chrX	527127	527128	2
chrX	528244	528245	1
chrX	539845	539846	1
chrX	557874	557875	2
chrX	561505	561506	1
chrX	566632	566633	3
chrX	568465	568467	1
chrX	575325	575326	3
chrX	579794	579795	5
chrX	581459	581460	2
chrX	585431	585432	1
chrX	587675	587676	1
chrX	591012	591013	5
chrX	592360	592361	1
chrX	592387	592388	3
chrX	593516	593517	1
chrX	602031	602032	5
chrX	602032	602033	1
chrX	603841	603842	1
chrX	604942	604943	1
chrX	613314	613315	1
chrX	614037	614038	1
chrX	617018	617019	1
chrX	618212	618213	3
chrX	618239	618240	1
chrX	618242	618243	1
chrX	618264	618265	1
chrX	623172	623173	5
chrX	623198	623199	1
chrX	639974	639975	2
chrX	645349	645350	3
chrX	645388	645389	3
chrX	645412	645413	1
chrX	648168	648169	1
chrX	666334	666335	2
chrX	666335	666336	1
chrX	669176	669177	2
chrX	670498	670499	1
chrX	670727	670728	1
chrX	672848	672849	1
chrX	673117	673118	1
chrX	673618	673619	1
chrX	676339	676340	3
chrX	683958	683959	1
chrX	691823	691824	1
chrX	691998	691999	1
chrX	692086	692087	2
chrX	694507	694508	1
chrX	694912	694913	2
chrX	697348	697349	2
chrX	701727	701728	3
chrX	703753	703754	1
chrX	703837	703838	1
chrX	706276	706277	2
chrX	706340	706341	1
chrX	719059	719060	1
chrX	720588	720589	1
chrX	723785	723786	2
chrX	724734	724735	1
chrX	725451	725452	1
chrXI	2468	2469	2
chrXI	5494	5495	1
chrXI	14786	14787	2
chrXI	18047	18048	1
chrXI	18476	18477	2
chrXI	27621	27622	1
chrXI	33702	33703	1
chrXI	33982	33983	1
chrXI	44421	44422	1
chrXI	44457	44458	2
chrXI	44485	44486	8
chrXI	44487	44488	3
chrXI	44499	44500	3
chrXI	44520	44521	1
chrXI	44528	44529	2
chrXI	44607	44608	4
chrXI	46178	46179	1
chrXI	46184	46185	1
chrXI	46272	46273	3
chrXI	50736	50737	2
chrXI	50748	50749	1
chrXI	51264	51265	1
chrXI	61868	61869	1
chrXI	62351	62352	2
chrXI	62743	62744	2
chrXI	66977	66978	5
chrXI	67373	67374	1
chrXI	74989	74990	1
chrXI	78654	78655	1
chrXI	89076	89077	3
chrXI	91005	91006	1
chrXI	91008	91009	3
chrXI	113837	113838	1
chrXI	113908	113909	1
chrXI	114262	114263	3
chrXI	123633	123634	1
chrXI	124479	124480	1
chrXI	131101	131102	1
chrXI	133995	133996	1
chrXI	137131	137132	2
chrXI	138097	138098	1
chrXI	147209	147210	1
chrXI	147711	147712	1
chrXI	150523	150524	4
chrXI	150588	150589	3
chrXI	151011	151012	3
chrXI	184735	184736	1
chrXI	184828	184829	1
chrXI	185248	185249	1
chrXI	187138	187139	3
chrXI	189045	189046	2
chrXI	189050	189051	1
chrXI	189119	189120	1
chrXI	192208	192209	3
chrXI	192687	192688	1
chrXI	194746	194747	3
chrXI	205573	205574	1
chrXI	207560	207561	1
chrXI	208022	208023	1
chrXI	217329	217330	2
chrXI	217348	217349	1
chrXI	217357	217358	1
chrXI	219312	219313	2
chrXI	221307	221308	3
chrXI	221451	221452	2
chrXI	222975	222976	1
chrXI	227303	227304	1
chrXI	227926	227927	1
chrXI	228001	228002	1
chrXI	228021	228022	4
chrXI	228617	228618	1
chrXI	239663	239664	2
chrXI	239925	239926	1
chrXI	243684	243685	2
chrXI	245865	245866	1
chrXI	254773	254774	1
chrXI	254978	254979	3
chrXI	273520	273521	1
chrXI	276912	276913	4
chrXI	276975	276976	3
chrXI	278404	278405	1
chrXI	278438	278439	1
chrXI	279889	279890	1
chrXI	279977	279978	1
chrXI	289807	289808	5
chrXI	289809	289810	1
chrXI	291392	291393	1
chrXI	301952	301953	1
chrXI	307721	307722	1
chrXI	316939	316940	3
chrXI	320757	320758	1
chrXI	328029	328030	3
chrXI	328030	328031	1
chrXI	329183	329184	2
chrXI	332113	332114	3
chrXI	344301	344302	5
chrXI	344302	344303	1
chrXI	344321	344322	3
chrXI	344322	344323	1
chrXI	346858	346859	1
chrXI	348279	348280	7
chrXI	355024	355025	1
chrXI	361047	361048	2
chrXI	361591	361592	1
chrXI	361912	361913	3
chrXI	366872	366873	1
chrXI	377827	377828	3
chrXI	381463	381464	1
chrXI	382151	382152	1
chrXI	389555	389556	3
chrXI	392210	392211	1
chrXI	394325	394326	2
chrXI	405281	405282	3
chrXI	405712	405713	1
chrXI	405779	405780	2
chrXI	406359	406360	1
chrXI	407367	407368	1
chrXI	411179	411180	1
chrXI	414167	414168	3
chrXI	424214	424215	1
chrXI	425098	425099	1
chrXI	425331	425332	3
chrXI	429743	429744	1
chrXI	430009	430010	1
chrXI	430011	430012	1
chrXI	434311	434312	1
chrXI	437044	437045	3
chrXI	442895	442896	1
chrXI	450252	450253	2
chrXI	452441	452442	3
chrXI	452532	452533	1
chrXI	453638	453639	1
chrXI	457416	457417	3
chrXI	473669	473670	1
chrXI	474564	474565	3
chrXI	475321	475322	1
chrXI	478928	478929	2
chrXI	497365	497366	1
chrXI	498866	498867	1
chrXI	512885	512886	1
chrXI	514027	514028	4
chrXI	516867	516868	1
chrXI	532760	532761	1
chrXI	532796	532797	1
chrXI	532920	532921	1
chrXI	536278	536279	1
chrXI	537338	537339	4
chrXI	538267	538268	1
chrXI	538578	538579	2
chrXI	551475	551476	4
chrXI	563388	563389	1
chrXI	568019	568020	1
chrXI	573093	573094	1
chrXI	582547	582548	3
chrXI	583065	583066	2
chrXI	586823	586824	2
chrXI	588050	588051	2
chrXI	591261	591262	1
chrXI	598381	598382	1
chrXI	598965	598966	1
chrXI	598978	598979	1
chrXI	598980	598981	2
chrXI	602209	602210	1
chrXI	606140	606141	2
chrXI	607193	607194	2
chrXI	607481	607482	1
chrXI	607608	607609	1
chrXI	607731	607732	4
chrXI	610265	610266	2
chrXI	614111	614112	1
chrXI	615851	615852	1
chrXI	615947	615948	1
chrXI	635843	635844	1
chrXI	638661	638662	3
chrXI	648084	648085	1
chrXI	651914	651915	1
chrXII	17486	17487	1
chrXII	22196	22197	1
chrXII	22239	22240	2
chrXII	22321	22322	1
chrXII	22322	22323	3
chrXII	22337	22338	1
chrXII	24569	24570	2
chrXII	27203	27204	2
chrXII	33488	33489	2
chrXII	40125	40126	3
chrXII	40126	40127	1
chrXII	57627	57628	4
chrXII	58397	58398	2
chrXII	58407	58408	3
chrXII	58457	58458	4
chrXII	58479	58480	2
chrXII	59022	59023	1
chrXII	59038	59039	1
chrXII	59249	59250	1
chrXII	63372	63373	2
chrXII	63444	63445	1
chrXII	68883	68884	1
chrXII	69466	69467	3
chrXII	69519	69520	3
chrXII	69605	69606	1
chrXII	69800	69801	2
chrXII	72264	72265	1
chrXII	76680	76681	4
chrXII	78533	78534	3
chrXII	78875	78876	1
chrXII	80575	80576	1
chrXII	84262	84263	2
chrXII	100693	100694	1
chrXII	102697	102698	1
chrXII	113920	113921	1
chrXII	114717	114718	1
chrXII	117334	117335	3
chrXII	117351	117352	1
chrXII	136786	136787	2
chrXII	162832	162833	2
chrXII	162849	162850	1
chrXII	163692	163693	1
chrXII	163709	163711	1
chrXII	163746	163747	1
chrXII	163775	163776	2
chrXII	175043	175044	4
chrXII	179278	179279	4
chrXII	179279	179280	1
chrXII	179293	179294	1
chrXII	179316	179317	1
chrXII	180178	180179	1
chrXII	180253	180254	1
chrXII	180311	180312	2
chrXII	189644	189645	2
chrXII	189645	189646	1
chrXII	195744	195745	1
chrXII	195853	195854	2
chrXII	195874	195875	1
chrXII	198104	198105	1
chrXII	207872	207873	1
chrXII	212069	212070	1
chrXII	221617	221618	1
chrXII	222714	222715	1
chrXII	227240	227241	2
chrXII	227241	227242	1
chrXII	227498	227499	1
chrXII	227524	227525	1
chrXII	227601	227602	1
chrXII	227756	227757	1
chrXII	227962	227963	1
chrXII	235788	235789	1
chrXII	241622	241623	3
chrXII	244384	244385	1
chrXII	244386	244387	1
chrXII	250684	250685	1
chrXII	253697	253698	1
chrXII	258430	258431	1
chrXII	277511	277512	1
chrXII	278889	278890	1
chrXII	279066	279067	2
chrXII	281988	281989	4
chrXII	281994	281995	2
chrXII	282005	282006	1
chrXII	282038	282039	1
chrXII	282073	282074	1
chrXII	283484	283485	1
chrXII	284744	284745	1
chrXII	285962	285963	3
chrXII	290392	290394	1
chrXII	297883	297884	1
chrXII	304357	304358	1
chrXII	304427	304428	4
chrXII	314667	314668	2
chrXII	326777	326778	1
chrXII	336275	336276	1
chrXII	338156	338157	1
chrXII	342411	342412	1
chrXII	349946	349947	1
chrXII	354331	354332	3
chrXII	358276	358277	1
chrXII	358597	358598	1
chrXII	360268	360269	2
chrXII	360269	360270	1
chrXII	360951	360952	1
chrXII	368012	368013	1
chrXII	375676	375678	1
chrXII	395648	395649	1
chrXII	395677	395678	2
chrXII	402104	402105	1
chrXII	407886	407887	1
chrXII	407986	407987	1
chrXII	408016	408017	1
chrXII	408085	408086	1
chrXII	417267	417268	1
chrXII	434184	434185	6
chrXII	439082	439083	1
chrXII	439729	439730	1
chrXII	442028	442029	1
chrXII	444420	444421	6
chrXII	449465	449466	4
chrXII	449466	449467	1
chrXII	449481	449482	4
chrXII	450286	450287	2
chrXII	450287	450288	1
chrXII	459853	459854	2
chrXII	459861	459862	1
chrXII	459872	459873	2
chrXII	459876	459877	1
chrXII	459919	459920	6
chrXII	459942	459943	1
chrXII	489617	489618	1
chrXII	494272	494273	3
chrXII	494549	494550	2
chrXII	499428	499429	4
chrXII	500477	500478	1
chrXII	509084	509085	1
chrXII	509973	509974	2
chrXII	515531	515532	2
chrXII	522292	522293	2
chrXII	522327	522328	1
chrXII	522329	522330	1
chrXII	524855	524856	1
chrXII	524896	524897	4
chrXII	534628	534629	3
chrXII	536681	536682	1
chrXII	538368	538369	1
chrXII	540361	540362	2
chrXII	544693	544694	1
chrXII	547801	547802	1
chrXII	553166	553167	2
chrXII	558513	558514	1
chrXII	561589	561590	1
chrXII	563159	563160	1
chrXII	563764	563765	4
chrXII	566235	566236	2
chrXII	578363	578364	1
chrXII	580728	580729	1
chrXII	581129	581130	2
chrXII	591345	591346	2
chrXII	600293	600294	1
chrXII	605916	605917	1
chrXII	613037	613038	4
chrXII	613038	613039	1
chrXII	613074	613075	2
chrXII	613089	613090	1
chrXII	613111	613112	3
chrXII	613119	613120	2
chrXII	621105	621106	2
chrXII	625888	625889	3
chrXII	631028	631029	1
chrXII	634371	634372	1
chrXII	634372	634373	3
chrXII	636164	636165	1
chrXII	658455	658456	3
chrXII	669551	669552	3
chrXII	670604	670605	1
chrXII	689378	689379	3
chrXII	689443	689444	2
chrXII	692484	692485	3
chrXII	695728	695729	1
chrXII	697853	697854	1
chrXII	710856	710857	1
chrXII	713158	713159	1
chrXII	714406	714407	1
chrXII	718335	718336	2
chrXII	724236	724237	3
chrXII	725255	725256	2
chrXII	725256	725257	1
chrXII	725291	725292	1
chrXII	725315	725316	1
chrXII	726607	726608	1
chrXII	728359	728360	3
chrXII	734186	734187	1
chrXII	736705	736706	1
chrXII	740844	740845	3
chrXII	742451	742452	4
chrXII	746723	746724	3
chrXII	748649	748650	2
chrXII	749514	749515	1
chrXII	750660	750661	1
chrXII	750933	750934	1
chrXII	751382	751383	1
chrXII	759209	759210	1
chrXII	761704	761705	2
chrXII	761715	761716	1
chrXII	765569	765570	2
chrXII	771651	771652	3
chrXII	775837	775838	1
chrXII	777843	777844	1
chrXII	777844	777845	2
chrXII	777845	777846	1
chrXII	781360	781361	1
chrXII	784873	784874	2
chrXII	784918	784919	1
chrXII	800562	800563	1
chrXII	802226	802227	3
chrXII	802235	802236	3
chrXII	802236	802237	1
chrXII	802332	802333	1
chrXII	830255	830256	1
chrXII	848913	848914	3
chrXII	858445	858446	1
chrXII	863264	863265	1
chrXII	867078	867079	1
chrXII	867616	867617	1
chrXII	871676	871677	4
chrXII	871717	871718	1
chrXII	871735	871736	1
chrXII	871856	871857	1
chrXII	873207	873208	2
chrXII	873481	873482	5
chrXII	879805	879806	2
chrXII	880180	880181	2
chrXII	880190	880191	2
chrXII	881177	881178	1
chrXII	889323	889324	1
chrXII	889496	889497	4
chrXII	914254	914255	2
chrXII	917471	917472	1
chrXII	918574	918575	2
chrXII	920290	920291	2
chrXII	921287	921288	1
chrXII	925548	925549	5
chrXII	926655	926656	1
chrXII	931927	931928	2
chrXII	931944	931945	1
chrXII	932040	932041	1
chrXII	948227	948228	1
chrXII	951773	951774	3
chrXII	965124	965125	3
chrXII	965227	965228	1
chrXII	967960	967961	1
chrXII	972662	972663	1
chrXII	972807	972808	4
chrXII	974088	974089	1
chrXII	976170	976171	3
chrXII	983704	983705	2
chrXII	983710	983711	1
chrXII	983726	983727	3
chrXII	986061	986062	1
chrXII	993540	993541	1
chrXII	995268	995269	1
chrXII	1004199	1004200	4
chrXII	1004420	1004421	2
chrXII	1004936	1004937	1
chrXII	1004952	1004953	3
chrXII	1004958	1004959	1
chrXII	1009737	1009738	1
chrXII	1013733	1013734	2
chrXII	1016538	1016539	4
chrXII	1045065	1045066	1
chrXII	1052392	1052393	1
chrXII	1052842	1052843	1
chrXII	1054625	1054626	4
chrXIII	10201	10202	1
chrXIII	11570	11571	1
chrXIII	20497	20498	1
chrXIII	21665	21666	2
chrXIII	24630	24631	3
chrXIII	27105	27106	1
chrXIII	27184	27185	1
chrXIII	30867	30868	5
chrXIII	43325	43326	1
chrXIII	43337	43338	1
chrXIII	59106	59107	1
chrXIII	71253	71254	1
chrXIII	73378	73379	1
chrXIII	74838	74839	2
chrXIII	75761	75762	1
chrXIII	78408	78409	1
chrXIII	79761	79762	1
chrXIII	83816	83817	1
chrXIII	84479	84480	1
chrXIII	89879	89880	3
chrXIII	93395	93396	1
chrXIII	97399	97400	4
chrXIII	101495	101496	1
chrXIII	104327	104328	2
chrXIII	104385	104386	2
chrXIII	130951	130952	2
chrXIII	131032	131033	1
chrXIII	131081	131082	1
chrXIII	133069	133070	2
chrXIII	137758	137759	1
chrXIII	139247	139248	2
chrXIII	140478	140479	1
chrXIII	160389	160390	2
chrXIII	166348	166349	1
chrXIII	169952	169953	1
chrXIII	172260	172261	1
chrXIII	177808	177809	1
chrXIII	180279	180280	1
chrXIII	193325	193326	4
chrXIII	205280	205281	1
chrXIII	205282	205283	2
chrXIII	214164	214165	1
chrXIII	217904	217905	2
chrXIII	222589	222590	3
chrXIII	227074	227075	1
chrXIII	227641	227642	1
chrXIII	233723	233724	3
chrXIII	240618	240620	1
chrXIII	245414	245415	1
chrXIII	245434	245435	2
chrXIII	245443	245444	5
chrXIII	245445	245446	4
chrXIII	245465	245466	1
chrXIII	258193	258194	1
chrXIII	259713	259714	1
chrXIII	267361	267362	1
chrXIII	270349	270350	1
chrXIII	277086	277087	1
chrXIII	287168	287169	2
chrXIII	294969	294970	2
chrXIII	321932	321933	1
chrXIII	333023	333024	5
chrXIII	366606	366607	3
chrXIII	366607	366608	1
chrXIII	366609	366610	1
chrXIII	368896	368897	1
chrXIII	381481	381482	1
chrXIII	392517	392518	1
chrXIII	392760	392761	3
chrXIII	423315	423316	2
chrXIII	425102	425103	2
chrXIII	425681	425682	4
chrXIII	425684	425685	1
chrXIII	425688	425689	1
chrXIII	426010	426011	1
chrXIII	428860	428861	1
chrXIII	433360	433361	1
chrXIII	445685	445686	1
chrXIII	452191	452192	4
chrXIII	452954	452955	2
chrXIII	454017	454018	2
chrXIII	461453	461454	3
chrXIII	469127	469128	3
chrXIII	473401	473402	4
chrXIII	473528	473529	1
chrXIII	474282	474283	1
chrXIII	474642	474643	4
chrXIII	475623	475624	4
chrXIII	481684	481685	1
chrXIII	482520	482521	2
chrXIII	482536	482537	4
chrXIII	482580	482581	1
chrXIII	484158	484159	2
chrXIII	484319	484320	1
chrXIII	484332	484333	1
chrXIII	492779	492780	5
chrXIII	497754	497755	2
chrXIII	497759	497760	1
chrXIII	497809	497810	5
chrXIII	512955	512956	5
chrXIII	516565	516566	1
chrXIII	521356	521357	2
chrXIII	522256	522257	2
chrXIII	527942	527943	1
chrXIII	532149	532150	3
chrXIII	535213	535214	1
chrXIII	541077	541078	1
chrXIII	545949	545950	4
chrXIII	545953	545954	3
chrXIII	546042	546043	1
chrXIII	552373	552374	5
chrXIII	555490	555491	3
chrXIII	558875	558876	1
chrXIII	574735	574736	3
chrXIII	577052	577053	1
chrXIII	577262	577263	3
chrXIII	579280	579281	1
chrXIII	580556	580557	1
chrXIII	583752	583753	1
chrXIII	597028	597029	1
chrXIII	599407	599408	3
chrXIII	603612	603613	1
chrXIII	604130	604132	1
chrXIII	608234	608235	2
chrXIII	610186	610187	2
chrXIII	625789	625790	1
chrXIII	627242	627243	2
chrXIII	627339	627340	4
chrXIII	634690	634691	1
chrXIII	634988	634989	1
chrXIII	639464	639465	1
chrXIII	641245	641246	1
chrXIII	642820	642821	2
chrXIII	644107	644108	1
chrXIII	645063	645064	2
chrXIII	645073	645074	1
chrXIII	653359	653360	1
chrXIII	653409	653410	1
chrXIII	653433	653434	4
chrXIII	653435	653436	1
chrXIII	654391	654392	1
chrXIII	657645	657646	1
chrXIII	666784	666785	2
chrXIII	674912	674913	2
chrXIII	678983	678984	1
chrXIII	679028	679029	1
chrXIII	690489	690490	1
chrXIII	705993	705994	1
chrXIII	711443	711444	1
chrXIII	723117	723118	1
chrXIII	724128	724129	1
chrXIII	726258	726259	1
chrXIII	726342	726343	1
chrXIII	726891	726892	4
chrXIII	727165	727166	1
chrXIII	727939	727940	2
chrXIII	728525	728526	7
chrXIII	730981	730982	1
chrXIII	736203	736204	1
chrXIII	736393	736394	1
chrXIII	737668	737669	1
chrXIII	740823	740824	2
chrXIII	744501	744502	1
chrXIII	744989	744990	3
chrXIII	745452	745453	3
chrXIII	745490	745491	2
chrXIII	745571	745572	1
chrXIII	745589	745590	2
chrXIII	745687	745688	1
chrXIII	747646	747647	2
chrXIII	749600	749601	1
chrXIII	751818	751819	3
chrXIII	753972	753973	1
chrXIII	754234	754235	3
chrXIII	773732	773733	2
chrXIII	775380	775381	1
chrXIII	776423	776424	1
chrXIII	776455	776456	1
chrXIII	778703	778704	1
chrXIII	780461	780462	2
chrXIII	780571	780572	1
chrXIII	780616	780617	3
chrXIII	781870	781871	1
chrXIII	783565	783566	1
chrXIII	783595	783596	1
chrXIII	791633	791634	3
chrXIII	791656	791658	1
chrXIII	799547	799548	1
chrXIII	800479	800480	4
chrXIII	801004	801005	1
chrXIII	808119	808120	1
chrXIII	810442	810443	1
chrXIII	814792	814793	2
chrXIII	816943	816944	3
chrXIII	823044	823045	1
chrXIII	830723	830724	1
chrXIII	831465	831466	1
chrXIII	833369	833370	1
chrXIII	837417	837418	1
chrXIII	864301	864302	2
chrXIII	864302	864303	1
chrXIII	870856	870857	1
chrXIII	871150	871151	1
chrXIII	874216	874217	1
chrXIII	877123	877124	5
chrXIII	889698	889699	2
chrXIII	892252	892253	2
chrXIII	892341	892342	1
chrXIII	892376	892377	1
chrXIII	897675	897676	2
chrXIII	900440	900441	4
chrXIII	908662	908663	1
chrXIII	913481	913482	1
chrXIV	19168	19169	2
chrXIV	20059	20060	1
chrXIV	22085	22086	1
chrXIV	28070	28071	3
chrXIV	28536	28537	1
chrXIV	33941	33942	1
chrXIV	46055	46056	4
chrXIV	46056	46057	1
chrXIV	52315	52316	4
chrXIV	52390	52391	1
chrXIV	52392	52393	3
chrXIV	52408	52409	3
chrXIV	54153	54154	1
chrXIV	54230	54231	1
chrXIV	55307	55308	1
chrXIV	68693	68694	2
chrXIV	77077	77078	1
chrXIV	79105	79106	1
chrXIV	79126	79127	1
chrXIV	79155	79157	1
chrXIV	82180	82181	3
chrXIV	83970	83971	1
chrXIV	92316	92317	1
chrXIV	115764	115765	2
chrXIV	115766	115767	1
chrXIV	115843	115844	2
chrXIV	115860	115861	1
chrXIV	115881	115882	5
chrXIV	115883	115884	1
chrXIV	120823	120824	2
chrXIV	128640	128641	1
chrXIV	128740	128741	1
chrXIV	134640	134641	1
chrXIV	137398	137399	1
chrXIV	137426	137427	4
chrXIV	137427	137428	1
chrXIV	144296	144297	1
chrXIV	144720	144721	3
chrXIV	144798	144799	1
chrXIV	164366	164367	1
chrXIV	168417	168418	2
chrXIV	168418	168419	1
chrXIV	168721	168722	1
chrXIV	187224	187226	1
chrXIV	191059	191060	1
chrXIV	191356	191357	1
chrXIV	192415	192416	3
chrXIV	197211	197212	2
chrXIV	201672	201673	3
chrXIV	212222	212223	2
chrXIV	213456	213457	3
chrXIV	213480	213481	1
chrXIV	213505	213506	1
chrXIV	213529	213530	1
chrXIV	216227	216228	1
chrXIV	223785	223786	1
chrXIV	223821	223822	1
chrXIV	225027	225028	2
chrXIV	232115	232116	4
chrXIV	232192	232193	1
chrXIV	232772	232773	1
chrXIV	232775	232776	2
chrXIV	235430	235431	1
chrXIV	254025	254026	3
chrXIV	255261	255262	1
chrXIV	260434	260435	3
chrXIV	260535	260536	1
chrXIV	265501	265502	1
chrXIV	271944	271945	2
chrXIV	275101	275102	1
chrXIV	275417	275418	1
chrXIV	276177	276178	4
chrXIV	277966	277967	1
chrXIV	281279	281280	2
chrXIV	281609	281610	2
chrXIV	283450	283451	1
chrXIV	289281	289282	2
chrXIV	300783	300784	1
chrXIV	306806	306807	4
chrXIV	307398	307399	4
chrXIV	307445	307446	1
chrXIV	316191	316192	1
chrXIV	318730	318731	1
chrXIV	318809	318810	1
chrXIV	323305	323306	1
chrXIV	323321	323322	1
chrXIV	323329	323330	2
chrXIV	324109	324110	1
chrXIV	325566	325567	1
chrXIV	327931	327932	1
chrXIV	344011	344012	1
chrXIV	344032	344033	1
chrXIV	359351	359352	1
chrXIV	362340	362341	3
chrXIV	362367	362368	3
chrXIV	364239	364240	1
chrXIV	383665	383666	2
chrXIV	388178	388179	1
chrXIV	389111	389112	1
chrXIV	391718	391719	1
chrXIV	394218	394219	3
chrXIV	396798	396799	2
chrXIV	398796	398797	1
chrXIV	409924	409925	1
chrXIV	415505	415506	1
chrXIV	418975	418976	1
chrXIV	431415	431416	2
chrXIV	444416	444417	1
chrXIV	449698	449699	2
chrXIV	455572	455573	1
chrXIV	459927	459928	1
chrXIV	463213	463214	1
chrXIV	471998	471999	1
chrXIV	482206	482207	2
chrXIV	483533	483534	1
chrXIV	484887	484888	2
chrXIV	484917	484918	2
chrXIV	506386	506387	2
chrXIV	506387	506388	1
chrXIV	533328	533329	1
chrXIV	534644	534645	6
chrXIV	534693	534694	2
chrXIV	534918	534919	1
chrXIV	534919	534920	2
chrXIV	534920	534921	1
chrXIV	536655	536656	1
chrXIV	542952	542953	1
chrXIV	548205	548206	3
chrXIV	551899	551900	1
chrXIV	551920	551921	5
chrXIV	568802	568803	1
chrXIV	583245	583246	2
chrXIV	589782	589783	1
chrXIV	598685	598686	1
chrXIV	612660	612661	2
chrXIV	616709	616710	4
chrXIV	616749	616750	4
chrXIV	619045	619046	3
chrXIV	619807	619808	1
chrXIV	620360	620361	1
chrXIV	622724	622725	1
chrXIV	627121	627122	1
chrXIV	629262	629263	2
chrXIV	638268	638269	1
chrXIV	644410	644411	1
chrXIV	644600	644601	3
chrXIV	659262	659263	2
chrXIV	667326	667327	1
chrXIV	675265	675266	3
chrXIV	678764	678765	2
chrXIV	681454	681456	1
chrXIV	681954	681955	2
chrXIV	682038	682039	1
chrXIV	682518	682519	4
chrXIV	694800	694801	1
chrXIV	695461	695462	2
chrXIV	695579	695580	3
chrXIV	703248	703249	2
chrXIV	716340	716341	1
chrXIV	716390	716391	2
chrXIV	722641	722642	5
chrXIV	722656	722657	2
chrXIV	722657	722658	1
chrXIV	722661	722662	2
chrXIV	723463	723464	1
chrXIV	728101	728102	4
chrXIV	732029	732030	3
chrXIV	737694	737695	1
chrXIV	739656	739657	2
chrXIV	748816	748817	1
chrXIV	755935	755936	1
chrXV	586	587	1
chrXV	5663	5664	4
chrXV	5814	5815	1
chrXV	6273	6274	1
chrXV	8290	8291	1
chrXV	17687	17688	2
chrXV	19265	19266	1
chrXV	42611	42612	1
chrXV	43677	43678	1
chrXV	47587	47588	2
chrXV	50546	50547	1
chrXV	58498	58499	1
chrXV	60505	60506	1
chrXV	61362	61363	1
chrXV	61372	61373	1
chrXV	61377	61378	1
chrXV	61405	61406	1
chrXV	61496	61497	3
chrXV	62275	62276	3
chrXV	80308	80309	3
chrXV	81633	81634	1
chrXV	81635	81636	1
chrXV	81637	81638	1
chrXV	81639	81640	1
chrXV	88186	88187	1
chrXV	89047	89048	1
chrXV	92813	92814	2
chrXV	98458	98459	3
chrXV	108913	108914	1
chrXV	111794	111795	2
chrXV	111874	111875	2
chrXV	111884	111885	3
chrXV	113688	113689	2
chrXV	127846	127847	2
chrXV	143221	143222	1
chrXV	144720	144721	1
chrXV	151010	151011	1
chrXV	154842	154843	2
chrXV	161877	161878	2
chrXV	161886	161887	2
chrXV	162080	162081	1
chrXV	163939	163940	1
chrXV	164949	164950	1
chrXV	164954	164955	1
chrXV	176456	176457	2
chrXV	176494	176495	1
chrXV	176496	176497	2
chrXV	178378	178379	2
chrXV	180121	180122	1
chrXV	186164	186165	1
chrXV	196666	196667	1
chrXV	196683	196684	1
chrXV	198415	198416	1
chrXV	201011	201012	1
chrXV	204242	204243	2
chrXV	204291	204292	1
chrXV	204299	204300	1
chrXV	204372	204373	1
chrXV	207077	207078	1
chrXV	211608	211609	1
chrXV	214900	214901	1
chrXV	221378	221379	1
chrXV	221390	221391	3
chrXV	240313	240314	1
chrXV	241293	241294	1
chrXV	245004	245005	1
chrXV	250239	250240	1
chrXV	255884	255885	1
chrXV	255915	255916	1
chrXV	257311	257312	1
chrXV	261612	261613	1
chrXV	265414	265415	1
chrXV	266628	266629	1
chrXV	268720	268721	1
chrXV	272027	272028	4
chrXV	272051	272052	1
chrXV	273888	273889	1
chrXV	277244	277245	1
chrXV	297943	297944	6
chrXV	304627	304628	1
chrXV	304658	304659	1
chrXV	304957	304958	1
chrXV	307575	307576	1
chrXV	313393	313394	2
chrXV	315047	315048	3
chrXV	316209	316210	3
chrXV	317487	317488	1
chrXV	319862	319863	1
chrXV	327175	327176	1
chrXV	327756	327757	3
chrXV	328225	328226	3
chrXV	328379	328380	1
chrXV	328549	328550	1
chrXV	336825	336826	1
chrXV	337014	337015	1
chrXV	343407	343408	1
chrXV	347660	347661	1
chrXV	349820	349821	1
chrXV	351019	351020	1
chrXV	359525	359526	1
chrXV	362951	362952	1
chrXV	364462	364463	1
chrXV	364955	364956	1
chrXV	367646	367647	1
chrXV	387058	387059	2
chrXV	387062	387063	1
chrXV	390280	390281	1
chrXV	392976	392977	3
chrXV	396636	396637	2
chrXV	398287	398288	3
chrXV	402973	402974	2
chrXV	414447	414448	3
chrXV	414448	414449	1
chrXV	415565	415566	2
chrXV	415566	415567	1
chrXV	420252	420253	3
chrXV	420269	420270	1
chrXV	420378	420379	6
chrXV	420380	420381	1
chrXV	427921	427922	1
chrXV	428019	428020	2
chrXV	428140	428141	1
chrXV	429250	429251	2
chrXV	430466	430467	4
chrXV	430788	430789	1
chrXV	430910	430911	1
chrXV	431383	431384	2
chrXV	433459	433460	1
chrXV	438944	438945	1
chrXV	439024	439025	1
chrXV	446463	446464	1
chrXV	453527	453528	1
chrXV	456962	456963	1
chrXV	464522	464523	1
chrXV	476387	476388	1
chrXV	480879	480880	4
chrXV	480880	480881	1
chrXV	480932	480933	2
chrXV	483402	483403	1
chrXV	483447	483448	2
chrXV	488153	488154	1
chrXV	498485	498486	2
chrXV	501248	501249	1
chrXV	501255	501256	1
chrXV	513496	513497	1
chrXV	513852	513853	1
chrXV	520016	520017	1
chrXV	520036	520037	1
chrXV	520046	520047	1
chrXV	520061	520062	1
chrXV	523013	523014	1
chrXV	550156	550157	5
chrXV	550316	550317	2
chrXV	552363	552364	1
chrXV	553646	553647	1
chrXV	556260	556261	1
chrXV	557841	557842	2
chrXV	557842	557843	1
chrXV	565000	565001	1
chrXV	565030	565031	2
chrXV	565048	565049	2
chrXV	572512	572513	1
chrXV	580617	580618	1
chrXV	588467	588468	1
chrXV	590326	590327	1
chrXV	591009	591010	2
chrXV	591031	591032	1
chrXV	591077	591078	2
chrXV	593892	593893	5
chrXV	601158	601159	1
chrXV	603495	603496	4
chrXV	603756	603757	3
chrXV	605537	605538	1
chrXV	605652	605653	1
chrXV	609182	609183	1
chrXV	620059	620060	1
chrXV	620067	620068	1
chrXV	620100	620101	2
chrXV	628497	628498	1
chrXV	629522	629523	1
chrXV	630914	630915	1
chrXV	644071	644072	3
chrXV	652858	652859	1
chrXV	652952	652953	2
chrXV	657355	657356	5
chrXV	657357	657358	1
chrXV	660053	660054	2
chrXV	672912	672913	3
chrXV	672913	672914	1
chrXV	678594	678595	1
chrXV	702018	702019	2
chrXV	702397	702398	1
chrXV	716231	716232	1
chrXV	721385	721386	1
chrXV	722114	722115	1
chrXV	722331	722332	1
chrXV	722337	722338	1
chrXV	722482	722483	1
chrXV	722487	722488	1
chrXV	739624	739625	1
chrXV	740311	740312	1
chrXV	740642	740643	1
chrXV	746919	746920	1
chrXV	747038	747039	3
chrXV	747303	747304	1
chrXV	747499	747500	2
chrXV	747514	747515	2
chrXV	747517	747518	1
chrXV	752813	752814	3
chrXV	769481	769482	2
chrXV	774451	774452	1
chrXV	787670	787671	1
chrXV	790084	790085	1
chrXV	796545	796546	2
chrXV	796554	796556	1
chrXV	796565	796566	2
chrXV	809673	809674	2
chrXV	816428	816429	1
chrXV	820758	820759	1
chrXV	830792	830793	2
chrXV	834331	834332	1
chrXV	843854	843855	4
chrXV	843859	843860	3
chrXV	844126	844127	1
chrXV	846988	846989	3
chrXV	847571	847572	2
chrXV	847619	847620	2
chrXV	849645	849646	4
chrXV	850838	850839	3
chrXV	851461	851462	2
chrXV	851667	851668	1
chrXV	851718	851719	1
chrXV	858079	858080	1
chrXV	865173	865174	2
chrXV	866410	866411	1
chrXV	866483	866484	1
chrXV	874240	874241	2
chrXV	875057	875058	1
chrXV	882599	882600	2
chrXV	887258	887259	1
chrXV	895136	895137	1
chrXV	895812	895813	1
chrXV	901532	901533	3
chrXV	903153	903154	2
chrXV	916063	916064	1
chrXV	920290	920291	2
chrXV	923276	923278	1
chrXV	923279	923280	1
chrXV	923519	923520	3
chrXV	935439	935440	4
chrXV	935457	935458	1
chrXV	935467	935468	2
chrXV	938504	938505	1
chrXV	939735	939736	1
chrXV	960695	960696	3
chrXV	968197	968198	1
chrXV	968730	968731	1
chrXV	970103	970104	1
chrXV	973923	973924	1
chrXV	976345	976346	1
chrXV	981008	981009	1
chrXV	981273	981274	1
chrXV	981279	981280	1
chrXV	982185	982186	2
chrXV	985631	985632	1
chrXV	989822	989823	1
chrXV	995429	995430	1
chrXV	997493	997494	2
chrXV	997494	997495	1
chrXV	998090	998091	2
chrXV	1002484	1002485	5
chrXV	1011343	1011344	2
chrXV	1011379	1011380	1
chrXV	1015789	1015790	5
chrXV	1019075	1019076	1
chrXV	1020828	1020829	5
chrXV	1021316	1021317	2
chrXV	1027089	1027090	1
chrXV	1029260	1029261	1
chrXV	1030240	1030241	1
chrXV	1038340	1038341	1
chrXV	1041100	1041101	1
chrXV	1050625	1050626	3
chrXV	1050732	1050733	2
chrXVI	14695	14696	1
chrXVI	22603	22604	4
chrXVI	31881	31882	1
chrXVI	32951	32952	2
chrXVI	41694	41695	2
chrXVI	51771	51772	1
chrXVI	65869	65870	1
chrXVI	70734	70735	1
chrXVI	72714	72715	3
chrXVI	73047	73048	1
chrXVI	76148	76149	1
chrXVI	76766	76767	1
chrXVI	76824	76825	1
chrXVI	77123	77124	1
chrXVI	77263	77264	3
chrXVI	82635	82636	2
chrXVI	82636	82637	1
chrXVI	82642	82643	2
chrXVI	82686	82687	3
chrXVI	87509	87510	1
chrXVI	105324	105325	1
chrXVI	108468	108469	4
chrXVI	115552	115553	5
chrXVI	132533	132534	1
chrXVI	150028	150029	1
chrXVI	153030	153031	4
chrXVI	153082	153083	1
chrXVI	155980	155981	2
chrXVI	156430	156431	1
chrXVI	156705	156706	1
chrXVI	158876	158877	2
chrXVI	160457	160458	1
chrXVI	166412	166413	1
chrXVI	172535	172536	1
chrXVI	172692	172693	1
chrXVI	191088	191089	1
chrXVI	194868	194869	1
chrXVI	194870	194871	1
chrXVI	195033	195034	1
chrXVI	195556	195557	2
chrXVI	202176	202177	1
chrXVI	202215	202216	1
chrXVI	214880	214881	3
chrXVI	217334	217335	1
chrXVI	218742	218743	1
chrXVI	218777	218778	3
chrXVI	220026	220027	3
chrXVI	220028	220029	1
chrXVI	220044	220045	3
chrXVI	220819	220820	1
chrXVI	221909	221910	2
chrXVI	225920	225921	1
chrXVI	244737	244738	1
chrXVI	251930	251931	1
chrXVI	252194	252195	1
chrXVI	259428	259429	1
chrXVI	273938	273939	1
chrXVI	275028	275029	1
chrXVI	281802	281803	2
chrXVI	281809	281810	4
chrXVI	286284	286285	1
chrXVI	286451	286452	4
chrXVI	287541	287542	1
chrXVI	293803	293804	1
chrXVI	293822	293824	1
chrXVI	293916	293917	2
chrXVI	300906	300907	1
chrXVI	309348	309349	1
chrXVI	312006	312007	1
chrXVI	318184	318185	1
chrXVI	320143	320144	1
chrXVI	323817	323818	7
chrXVI	324407	324408	1
chrXVI	326023	326024	2
chrXVI	341053	341054	4
chrXVI	351774	351775	1
chrXVI	351923	351924	1
chrXVI	353048	353049	3
chrXVI	362767	362768	2
chrXVI	365041	365042	1
chrXVI	367497	367498	3
chrXVI	371002	371003	2
chrXVI	372714	372715	3
chrXVI	372823	372824	2
chrXVI	372954	372955	1
chrXVI	373700	373701	1
chrXVI	377859	377860	1
chrXVI	382465	382466	1
chrXVI	395160	395161	1
chrXVI	400903	400904	2
chrXVI	403401	403402	1
chrXVI	403406	403407	2
chrXVI	403421	403422	1
chrXVI	403423	403424	1
chrXVI	403441	403442	1
chrXVI	403484	403485	1
chrXVI	403487	403488	3
chrXVI	408842	408843	2
chrXVI	411431	411432	3
chrXVI	411600	411601	1
chrXVI	425452	425453	1
chrXVI	425516	425517	1
chrXVI	425534	425535	3
chrXVI	425535	425536	2
chrXVI	425602	425603	1
chrXVI	425620	425621	1
chrXVI	425636	425637	5
chrXVI	425637	425638	1
chrXVI	425642	425643	2
chrXVI	429484	429485	1
chrXVI	432325	432326	1
chrXVI	433095	433096	4
chrXVI	436102	436103	1
chrXVI	447799	447800	1
chrXVI	447804	447805	1
chrXVI	447864	447865	2
chrXVI	451494	451495	1
chrXVI	451496	451497	5
chrXVI	451498	451499	1
chrXVI	451500	451501	1
chrXVI	453906	453907	1
chrXVI	456594	456595	1
chrXVI	457543	457544	1
chrXVI	457553	457554	4
chrXVI	457792	457793	2
chrXVI	463292	463293	2
chrXVI	468152	468153	1
chrXVI	475968	475969	1
chrXVI	481760	481761	2
chrXVI	481761	481762	1
chrXVI	496894	496895	1
chrXVI	497153	497154	4
chrXVI	501423	501424	1
chrXVI	501988	501989	2
chrXVI	502082	502083	3
chrXVI	502083	502084	1
chrXVI	504451	504452	1
chrXVI	504522	504523	3
chrXVI	506829	506830	1
chrXVI	513757	513758	4
chrXVI	515330	515331	2
chrXVI	524355	524356	1
chrXVI	527843	527844	2
chrXVI	534498	534499	1
chrXVI	536596	536597	1
chrXVI	541417	541418	4
chrXVI	544815	544816	1
chrXVI	544828	544829	1
chrXVI	547500	547501	1
chrXVI	547811	547812	1
chrXVI	559099	559100	1
chrXVI	561991	561992	2
chrXVI	562662	562663	2
chrXVI	564957	564958	1
chrXVI	566095	566096	5
chrXVI	583673	583674	2
chrXVI	614501	614502	1
chrXVI	615794	615795	1
chrXVI	619546	619547	1
chrXVI	621894	621895	1
chrXVI	626139	626140	1
chrXVI	629276	629277	1
chrXVI	637552	637553	1
chrXVI	650044	650045	1
chrXVI	656845	656846	3
chrXVI	656846	656847	1
chrXVI	659120	659121	1
chrXVI	661736	661737	3
chrXVI	661737	661738	1
chrXVI	664213	664214	2
chrXVI	667892	667893	1
chrXVI	669995	669996	1
chrXVI	674967	674968	1
chrXVI	693734	693735	1
chrXVI	694760	694761	1
chrXVI	708528	708529	2
chrXVI	709730	709731	1
chrXVI	709766	709767	2
chrXVI	713952	713953	3
chrXVI	721995	721996	1
chrXVI	723645	723646	1
chrXVI	728973	728974	1
chrXVI	728975	728976	1
chrXVI	737904	737905	2
chrXVI	737973	737974	1
chrXVI	743705	743706	1
chrXVI	744095	744096	2
chrXVI	746780	746781	1
chrXVI	752805	752806	2
chrXVI	756759	756760	1
chrXVI	756777	756778	1
chrXVI	763394	763395	2
chrXVI	763761	763762	1
chrXVI	775097	775098	1
chrXVI	790900	790901	2
chrXVI	796477	796478	1
chrXVI	814133	814134	1
chrXVI	814813	814814	2
chrXVI	815405	815406	5
chrXVI	817107	817108	1
chrXVI	817208	817209	1
chrXVI	817787	817788	3
chrXVI	817809	817810	1
chrXVI	829191	829192	4
chrXVI	867363	867364	1
chrXVI	868145	868146	2
chrXVI	894542	894543	1
chrXVI	908357	908358	1
chrXVI	910975	910976	1
chrXVI	916732	916733	1
chrXVI	917133	917134	1
chrXVI	918871	918872	4
chrXVI	918904	918905	2
chrXVI	918938	918939	1
chrXVI	933371	933372	1
chrXVI	934383	934384	2
chrXVI	934404	934405	1
chrXVI	934434	934435	2
chrXVI	934949	934950	1
chrXVI	935340	935341	3
chrXVI	939479	939480	1
chrM	266	267	1
chrM	1048	1049	4
chrM	1223	1224	1
chrM	1596	1597	2
chrM	1871	1872	2
chrM	1882	1883	1
chrM	2822	2823	1
chrM	2850	2851	4
chrM	3650	3651	1
chrM	3660	3661	1
chrM	4234	4235	2
chrM	4333	4334	1
chrM	4461	4462	1
chrM	4536	4537	2
chrM	4797	4798	1
chrM	4799	4800	1
chrM	4801	4804	1
chrM	4805	4806	1
chrM	5147	5148	1
chrM	5149	5150	2
chrM	5234	5235	3
chrM	5458	5459	1
chrM	6054	6055	1
chrM	6057	6058	1
chrM	6077	6078	1
chrM	6126	6127	2
chrM	6148	6149	1
chrM	6161	6164	1
chrM	6166	6167	1
chrM	6184	6185	1
chrM	6194	6195	2
chrM	7168	7169	1
chrM	7179	7180	4
chrM	7182	7183	1
chrM	7395	7396	2
chrM	7461	7462	1
chrM	7467	7468	1
chrM	7497	7498	3
chrM	7498	7499	1
chrM	7506	7507	1
chrM	7515	7516	5
chrM	7518	7519	3
chrM	7535	7536	2
chrM	7536	7537	1
chrM	7539	7540	1
chrM	7543	7544	1
chrM	7554	7555	2
chrM	7560	7561	2
chrM	7562	7563	1
chrM	7928	7929	1
chrM	7935	7936	4
chrM	7940	7941	4
chrM	7941	7942	1
chrM	7950	7951	1
chrM	8014	8015	1
chrM	8513	8514	3
chrM	8521	8522	1
chrM	8627	8628	1
chrM	8645	8646	2
chrM	8648	8649	1
chrM	8649	8650	2
chrM	8657	8658	1
chrM	8660	8661	1
chrM	8849	8850	1
chrM	8850	8851	2
chrM	9381	9382	1
chrM	10433	10434	1
chrM	10772	10773	1
chrM	10784	10785	3
chrM	10854	10855	1
chrM	10867	10868	1
chrM	10970	10971	1
chrM	10983	10984	2
chrM	10985	10986	1
chrM	10990	10992	1
chrM	11076	11077	1
chrM	11529	11530	1
chrM	11710	11711	1
chrM	12510	12512	1
chrM	13259	13260	2
chrM	13283	13284	1
chrM	13326	13327	1
chrM	13329	13330	1
chrM	13666	13667	1
chrM	13832	13833	2
chrM	13865	13866	3
chrM	13880	13881	1
chrM	13901	13902	1
chrM	14073	14074	1
chrM	14079	14080	1
chrM	14133	14134	1
chrM	14191	14192	2
chrM	14263	14264	1
chrM	14283	14284	1
chrM	14285	14286	6
chrM	14305	14306	3
chrM	14306	14307	1
chrM	14322	14323	4
chrM	14324	14325	3
chrM	14331	14333	1
chrM	14335	14336	3
chrM	14337	14338	2
chrM	14339	14340	3
chrM	14342	14343	3
chrM	14349	14350	7
chrM	14351	14352	1
chrM	14355	14356	1
chrM	14356	14357	2
chrM	14357	14358	1
chrM	14366	14367	3
chrM	14369	14370	4
chrM	14370	14371	1
chrM	14376	14377	4
chrM	14381	14382	3
chrM	14549	14550	1
chrM	14608	14609	1
chrM	14626	14627	3
chrM	14627	14628	1
chrM	14646	14647	1
chrM	14778	14779	1
chrM	14787	14788	1
chrM	14819	14820	7
chrM	14822	14823	2
chrM	15124	15125	3
chrM	15210	15211	1
chrM	15239	15240	4
chrM	15243	15244	1
chrM	15244	15245	2
chrM	15326	15327	1
chrM	15402	15403	2
chrM	15465	15466	1
chrM	15471	15472	1
chrM	15488	15489	1
chrM	15888	15889	1
chrM	16183	16184	1
chrM	16217	16218	1
chrM	16236	16237	2
chrM	16700	16701	1
chrM	16874	16875	1
chrM	16876	16877	1
chrM	16889	16890	2
chrM	16902	16903	1
chrM	16905	16907	2
chrM	16907	16908	1
chrM	16910	16911	7
chrM	16911	16912	1
chrM	16916	16917	2
chrM	16923	16924	3
chrM	16924	16925	1
chrM	17050	17051	1
chrM	17237	17238	1
chrM	17276	17277	1
chrM	17334	17335	1
chrM	17340	17341	1
chrM	17342	17343	5
chrM	17432	17433	1
chrM	17451	17452	1
chrM	17475	17476	2
chrM	17635	17637	1
chrM	17644	17645	1
chrM	17654	17655	5
chrM	17659	17660	1
chrM	17661	17662	1
chrM	17664	17665	1
chrM	17847	17848	3
chrM	17871	17872	1
chrM	17914	17915	4
chrM	17915	17916	1
chrM	18332	18333	4
chrM	18357	18358	1
chrM	18361	18362	3
chrM	18471	18472	1
chrM	18479	18480	1
chrM	18487	18488	1
chrM	18532	18533	1
chrM	18608	18609	3
chrM	18714	18715	1
chrM	18722	18723	1
chrM	18949	18950	1
chrM	18958	18959	2
chrM	19071	19072	1
chrM	19074	19077	1
chrM	19103	19104	1
chrM	19108	19109	1
chrM	19112	19113	1
chrM	19126	19127	2
chrM	19127	19128	1
chrM	19229	19230	2
chrM	19641	19642	1
chrM	19880	19881	2
chrM	19910	19911	1
chrM	20034	20035	1
chrM	20073	20074	3
chrM	20122	20123	6
chrM	20123	20124	1
chrM	20274	20275	3
chrM	20295	20296	1
chrM	20877	20878	1
chrM	20959	20960	2
chrM	21271	21272	1
chrM	21277	21278	1
chrM	21301	21302	5
chrM	21377	21378	1
chrM	21404	21405	3
chrM	21406	21407	1
chrM	21557	21558	1
chrM	21560	21561	7
chrM	21569	21570	1
chrM	21607	21608	2
chrM	21680	21681	1
chrM	22170	22171	1
chrM	22208	22209	1
chrM	22218	22219	1
chrM	22263	22264	1
chrM	22269	22270	1
chrM	22291	22292	4
chrM	22437	22438	1
chrM	22467	22468	1
chrM	22636	22637	1
chrM	22859	22860	2
chrM	22891	22892	1
chrM	22896	22897	1
chrM	23455	23456	1
chrM	23702	23703	1
chrM	24068	24069	3
chrM	24069	24070	1
chrM	24074	24075	1
chrM	24090	24091	2
chrM	24234	24235	1
chrM	24270	24271	1
chrM	24395	24396	1
chrM	24457	24458	1
chrM	24471	24472	2
chrM	24533	24534	1
chrM	24858	24860	1
chrM	24880	24881	3
chrM	24942	24943	1
chrM	24947	24948	3
chrM	24949	24950	2
chrM	24961	24962	2
chrM	24965	24966	3
chrM	24972	24973	1
chrM	25021	25023	1
chrM	25028	25029	2
chrM	25165	25166	3
chrM	25208	25209	1
chrM	25214	25215	1
chrM	25321	25322	1
chrM	25329	25330	2
chrM	26150	26151	4
chrM	26160	26161	7
chrM	26165	26166	1
chrM	26169	26170	1
chrM	26172	26173	1
chrM	26173	26174	4
chrM	26175	26176	1
chrM	26185	26186	1
chrM	26195	26198	1
chrM	26211	26212	3
chrM	26235	26236	1
chrM	26248	26249	1
chrM	26256	26257	1
chrM	26462	26463	4
chrM	26696	26697	3
chrM	27097	27098	1
chrM	27098	27099	2
chrM	27332	27333	1
chrM	27363	27364	1
chrM	27392	27393	1
chrM	27402	27403	5
chrM	27980	27981	3
chrM	28143	28144	1
chrM	28172	28173	1
chrM	28488	28489	2
chrM	28496	28497	2
chrM	28507	28508	1
chrM	28536	28537	1
chrM	28541	28542	1
chrM	28543	28544	4
chrM	28880	28881	2
chrM	29085	29086	1
chrM	29089	29090	1
chrM	29132	29133	2
chrM	29134	29135	5
chrM	29147	29148	5
chrM	29156	29157	1
chrM	29157	29158	3
chrM	29158	29159	5
chrM	29186	29187	3
chrM	29194	29195	2
chrM	29196	29197	1
chrM	29287	29288	4
chrM	29305	29306	1
chrM	29852	29853	1
chrM	29860	29861	4
chrM	29982	29983	1
chrM	30449	30450	1
chrM	31827	31828	1
chrM	31840	31841	1
chrM	31860	31861	1
chrM	32201	32202	1
chrM	32238	32239	1
chrM	32247	32248	2
chrM	32533	32534	1
chrM	33018	33019	6
chrM	33022	33023	7
chrM	33035	33036	1
chrM	33083	33084	1
chrM	33276	33277	3
chrM	33507	33508	1
chrM	33768	33769	1
chrM	33776	33778	1
chrM	33804	33805	2
chrM	33809	33810	1
chrM	33817	33818	1
chrM	34469	34470	1
chrM	34470	34471	2
chrM	34488	34489	2
chrM	34490	34491	1
chrM	35095	35096	6
chrM	35096	35098	1
chrM	35098	35099	2
chrM	35099	35100	1
chrM	35106	35107	4
chrM	35111	35112	1
chrM	35112	35113	3
chrM	35118	35119	2
chrM	35119	35120	1
chrM	35122	35123	1
chrM	35124	35125	1
chrM	35367	35368	3
chrM	35381	35382	4
chrM	35383	35384	6
chrM	35388	35389	2
chrM	35412	35413	1
chrM	35419	35421	3
chrM	36196	36197	1
chrM	36576	36577	1
chrM	36582	36583	1
chrM	36583	36584	2
chrM	36587	36588	1
chrM	36634	36635	8
chrM	36635	36636	3
chrM	36636	36637	1
chrM	36654	36655	4
chrM	36655	36657	1
chrM	36671	36672	2
chrM	36929	36930	1
chrM	37271	37272	1
chrM	37296	37297	1
chrM	37305	37307	1
chrM	37413	37414	1
chrM	37723	37724	1
chrM	37740	37741	2
chrM	37741	37742	1
chrM	37996	37997	2
chrM	38007	38008	2
chrM	38010	38011	3
chrM	38013	38014	5
chrM	38017	38018	3
chrM	38021	38022	1
chrM	38185	38186	1
chrM	38187	38188	1
chrM	38200	38201	3
chrM	38202	38203	1
chrM	38265	38266	1
chrM	38270	38271	2
chrM	38273	38274	1
chrM	38281	38282	1
chrM	38289	38291	1
chrM	38293	38294	1
chrM	38302	38303	1
chrM	38317	38318	3
chrM	38319	38320	1
chrM	38361	38362	1
chrM	38619	38620	1
chrM	38910	38911	4
chrM	38911	38912	1
chrM	38986	38987	1
chrM	39128	39129	3
chrM	39139	39140	1
chrM	39148	39149	3
chrM	39182	39183	1
chrM	39194	39195	1
chrM	39509	39510	1
chrM	39680	39681	1
chrM	39739	39740	1
chrM	39833	39834	2
chrM	39838	39839	1
chrM	39842	39843	1
chrM	39858	39859	2
chrM	39942	39943	1
chrM	40140	40141	1
chrM	40529	40530	1
chrM	40762	40763	5
chrM	40769	40770	2
chrM	40849	40850	1
chrM	40856	40857	1
chrM	40883	40884	1
chrM	40931	40932	1
chrM	40948	40949	1
chrM	40966	40967	4
chrM	40973	40974	1
chrM	40974	40975	2
chrM	41018	41019	1
chrM	41044	41045	8
chrM	41068	41069	5
chrM	41076	41077	3
chrM	41338	41339	2
chrM	41354	41355	2
chrM	41403	41404	2
chrM	41414	41415	3
chrM	41418	41419	1
chrM	41616	41617	1
chrM	41650	41651	4
chrM	41721	41722	1
chrM	41735	41736	1
chrM	41791	41792	3
chrM	41860	41861	1
chrM	41880	41881	3
chrM	41890	41891	1
chrM	41891	41892	2
chrM	41894	41895	1
chrM	41897	41898	4
chrM	41969	41970	1
chrM	42080	42081	1
chrM	42305	42306	1
chrM	42361	42362	1
chrM	42469	42470	1
chrM	42479	42480	1
chrM	42522	42524	1
chrM	42528	42529	2
chrM	42989	42990	1
chrM	42996	42997	1
chrM	43008	43009	2
chrM	43011	43012	5
chrM	43013	43014	2
chrM	43022	43023	1
chrM	43477	43478	2
chrM	44017	44018	1
chrM	44020	44021	2
chrM	44121	44123	1
chrM	44129	44130	4
chrM	44147	44148	1
chrM	44223	44224	1
chrM	44224	44225	3
chrM	44381	44382	2
chrM	44382	44383	1
chrM	44495	44496	1
chrM	44515	44516	1
chrM	44518	44519	1
chrM	44551	44552	1
chrM	44665	44666	1
chrM	44951	44952	1
chrM	45123	45124	2
chrM	45125	45126	1
chrM	45385	45387	1
chrM	45401	45402	1
chrM	45524	45525	2
chrM	45636	45637	1
chrM	46295	46296	2
chrM	47019	47020	1
chrM	47179	47180	1
chrM	47466	47467	2
chrM	47970	47971	1
chrM	48186	48187	1
chrM	48224	48225	3
chrM	48226	48227	2
chrM	48229	48230	3
chrM	48275	48276	1
chrM	48745	48746	2
chrM	49903	49904	4
chrM	50685	50686	1
chrM	50686	50687	3
chrM	50687	50688	1
chrM	50695	50696	1
chrM	50697	50698	1
chrM	50698	50699	5
chrM	50699	50700	1
chrM	50701	50703	1
chrM	50704	50705	10
chrM	50706	50707	5
chrM	50707	50708	3
chrM	50708	50709	1
chrM	50711	50713	4
chrM	50714	50715	1
chrM	50733	50734	5
chrM	50755	50756	1
chrM	50765	50766	1
chrM	51057	51058	2
chrM	51218	51219	1
chrM	51249	51250	2
chrM	51268	51269	1
chrM	51270	51271	3
chrM	51271	51272	2
chrM	51278	51280	4
chrM	51296	51297	1
chrM	51334	51335	1
chrM	52285	52286	1
chrM	53182	53183	1
chrM	53206	53207	1
chrM	53218	53219	1
chrM	53506	53507	1
chrM	53511	53512	2
chrM	53637	53638	1
chrM	53659	53660	1
chrM	53725	53726	1
chrM	53749	53750	2
chrM	53794	53795	6
chrM	53795	53796	4
chrM	53796	53797	1
chrM	53835	53836	1
chrM	53838	53839	1
chrM	53842	53843	1
chrM	53879	53880	1
chrM	54269	54270	2
chrM	54287	54288	1
chrM	54440	54441	1
chrM	54526	54527	1
chrM	54568	54569	1
chrM	54570	54571	1
chrM	54618	54619	2
chrM	54622	54623	2
chrM	54778	54779	2
chrM	54779	54780	1
chrM	54788	54789	1
chrM	54830	54831	1
chrM	54971	54972	1
chrM	55260	55261	1
chrM	55269	55270	2
chrM	55288	55289	1
chrM	55312	55313	1
chrM	55412	55413	1
chrM	55439	55440	2
chrM	55616	55617	4
chrM	55799	55801	1
chrM	56528	56529	1
chrM	56864	56865	1
chrM	56987	56988	1
chrM	57011	57012	2
chrM	57014	57015	1
chrM	57021	57022	1
chrM	57111	57112	2
chrM	57115	57116	2
chrM	57383	57384	1
chrM	58454	58455	1
chrM	58585	58586	3
chrM	58666	58667	3
chrM	58667	58668	1
chrM	58672	58673	2
chrM	58706	58707	2
chrM	58773	58774	3
chrM	58988	58989	7
chrM	59023	59024	2
chrM	59070	59071	1
chrM	59149	59150	1
chrM	59192	59193	1
chrM	59610	59612	1
chrM	60658	60659	3
chrM	60700	60701	1
chrM	60887	60888	2
chrM	60891	60892	1
chrM	60900	60901	1
chrM	60909	60910	2
chrM	60914	60915	1
chrM	60916	60917	1
chrM	60919	60920	2
chrM	61070	61071	3
chrM	61111	61112	1
chrM	61155	61156	1
chrM	61184	61185	1
chrM	61190	61191	1
chrM	61210	61211	4
chrM	61235	61236	1
chrM	61255	61256	1
chrM	61262	61263	2
chrM	61263	61264	1
chrM	61283	61284	1
chrM	61285	61286	2
chrM	61435	61436	1
chrM	61496	61497	3
chrM	61553	61554	1
chrM	61782	61783	3
chrM	61865	61866	2
chrM	61871	61872	1
chrM	61874	61875	1
chrM	61902	61903	1
chrM	61915	61916	1
chrM	61917	61918	1
chrM	61939	61940	4
chrM	61946	61947	2
chrM	61947	61948	3
chrM	61960	61961	5
chrM	61968	61969	2
chrM	61970	61971	6
chrM	61971	61972	1
chrM	61974	61975	4
chrM	61976	61977	1
chrM	61986	61987	3
chrM	61993	61994	6
chrM	61994	61997	1
chrM	62148	62149	1
chrM	62755	62756	1
chrM	62911	62912	2
chrM	63480	63481	1
chrM	63569	63570	1
chrM	63572	63573	2
chrM	63633	63634	1
chrM	63664	63665	1
chrM	63862	63863	7
chrM	63863	63864	1
chrM	63868	63869	1
chrM	63872	63873	1
chrM	63876	63877	1
chrM	63878	63879	2
chrM	63880	63881	2
chrM	63890	63891	2
chrM	63891	63892	1
chrM	63906	63907	2
chrM	63910	63911	3
chrM	64424	64425	2
chrM	64786	64787	1
chrM	65021	65022	1
chrM	65031	65032	1
chrM	65052	65053	1
chrM	65055	65056	1
chrM	65059	65060	2
chrM	65694	65695	1
chrM	65809	65810	1
chrM	65826	65827	1
chrM	65838	65839	2
chrM	65901	65902	1
chrM	65919	65921	1
chrM	65921	65922	2
chrM	65922	65923	1
chrM	65928	65929	1
chrM	65930	65931	2
chrM	65933	65934	4
chrM	66087	66088	5
chrM	66088	66089	2
chrM	66091	66092	3
chrM	66098	66099	1
chrM	66105	66106	1
chrM	66113	66114	4
chrM	66117	66118	1
chrM	66119	66121	1
chrM	66122	66123	3
chrM	66189	66190	1
chrM	66210	66211	3
chrM	66212	66213	2
chrM	66216	66217	1
chrM	66217	66218	4
chrM	66218	66219	1
chrM	66221	66222	2
chrM	66225	66226	1
chrM	66227	66228	1
chrM	66516	66517	1
chrM	66520	66521	1
chrM	66748	66749	1
chrM	66886	66887	1
chrM	66887	66888	2
chrM	66893	66894	1
chrM	67066	67067	1
chrM	67077	67078	1
chrM	67469	67470	1
chrM	67477	67478	8
chrM	67496	67497	2
chrM	67499	67500	1
chrM	67505	67506	2
chrM	68047	68048	1
chrM	69225	69226	1
chrM	69234	69235	1
chrM	69239	69240	1
chrM	69262	69263	3
chrM	69456	69457	1
chrM	70363	70365	1
chrM	70371	70372	2
chrM	70448	70449	1
chrM	70456	70457	1
chrM	70473	70474	1
chrM	70490	70491	4
chrM	70499	70500	3
chrM	70500	70501	4
chrM	70507	70508	2
chrM	70512	70513	5
chrM	71021	71022	1
chrM	72628	72629	2
chrM	72646	72647	5
chrM	72647	72648	1
chrM	72650	72651	2
chrM	72651	72652	1
chrM	73036	73037	1
chrM	73452	73453	1
chrM	73469	73470	1
chrM	73472	73473	1
chrM	73477	73478	1
chrM	73493	73494	1
chrM	73499	73500	1
chrM	73509	73510	2
chrM	73515	73516	2
chrM	73517	73519	1
chrM	73772	73773	1
chrM	73802	73803	3
chrM	73822	73823	2
chrM	73824	73825	1
chrM	74030	74031	1
chrM	74067	74068	1
chrM	74069	74070	1
chrM	74072	74073	1
chrM	74076	74077	8
chrM	74081	74082	5
chrM	74291	74292	1
chrM	74297	74298	1
chrM	74331	74332	2
chrM	74335	74336	2
chrM	74345	74346	3
chrM	74358	74359	1
chrM	74413	74414	2
chrM	74415	74416	1
chrM	74424	74425	1
chrM	74428	74429	2
chrM	74439	74440	1
chrM	74444	74445	1
chrM	74448	74449	3
chrM	74452	74453	1
chrM	74599	74600	4
chrM	74917	74918	2
chrM	75165	75166	2
chrM	75680	75681	2
chrM	75695	75696	3
chrM	76264	76265	1
chrM	76296	76297	1
chrM	76582	76583	1
chrM	76766	76767	1
chrM	76767	76768	3
chrM	76770	76771	1
chrM	76779	76780	1
chrM	76786	76787	1
chrM	76788	76789	1
chrM	76822	76823	7
chrM	76827	76828	1
chrM	77059	77060	1
chrM	78515	78516	4
chrM	78520	78521	3
chrM	78521	78522	2
chrM	78525	78526	3
chrM	78549	78551	2
chrM	78565	78566	1
chrM	78571	78572	1
chrM	78576	78577	1
chrM	78917	78918	1
chrM	80150	80151	1
chrM	80304	80305	1
chrM	80347	80348	2
chrM	80355	80356	4
chrM	80655	80656	1
chrM	80664	80665	2
chrM	80844	80845	1
chrM	80986	80987	2
chrM	81516	81517	1
chrM	81559	81560	1
chrM	81733	81734	1
chrM	81740	81741	1
chrM	81758	81759	6
chrM	81759	81760	2
chrM	81761	81762	1
chrM	82298	82299	1
chrM	82314	82315	1
chrM	82318	82319	1
chrM	82817	82818	1
chrM	82825	82826	1
chrM	82826	82827	4
chrM	82828	82829	2
chrM	82883	82884	2
chrM	83343	83344	1
chrM	83351	83352	2
chrM	83363	83364	2
chrM	83365	83366	1
chrM	83855	83856	1
chrM	83921	83922	1
chrM	83932	83933	1
chrM	83938	83939	1
chrM	83945	83947	1
chrM	83952	83953	2
chrM	84226	84227	1
chrM	84241	84242	1
chrM	84265	84266	2
chrM	84267	84268	1
chrM	84322	84323	1
chrM	84323	84324	3
chrM	84328	84329	2
chrM	84712	84713	4
chrM	84989	84990	1
chrM	85034	85035	4
chrM	85042	85043	1
chrM	85045	85046	1
chrM	85052	85053	1
chrM	85065	85067	3
chrM	85071	85072	4
chrM	85082	85083	2
