#nuc	offset	region.size	count	freq	norm.freq	total.sites
A	-100	1	9	0.5625	raw	16
A	-100	1	9	1.89438965885	norm	16
C	-100	1	3	0.1875	raw	16
C	-100	1	3	0.922605140185	norm	16
T	-100	1	3	0.1875	raw	16
T	-100	1	3	0.598597776655	norm	16
G	-100	1	1	0.0625	raw	16
G	-100	1	1	0.334923664122	norm	16
A	-99	1	5	0.3125	raw	16
A	-99	1	5	1.05243869936	norm	16
G	-99	1	5	0.3125	raw	16
G	-99	1	5	1.67461832061	norm	16
T	-99	1	4	0.25	raw	16
T	-99	1	4	0.798130368874	norm	16
C	-99	1	2	0.125	raw	16
C	-99	1	2	0.615070093457	norm	16
T	-98	1	8	0.5	raw	16
T	-98	1	8	1.59626073775	norm	16
A	-98	1	3	0.1875	raw	16
A	-98	1	3	0.631463219615	norm	16
C	-98	1	3	0.1875	raw	16
C	-98	1	3	0.922605140185	norm	16
G	-98	1	2	0.125	raw	16
G	-98	1	2	0.669847328243	norm	16
A	-97	1	6	0.375	raw	16
A	-97	1	6	1.26292643923	norm	16
T	-97	1	5	0.3125	raw	16
T	-97	1	5	0.997662961092	norm	16
G	-97	1	3	0.1875	raw	16
G	-97	1	3	1.00477099236	norm	16
C	-97	1	2	0.125	raw	16
C	-97	1	2	0.615070093457	norm	16
T	-96	1	7	0.4375	raw	16
T	-96	1	7	1.39672814553	norm	16
C	-96	1	4	0.25	raw	16
C	-96	1	4	1.23014018691	norm	16
G	-96	1	3	0.1875	raw	16
G	-96	1	3	1.00477099236	norm	16
A	-96	1	2	0.125	raw	16
A	-96	1	2	0.420975479743	norm	16
A	-95	1	5	0.3125	raw	16
A	-95	1	5	1.05243869936	norm	16
T	-95	1	5	0.3125	raw	16
T	-95	1	5	0.997662961092	norm	16
G	-95	1	4	0.25	raw	16
G	-95	1	4	1.33969465649	norm	16
C	-95	1	2	0.125	raw	16
C	-95	1	2	0.615070093457	norm	16
A	-94	1	10	0.625	raw	16
A	-94	1	10	2.10487739872	norm	16
T	-94	1	3	0.1875	raw	16
T	-94	1	3	0.598597776655	norm	16
G	-94	1	3	0.1875	raw	16
G	-94	1	3	1.00477099236	norm	16
T	-93	1	7	0.4375	raw	16
T	-93	1	7	1.39672814553	norm	16
A	-93	1	4	0.25	raw	16
A	-93	1	4	0.841950959487	norm	16
C	-93	1	3	0.1875	raw	16
C	-93	1	3	0.922605140185	norm	16
G	-93	1	2	0.125	raw	16
G	-93	1	2	0.669847328243	norm	16
T	-92	1	7	0.466666666667	raw	16
T	-92	1	7	1.48984335523	norm	16
A	-92	1	4	0.266666666667	raw	16
A	-92	1	4	0.898081023453	norm	16
C	-92	1	3	0.2	raw	16
C	-92	1	3	0.98411214953	norm	16
G	-92	1	1	0.0666666666667	raw	16
G	-92	1	1	0.357251908396	norm	16
A	-91	1	7	0.4375	raw	16
A	-91	1	7	1.4734141791	norm	16
T	-91	1	5	0.3125	raw	16
T	-91	1	5	0.997662961092	norm	16
G	-91	1	3	0.1875	raw	16
G	-91	1	3	1.00477099236	norm	16
C	-91	1	1	0.0625	raw	16
C	-91	1	1	0.307535046728	norm	16
A	-90	1	5	0.3125	raw	16
A	-90	1	5	1.05243869936	norm	16
C	-90	1	4	0.25	raw	16
C	-90	1	4	1.23014018691	norm	16
T	-90	1	4	0.25	raw	16
T	-90	1	4	0.798130368874	norm	16
G	-90	1	3	0.1875	raw	16
G	-90	1	3	1.00477099236	norm	16
T	-89	1	5	0.3125	raw	16
T	-89	1	5	0.997662961092	norm	16
G	-89	1	5	0.3125	raw	16
G	-89	1	5	1.67461832061	norm	16
A	-89	1	4	0.25	raw	16
A	-89	1	4	0.841950959487	norm	16
C	-89	1	2	0.125	raw	16
C	-89	1	2	0.615070093457	norm	16
T	-88	1	6	0.375	raw	16
T	-88	1	6	1.19719555331	norm	16
G	-88	1	6	0.375	raw	16
G	-88	1	6	2.00954198473	norm	16
A	-88	1	3	0.1875	raw	16
A	-88	1	3	0.631463219615	norm	16
C	-88	1	1	0.0625	raw	16
C	-88	1	1	0.307535046728	norm	16
C	-87	1	5	0.3125	raw	16
C	-87	1	5	1.53767523364	norm	16
T	-87	1	5	0.3125	raw	16
T	-87	1	5	0.997662961092	norm	16
A	-87	1	3	0.1875	raw	16
A	-87	1	3	0.631463219615	norm	16
G	-87	1	3	0.1875	raw	16
G	-87	1	3	1.00477099236	norm	16
T	-86	1	7	0.4375	raw	16
T	-86	1	7	1.39672814553	norm	16
C	-86	1	4	0.25	raw	16
C	-86	1	4	1.23014018691	norm	16
G	-86	1	4	0.25	raw	16
G	-86	1	4	1.33969465649	norm	16
A	-86	1	1	0.0625	raw	16
A	-86	1	1	0.210487739872	norm	16
A	-85	1	7	0.4375	raw	16
A	-85	1	7	1.4734141791	norm	16
T	-85	1	5	0.3125	raw	16
T	-85	1	5	0.997662961092	norm	16
C	-85	1	3	0.1875	raw	16
C	-85	1	3	0.922605140185	norm	16
G	-85	1	1	0.0625	raw	16
G	-85	1	1	0.334923664122	norm	16
T	-84	1	7	0.4375	raw	16
T	-84	1	7	1.39672814553	norm	16
C	-84	1	5	0.3125	raw	16
C	-84	1	5	1.53767523364	norm	16
A	-84	1	3	0.1875	raw	16
A	-84	1	3	0.631463219615	norm	16
G	-84	1	1	0.0625	raw	16
G	-84	1	1	0.334923664122	norm	16
C	-83	1	6	0.375	raw	16
C	-83	1	6	1.84521028037	norm	16
T	-83	1	5	0.3125	raw	16
T	-83	1	5	0.997662961092	norm	16
A	-83	1	4	0.25	raw	16
A	-83	1	4	0.841950959487	norm	16
G	-83	1	1	0.0625	raw	16
G	-83	1	1	0.334923664122	norm	16
A	-82	1	10	0.625	raw	16
A	-82	1	10	2.10487739872	norm	16
T	-82	1	3	0.1875	raw	16
T	-82	1	3	0.598597776655	norm	16
G	-82	1	3	0.1875	raw	16
G	-82	1	3	1.00477099236	norm	16
A	-81	1	5	0.3125	raw	16
A	-81	1	5	1.05243869936	norm	16
G	-81	1	5	0.3125	raw	16
G	-81	1	5	1.67461832061	norm	16
C	-81	1	3	0.1875	raw	16
C	-81	1	3	0.922605140185	norm	16
T	-81	1	3	0.1875	raw	16
T	-81	1	3	0.598597776655	norm	16
A	-80	1	4	0.25	raw	16
A	-80	1	4	0.841950959487	norm	16
C	-80	1	4	0.25	raw	16
C	-80	1	4	1.23014018691	norm	16
T	-80	1	4	0.25	raw	16
T	-80	1	4	0.798130368874	norm	16
G	-80	1	4	0.25	raw	16
G	-80	1	4	1.33969465649	norm	16
T	-79	1	5	0.333333333333	raw	16
T	-79	1	5	1.06417382517	norm	16
G	-79	1	5	0.333333333333	raw	16
G	-79	1	5	1.78625954198	norm	16
A	-79	1	3	0.2	raw	16
A	-79	1	3	0.67356076759	norm	16
C	-79	1	2	0.133333333333	raw	16
C	-79	1	2	0.656074766354	norm	16
A	-78	1	4	0.25	raw	16
A	-78	1	4	0.841950959487	norm	16
C	-78	1	4	0.25	raw	16
C	-78	1	4	1.23014018691	norm	16
T	-78	1	4	0.25	raw	16
T	-78	1	4	0.798130368874	norm	16
G	-78	1	4	0.25	raw	16
G	-78	1	4	1.33969465649	norm	16
A	-77	1	5	0.3125	raw	16
A	-77	1	5	1.05243869936	norm	16
G	-77	1	5	0.3125	raw	16
G	-77	1	5	1.67461832061	norm	16
C	-77	1	3	0.1875	raw	16
C	-77	1	3	0.922605140185	norm	16
T	-77	1	3	0.1875	raw	16
T	-77	1	3	0.598597776655	norm	16
T	-76	1	6	0.375	raw	16
T	-76	1	6	1.19719555331	norm	16
G	-76	1	6	0.375	raw	16
G	-76	1	6	2.00954198473	norm	16
A	-76	1	3	0.1875	raw	16
A	-76	1	3	0.631463219615	norm	16
C	-76	1	1	0.0625	raw	16
C	-76	1	1	0.307535046728	norm	16
A	-75	1	7	0.4375	raw	16
A	-75	1	7	1.4734141791	norm	16
T	-75	1	4	0.25	raw	16
T	-75	1	4	0.798130368874	norm	16
G	-75	1	4	0.25	raw	16
G	-75	1	4	1.33969465649	norm	16
C	-75	1	1	0.0625	raw	16
C	-75	1	1	0.307535046728	norm	16
T	-74	1	6	0.375	raw	16
T	-74	1	6	1.19719555331	norm	16
G	-74	1	5	0.3125	raw	16
G	-74	1	5	1.67461832061	norm	16
A	-74	1	3	0.1875	raw	16
A	-74	1	3	0.631463219615	norm	16
C	-74	1	2	0.125	raw	16
C	-74	1	2	0.615070093457	norm	16
T	-73	1	7	0.4375	raw	16
T	-73	1	7	1.39672814553	norm	16
A	-73	1	4	0.25	raw	16
A	-73	1	4	0.841950959487	norm	16
G	-73	1	3	0.1875	raw	16
G	-73	1	3	1.00477099236	norm	16
C	-73	1	2	0.125	raw	16
C	-73	1	2	0.615070093457	norm	16
C	-72	1	6	0.375	raw	16
C	-72	1	6	1.84521028037	norm	16
T	-72	1	5	0.3125	raw	16
T	-72	1	5	0.997662961092	norm	16
A	-72	1	3	0.1875	raw	16
A	-72	1	3	0.631463219615	norm	16
G	-72	1	2	0.125	raw	16
G	-72	1	2	0.669847328243	norm	16
C	-71	1	5	0.3125	raw	16
C	-71	1	5	1.53767523364	norm	16
T	-71	1	4	0.25	raw	16
T	-71	1	4	0.798130368874	norm	16
G	-71	1	4	0.25	raw	16
G	-71	1	4	1.33969465649	norm	16
A	-71	1	3	0.1875	raw	16
A	-71	1	3	0.631463219615	norm	16
C	-70	1	6	0.375	raw	16
C	-70	1	6	1.84521028037	norm	16
A	-70	1	4	0.25	raw	16
A	-70	1	4	0.841950959487	norm	16
T	-70	1	4	0.25	raw	16
T	-70	1	4	0.798130368874	norm	16
G	-70	1	2	0.125	raw	16
G	-70	1	2	0.669847328243	norm	16
A	-69	1	6	0.375	raw	16
A	-69	1	6	1.26292643923	norm	16
T	-69	1	5	0.3125	raw	16
T	-69	1	5	0.997662961092	norm	16
G	-69	1	4	0.25	raw	16
G	-69	1	4	1.33969465649	norm	16
C	-69	1	1	0.0625	raw	16
C	-69	1	1	0.307535046728	norm	16
A	-68	1	7	0.4375	raw	16
A	-68	1	7	1.4734141791	norm	16
T	-68	1	5	0.3125	raw	16
T	-68	1	5	0.997662961092	norm	16
C	-68	1	3	0.1875	raw	16
C	-68	1	3	0.922605140185	norm	16
G	-68	1	1	0.0625	raw	16
G	-68	1	1	0.334923664122	norm	16
A	-67	1	5	0.3125	raw	16
A	-67	1	5	1.05243869936	norm	16
T	-67	1	4	0.25	raw	16
T	-67	1	4	0.798130368874	norm	16
G	-67	1	4	0.25	raw	16
G	-67	1	4	1.33969465649	norm	16
C	-67	1	3	0.1875	raw	16
C	-67	1	3	0.922605140185	norm	16
A	-66	1	5	0.3125	raw	16
A	-66	1	5	1.05243869936	norm	16
C	-66	1	4	0.25	raw	16
C	-66	1	4	1.23014018691	norm	16
G	-66	1	4	0.25	raw	16
G	-66	1	4	1.33969465649	norm	16
T	-66	1	3	0.1875	raw	16
T	-66	1	3	0.598597776655	norm	16
T	-65	1	8	0.5	raw	16
T	-65	1	8	1.59626073775	norm	16
A	-65	1	3	0.1875	raw	16
A	-65	1	3	0.631463219615	norm	16
G	-65	1	3	0.1875	raw	16
G	-65	1	3	1.00477099236	norm	16
C	-65	1	2	0.125	raw	16
C	-65	1	2	0.615070093457	norm	16
A	-64	1	7	0.4375	raw	16
A	-64	1	7	1.4734141791	norm	16
T	-64	1	6	0.375	raw	16
T	-64	1	6	1.19719555331	norm	16
G	-64	1	2	0.125	raw	16
G	-64	1	2	0.669847328243	norm	16
C	-64	1	1	0.0625	raw	16
C	-64	1	1	0.307535046728	norm	16
T	-63	1	9	0.5625	raw	16
T	-63	1	9	1.79579332997	norm	16
A	-63	1	3	0.1875	raw	16
A	-63	1	3	0.631463219615	norm	16
C	-63	1	2	0.125	raw	16
C	-63	1	2	0.615070093457	norm	16
G	-63	1	2	0.125	raw	16
G	-63	1	2	0.669847328243	norm	16
T	-62	1	8	0.5	raw	16
T	-62	1	8	1.59626073775	norm	16
A	-62	1	5	0.3125	raw	16
A	-62	1	5	1.05243869936	norm	16
G	-62	1	3	0.1875	raw	16
G	-62	1	3	1.00477099236	norm	16
T	-61	1	7	0.4375	raw	16
T	-61	1	7	1.39672814553	norm	16
A	-61	1	5	0.3125	raw	16
A	-61	1	5	1.05243869936	norm	16
C	-61	1	2	0.125	raw	16
C	-61	1	2	0.615070093457	norm	16
G	-61	1	2	0.125	raw	16
G	-61	1	2	0.669847328243	norm	16
A	-60	1	7	0.4375	raw	16
A	-60	1	7	1.4734141791	norm	16
T	-60	1	5	0.3125	raw	16
T	-60	1	5	0.997662961092	norm	16
C	-60	1	2	0.125	raw	16
C	-60	1	2	0.615070093457	norm	16
G	-60	1	2	0.125	raw	16
G	-60	1	2	0.669847328243	norm	16
A	-59	1	5	0.3125	raw	16
A	-59	1	5	1.05243869936	norm	16
T	-59	1	5	0.3125	raw	16
T	-59	1	5	0.997662961092	norm	16
G	-59	1	4	0.25	raw	16
G	-59	1	4	1.33969465649	norm	16
C	-59	1	2	0.125	raw	16
C	-59	1	2	0.615070093457	norm	16
T	-58	1	5	0.3125	raw	16
T	-58	1	5	0.997662961092	norm	16
A	-58	1	4	0.25	raw	16
A	-58	1	4	0.841950959487	norm	16
C	-58	1	4	0.25	raw	16
C	-58	1	4	1.23014018691	norm	16
G	-58	1	3	0.1875	raw	16
G	-58	1	3	1.00477099236	norm	16
A	-57	1	7	0.4375	raw	16
A	-57	1	7	1.4734141791	norm	16
G	-57	1	6	0.375	raw	16
G	-57	1	6	2.00954198473	norm	16
C	-57	1	3	0.1875	raw	16
C	-57	1	3	0.922605140185	norm	16
T	-56	1	6	0.375	raw	16
T	-56	1	6	1.19719555331	norm	16
A	-56	1	5	0.3125	raw	16
A	-56	1	5	1.05243869936	norm	16
G	-56	1	4	0.25	raw	16
G	-56	1	4	1.33969465649	norm	16
C	-56	1	1	0.0625	raw	16
C	-56	1	1	0.307535046728	norm	16
T	-55	1	10	0.625	raw	16
T	-55	1	10	1.99532592218	norm	16
A	-55	1	4	0.25	raw	16
A	-55	1	4	0.841950959487	norm	16
C	-55	1	2	0.125	raw	16
C	-55	1	2	0.615070093457	norm	16
A	-54	1	6	0.375	raw	16
A	-54	1	6	1.26292643923	norm	16
C	-54	1	4	0.25	raw	16
C	-54	1	4	1.23014018691	norm	16
T	-54	1	4	0.25	raw	16
T	-54	1	4	0.798130368874	norm	16
G	-54	1	2	0.125	raw	16
G	-54	1	2	0.669847328243	norm	16
A	-53	1	5	0.3125	raw	16
A	-53	1	5	1.05243869936	norm	16
T	-53	1	4	0.25	raw	16
T	-53	1	4	0.798130368874	norm	16
G	-53	1	4	0.25	raw	16
G	-53	1	4	1.33969465649	norm	16
C	-53	1	3	0.1875	raw	16
C	-53	1	3	0.922605140185	norm	16
C	-52	1	6	0.375	raw	16
C	-52	1	6	1.84521028037	norm	16
A	-52	1	5	0.3125	raw	16
A	-52	1	5	1.05243869936	norm	16
T	-52	1	5	0.3125	raw	16
T	-52	1	5	0.997662961092	norm	16
A	-51	1	6	0.375	raw	16
A	-51	1	6	1.26292643923	norm	16
G	-51	1	5	0.3125	raw	16
G	-51	1	5	1.67461832061	norm	16
T	-51	1	3	0.1875	raw	16
T	-51	1	3	0.598597776655	norm	16
C	-51	1	2	0.125	raw	16
C	-51	1	2	0.615070093457	norm	16
A	-50	1	7	0.4375	raw	16
A	-50	1	7	1.4734141791	norm	16
C	-50	1	4	0.25	raw	16
C	-50	1	4	1.23014018691	norm	16
T	-50	1	4	0.25	raw	16
T	-50	1	4	0.798130368874	norm	16
G	-50	1	1	0.0625	raw	16
G	-50	1	1	0.334923664122	norm	16
A	-49	1	6	0.375	raw	16
A	-49	1	6	1.26292643923	norm	16
G	-49	1	5	0.3125	raw	16
G	-49	1	5	1.67461832061	norm	16
T	-49	1	4	0.25	raw	16
T	-49	1	4	0.798130368874	norm	16
C	-49	1	1	0.0625	raw	16
C	-49	1	1	0.307535046728	norm	16
T	-48	1	6	0.375	raw	16
T	-48	1	6	1.19719555331	norm	16
C	-48	1	5	0.3125	raw	16
C	-48	1	5	1.53767523364	norm	16
A	-48	1	4	0.25	raw	16
A	-48	1	4	0.841950959487	norm	16
G	-48	1	1	0.0625	raw	16
G	-48	1	1	0.334923664122	norm	16
A	-47	1	6	0.375	raw	16
A	-47	1	6	1.26292643923	norm	16
G	-47	1	6	0.375	raw	16
G	-47	1	6	2.00954198473	norm	16
C	-47	1	2	0.125	raw	16
C	-47	1	2	0.615070093457	norm	16
T	-47	1	2	0.125	raw	16
T	-47	1	2	0.399065184437	norm	16
A	-46	1	5	0.3125	raw	16
A	-46	1	5	1.05243869936	norm	16
C	-46	1	4	0.25	raw	16
C	-46	1	4	1.23014018691	norm	16
G	-46	1	4	0.25	raw	16
G	-46	1	4	1.33969465649	norm	16
T	-46	1	3	0.1875	raw	16
T	-46	1	3	0.598597776655	norm	16
A	-45	1	7	0.4375	raw	16
A	-45	1	7	1.4734141791	norm	16
C	-45	1	5	0.3125	raw	16
C	-45	1	5	1.53767523364	norm	16
G	-45	1	3	0.1875	raw	16
G	-45	1	3	1.00477099236	norm	16
T	-45	1	1	0.0625	raw	16
T	-45	1	1	0.199532592218	norm	16
T	-44	1	5	0.3125	raw	16
T	-44	1	5	0.997662961092	norm	16
G	-44	1	5	0.3125	raw	16
G	-44	1	5	1.67461832061	norm	16
A	-44	1	4	0.25	raw	16
A	-44	1	4	0.841950959487	norm	16
C	-44	1	2	0.125	raw	16
C	-44	1	2	0.615070093457	norm	16
A	-43	1	5	0.3125	raw	16
A	-43	1	5	1.05243869936	norm	16
T	-43	1	5	0.3125	raw	16
T	-43	1	5	0.997662961092	norm	16
C	-43	1	3	0.1875	raw	16
C	-43	1	3	0.922605140185	norm	16
G	-43	1	3	0.1875	raw	16
G	-43	1	3	1.00477099236	norm	16
A	-42	1	6	0.375	raw	16
A	-42	1	6	1.26292643923	norm	16
T	-42	1	6	0.375	raw	16
T	-42	1	6	1.19719555331	norm	16
C	-42	1	2	0.125	raw	16
C	-42	1	2	0.615070093457	norm	16
G	-42	1	2	0.125	raw	16
G	-42	1	2	0.669847328243	norm	16
T	-41	1	7	0.4375	raw	16
T	-41	1	7	1.39672814553	norm	16
A	-41	1	5	0.3125	raw	16
A	-41	1	5	1.05243869936	norm	16
C	-41	1	3	0.1875	raw	16
C	-41	1	3	0.922605140185	norm	16
G	-41	1	1	0.0625	raw	16
G	-41	1	1	0.334923664122	norm	16
C	-40	1	6	0.375	raw	16
C	-40	1	6	1.84521028037	norm	16
T	-40	1	6	0.375	raw	16
T	-40	1	6	1.19719555331	norm	16
G	-40	1	3	0.1875	raw	16
G	-40	1	3	1.00477099236	norm	16
A	-40	1	1	0.0625	raw	16
A	-40	1	1	0.210487739872	norm	16
A	-39	1	6	0.375	raw	16
A	-39	1	6	1.26292643923	norm	16
T	-39	1	5	0.3125	raw	16
T	-39	1	5	0.997662961092	norm	16
G	-39	1	4	0.25	raw	16
G	-39	1	4	1.33969465649	norm	16
C	-39	1	1	0.0625	raw	16
C	-39	1	1	0.307535046728	norm	16
A	-38	1	10	0.625	raw	16
A	-38	1	10	2.10487739872	norm	16
C	-38	1	2	0.125	raw	16
C	-38	1	2	0.615070093457	norm	16
T	-38	1	2	0.125	raw	16
T	-38	1	2	0.399065184437	norm	16
G	-38	1	2	0.125	raw	16
G	-38	1	2	0.669847328243	norm	16
G	-37	1	6	0.375	raw	16
G	-37	1	6	2.00954198473	norm	16
A	-37	1	4	0.25	raw	16
A	-37	1	4	0.841950959487	norm	16
C	-37	1	3	0.1875	raw	16
C	-37	1	3	0.922605140185	norm	16
T	-37	1	3	0.1875	raw	16
T	-37	1	3	0.598597776655	norm	16
T	-36	1	7	0.4375	raw	16
T	-36	1	7	1.39672814553	norm	16
A	-36	1	5	0.3125	raw	16
A	-36	1	5	1.05243869936	norm	16
G	-36	1	4	0.25	raw	16
G	-36	1	4	1.33969465649	norm	16
A	-35	1	7	0.4375	raw	16
A	-35	1	7	1.4734141791	norm	16
G	-35	1	4	0.25	raw	16
G	-35	1	4	1.33969465649	norm	16
C	-35	1	3	0.1875	raw	16
C	-35	1	3	0.922605140185	norm	16
T	-35	1	2	0.125	raw	16
T	-35	1	2	0.399065184437	norm	16
T	-34	1	8	0.5	raw	16
T	-34	1	8	1.59626073775	norm	16
A	-34	1	4	0.25	raw	16
A	-34	1	4	0.841950959487	norm	16
C	-34	1	2	0.125	raw	16
C	-34	1	2	0.615070093457	norm	16
G	-34	1	2	0.125	raw	16
G	-34	1	2	0.669847328243	norm	16
A	-33	1	5	0.3125	raw	16
A	-33	1	5	1.05243869936	norm	16
T	-33	1	5	0.3125	raw	16
T	-33	1	5	0.997662961092	norm	16
G	-33	1	4	0.25	raw	16
G	-33	1	4	1.33969465649	norm	16
C	-33	1	2	0.125	raw	16
C	-33	1	2	0.615070093457	norm	16
T	-32	1	6	0.375	raw	16
T	-32	1	6	1.19719555331	norm	16
A	-32	1	4	0.25	raw	16
A	-32	1	4	0.841950959487	norm	16
G	-32	1	4	0.25	raw	16
G	-32	1	4	1.33969465649	norm	16
C	-32	1	2	0.125	raw	16
C	-32	1	2	0.615070093457	norm	16
A	-31	1	7	0.4375	raw	16
A	-31	1	7	1.4734141791	norm	16
T	-31	1	5	0.3125	raw	16
T	-31	1	5	0.997662961092	norm	16
G	-31	1	3	0.1875	raw	16
G	-31	1	3	1.00477099236	norm	16
C	-31	1	1	0.0625	raw	16
C	-31	1	1	0.307535046728	norm	16
A	-30	1	8	0.5	raw	16
A	-30	1	8	1.68390191897	norm	16
C	-30	1	5	0.3125	raw	16
C	-30	1	5	1.53767523364	norm	16
G	-30	1	2	0.125	raw	16
G	-30	1	2	0.669847328243	norm	16
T	-30	1	1	0.0625	raw	16
T	-30	1	1	0.199532592218	norm	16
G	-29	1	6	0.375	raw	16
G	-29	1	6	2.00954198473	norm	16
A	-29	1	4	0.25	raw	16
A	-29	1	4	0.841950959487	norm	16
C	-29	1	3	0.1875	raw	16
C	-29	1	3	0.922605140185	norm	16
T	-29	1	3	0.1875	raw	16
T	-29	1	3	0.598597776655	norm	16
T	-28	1	6	0.375	raw	16
T	-28	1	6	1.19719555331	norm	16
A	-28	1	5	0.3125	raw	16
A	-28	1	5	1.05243869936	norm	16
G	-28	1	4	0.25	raw	16
G	-28	1	4	1.33969465649	norm	16
C	-28	1	1	0.0625	raw	16
C	-28	1	1	0.307535046728	norm	16
A	-27	1	7	0.4375	raw	16
A	-27	1	7	1.4734141791	norm	16
C	-27	1	4	0.25	raw	16
C	-27	1	4	1.23014018691	norm	16
T	-27	1	3	0.1875	raw	16
T	-27	1	3	0.598597776655	norm	16
G	-27	1	2	0.125	raw	16
G	-27	1	2	0.669847328243	norm	16
T	-26	1	8	0.5	raw	16
T	-26	1	8	1.59626073775	norm	16
A	-26	1	4	0.25	raw	16
A	-26	1	4	0.841950959487	norm	16
C	-26	1	2	0.125	raw	16
C	-26	1	2	0.615070093457	norm	16
G	-26	1	2	0.125	raw	16
G	-26	1	2	0.669847328243	norm	16
A	-25	1	7	0.4375	raw	16
A	-25	1	7	1.4734141791	norm	16
G	-25	1	4	0.25	raw	16
G	-25	1	4	1.33969465649	norm	16
T	-25	1	3	0.1875	raw	16
T	-25	1	3	0.598597776655	norm	16
C	-25	1	2	0.125	raw	16
C	-25	1	2	0.615070093457	norm	16
A	-24	1	8	0.5	raw	16
A	-24	1	8	1.68390191897	norm	16
T	-24	1	7	0.4375	raw	16
T	-24	1	7	1.39672814553	norm	16
G	-24	1	1	0.0625	raw	16
G	-24	1	1	0.334923664122	norm	16
A	-23	1	6	0.375	raw	16
A	-23	1	6	1.26292643923	norm	16
T	-23	1	6	0.375	raw	16
T	-23	1	6	1.19719555331	norm	16
C	-23	1	3	0.1875	raw	16
C	-23	1	3	0.922605140185	norm	16
G	-23	1	1	0.0625	raw	16
G	-23	1	1	0.334923664122	norm	16
C	-22	1	6	0.375	raw	16
C	-22	1	6	1.84521028037	norm	16
T	-22	1	5	0.3125	raw	16
T	-22	1	5	0.997662961092	norm	16
G	-22	1	4	0.25	raw	16
G	-22	1	4	1.33969465649	norm	16
A	-22	1	1	0.0625	raw	16
A	-22	1	1	0.210487739872	norm	16
T	-21	1	7	0.4375	raw	16
T	-21	1	7	1.39672814553	norm	16
C	-21	1	4	0.25	raw	16
C	-21	1	4	1.23014018691	norm	16
G	-21	1	3	0.1875	raw	16
G	-21	1	3	1.00477099236	norm	16
A	-21	1	2	0.125	raw	16
A	-21	1	2	0.420975479743	norm	16
A	-20	1	6	0.375	raw	16
A	-20	1	6	1.26292643923	norm	16
G	-20	1	4	0.25	raw	16
G	-20	1	4	1.33969465649	norm	16
C	-20	1	3	0.1875	raw	16
C	-20	1	3	0.922605140185	norm	16
T	-20	1	3	0.1875	raw	16
T	-20	1	3	0.598597776655	norm	16
C	-19	1	5	0.3125	raw	16
C	-19	1	5	1.53767523364	norm	16
T	-19	1	5	0.3125	raw	16
T	-19	1	5	0.997662961092	norm	16
A	-19	1	3	0.1875	raw	16
A	-19	1	3	0.631463219615	norm	16
G	-19	1	3	0.1875	raw	16
G	-19	1	3	1.00477099236	norm	16
T	-18	1	8	0.5	raw	16
T	-18	1	8	1.59626073775	norm	16
C	-18	1	3	0.1875	raw	16
C	-18	1	3	0.922605140185	norm	16
G	-18	1	3	0.1875	raw	16
G	-18	1	3	1.00477099236	norm	16
A	-18	1	2	0.125	raw	16
A	-18	1	2	0.420975479743	norm	16
A	-17	1	6	0.375	raw	16
A	-17	1	6	1.26292643923	norm	16
G	-17	1	5	0.3125	raw	16
G	-17	1	5	1.67461832061	norm	16
T	-17	1	3	0.1875	raw	16
T	-17	1	3	0.598597776655	norm	16
C	-17	1	2	0.125	raw	16
C	-17	1	2	0.615070093457	norm	16
A	-16	1	6	0.375	raw	16
A	-16	1	6	1.26292643923	norm	16
T	-16	1	4	0.25	raw	16
T	-16	1	4	0.798130368874	norm	16
C	-16	1	3	0.1875	raw	16
C	-16	1	3	0.922605140185	norm	16
G	-16	1	3	0.1875	raw	16
G	-16	1	3	1.00477099236	norm	16
T	-15	1	7	0.4375	raw	16
T	-15	1	7	1.39672814553	norm	16
A	-15	1	6	0.375	raw	16
A	-15	1	6	1.26292643923	norm	16
G	-15	1	3	0.1875	raw	16
G	-15	1	3	1.00477099236	norm	16
A	-14	1	6	0.375	raw	16
A	-14	1	6	1.26292643923	norm	16
C	-14	1	4	0.25	raw	16
C	-14	1	4	1.23014018691	norm	16
G	-14	1	4	0.25	raw	16
G	-14	1	4	1.33969465649	norm	16
T	-14	1	2	0.125	raw	16
T	-14	1	2	0.399065184437	norm	16
T	-13	1	7	0.4375	raw	16
T	-13	1	7	1.39672814553	norm	16
A	-13	1	4	0.25	raw	16
A	-13	1	4	0.841950959487	norm	16
C	-13	1	4	0.25	raw	16
C	-13	1	4	1.23014018691	norm	16
G	-13	1	1	0.0625	raw	16
G	-13	1	1	0.334923664122	norm	16
A	-12	1	7	0.4375	raw	16
A	-12	1	7	1.4734141791	norm	16
T	-12	1	6	0.375	raw	16
T	-12	1	6	1.19719555331	norm	16
C	-12	1	2	0.125	raw	16
C	-12	1	2	0.615070093457	norm	16
G	-12	1	1	0.0625	raw	16
G	-12	1	1	0.334923664122	norm	16
A	-11	1	4	0.25	raw	16
A	-11	1	4	0.841950959487	norm	16
C	-11	1	4	0.25	raw	16
C	-11	1	4	1.23014018691	norm	16
T	-11	1	4	0.25	raw	16
T	-11	1	4	0.798130368874	norm	16
G	-11	1	4	0.25	raw	16
G	-11	1	4	1.33969465649	norm	16
A	-10	1	7	0.4375	raw	16
A	-10	1	7	1.4734141791	norm	16
C	-10	1	4	0.25	raw	16
C	-10	1	4	1.23014018691	norm	16
G	-10	1	4	0.25	raw	16
G	-10	1	4	1.33969465649	norm	16
T	-10	1	1	0.0625	raw	16
T	-10	1	1	0.199532592218	norm	16
A	-9	1	6	0.375	raw	16
A	-9	1	6	1.26292643923	norm	16
T	-9	1	6	0.375	raw	16
T	-9	1	6	1.19719555331	norm	16
C	-9	1	3	0.1875	raw	16
C	-9	1	3	0.922605140185	norm	16
G	-9	1	1	0.0625	raw	16
G	-9	1	1	0.334923664122	norm	16
A	-8	1	6	0.375	raw	16
A	-8	1	6	1.26292643923	norm	16
T	-8	1	6	0.375	raw	16
T	-8	1	6	1.19719555331	norm	16
C	-8	1	2	0.125	raw	16
C	-8	1	2	0.615070093457	norm	16
G	-8	1	2	0.125	raw	16
G	-8	1	2	0.669847328243	norm	16
A	-7	1	5	0.3125	raw	16
A	-7	1	5	1.05243869936	norm	16
T	-7	1	5	0.3125	raw	16
T	-7	1	5	0.997662961092	norm	16
C	-7	1	3	0.1875	raw	16
C	-7	1	3	0.922605140185	norm	16
G	-7	1	3	0.1875	raw	16
G	-7	1	3	1.00477099236	norm	16
A	-6	1	7	0.4375	raw	16
A	-6	1	7	1.4734141791	norm	16
C	-6	1	4	0.25	raw	16
C	-6	1	4	1.23014018691	norm	16
G	-6	1	3	0.1875	raw	16
G	-6	1	3	1.00477099236	norm	16
T	-6	1	2	0.125	raw	16
T	-6	1	2	0.399065184437	norm	16
A	-5	1	6	0.375	raw	16
A	-5	1	6	1.26292643923	norm	16
C	-5	1	6	0.375	raw	16
C	-5	1	6	1.84521028037	norm	16
T	-5	1	2	0.125	raw	16
T	-5	1	2	0.399065184437	norm	16
G	-5	1	2	0.125	raw	16
G	-5	1	2	0.669847328243	norm	16
A	-4	1	7	0.4375	raw	16
A	-4	1	7	1.4734141791	norm	16
T	-4	1	4	0.25	raw	16
T	-4	1	4	0.798130368874	norm	16
G	-4	1	4	0.25	raw	16
G	-4	1	4	1.33969465649	norm	16
C	-4	1	1	0.0625	raw	16
C	-4	1	1	0.307535046728	norm	16
T	-3	1	7	0.4375	raw	16
T	-3	1	7	1.39672814553	norm	16
A	-3	1	4	0.25	raw	16
A	-3	1	4	0.841950959487	norm	16
C	-3	1	3	0.1875	raw	16
C	-3	1	3	0.922605140185	norm	16
G	-3	1	2	0.125	raw	16
G	-3	1	2	0.669847328243	norm	16
A	-2	1	8	0.5	raw	16
A	-2	1	8	1.68390191897	norm	16
T	-2	1	3	0.1875	raw	16
T	-2	1	3	0.598597776655	norm	16
G	-2	1	3	0.1875	raw	16
G	-2	1	3	1.00477099236	norm	16
C	-2	1	2	0.125	raw	16
C	-2	1	2	0.615070093457	norm	16
A	-1	1	7	0.4375	raw	16
A	-1	1	7	1.4734141791	norm	16
T	-1	1	6	0.375	raw	16
T	-1	1	6	1.19719555331	norm	16
G	-1	1	2	0.125	raw	16
G	-1	1	2	0.669847328243	norm	16
C	-1	1	1	0.0625	raw	16
C	-1	1	1	0.307535046728	norm	16
C	0	1	8	0.5	raw	16
C	0	1	8	2.46028037383	norm	16
T	0	1	4	0.25	raw	16
T	0	1	4	0.798130368874	norm	16
A	0	1	2	0.125	raw	16
A	0	1	2	0.420975479743	norm	16
G	0	1	2	0.125	raw	16
G	0	1	2	0.669847328243	norm	16
T	1	1	6	0.375	raw	16
T	1	1	6	1.19719555331	norm	16
G	1	1	5	0.3125	raw	16
G	1	1	5	1.67461832061	norm	16
A	1	1	4	0.25	raw	16
A	1	1	4	0.841950959487	norm	16
C	1	1	1	0.0625	raw	16
C	1	1	1	0.307535046728	norm	16
T	2	1	6	0.375	raw	16
T	2	1	6	1.19719555331	norm	16
A	2	1	5	0.3125	raw	16
A	2	1	5	1.05243869936	norm	16
G	2	1	3	0.1875	raw	16
G	2	1	3	1.00477099236	norm	16
C	2	1	2	0.125	raw	16
C	2	1	2	0.615070093457	norm	16
A	3	1	7	0.4375	raw	16
A	3	1	7	1.4734141791	norm	16
G	3	1	4	0.25	raw	16
G	3	1	4	1.33969465649	norm	16
C	3	1	3	0.1875	raw	16
C	3	1	3	0.922605140185	norm	16
T	3	1	2	0.125	raw	16
T	3	1	2	0.399065184437	norm	16
T	4	1	5	0.3125	raw	16
T	4	1	5	0.997662961092	norm	16
A	4	1	4	0.25	raw	16
A	4	1	4	0.841950959487	norm	16
G	4	1	4	0.25	raw	16
G	4	1	4	1.33969465649	norm	16
C	4	1	3	0.1875	raw	16
C	4	1	3	0.922605140185	norm	16
T	5	1	6	0.375	raw	16
T	5	1	6	1.19719555331	norm	16
A	5	1	4	0.25	raw	16
A	5	1	4	0.841950959487	norm	16
C	5	1	3	0.1875	raw	16
C	5	1	3	0.922605140185	norm	16
G	5	1	3	0.1875	raw	16
G	5	1	3	1.00477099236	norm	16
A	6	1	5	0.3125	raw	16
A	6	1	5	1.05243869936	norm	16
G	6	1	5	0.3125	raw	16
G	6	1	5	1.67461832061	norm	16
C	6	1	3	0.1875	raw	16
C	6	1	3	0.922605140185	norm	16
T	6	1	3	0.1875	raw	16
T	6	1	3	0.598597776655	norm	16
T	7	1	8	0.5	raw	16
T	7	1	8	1.59626073775	norm	16
A	7	1	5	0.3125	raw	16
A	7	1	5	1.05243869936	norm	16
C	7	1	2	0.125	raw	16
C	7	1	2	0.615070093457	norm	16
G	7	1	1	0.0625	raw	16
G	7	1	1	0.334923664122	norm	16
A	8	1	8	0.5	raw	16
A	8	1	8	1.68390191897	norm	16
T	8	1	6	0.375	raw	16
T	8	1	6	1.19719555331	norm	16
C	8	1	1	0.0625	raw	16
C	8	1	1	0.307535046728	norm	16
G	8	1	1	0.0625	raw	16
G	8	1	1	0.334923664122	norm	16
T	9	1	7	0.4375	raw	16
T	9	1	7	1.39672814553	norm	16
A	9	1	4	0.25	raw	16
A	9	1	4	0.841950959487	norm	16
G	9	1	3	0.1875	raw	16
G	9	1	3	1.00477099236	norm	16
C	9	1	2	0.125	raw	16
C	9	1	2	0.615070093457	norm	16
T	10	1	7	0.4375	raw	16
T	10	1	7	1.39672814553	norm	16
A	10	1	4	0.25	raw	16
A	10	1	4	0.841950959487	norm	16
C	10	1	4	0.25	raw	16
C	10	1	4	1.23014018691	norm	16
G	10	1	1	0.0625	raw	16
G	10	1	1	0.334923664122	norm	16
A	11	1	6	0.375	raw	16
A	11	1	6	1.26292643923	norm	16
C	11	1	4	0.25	raw	16
C	11	1	4	1.23014018691	norm	16
G	11	1	4	0.25	raw	16
G	11	1	4	1.33969465649	norm	16
T	11	1	2	0.125	raw	16
T	11	1	2	0.399065184437	norm	16
T	12	1	7	0.4375	raw	16
T	12	1	7	1.39672814553	norm	16
G	12	1	5	0.3125	raw	16
G	12	1	5	1.67461832061	norm	16
A	12	1	2	0.125	raw	16
A	12	1	2	0.420975479743	norm	16
C	12	1	2	0.125	raw	16
C	12	1	2	0.615070093457	norm	16
A	13	1	5	0.3125	raw	16
A	13	1	5	1.05243869936	norm	16
C	13	1	4	0.25	raw	16
C	13	1	4	1.23014018691	norm	16
G	13	1	4	0.25	raw	16
G	13	1	4	1.33969465649	norm	16
T	13	1	3	0.1875	raw	16
T	13	1	3	0.598597776655	norm	16
G	14	1	7	0.4375	raw	16
G	14	1	7	2.34446564885	norm	16
T	14	1	4	0.25	raw	16
T	14	1	4	0.798130368874	norm	16
C	14	1	3	0.1875	raw	16
C	14	1	3	0.922605140185	norm	16
A	14	1	2	0.125	raw	16
A	14	1	2	0.420975479743	norm	16
T	15	1	6	0.375	raw	16
T	15	1	6	1.19719555331	norm	16
A	15	1	5	0.3125	raw	16
A	15	1	5	1.05243869936	norm	16
G	15	1	3	0.1875	raw	16
G	15	1	3	1.00477099236	norm	16
C	15	1	2	0.125	raw	16
C	15	1	2	0.615070093457	norm	16
T	16	1	5	0.3125	raw	16
T	16	1	5	0.997662961092	norm	16
C	16	1	4	0.25	raw	16
C	16	1	4	1.23014018691	norm	16
G	16	1	4	0.25	raw	16
G	16	1	4	1.33969465649	norm	16
A	16	1	3	0.1875	raw	16
A	16	1	3	0.631463219615	norm	16
T	17	1	7	0.4375	raw	16
T	17	1	7	1.39672814553	norm	16
A	17	1	6	0.375	raw	16
A	17	1	6	1.26292643923	norm	16
C	17	1	2	0.125	raw	16
C	17	1	2	0.615070093457	norm	16
G	17	1	1	0.0625	raw	16
G	17	1	1	0.334923664122	norm	16
A	18	1	6	0.375	raw	16
A	18	1	6	1.26292643923	norm	16
T	18	1	5	0.3125	raw	16
T	18	1	5	0.997662961092	norm	16
C	18	1	3	0.1875	raw	16
C	18	1	3	0.922605140185	norm	16
G	18	1	2	0.125	raw	16
G	18	1	2	0.669847328243	norm	16
T	19	1	8	0.5	raw	16
T	19	1	8	1.59626073775	norm	16
A	19	1	4	0.25	raw	16
A	19	1	4	0.841950959487	norm	16
C	19	1	2	0.125	raw	16
C	19	1	2	0.615070093457	norm	16
G	19	1	2	0.125	raw	16
G	19	1	2	0.669847328243	norm	16
A	20	1	6	0.375	raw	16
A	20	1	6	1.26292643923	norm	16
T	20	1	5	0.3125	raw	16
T	20	1	5	0.997662961092	norm	16
C	20	1	3	0.1875	raw	16
C	20	1	3	0.922605140185	norm	16
G	20	1	2	0.125	raw	16
G	20	1	2	0.669847328243	norm	16
A	21	1	6	0.375	raw	16
A	21	1	6	1.26292643923	norm	16
T	21	1	6	0.375	raw	16
T	21	1	6	1.19719555331	norm	16
C	21	1	3	0.1875	raw	16
C	21	1	3	0.922605140185	norm	16
G	21	1	1	0.0625	raw	16
G	21	1	1	0.334923664122	norm	16
T	22	1	7	0.4375	raw	16
T	22	1	7	1.39672814553	norm	16
C	22	1	5	0.3125	raw	16
C	22	1	5	1.53767523364	norm	16
G	22	1	3	0.1875	raw	16
G	22	1	3	1.00477099236	norm	16
A	22	1	1	0.0625	raw	16
A	22	1	1	0.210487739872	norm	16
A	23	1	6	0.375	raw	16
A	23	1	6	1.26292643923	norm	16
G	23	1	4	0.25	raw	16
G	23	1	4	1.33969465649	norm	16
C	23	1	3	0.1875	raw	16
C	23	1	3	0.922605140185	norm	16
T	23	1	3	0.1875	raw	16
T	23	1	3	0.598597776655	norm	16
C	24	1	5	0.3125	raw	16
C	24	1	5	1.53767523364	norm	16
T	24	1	4	0.25	raw	16
T	24	1	4	0.798130368874	norm	16
G	24	1	4	0.25	raw	16
G	24	1	4	1.33969465649	norm	16
A	24	1	3	0.1875	raw	16
A	24	1	3	0.631463219615	norm	16
T	25	1	6	0.375	raw	16
T	25	1	6	1.19719555331	norm	16
A	25	1	4	0.25	raw	16
A	25	1	4	0.841950959487	norm	16
C	25	1	3	0.1875	raw	16
C	25	1	3	0.922605140185	norm	16
G	25	1	3	0.1875	raw	16
G	25	1	3	1.00477099236	norm	16
A	26	1	5	0.3125	raw	16
A	26	1	5	1.05243869936	norm	16
T	26	1	5	0.3125	raw	16
T	26	1	5	0.997662961092	norm	16
G	26	1	4	0.25	raw	16
G	26	1	4	1.33969465649	norm	16
C	26	1	2	0.125	raw	16
C	26	1	2	0.615070093457	norm	16
A	27	1	6	0.375	raw	16
A	27	1	6	1.26292643923	norm	16
G	27	1	6	0.375	raw	16
G	27	1	6	2.00954198473	norm	16
T	27	1	3	0.1875	raw	16
T	27	1	3	0.598597776655	norm	16
C	27	1	1	0.0625	raw	16
C	27	1	1	0.307535046728	norm	16
A	28	1	8	0.5	raw	16
A	28	1	8	1.68390191897	norm	16
T	28	1	4	0.25	raw	16
T	28	1	4	0.798130368874	norm	16
C	28	1	3	0.1875	raw	16
C	28	1	3	0.922605140185	norm	16
G	28	1	1	0.0625	raw	16
G	28	1	1	0.334923664122	norm	16
A	29	1	6	0.375	raw	16
A	29	1	6	1.26292643923	norm	16
G	29	1	4	0.25	raw	16
G	29	1	4	1.33969465649	norm	16
C	29	1	3	0.1875	raw	16
C	29	1	3	0.922605140185	norm	16
T	29	1	3	0.1875	raw	16
T	29	1	3	0.598597776655	norm	16
T	30	1	7	0.4375	raw	16
T	30	1	7	1.39672814553	norm	16
C	30	1	4	0.25	raw	16
C	30	1	4	1.23014018691	norm	16
G	30	1	3	0.1875	raw	16
G	30	1	3	1.00477099236	norm	16
A	30	1	2	0.125	raw	16
A	30	1	2	0.420975479743	norm	16
A	31	1	5	0.3125	raw	16
A	31	1	5	1.05243869936	norm	16
C	31	1	5	0.3125	raw	16
C	31	1	5	1.53767523364	norm	16
T	31	1	5	0.3125	raw	16
T	31	1	5	0.997662961092	norm	16
G	31	1	1	0.0625	raw	16
G	31	1	1	0.334923664122	norm	16
C	32	1	6	0.375	raw	16
C	32	1	6	1.84521028037	norm	16
A	32	1	5	0.3125	raw	16
A	32	1	5	1.05243869936	norm	16
T	32	1	3	0.1875	raw	16
T	32	1	3	0.598597776655	norm	16
G	32	1	2	0.125	raw	16
G	32	1	2	0.669847328243	norm	16
T	33	1	7	0.4375	raw	16
T	33	1	7	1.39672814553	norm	16
A	33	1	4	0.25	raw	16
A	33	1	4	0.841950959487	norm	16
G	33	1	3	0.1875	raw	16
G	33	1	3	1.00477099236	norm	16
C	33	1	2	0.125	raw	16
C	33	1	2	0.615070093457	norm	16
A	34	1	5	0.3125	raw	16
A	34	1	5	1.05243869936	norm	16
T	34	1	5	0.3125	raw	16
T	34	1	5	0.997662961092	norm	16
C	34	1	3	0.1875	raw	16
C	34	1	3	0.922605140185	norm	16
G	34	1	3	0.1875	raw	16
G	34	1	3	1.00477099236	norm	16
A	35	1	7	0.4375	raw	16
A	35	1	7	1.4734141791	norm	16
C	35	1	4	0.25	raw	16
C	35	1	4	1.23014018691	norm	16
G	35	1	3	0.1875	raw	16
G	35	1	3	1.00477099236	norm	16
T	35	1	2	0.125	raw	16
T	35	1	2	0.399065184437	norm	16
C	36	1	5	0.3125	raw	16
C	36	1	5	1.53767523364	norm	16
T	36	1	5	0.3125	raw	16
T	36	1	5	0.997662961092	norm	16
A	36	1	4	0.25	raw	16
A	36	1	4	0.841950959487	norm	16
G	36	1	2	0.125	raw	16
G	36	1	2	0.669847328243	norm	16
T	37	1	5	0.3125	raw	16
T	37	1	5	0.997662961092	norm	16
G	37	1	5	0.3125	raw	16
G	37	1	5	1.67461832061	norm	16
A	37	1	4	0.25	raw	16
A	37	1	4	0.841950959487	norm	16
C	37	1	2	0.125	raw	16
C	37	1	2	0.615070093457	norm	16
A	38	1	6	0.375	raw	16
A	38	1	6	1.26292643923	norm	16
T	38	1	4	0.25	raw	16
T	38	1	4	0.798130368874	norm	16
C	38	1	3	0.1875	raw	16
C	38	1	3	0.922605140185	norm	16
G	38	1	3	0.1875	raw	16
G	38	1	3	1.00477099236	norm	16
T	39	1	9	0.5625	raw	16
T	39	1	9	1.79579332997	norm	16
A	39	1	3	0.1875	raw	16
A	39	1	3	0.631463219615	norm	16
C	39	1	3	0.1875	raw	16
C	39	1	3	0.922605140185	norm	16
G	39	1	1	0.0625	raw	16
G	39	1	1	0.334923664122	norm	16
A	40	1	8	0.5	raw	16
A	40	1	8	1.68390191897	norm	16
T	40	1	6	0.375	raw	16
T	40	1	6	1.19719555331	norm	16
G	40	1	2	0.125	raw	16
G	40	1	2	0.669847328243	norm	16
A	41	1	8	0.5	raw	16
A	41	1	8	1.68390191897	norm	16
T	41	1	4	0.25	raw	16
T	41	1	4	0.798130368874	norm	16
C	41	1	2	0.125	raw	16
C	41	1	2	0.615070093457	norm	16
G	41	1	2	0.125	raw	16
G	41	1	2	0.669847328243	norm	16
A	42	1	8	0.5	raw	16
A	42	1	8	1.68390191897	norm	16
G	42	1	4	0.25	raw	16
G	42	1	4	1.33969465649	norm	16
T	42	1	3	0.1875	raw	16
T	42	1	3	0.598597776655	norm	16
C	42	1	1	0.0625	raw	16
C	42	1	1	0.307535046728	norm	16
C	43	1	8	0.5	raw	16
C	43	1	8	2.46028037383	norm	16
A	43	1	4	0.25	raw	16
A	43	1	4	0.841950959487	norm	16
T	43	1	2	0.125	raw	16
T	43	1	2	0.399065184437	norm	16
G	43	1	2	0.125	raw	16
G	43	1	2	0.669847328243	norm	16
T	44	1	7	0.4375	raw	16
T	44	1	7	1.39672814553	norm	16
G	44	1	5	0.3125	raw	16
G	44	1	5	1.67461832061	norm	16
A	44	1	3	0.1875	raw	16
A	44	1	3	0.631463219615	norm	16
C	44	1	1	0.0625	raw	16
C	44	1	1	0.307535046728	norm	16
A	45	1	6	0.4	raw	16
A	45	1	6	1.34712153518	norm	16
T	45	1	4	0.266666666667	raw	16
T	45	1	4	0.851339060132	norm	16
G	45	1	3	0.2	raw	16
G	45	1	3	1.07175572519	norm	16
C	45	1	2	0.133333333333	raw	16
C	45	1	2	0.656074766354	norm	16
T	46	1	7	0.466666666667	raw	16
T	46	1	7	1.48984335523	norm	16
A	46	1	3	0.2	raw	16
A	46	1	3	0.67356076759	norm	16
G	46	1	3	0.2	raw	16
G	46	1	3	1.07175572519	norm	16
C	46	1	2	0.133333333333	raw	16
C	46	1	2	0.656074766354	norm	16
T	47	1	8	0.533333333333	raw	16
T	47	1	8	1.70267812026	norm	16
A	47	1	4	0.266666666667	raw	16
A	47	1	4	0.898081023453	norm	16
C	47	1	2	0.133333333333	raw	16
C	47	1	2	0.656074766354	norm	16
G	47	1	1	0.0666666666667	raw	16
G	47	1	1	0.357251908396	norm	16
A	48	1	8	0.533333333333	raw	16
A	48	1	8	1.79616204691	norm	16
C	48	1	4	0.266666666667	raw	16
C	48	1	4	1.31214953271	norm	16
T	48	1	3	0.2	raw	16
T	48	1	3	0.638504295099	norm	16
C	49	1	5	0.333333333333	raw	16
C	49	1	5	1.64018691588	norm	16
G	49	1	4	0.266666666667	raw	16
G	49	1	4	1.42900763359	norm	16
A	49	1	3	0.2	raw	16
A	49	1	3	0.67356076759	norm	16
T	49	1	3	0.2	raw	16
T	49	1	3	0.638504295099	norm	16
T	50	1	6	0.4	raw	16
T	50	1	6	1.2770085902	norm	16
A	50	1	4	0.266666666667	raw	16
A	50	1	4	0.898081023453	norm	16
G	50	1	3	0.2	raw	16
G	50	1	3	1.07175572519	norm	16
C	50	1	2	0.133333333333	raw	16
C	50	1	2	0.656074766354	norm	16
A	51	1	6	0.4	raw	16
A	51	1	6	1.34712153518	norm	16
T	51	1	4	0.266666666667	raw	16
T	51	1	4	0.851339060132	norm	16
G	51	1	3	0.2	raw	16
G	51	1	3	1.07175572519	norm	16
C	51	1	2	0.133333333333	raw	16
C	51	1	2	0.656074766354	norm	16
A	52	1	6	0.4	raw	16
A	52	1	6	1.34712153518	norm	16
T	52	1	5	0.333333333333	raw	16
T	52	1	5	1.06417382517	norm	16
C	52	1	3	0.2	raw	16
C	52	1	3	0.98411214953	norm	16
G	52	1	1	0.0666666666667	raw	16
G	52	1	1	0.357251908396	norm	16
C	53	1	5	0.333333333333	raw	16
C	53	1	5	1.64018691588	norm	16
A	53	1	4	0.266666666667	raw	16
A	53	1	4	0.898081023453	norm	16
T	53	1	3	0.2	raw	16
T	53	1	3	0.638504295099	norm	16
G	53	1	3	0.2	raw	16
G	53	1	3	1.07175572519	norm	16
A	54	1	5	0.333333333333	raw	16
A	54	1	5	1.12260127932	norm	16
C	54	1	5	0.333333333333	raw	16
C	54	1	5	1.64018691588	norm	16
T	54	1	3	0.2	raw	16
T	54	1	3	0.638504295099	norm	16
G	54	1	2	0.133333333333	raw	16
G	54	1	2	0.714503816793	norm	16
T	55	1	6	0.4	raw	16
T	55	1	6	1.2770085902	norm	16
C	55	1	4	0.266666666667	raw	16
C	55	1	4	1.31214953271	norm	16
A	55	1	3	0.2	raw	16
A	55	1	3	0.67356076759	norm	16
G	55	1	2	0.133333333333	raw	16
G	55	1	2	0.714503816793	norm	16
T	56	1	7	0.466666666667	raw	16
T	56	1	7	1.48984335523	norm	16
A	56	1	4	0.266666666667	raw	16
A	56	1	4	0.898081023453	norm	16
C	56	1	2	0.133333333333	raw	16
C	56	1	2	0.656074766354	norm	16
G	56	1	2	0.133333333333	raw	16
G	56	1	2	0.714503816793	norm	16
A	57	1	5	0.333333333333	raw	16
A	57	1	5	1.12260127932	norm	16
G	57	1	4	0.266666666667	raw	16
G	57	1	4	1.42900763359	norm	16
C	57	1	3	0.2	raw	16
C	57	1	3	0.98411214953	norm	16
T	57	1	3	0.2	raw	16
T	57	1	3	0.638504295099	norm	16
A	58	1	6	0.4	raw	16
A	58	1	6	1.34712153518	norm	16
T	58	1	5	0.333333333333	raw	16
T	58	1	5	1.06417382517	norm	16
C	58	1	2	0.133333333333	raw	16
C	58	1	2	0.656074766354	norm	16
G	58	1	2	0.133333333333	raw	16
G	58	1	2	0.714503816793	norm	16
T	59	1	6	0.4	raw	16
T	59	1	6	1.2770085902	norm	16
A	59	1	4	0.266666666667	raw	16
A	59	1	4	0.898081023453	norm	16
C	59	1	3	0.2	raw	16
C	59	1	3	0.98411214953	norm	16
G	59	1	2	0.133333333333	raw	16
G	59	1	2	0.714503816793	norm	16
A	60	1	6	0.4	raw	16
A	60	1	6	1.34712153518	norm	16
T	60	1	5	0.333333333333	raw	16
T	60	1	5	1.06417382517	norm	16
C	60	1	3	0.2	raw	16
C	60	1	3	0.98411214953	norm	16
G	60	1	1	0.0666666666667	raw	16
G	60	1	1	0.357251908396	norm	16
C	61	1	4	0.266666666667	raw	16
C	61	1	4	1.31214953271	norm	16
T	61	1	4	0.266666666667	raw	16
T	61	1	4	0.851339060132	norm	16
G	61	1	4	0.266666666667	raw	16
G	61	1	4	1.42900763359	norm	16
A	61	1	3	0.2	raw	16
A	61	1	3	0.67356076759	norm	16
T	62	1	5	0.333333333333	raw	16
T	62	1	5	1.06417382517	norm	16
C	62	1	4	0.266666666667	raw	16
C	62	1	4	1.31214953271	norm	16
A	62	1	3	0.2	raw	16
A	62	1	3	0.67356076759	norm	16
G	62	1	3	0.2	raw	16
G	62	1	3	1.07175572519	norm	16
T	63	1	7	0.466666666667	raw	16
T	63	1	7	1.48984335523	norm	16
A	63	1	4	0.266666666667	raw	16
A	63	1	4	0.898081023453	norm	16
G	63	1	3	0.2	raw	16
G	63	1	3	1.07175572519	norm	16
C	63	1	1	0.0666666666667	raw	16
C	63	1	1	0.328037383177	norm	16
A	64	1	8	0.533333333333	raw	16
A	64	1	8	1.79616204691	norm	16
C	64	1	3	0.2	raw	16
C	64	1	3	0.98411214953	norm	16
T	64	1	3	0.2	raw	16
T	64	1	3	0.638504295099	norm	16
G	64	1	1	0.0666666666667	raw	16
G	64	1	1	0.357251908396	norm	16
A	65	1	7	0.466666666667	raw	16
A	65	1	7	1.57164179104	norm	16
T	65	1	7	0.466666666667	raw	16
T	65	1	7	1.48984335523	norm	16
C	65	1	1	0.0666666666667	raw	16
C	65	1	1	0.328037383177	norm	16
A	66	1	8	0.533333333333	raw	16
A	66	1	8	1.79616204691	norm	16
C	66	1	4	0.266666666667	raw	16
C	66	1	4	1.31214953271	norm	16
G	66	1	2	0.133333333333	raw	16
G	66	1	2	0.714503816793	norm	16
T	66	1	1	0.0666666666667	raw	16
T	66	1	1	0.212834765033	norm	16
G	67	1	7	0.466666666667	raw	16
G	67	1	7	2.50076335877	norm	16
A	67	1	4	0.266666666667	raw	16
A	67	1	4	0.898081023453	norm	16
C	67	1	2	0.133333333333	raw	16
C	67	1	2	0.656074766354	norm	16
T	67	1	2	0.133333333333	raw	16
T	67	1	2	0.425669530066	norm	16
T	68	1	6	0.4	raw	16
T	68	1	6	1.2770085902	norm	16
A	68	1	5	0.333333333333	raw	16
A	68	1	5	1.12260127932	norm	16
G	68	1	3	0.2	raw	16
G	68	1	3	1.07175572519	norm	16
C	68	1	1	0.0666666666667	raw	16
C	68	1	1	0.328037383177	norm	16
T	69	1	9	0.6	raw	16
T	69	1	9	1.9155128853	norm	16
A	69	1	4	0.266666666667	raw	16
A	69	1	4	0.898081023453	norm	16
C	69	1	1	0.0666666666667	raw	16
C	69	1	1	0.328037383177	norm	16
G	69	1	1	0.0666666666667	raw	16
G	69	1	1	0.357251908396	norm	16
A	70	1	6	0.4	raw	16
A	70	1	6	1.34712153518	norm	16
C	70	1	3	0.2	raw	16
C	70	1	3	0.98411214953	norm	16
T	70	1	3	0.2	raw	16
T	70	1	3	0.638504295099	norm	16
G	70	1	3	0.2	raw	16
G	70	1	3	1.07175572519	norm	16
A	71	1	5	0.333333333333	raw	16
A	71	1	5	1.12260127932	norm	16
T	71	1	5	0.333333333333	raw	16
T	71	1	5	1.06417382517	norm	16
C	71	1	3	0.2	raw	16
C	71	1	3	0.98411214953	norm	16
G	71	1	2	0.133333333333	raw	16
G	71	1	2	0.714503816793	norm	16
T	72	1	7	0.466666666667	raw	16
T	72	1	7	1.48984335523	norm	16
A	72	1	5	0.333333333333	raw	16
A	72	1	5	1.12260127932	norm	16
G	72	1	2	0.133333333333	raw	16
G	72	1	2	0.714503816793	norm	16
C	72	1	1	0.0666666666667	raw	16
C	72	1	1	0.328037383177	norm	16
C	73	1	4	0.266666666667	raw	16
C	73	1	4	1.31214953271	norm	16
T	73	1	4	0.266666666667	raw	16
T	73	1	4	0.851339060132	norm	16
G	73	1	4	0.266666666667	raw	16
G	73	1	4	1.42900763359	norm	16
A	73	1	3	0.2	raw	16
A	73	1	3	0.67356076759	norm	16
T	74	1	8	0.533333333333	raw	16
T	74	1	8	1.70267812026	norm	16
C	74	1	3	0.2	raw	16
C	74	1	3	0.98411214953	norm	16
A	74	1	2	0.133333333333	raw	16
A	74	1	2	0.449040511726	norm	16
G	74	1	2	0.133333333333	raw	16
G	74	1	2	0.714503816793	norm	16
G	75	1	6	0.4	raw	16
G	75	1	6	2.14351145038	norm	16
A	75	1	3	0.2	raw	16
A	75	1	3	0.67356076759	norm	16
C	75	1	3	0.2	raw	16
C	75	1	3	0.98411214953	norm	16
T	75	1	3	0.2	raw	16
T	75	1	3	0.638504295099	norm	16
A	76	1	6	0.4	raw	16
A	76	1	6	1.34712153518	norm	16
G	76	1	4	0.266666666667	raw	16
G	76	1	4	1.42900763359	norm	16
C	76	1	3	0.2	raw	16
C	76	1	3	0.98411214953	norm	16
T	76	1	2	0.133333333333	raw	16
T	76	1	2	0.425669530066	norm	16
T	77	1	8	0.533333333333	raw	16
T	77	1	8	1.70267812026	norm	16
A	77	1	5	0.333333333333	raw	16
A	77	1	5	1.12260127932	norm	16
G	77	1	2	0.133333333333	raw	16
G	77	1	2	0.714503816793	norm	16
A	78	1	6	0.4	raw	16
A	78	1	6	1.34712153518	norm	16
G	78	1	4	0.266666666667	raw	16
G	78	1	4	1.42900763359	norm	16
T	78	1	3	0.2	raw	16
T	78	1	3	0.638504295099	norm	16
C	78	1	2	0.133333333333	raw	16
C	78	1	2	0.656074766354	norm	16
A	79	1	5	0.333333333333	raw	16
A	79	1	5	1.12260127932	norm	16
C	79	1	5	0.333333333333	raw	16
C	79	1	5	1.64018691588	norm	16
T	79	1	3	0.2	raw	16
T	79	1	3	0.638504295099	norm	16
G	79	1	2	0.133333333333	raw	16
G	79	1	2	0.714503816793	norm	16
A	80	1	7	0.466666666667	raw	16
A	80	1	7	1.57164179104	norm	16
T	80	1	3	0.2	raw	16
T	80	1	3	0.638504295099	norm	16
G	80	1	3	0.2	raw	16
G	80	1	3	1.07175572519	norm	16
C	80	1	2	0.133333333333	raw	16
C	80	1	2	0.656074766354	norm	16
A	81	1	7	0.466666666667	raw	16
A	81	1	7	1.57164179104	norm	16
T	81	1	4	0.266666666667	raw	16
T	81	1	4	0.851339060132	norm	16
C	81	1	2	0.133333333333	raw	16
C	81	1	2	0.656074766354	norm	16
G	81	1	2	0.133333333333	raw	16
G	81	1	2	0.714503816793	norm	16
C	82	1	5	0.333333333333	raw	16
C	82	1	5	1.64018691588	norm	16
T	82	1	5	0.333333333333	raw	16
T	82	1	5	1.06417382517	norm	16
A	82	1	3	0.2	raw	16
A	82	1	3	0.67356076759	norm	16
G	82	1	2	0.133333333333	raw	16
G	82	1	2	0.714503816793	norm	16
T	83	1	6	0.4	raw	16
T	83	1	6	1.2770085902	norm	16
A	83	1	5	0.333333333333	raw	16
A	83	1	5	1.12260127932	norm	16
C	83	1	3	0.2	raw	16
C	83	1	3	0.98411214953	norm	16
G	83	1	1	0.0666666666667	raw	16
G	83	1	1	0.357251908396	norm	16
A	84	1	8	0.533333333333	raw	16
A	84	1	8	1.79616204691	norm	16
T	84	1	4	0.266666666667	raw	16
T	84	1	4	0.851339060132	norm	16
C	84	1	2	0.133333333333	raw	16
C	84	1	2	0.656074766354	norm	16
G	84	1	1	0.0666666666667	raw	16
G	84	1	1	0.357251908396	norm	16
A	85	1	8	0.533333333333	raw	16
A	85	1	8	1.79616204691	norm	16
T	85	1	3	0.2	raw	16
T	85	1	3	0.638504295099	norm	16
G	85	1	3	0.2	raw	16
G	85	1	3	1.07175572519	norm	16
C	85	1	1	0.0666666666667	raw	16
C	85	1	1	0.328037383177	norm	16
C	86	1	6	0.4	raw	16
C	86	1	6	1.96822429906	norm	16
A	86	1	5	0.333333333333	raw	16
A	86	1	5	1.12260127932	norm	16
T	86	1	3	0.2	raw	16
T	86	1	3	0.638504295099	norm	16
G	86	1	1	0.0666666666667	raw	16
G	86	1	1	0.357251908396	norm	16
T	87	1	5	0.333333333333	raw	16
T	87	1	5	1.06417382517	norm	16
A	87	1	4	0.266666666667	raw	16
A	87	1	4	0.898081023453	norm	16
G	87	1	4	0.266666666667	raw	16
G	87	1	4	1.42900763359	norm	16
C	87	1	2	0.133333333333	raw	16
C	87	1	2	0.656074766354	norm	16
T	88	1	9	0.6	raw	16
T	88	1	9	1.9155128853	norm	16
A	88	1	3	0.2	raw	16
A	88	1	3	0.67356076759	norm	16
C	88	1	2	0.133333333333	raw	16
C	88	1	2	0.656074766354	norm	16
G	88	1	1	0.0666666666667	raw	16
G	88	1	1	0.357251908396	norm	16
T	89	1	8	0.533333333333	raw	16
T	89	1	8	1.70267812026	norm	16
A	89	1	4	0.266666666667	raw	16
A	89	1	4	0.898081023453	norm	16
C	89	1	3	0.2	raw	16
C	89	1	3	0.98411214953	norm	16
A	90	1	7	0.466666666667	raw	16
A	90	1	7	1.57164179104	norm	16
T	90	1	4	0.266666666667	raw	16
T	90	1	4	0.851339060132	norm	16
C	90	1	2	0.133333333333	raw	16
C	90	1	2	0.656074766354	norm	16
G	90	1	2	0.133333333333	raw	16
G	90	1	2	0.714503816793	norm	16
A	91	1	6	0.4	raw	16
A	91	1	6	1.34712153518	norm	16
T	91	1	6	0.4	raw	16
T	91	1	6	1.2770085902	norm	16
C	91	1	2	0.133333333333	raw	16
C	91	1	2	0.656074766354	norm	16
G	91	1	1	0.0666666666667	raw	16
G	91	1	1	0.357251908396	norm	16
C	92	1	5	0.333333333333	raw	16
C	92	1	5	1.64018691588	norm	16
A	92	1	4	0.266666666667	raw	16
A	92	1	4	0.898081023453	norm	16
G	92	1	4	0.266666666667	raw	16
G	92	1	4	1.42900763359	norm	16
T	92	1	2	0.133333333333	raw	16
T	92	1	2	0.425669530066	norm	16
T	93	1	5	0.333333333333	raw	16
T	93	1	5	1.06417382517	norm	16
G	93	1	5	0.333333333333	raw	16
G	93	1	5	1.78625954198	norm	16
C	93	1	4	0.266666666667	raw	16
C	93	1	4	1.31214953271	norm	16
A	93	1	1	0.0666666666667	raw	16
A	93	1	1	0.224520255863	norm	16
A	94	1	5	0.333333333333	raw	16
A	94	1	5	1.12260127932	norm	16
G	94	1	4	0.266666666667	raw	16
G	94	1	4	1.42900763359	norm	16
C	94	1	3	0.2	raw	16
C	94	1	3	0.98411214953	norm	16
T	94	1	3	0.2	raw	16
T	94	1	3	0.638504295099	norm	16
T	95	1	8	0.533333333333	raw	16
T	95	1	8	1.70267812026	norm	16
A	95	1	4	0.266666666667	raw	16
A	95	1	4	0.898081023453	norm	16
G	95	1	2	0.133333333333	raw	16
G	95	1	2	0.714503816793	norm	16
C	95	1	1	0.0666666666667	raw	16
C	95	1	1	0.328037383177	norm	16
A	96	1	6	0.4	raw	16
A	96	1	6	1.34712153518	norm	16
C	96	1	4	0.266666666667	raw	16
C	96	1	4	1.31214953271	norm	16
G	96	1	3	0.2	raw	16
G	96	1	3	1.07175572519	norm	16
T	96	1	2	0.133333333333	raw	16
T	96	1	2	0.425669530066	norm	16
G	97	1	5	0.333333333333	raw	16
G	97	1	5	1.78625954198	norm	16
A	97	1	4	0.266666666667	raw	16
A	97	1	4	0.898081023453	norm	16
T	97	1	4	0.266666666667	raw	16
T	97	1	4	0.851339060132	norm	16
C	97	1	2	0.133333333333	raw	16
C	97	1	2	0.656074766354	norm	16
A	98	1	7	0.466666666667	raw	16
A	98	1	7	1.57164179104	norm	16
C	98	1	4	0.266666666667	raw	16
C	98	1	4	1.31214953271	norm	16
T	98	1	4	0.266666666667	raw	16
T	98	1	4	0.851339060132	norm	16
A	99	1	7	0.466666666667	raw	16
A	99	1	7	1.57164179104	norm	16
C	99	1	3	0.2	raw	16
C	99	1	3	0.98411214953	norm	16
G	99	1	3	0.2	raw	16
G	99	1	3	1.07175572519	norm	16
T	99	1	2	0.133333333333	raw	16
T	99	1	2	0.425669530066	norm	16
A	100	1	6	0.4	raw	16
A	100	1	6	1.34712153518	norm	16
T	100	1	4	0.266666666667	raw	16
T	100	1	4	0.851339060132	norm	16
C	100	1	3	0.2	raw	16
C	100	1	3	0.98411214953	norm	16
G	100	1	2	0.133333333333	raw	16
G	100	1	2	0.714503816793	norm	16
