#nuc	offset	region.size	count	freq	norm.freq	total.sites
A	-100	1	341	0.337289812067	raw	923
A	-100	1	341	1.08873892976	norm	923
T	-100	1	302	0.298714144411	raw	923
T	-100	1	302	0.967607469863	norm	923
C	-100	1	194	0.191889218595	raw	923
C	-100	1	194	1.0052172577	norm	923
G	-100	1	174	0.172106824926	raw	923
G	-100	1	174	0.903002662437	norm	923
A	-99	1	317	0.313550939664	raw	923
A	-99	1	317	1.01211214292	norm	923
T	-99	1	309	0.305637982196	raw	923
T	-99	1	309	0.990035457575	norm	923
G	-99	1	198	0.195845697329	raw	923
G	-99	1	198	1.02755475381	norm	923
C	-99	1	187	0.184965380811	raw	923
C	-99	1	187	0.968946531911	norm	923
A	-98	1	319	0.315529179031	raw	923
A	-98	1	319	1.01849770849	norm	923
T	-98	1	307	0.303659742829	raw	923
T	-98	1	307	0.983627461086	norm	923
G	-98	1	202	0.199802176063	raw	923
G	-98	1	202	1.0483134357	norm	923
C	-98	1	183	0.181008902077	raw	923
C	-98	1	183	0.948220402886	norm	923
A	-97	1	328	0.324431256182	raw	923
A	-97	1	328	1.04723275356	norm	923
T	-97	1	299	0.295746785361	raw	923
T	-97	1	299	0.957995475129	norm	923
C	-97	1	210	0.207715133531	raw	923
C	-97	1	210	1.0881217738	norm	923
G	-97	1	174	0.172106824926	raw	923
G	-97	1	174	0.903002662437	norm	923
T	-96	1	319	0.315529179031	raw	923
T	-96	1	319	1.02207544002	norm	923
A	-96	1	291	0.287833827893	raw	923
A	-96	1	291	0.929099790503	norm	923
C	-96	1	222	0.219584569733	raw	923
C	-96	1	222	1.15030016088	norm	923
G	-96	1	179	0.177052423343	raw	923
G	-96	1	179	0.928951014806	norm	923
A	-95	1	297	0.293768545994	raw	923
A	-95	1	297	0.948256487214	norm	923
T	-95	1	296	0.292779426311	raw	923
T	-95	1	296	0.948383480395	norm	923
C	-95	1	254	0.251236399604	raw	923
C	-95	1	254	1.31610919308	norm	923
G	-95	1	164	0.162215628091	raw	923
G	-95	1	164	0.851105957699	norm	923
T	-94	1	304	0.300692383778	raw	923
T	-94	1	304	0.974015466352	norm	923
A	-94	1	297	0.293768545994	raw	923
A	-94	1	297	0.948256487214	norm	923
C	-94	1	211	0.208704253215	raw	923
C	-94	1	211	1.09330330606	norm	923
G	-94	1	199	0.196834817013	raw	923
G	-94	1	199	1.03274442428	norm	923
T	-93	1	302	0.298714144411	raw	923
T	-93	1	302	0.967607469863	norm	923
A	-93	1	293	0.28981206726	raw	923
A	-93	1	293	0.935485356073	norm	923
C	-93	1	218	0.215628090999	raw	923
C	-93	1	218	1.12957403185	norm	923
G	-93	1	198	0.195845697329	raw	923
G	-93	1	198	1.02755475381	norm	923
A	-92	1	322	0.318811881188	raw	923
A	-92	1	322	1.02909395393	norm	923
T	-92	1	320	0.316831683168	raw	923
T	-92	1	320	1.02629456642	norm	923
C	-92	1	207	0.20495049505	raw	923
C	-92	1	207	1.07363913464	norm	923
G	-92	1	161	0.159405940594	raw	923
G	-92	1	161	0.836364210581	norm	923
A	-91	1	336	0.33234421365	raw	923
A	-91	1	336	1.07277501584	norm	923
T	-91	1	302	0.298714144411	raw	923
T	-91	1	302	0.967607469863	norm	923
C	-91	1	197	0.194856577646	raw	923
C	-91	1	197	1.02076185447	norm	923
G	-91	1	176	0.174085064293	raw	923
G	-91	1	176	0.913382003384	norm	923
A	-90	1	345	0.341246290801	raw	923
A	-90	1	345	1.10151006091	norm	923
T	-90	1	294	0.290801186944	raw	923
T	-90	1	294	0.941975483906	norm	923
C	-90	1	196	0.193867457962	raw	923
C	-90	1	196	1.01558032222	norm	923
G	-90	1	176	0.174085064293	raw	923
G	-90	1	176	0.913382003384	norm	923
T	-89	1	337	0.333333333333	raw	923
T	-89	1	337	1.07974740842	norm	923
A	-89	1	322	0.318496538081	raw	923
A	-89	1	322	1.02807605684	norm	923
C	-89	1	177	0.175074183976	raw	923
C	-89	1	177	0.917131209349	norm	923
G	-89	1	175	0.173095944609	raw	923
G	-89	1	175	0.90819233291	norm	923
A	-88	1	335	0.331355093966	raw	923
A	-88	1	335	1.06958223305	norm	923
T	-88	1	287	0.283877349159	raw	923
T	-88	1	287	0.919547496194	norm	923
G	-88	1	201	0.19881305638	raw	923
G	-88	1	201	1.04312376523	norm	923
C	-88	1	188	0.185954500495	raw	923
C	-88	1	188	0.974128064167	norm	923
A	-87	1	339	0.3353115727	raw	923
A	-87	1	339	1.08235336419	norm	923
T	-87	1	316	0.31256181998	raw	923
T	-87	1	316	1.01246344529	norm	923
G	-87	1	181	0.17903066271	raw	923
G	-87	1	181	0.939330355753	norm	923
C	-87	1	175	0.173095944609	raw	923
C	-87	1	175	0.906768144837	norm	923
A	-86	1	317	0.313550939664	raw	923
A	-86	1	317	1.01211214292	norm	923
T	-86	1	310	0.306627101879	raw	923
T	-86	1	310	0.993239455819	norm	923
C	-86	1	208	0.205736894164	raw	923
C	-86	1	208	1.07775870929	norm	923
G	-86	1	176	0.174085064293	raw	923
G	-86	1	176	0.913382003384	norm	923
A	-85	1	347	0.343224530168	raw	923
A	-85	1	347	1.10789562648	norm	923
T	-85	1	311	0.307616221563	raw	923
T	-85	1	311	0.996443454064	norm	923
G	-85	1	181	0.17903066271	raw	923
G	-85	1	181	0.939330355753	norm	923
C	-85	1	172	0.170128585559	raw	923
C	-85	1	172	0.891223548068	norm	923
A	-84	1	313	0.30959446093	raw	923
A	-84	1	313	0.999341011778	norm	923
T	-84	1	293	0.28981206726	raw	923
T	-84	1	293	0.938771485661	norm	923
G	-84	1	206	0.203758654797	raw	923
G	-84	1	206	1.0690721176	norm	923
C	-84	1	199	0.196834817013	raw	923
C	-84	1	199	1.03112491899	norm	923
T	-83	1	302	0.298714144411	raw	923
T	-83	1	302	0.967607469863	norm	923
A	-83	1	292	0.288822947577	raw	923
A	-83	1	292	0.932292573288	norm	923
G	-83	1	223	0.220573689416	raw	923
G	-83	1	223	1.15729651565	norm	923
C	-83	1	194	0.191889218595	raw	923
C	-83	1	194	1.0052172577	norm	923
T	-82	1	344	0.340257171118	raw	923
T	-82	1	344	1.10217539613	norm	923
A	-82	1	294	0.290801186944	raw	923
A	-82	1	294	0.938678138858	norm	923
C	-82	1	200	0.197823936696	raw	923
C	-82	1	200	1.03630645124	norm	923
G	-82	1	173	0.171117705242	raw	923
G	-82	1	173	0.897812991963	norm	923
A	-81	1	327	0.323442136499	raw	923
A	-81	1	327	1.04403997077	norm	923
T	-81	1	293	0.28981206726	raw	923
T	-81	1	293	0.938771485661	norm	923
G	-81	1	201	0.19881305638	raw	923
G	-81	1	201	1.04312376523	norm	923
C	-81	1	190	0.187932739862	raw	923
C	-81	1	190	0.98449112868	norm	923
T	-80	1	316	0.31256181998	raw	923
T	-80	1	316	1.01246344529	norm	923
A	-80	1	302	0.298714144411	raw	923
A	-80	1	302	0.96422040114	norm	923
G	-80	1	197	0.194856577646	raw	923
G	-80	1	197	1.02236508333	norm	923
C	-80	1	196	0.193867457962	raw	923
C	-80	1	196	1.01558032222	norm	923
T	-79	1	332	0.328712871287	raw	923
T	-79	1	332	1.06478061266	norm	923
A	-79	1	281	0.278217821782	raw	923
A	-79	1	281	0.898060251722	norm	923
C	-79	1	204	0.20198019802	raw	923
C	-79	1	204	1.05807914718	norm	923
G	-79	1	193	0.191089108911	raw	923
G	-79	1	193	1.00259809094	norm	923
A	-78	1	297	0.293768545994	raw	923
A	-78	1	297	0.948256487214	norm	923
T	-78	1	291	0.287833827893	raw	923
T	-78	1	291	0.932363489172	norm	923
G	-78	1	231	0.228486646884	raw	923
G	-78	1	231	1.19881387944	norm	923
C	-78	1	192	0.189910979228	raw	923
C	-78	1	192	0.994854193192	norm	923
A	-77	1	314	0.310583580613	raw	923
A	-77	1	314	1.00253379456	norm	923
T	-77	1	301	0.297725024728	raw	923
T	-77	1	301	0.964403471618	norm	923
C	-77	1	207	0.204747774481	raw	923
C	-77	1	207	1.07257717704	norm	923
G	-77	1	189	0.186943620178	raw	923
G	-77	1	189	0.980847719543	norm	923
T	-76	1	309	0.305637982196	raw	923
T	-76	1	309	0.990035457575	norm	923
A	-76	1	308	0.304648862512	raw	923
A	-76	1	308	0.983377097852	norm	923
G	-76	1	214	0.211671612265	raw	923
G	-76	1	214	1.11058948139	norm	923
C	-76	1	180	0.178041543027	raw	923
C	-76	1	180	0.932675806118	norm	923
A	-75	1	321	0.317507418398	raw	923
A	-75	1	321	1.02488327406	norm	923
T	-75	1	298	0.294757665678	raw	923
T	-75	1	298	0.954791476884	norm	923
C	-75	1	198	0.195845697329	raw	923
C	-75	1	198	1.02594338673	norm	923
G	-75	1	194	0.191889218595	raw	923
G	-75	1	194	1.00679607191	norm	923
T	-74	1	325	0.321463897132	raw	923
T	-74	1	325	1.04129942949	norm	923
A	-74	1	324	0.320474777448	raw	923
A	-74	1	324	1.03446162242	norm	923
G	-74	1	195	0.192878338279	raw	923
G	-74	1	195	1.01198574239	norm	923
C	-74	1	167	0.165182987141	raw	923
C	-74	1	167	0.865315886787	norm	923
T	-73	1	307	0.303659742829	raw	923
T	-73	1	307	0.983627461086	norm	923
A	-73	1	302	0.298714144411	raw	923
A	-73	1	302	0.96422040114	norm	923
G	-73	1	224	0.2215628091	raw	923
G	-73	1	224	1.16248618613	norm	923
C	-73	1	178	0.17606330366	raw	923
C	-73	1	178	0.922312741605	norm	923
A	-72	1	331	0.327398615232	raw	923
A	-72	1	331	1.05681110191	norm	923
T	-72	1	312	0.308605341246	raw	923
T	-72	1	312	0.999647452308	norm	923
G	-72	1	186	0.183976261128	raw	923
G	-72	1	186	0.965278708122	norm	923
C	-72	1	182	0.180019782394	raw	923
C	-72	1	182	0.94303887063	norm	923
A	-71	1	335	0.331355093966	raw	923
A	-71	1	335	1.06958223305	norm	923
T	-71	1	297	0.293768545994	raw	923
T	-71	1	297	0.95158747864	norm	923
C	-71	1	197	0.194856577646	raw	923
C	-71	1	197	1.02076185447	norm	923
G	-71	1	182	0.180019782394	raw	923
G	-71	1	182	0.944520026227	norm	923
A	-70	1	325	0.321463897132	raw	923
A	-70	1	325	1.0376544052	norm	923
T	-70	1	321	0.317507418398	raw	923
T	-70	1	321	1.02848343651	norm	923
C	-70	1	203	0.200791295747	raw	923
C	-70	1	203	1.05185104801	norm	923
G	-70	1	162	0.160237388724	raw	923
G	-70	1	162	0.840726616751	norm	923
A	-69	1	327	0.323442136499	raw	923
A	-69	1	327	1.04403997077	norm	923
T	-69	1	298	0.294757665678	raw	923
T	-69	1	298	0.954791476884	norm	923
C	-69	1	195	0.192878338279	raw	923
C	-69	1	195	1.01039878996	norm	923
G	-69	1	191	0.188921859545	raw	923
G	-69	1	191	0.991227060491	norm	923
T	-68	1	324	0.320474777448	raw	923
T	-68	1	324	1.03809543124	norm	923
A	-68	1	299	0.295746785361	raw	923
A	-68	1	299	0.954642052785	norm	923
C	-68	1	209	0.206726013848	raw	923
C	-68	1	209	1.08294024155	norm	923
G	-68	1	179	0.177052423343	raw	923
G	-68	1	179	0.928951014806	norm	923
T	-67	1	313	0.30959446093	raw	923
T	-67	1	313	1.00285145055	norm	923
A	-67	1	308	0.304648862512	raw	923
A	-67	1	308	0.983377097852	norm	923
G	-67	1	200	0.197823936696	raw	923
G	-67	1	200	1.03793409475	norm	923
C	-67	1	190	0.187932739862	raw	923
C	-67	1	190	0.98449112868	norm	923
A	-66	1	309	0.305637982196	raw	923
A	-66	1	309	0.986569880637	norm	923
T	-66	1	303	0.299703264095	raw	923
T	-66	1	303	0.970811468107	norm	923
G	-66	1	215	0.212660731949	raw	923
G	-66	1	215	1.11577915186	norm	923
C	-66	1	184	0.181998021761	raw	923
C	-66	1	184	0.953401935142	norm	923
T	-65	1	330	0.326409495549	raw	923
T	-65	1	330	1.05731942071	norm	923
A	-65	1	296	0.292779426311	raw	923
A	-65	1	296	0.945063704429	norm	923
G	-65	1	201	0.19881305638	raw	923
G	-65	1	201	1.04312376523	norm	923
C	-65	1	184	0.181998021761	raw	923
C	-65	1	184	0.953401935142	norm	923
A	-64	1	319	0.315529179031	raw	923
A	-64	1	319	1.01849770849	norm	923
T	-64	1	309	0.305637982196	raw	923
T	-64	1	309	0.990035457575	norm	923
G	-64	1	210	0.207715133531	raw	923
G	-64	1	210	1.08983079949	norm	923
C	-64	1	173	0.171117705242	raw	923
C	-64	1	173	0.896405080324	norm	923
T	-63	1	331	0.327398615232	raw	923
T	-63	1	331	1.06052341896	norm	923
A	-63	1	296	0.292779426311	raw	923
A	-63	1	296	0.945063704429	norm	923
C	-63	1	199	0.196834817013	raw	923
C	-63	1	199	1.03112491899	norm	923
G	-63	1	185	0.182987141444	raw	923
G	-63	1	185	0.960089037648	norm	923
T	-62	1	327	0.323442136499	raw	923
T	-62	1	327	1.04770742598	norm	923
A	-62	1	323	0.319485657765	raw	923
A	-62	1	323	1.03126883963	norm	923
G	-62	1	181	0.17903066271	raw	923
G	-62	1	181	0.939330355753	norm	923
C	-62	1	180	0.178041543027	raw	923
C	-62	1	180	0.932675806118	norm	923
T	-61	1	330	0.326409495549	raw	923
T	-61	1	330	1.05731942071	norm	923
A	-61	1	327	0.323442136499	raw	923
A	-61	1	327	1.04403997077	norm	923
G	-61	1	185	0.182987141444	raw	923
G	-61	1	185	0.960089037648	norm	923
C	-61	1	169	0.167161226508	raw	923
C	-61	1	169	0.875678951299	norm	923
T	-60	1	319	0.315529179031	raw	923
T	-60	1	319	1.02207544002	norm	923
A	-60	1	313	0.30959446093	raw	923
A	-60	1	313	0.999341011778	norm	923
C	-60	1	199	0.196834817013	raw	923
C	-60	1	199	1.03112491899	norm	923
G	-60	1	180	0.178041543027	raw	923
G	-60	1	180	0.934140685279	norm	923
A	-59	1	347	0.343224530168	raw	923
A	-59	1	347	1.10789562648	norm	923
T	-59	1	333	0.329376854599	raw	923
T	-59	1	333	1.06693141544	norm	923
G	-59	1	166	0.164193867458	raw	923
G	-59	1	166	0.861485298646	norm	923
C	-59	1	165	0.163204747774	raw	923
C	-59	1	165	0.854952822274	norm	923
T	-58	1	323	0.319485657765	raw	923
T	-58	1	323	1.034891433	norm	923
A	-58	1	276	0.272997032641	raw	923
A	-58	1	276	0.881208048724	norm	923
G	-58	1	207	0.204747774481	raw	923
G	-58	1	207	1.07426178807	norm	923
C	-58	1	205	0.202769535114	raw	923
C	-58	1	205	1.06221411252	norm	923
A	-57	1	332	0.328387734916	raw	923
A	-57	1	332	1.0600038847	norm	923
T	-57	1	298	0.294757665678	raw	923
T	-57	1	298	0.954791476884	norm	923
G	-57	1	196	0.193867457962	raw	923
G	-57	1	196	1.01717541286	norm	923
C	-57	1	185	0.182987141444	raw	923
C	-57	1	185	0.958583467399	norm	923
A	-56	1	319	0.315529179031	raw	923
A	-56	1	319	1.01849770849	norm	923
T	-56	1	303	0.299703264095	raw	923
T	-56	1	303	0.970811468107	norm	923
C	-56	1	216	0.213649851632	raw	923
C	-56	1	216	1.11921096734	norm	923
G	-56	1	173	0.171117705242	raw	923
G	-56	1	173	0.897812991963	norm	923
T	-55	1	323	0.319485657765	raw	923
T	-55	1	323	1.034891433	norm	923
A	-55	1	312	0.308605341246	raw	923
A	-55	1	312	0.996148228993	norm	923
C	-55	1	208	0.205736894164	raw	923
C	-55	1	208	1.07775870929	norm	923
G	-55	1	168	0.166172106825	raw	923
G	-55	1	168	0.871864639594	norm	923
T	-54	1	312	0.308605341246	raw	923
T	-54	1	312	0.999647452308	norm	923
A	-54	1	284	0.280909990109	raw	923
A	-54	1	284	0.906750311006	norm	923
C	-54	1	229	0.226508407517	raw	923
C	-54	1	229	1.18657088667	norm	923
G	-54	1	186	0.183976261128	raw	923
G	-54	1	186	0.965278708122	norm	923
T	-53	1	319	0.315529179031	raw	923
T	-53	1	319	1.02207544002	norm	923
A	-53	1	280	0.276953511375	raw	923
A	-53	1	280	0.893979179865	norm	923
G	-53	1	236	0.233432245302	raw	923
G	-53	1	236	1.22476223181	norm	923
C	-53	1	176	0.174085064293	raw	923
C	-53	1	176	0.911949677093	norm	923
A	-52	1	321	0.317507418398	raw	923
A	-52	1	321	1.02488327406	norm	923
T	-52	1	315	0.311572700297	raw	923
T	-52	1	315	1.00925944704	norm	923
C	-52	1	193	0.190900098912	raw	923
C	-52	1	193	1.00003572545	norm	923
G	-52	1	182	0.180019782394	raw	923
G	-52	1	182	0.944520026227	norm	923
A	-51	1	323	0.319485657765	raw	923
A	-51	1	323	1.03126883963	norm	923
T	-51	1	316	0.31256181998	raw	923
T	-51	1	316	1.01246344529	norm	923
G	-51	1	211	0.208704253215	raw	923
G	-51	1	211	1.09502046997	norm	923
C	-51	1	161	0.159248269041	raw	923
C	-51	1	161	0.83422669325	norm	923
A	-50	1	324	0.320474777448	raw	923
A	-50	1	324	1.03446162242	norm	923
T	-50	1	304	0.300692383778	raw	923
T	-50	1	304	0.974015466352	norm	923
C	-50	1	201	0.19881305638	raw	923
C	-50	1	201	1.0414879835	norm	923
G	-50	1	182	0.180019782394	raw	923
G	-50	1	182	0.944520026227	norm	923
A	-49	1	337	0.333333333333	raw	923
A	-49	1	337	1.07596779862	norm	923
T	-49	1	292	0.288822947577	raw	923
T	-49	1	292	0.935567487417	norm	923
G	-49	1	193	0.190900098912	raw	923
G	-49	1	193	1.00160640144	norm	923
C	-49	1	189	0.186943620178	raw	923
C	-49	1	189	0.979309596423	norm	923
A	-48	1	331	0.327398615232	raw	923
A	-48	1	331	1.05681110191	norm	923
T	-48	1	301	0.297725024728	raw	923
T	-48	1	301	0.964403471618	norm	923
C	-48	1	211	0.208704253215	raw	923
C	-48	1	211	1.09330330606	norm	923
G	-48	1	168	0.166172106825	raw	923
G	-48	1	168	0.871864639594	norm	923
T	-47	1	326	0.322453016815	raw	923
T	-47	1	326	1.04450342773	norm	923
A	-47	1	296	0.292779426311	raw	923
A	-47	1	296	0.945063704429	norm	923
C	-47	1	199	0.196834817013	raw	923
C	-47	1	199	1.03112491899	norm	923
G	-47	1	190	0.187932739862	raw	923
G	-47	1	190	0.986037390017	norm	923
T	-46	1	316	0.31256181998	raw	923
T	-46	1	316	1.01246344529	norm	923
A	-46	1	301	0.297725024728	raw	923
A	-46	1	301	0.961027618355	norm	923
C	-46	1	221	0.218595450049	raw	923
C	-46	1	221	1.14511862862	norm	923
G	-46	1	173	0.171117705242	raw	923
G	-46	1	173	0.897812991963	norm	923
A	-45	1	310	0.306627101879	raw	923
A	-45	1	310	0.989762663422	norm	923
T	-45	1	310	0.306627101879	raw	923
T	-45	1	310	0.993239455819	norm	923
G	-45	1	205	0.202769535114	raw	923
G	-45	1	205	1.06388244712	norm	923
C	-45	1	186	0.183976261128	raw	923
C	-45	1	186	0.963764999655	norm	923
A	-44	1	317	0.313550939664	raw	923
A	-44	1	317	1.01211214292	norm	923
T	-44	1	316	0.31256181998	raw	923
T	-44	1	316	1.01246344529	norm	923
G	-44	1	195	0.192878338279	raw	923
G	-44	1	195	1.01198574239	norm	923
C	-44	1	183	0.181008902077	raw	923
C	-44	1	183	0.948220402886	norm	923
A	-43	1	331	0.327398615232	raw	923
A	-43	1	331	1.05681110191	norm	923
T	-43	1	324	0.320474777448	raw	923
T	-43	1	324	1.03809543124	norm	923
C	-43	1	189	0.186943620178	raw	923
C	-43	1	189	0.979309596423	norm	923
G	-43	1	167	0.165182987141	raw	923
G	-43	1	167	0.86667496912	norm	923
A	-42	1	333	0.329376854599	raw	923
A	-42	1	333	1.06319666748	norm	923
T	-42	1	321	0.317507418398	raw	923
T	-42	1	321	1.02848343651	norm	923
G	-42	1	181	0.17903066271	raw	923
G	-42	1	181	0.939330355753	norm	923
C	-42	1	176	0.174085064293	raw	923
C	-42	1	176	0.911949677093	norm	923
T	-41	1	351	0.347181008902	raw	923
T	-41	1	351	1.12460338385	norm	923
A	-41	1	307	0.303659742829	raw	923
A	-41	1	307	0.980184315066	norm	923
G	-41	1	177	0.175074183976	raw	923
G	-41	1	177	0.918571673858	norm	923
C	-41	1	176	0.174085064293	raw	923
C	-41	1	176	0.911949677093	norm	923
T	-40	1	290	0.28684470821	raw	923
T	-40	1	290	0.929159490928	norm	923
A	-40	1	285	0.281899109792	raw	923
A	-40	1	285	0.909943093791	norm	923
C	-40	1	228	0.225519287834	raw	923
C	-40	1	228	1.18138935442	norm	923
G	-40	1	208	0.205736894164	raw	923
G	-40	1	208	1.07945145854	norm	923
A	-39	1	352	0.348170128586	raw	923
A	-39	1	352	1.1238595404	norm	923
T	-39	1	288	0.284866468843	raw	923
T	-39	1	288	0.922751494439	norm	923
G	-39	1	198	0.195845697329	raw	923
G	-39	1	198	1.02755475381	norm	923
C	-39	1	173	0.171117705242	raw	923
C	-39	1	173	0.896405080324	norm	923
A	-38	1	311	0.307616221563	raw	923
A	-38	1	311	0.992955446207	norm	923
T	-38	1	309	0.305637982196	raw	923
T	-38	1	309	0.990035457575	norm	923
G	-38	1	207	0.204747774481	raw	923
G	-38	1	207	1.07426178807	norm	923
C	-38	1	184	0.181998021761	raw	923
C	-38	1	184	0.953401935142	norm	923
T	-37	1	316	0.31256181998	raw	923
T	-37	1	316	1.01246344529	norm	923
A	-37	1	278	0.274975272008	raw	923
A	-37	1	278	0.887593614295	norm	923
G	-37	1	209	0.206726013848	raw	923
G	-37	1	209	1.08464112902	norm	923
C	-37	1	208	0.205736894164	raw	923
C	-37	1	208	1.07775870929	norm	923
T	-36	1	315	0.311572700297	raw	923
T	-36	1	315	1.00925944704	norm	923
A	-36	1	297	0.293768545994	raw	923
A	-36	1	297	0.948256487214	norm	923
G	-36	1	213	0.210682492582	raw	923
G	-36	1	213	1.10539981091	norm	923
C	-36	1	186	0.183976261128	raw	923
C	-36	1	186	0.963764999655	norm	923
A	-35	1	304	0.300692383778	raw	923
A	-35	1	304	0.970605966711	norm	923
T	-35	1	286	0.282888229476	raw	923
T	-35	1	286	0.916343497949	norm	923
C	-35	1	217	0.214638971316	raw	923
C	-35	1	217	1.1243924996	norm	923
G	-35	1	204	0.20178041543	raw	923
G	-35	1	204	1.05869277665	norm	923
A	-34	1	312	0.308605341246	raw	923
A	-34	1	312	0.996148228993	norm	923
T	-34	1	287	0.283877349159	raw	923
T	-34	1	287	0.919547496194	norm	923
C	-34	1	206	0.203758654797	raw	923
C	-34	1	206	1.06739564478	norm	923
G	-34	1	206	0.203758654797	raw	923
G	-34	1	206	1.0690721176	norm	923
A	-33	1	312	0.308605341246	raw	923
A	-33	1	312	0.996148228993	norm	923
T	-33	1	297	0.293768545994	raw	923
T	-33	1	297	0.95158747864	norm	923
C	-33	1	210	0.207715133531	raw	923
C	-33	1	210	1.0881217738	norm	923
G	-33	1	192	0.189910979228	raw	923
G	-33	1	192	0.996416730965	norm	923
T	-32	1	333	0.329376854599	raw	923
T	-32	1	333	1.06693141544	norm	923
A	-32	1	296	0.292779426311	raw	923
A	-32	1	296	0.945063704429	norm	923
G	-32	1	212	0.209693372898	raw	923
G	-32	1	212	1.10021014044	norm	923
C	-32	1	170	0.168150346192	raw	923
C	-32	1	170	0.880860483555	norm	923
A	-31	1	325	0.321463897132	raw	923
A	-31	1	325	1.0376544052	norm	923
T	-31	1	308	0.304648862512	raw	923
T	-31	1	308	0.98683145933	norm	923
C	-31	1	197	0.194856577646	raw	923
C	-31	1	197	1.02076185447	norm	923
G	-31	1	181	0.17903066271	raw	923
G	-31	1	181	0.939330355753	norm	923
T	-30	1	333	0.329376854599	raw	923
T	-30	1	333	1.06693141544	norm	923
A	-30	1	311	0.307616221563	raw	923
A	-30	1	311	0.992955446207	norm	923
C	-30	1	191	0.188921859545	raw	923
C	-30	1	191	0.989672660936	norm	923
G	-30	1	176	0.174085064293	raw	923
G	-30	1	176	0.913382003384	norm	923
A	-29	1	324	0.320474777448	raw	923
A	-29	1	324	1.03446162242	norm	923
T	-29	1	314	0.310583580613	raw	923
T	-29	1	314	1.0060554488	norm	923
G	-29	1	194	0.191889218595	raw	923
G	-29	1	194	1.00679607191	norm	923
C	-29	1	179	0.177052423343	raw	923
C	-29	1	179	0.927494273861	norm	923
A	-28	1	327	0.323442136499	raw	923
A	-28	1	327	1.04403997077	norm	923
T	-28	1	294	0.290801186944	raw	923
T	-28	1	294	0.941975483906	norm	923
G	-28	1	203	0.200791295747	raw	923
G	-28	1	203	1.05350310618	norm	923
C	-28	1	187	0.184965380811	raw	923
C	-28	1	187	0.968946531911	norm	923
T	-27	1	320	0.316518298714	raw	923
T	-27	1	320	1.02527943827	norm	923
A	-27	1	303	0.299703264095	raw	923
A	-27	1	303	0.967413183926	norm	923
G	-27	1	203	0.200791295747	raw	923
G	-27	1	203	1.05350310618	norm	923
C	-27	1	185	0.182987141444	raw	923
C	-27	1	185	0.958583467399	norm	923
A	-26	1	330	0.326409495549	raw	923
A	-26	1	330	1.05361831913	norm	923
T	-26	1	302	0.298714144411	raw	923
T	-26	1	302	0.967607469863	norm	923
G	-26	1	201	0.19881305638	raw	923
G	-26	1	201	1.04312376523	norm	923
C	-26	1	178	0.17606330366	raw	923
C	-26	1	178	0.922312741605	norm	923
T	-25	1	325	0.321463897132	raw	923
T	-25	1	325	1.04129942949	norm	923
A	-25	1	310	0.306627101879	raw	923
A	-25	1	310	0.989762663422	norm	923
G	-25	1	219	0.216617210682	raw	923
G	-25	1	219	1.13653783376	norm	923
C	-25	1	157	0.155291790307	raw	923
C	-25	1	157	0.813500564225	norm	923
A	-24	1	340	0.336300692384	raw	923
A	-24	1	340	1.08554614698	norm	923
T	-24	1	317	0.313550939664	raw	923
T	-24	1	317	1.01566744353	norm	923
C	-24	1	188	0.185954500495	raw	923
C	-24	1	188	0.974128064167	norm	923
G	-24	1	166	0.164193867458	raw	923
G	-24	1	166	0.861485298646	norm	923
A	-23	1	326	0.322453016815	raw	923
A	-23	1	326	1.04084718799	norm	923
T	-23	1	284	0.280909990109	raw	923
T	-23	1	284	0.90993550146	norm	923
G	-23	1	216	0.213649851632	raw	923
G	-23	1	216	1.12096882234	norm	923
C	-23	1	185	0.182987141444	raw	923
C	-23	1	185	0.958583467399	norm	923
A	-22	1	316	0.31256181998	raw	923
A	-22	1	316	1.00891936013	norm	923
T	-22	1	291	0.287833827893	raw	923
T	-22	1	291	0.932363489172	norm	923
G	-22	1	213	0.210682492582	raw	923
G	-22	1	213	1.10539981091	norm	923
C	-22	1	191	0.188921859545	raw	923
C	-22	1	191	0.989672660936	norm	923
T	-21	1	332	0.328387734916	raw	923
T	-21	1	332	1.0637274172	norm	923
A	-21	1	317	0.313550939664	raw	923
A	-21	1	317	1.01211214292	norm	923
G	-21	1	185	0.182987141444	raw	923
G	-21	1	185	0.960089037648	norm	923
C	-21	1	177	0.175074183976	raw	923
C	-21	1	177	0.917131209349	norm	923
A	-20	1	334	0.330365974283	raw	923
A	-20	1	334	1.06638945027	norm	923
T	-20	1	313	0.30959446093	raw	923
T	-20	1	313	1.00285145055	norm	923
C	-20	1	184	0.181998021761	raw	923
C	-20	1	184	0.953401935142	norm	923
G	-20	1	180	0.178041543027	raw	923
G	-20	1	180	0.934140685279	norm	923
A	-19	1	326	0.322453016815	raw	923
A	-19	1	326	1.04084718799	norm	923
T	-19	1	317	0.313550939664	raw	923
T	-19	1	317	1.01566744353	norm	923
C	-19	1	191	0.188921859545	raw	923
C	-19	1	191	0.989672660936	norm	923
G	-19	1	177	0.175074183976	raw	923
G	-19	1	177	0.918571673858	norm	923
T	-18	1	332	0.328387734916	raw	923
T	-18	1	332	1.0637274172	norm	923
A	-18	1	320	0.316518298714	raw	923
A	-18	1	320	1.02169049127	norm	923
G	-18	1	180	0.178041543027	raw	923
G	-18	1	180	0.934140685279	norm	923
C	-18	1	179	0.177052423343	raw	923
C	-18	1	179	0.927494273861	norm	923
A	-17	1	349	0.345202769535	raw	923
A	-17	1	349	1.11428119205	norm	923
T	-17	1	339	0.3353115727	raw	923
T	-17	1	339	1.08615540491	norm	923
G	-17	1	163	0.161226508408	raw	923
G	-17	1	163	0.845916287225	norm	923
C	-17	1	160	0.158259149357	raw	923
C	-17	1	160	0.829045160993	norm	923
A	-16	1	330	0.326409495549	raw	923
A	-16	1	330	1.05361831913	norm	923
T	-16	1	315	0.311572700297	raw	923
T	-16	1	315	1.00925944704	norm	923
G	-16	1	186	0.183976261128	raw	923
G	-16	1	186	0.965278708122	norm	923
C	-16	1	180	0.178041543027	raw	923
C	-16	1	180	0.932675806118	norm	923
A	-15	1	351	0.347181008902	raw	923
A	-15	1	351	1.12066675762	norm	923
T	-15	1	309	0.305637982196	raw	923
T	-15	1	309	0.990035457575	norm	923
G	-15	1	197	0.194856577646	raw	923
G	-15	1	197	1.02236508333	norm	923
C	-15	1	154	0.152324431256	raw	923
C	-15	1	154	0.797955967456	norm	923
T	-14	1	324	0.320474777448	raw	923
T	-14	1	324	1.03809543124	norm	923
A	-14	1	314	0.310583580613	raw	923
A	-14	1	314	1.00253379456	norm	923
C	-14	1	193	0.190900098912	raw	923
C	-14	1	193	1.00003572545	norm	923
G	-14	1	180	0.178041543027	raw	923
G	-14	1	180	0.934140685279	norm	923
A	-13	1	325	0.321463897132	raw	923
A	-13	1	325	1.0376544052	norm	923
T	-13	1	325	0.321463897132	raw	923
T	-13	1	325	1.04129942949	norm	923
G	-13	1	198	0.195845697329	raw	923
G	-13	1	198	1.02755475381	norm	923
C	-13	1	163	0.161226508408	raw	923
C	-13	1	163	0.844589757762	norm	923
T	-12	1	347	0.343224530168	raw	923
T	-12	1	347	1.11178739087	norm	923
A	-12	1	299	0.295746785361	raw	923
A	-12	1	299	0.954642052785	norm	923
G	-12	1	186	0.183976261128	raw	923
G	-12	1	186	0.965278708122	norm	923
C	-12	1	179	0.177052423343	raw	923
C	-12	1	179	0.927494273861	norm	923
A	-11	1	329	0.325420375865	raw	923
A	-11	1	329	1.05042553634	norm	923
T	-11	1	329	0.325420375865	raw	923
T	-11	1	329	1.05411542247	norm	923
G	-11	1	178	0.17606330366	raw	923
G	-11	1	178	0.923761344332	norm	923
C	-11	1	175	0.173095944609	raw	923
C	-11	1	175	0.906768144837	norm	923
T	-10	1	325	0.321463897132	raw	923
T	-10	1	325	1.04129942949	norm	923
A	-10	1	307	0.303659742829	raw	923
A	-10	1	307	0.980184315066	norm	923
G	-10	1	191	0.188921859545	raw	923
G	-10	1	191	0.991227060491	norm	923
C	-10	1	188	0.185954500495	raw	923
C	-10	1	188	0.974128064167	norm	923
A	-9	1	331	0.327398615232	raw	923
A	-9	1	331	1.05681110191	norm	923
T	-9	1	316	0.31256181998	raw	923
T	-9	1	316	1.01246344529	norm	923
C	-9	1	192	0.189910979228	raw	923
C	-9	1	192	0.994854193192	norm	923
G	-9	1	172	0.170128585559	raw	923
G	-9	1	172	0.892623321489	norm	923
T	-8	1	338	0.334322453017	raw	923
T	-8	1	338	1.08295140667	norm	923
A	-8	1	311	0.307616221563	raw	923
A	-8	1	311	0.992955446207	norm	923
C	-8	1	192	0.189910979228	raw	923
C	-8	1	192	0.994854193192	norm	923
G	-8	1	170	0.168150346192	raw	923
G	-8	1	170	0.882243980542	norm	923
T	-7	1	365	0.361028684471	raw	923
T	-7	1	365	1.16945935927	norm	923
A	-7	1	280	0.276953511375	raw	923
A	-7	1	280	0.893979179865	norm	923
C	-7	1	198	0.195845697329	raw	923
C	-7	1	198	1.02594338673	norm	923
G	-7	1	168	0.166172106825	raw	923
G	-7	1	168	0.871864639594	norm	923
T	-6	1	320	0.316518298714	raw	923
T	-6	1	320	1.02527943827	norm	923
A	-6	1	306	0.302670623145	raw	923
A	-6	1	306	0.976991532281	norm	923
G	-6	1	208	0.205736894164	raw	923
G	-6	1	208	1.07945145854	norm	923
C	-6	1	177	0.175074183976	raw	923
C	-6	1	177	0.917131209349	norm	923
T	-5	1	322	0.318496538081	raw	923
T	-5	1	322	1.03168743475	norm	923
A	-5	1	308	0.304648862512	raw	923
A	-5	1	308	0.983377097852	norm	923
G	-5	1	206	0.203758654797	raw	923
G	-5	1	206	1.0690721176	norm	923
C	-5	1	175	0.173095944609	raw	923
C	-5	1	175	0.906768144837	norm	923
T	-4	1	336	0.33234421365	raw	923
T	-4	1	336	1.07654341018	norm	923
A	-4	1	332	0.328387734916	raw	923
A	-4	1	332	1.0600038847	norm	923
G	-4	1	180	0.178041543027	raw	923
G	-4	1	180	0.934140685279	norm	923
C	-4	1	163	0.161226508408	raw	923
C	-4	1	163	0.844589757762	norm	923
T	-3	1	317	0.313550939664	raw	923
T	-3	1	317	1.01566744353	norm	923
A	-3	1	293	0.28981206726	raw	923
A	-3	1	293	0.935485356073	norm	923
C	-3	1	225	0.222551928783	raw	923
C	-3	1	225	1.16584475765	norm	923
G	-3	1	176	0.174085064293	raw	923
G	-3	1	176	0.913382003384	norm	923
T	-2	1	359	0.35509396637	raw	923
T	-2	1	359	1.1502353698	norm	923
A	-2	1	269	0.266073194857	raw	923
A	-2	1	269	0.858858569228	norm	923
G	-2	1	194	0.191889218595	raw	923
G	-2	1	194	1.00679607191	norm	923
C	-2	1	189	0.186943620178	raw	923
C	-2	1	189	0.979309596423	norm	923
T	-1	1	338	0.334322453017	raw	923
T	-1	1	338	1.08295140667	norm	923
A	-1	1	298	0.294757665678	raw	923
A	-1	1	298	0.951449269999	norm	923
G	-1	1	210	0.207715133531	raw	923
G	-1	1	210	1.08983079949	norm	923
C	-1	1	165	0.163204747774	raw	923
C	-1	1	165	0.854952822274	norm	923
C	0	1	379	0.37487636004	raw	923
C	0	1	379	1.9638007251	norm	923
A	0	1	235	0.232443125618	raw	923
A	0	1	235	0.75030395453	norm	923
G	0	1	213	0.210682492582	raw	923
G	0	1	213	1.10539981091	norm	923
T	0	1	184	0.181998021761	raw	923
T	0	1	184	0.589535677002	norm	923
A	1	1	445	0.440158259149	raw	923
A	1	1	445	1.42078833943	norm	923
T	1	1	236	0.233432245302	raw	923
T	1	1	236	0.75614358572	norm	923
C	1	1	198	0.195845697329	raw	923
C	1	1	198	1.02594338673	norm	923
G	1	1	132	0.13056379822	raw	923
G	1	1	132	0.685036502538	norm	923
A	2	1	342	0.338278931751	raw	923
A	2	1	342	1.09193171255	norm	923
T	2	1	289	0.285855588526	raw	923
T	2	1	289	0.925955492683	norm	923
G	2	1	193	0.190900098912	raw	923
G	2	1	193	1.00160640144	norm	923
C	2	1	187	0.184965380811	raw	923
C	2	1	187	0.968946531911	norm	923
A	3	1	349	0.345202769535	raw	923
A	3	1	349	1.11428119205	norm	923
T	3	1	305	0.301681503462	raw	923
T	3	1	305	0.977219464596	norm	923
C	3	1	185	0.182987141444	raw	923
C	3	1	185	0.958583467399	norm	923
G	3	1	172	0.170128585559	raw	923
G	3	1	172	0.892623321489	norm	923
A	4	1	312	0.308605341246	raw	923
A	4	1	312	0.996148228993	norm	923
T	4	1	307	0.303659742829	raw	923
T	4	1	307	0.983627461086	norm	923
C	4	1	201	0.19881305638	raw	923
C	4	1	201	1.0414879835	norm	923
G	4	1	191	0.188921859545	raw	923
G	4	1	191	0.991227060491	norm	923
A	5	1	337	0.333333333333	raw	923
A	5	1	337	1.07596779862	norm	923
T	5	1	284	0.280909990109	raw	923
T	5	1	284	0.90993550146	norm	923
C	5	1	198	0.195845697329	raw	923
C	5	1	198	1.02594338673	norm	923
G	5	1	192	0.189910979228	raw	923
G	5	1	192	0.996416730965	norm	923
T	6	1	344	0.340257171118	raw	923
T	6	1	344	1.10217539613	norm	923
A	6	1	315	0.311572700297	raw	923
A	6	1	315	1.00572657735	norm	923
G	6	1	189	0.186943620178	raw	923
G	6	1	189	0.980847719543	norm	923
C	6	1	163	0.161226508408	raw	923
C	6	1	163	0.844589757762	norm	923
T	7	1	340	0.336300692384	raw	923
T	7	1	340	1.08935940316	norm	923
A	7	1	297	0.293768545994	raw	923
A	7	1	297	0.948256487214	norm	923
G	7	1	193	0.190900098912	raw	923
G	7	1	193	1.00160640144	norm	923
C	7	1	181	0.17903066271	raw	923
C	7	1	181	0.937857338374	norm	923
T	8	1	294	0.290801186944	raw	923
T	8	1	294	0.941975483906	norm	923
A	8	1	288	0.284866468843	raw	923
A	8	1	288	0.919521442147	norm	923
G	8	1	219	0.216617210682	raw	923
G	8	1	219	1.13653783376	norm	923
C	8	1	210	0.207715133531	raw	923
C	8	1	210	1.0881217738	norm	923
T	9	1	314	0.310583580613	raw	923
T	9	1	314	1.0060554488	norm	923
A	9	1	290	0.28684470821	raw	923
A	9	1	290	0.925907007718	norm	923
C	9	1	208	0.205736894164	raw	923
C	9	1	208	1.07775870929	norm	923
G	9	1	199	0.196834817013	raw	923
G	9	1	199	1.03274442428	norm	923
A	10	1	317	0.313550939664	raw	923
A	10	1	317	1.01211214292	norm	923
T	10	1	293	0.28981206726	raw	923
T	10	1	293	0.938771485661	norm	923
C	10	1	238	0.235410484669	raw	923
C	10	1	238	1.23320467698	norm	923
G	10	1	163	0.161226508408	raw	923
G	10	1	163	0.845916287225	norm	923
T	11	1	330	0.326409495549	raw	923
T	11	1	330	1.05731942071	norm	923
A	11	1	301	0.297725024728	raw	923
A	11	1	301	0.961027618355	norm	923
C	11	1	190	0.187932739862	raw	923
C	11	1	190	0.98449112868	norm	923
G	11	1	190	0.187932739862	raw	923
G	11	1	190	0.986037390017	norm	923
T	12	1	326	0.322453016815	raw	923
T	12	1	326	1.04450342773	norm	923
A	12	1	275	0.272007912957	raw	923
A	12	1	275	0.878015265939	norm	923
C	12	1	207	0.204747774481	raw	923
C	12	1	207	1.07257717704	norm	923
G	12	1	203	0.200791295747	raw	923
G	12	1	203	1.05350310618	norm	923
T	13	1	332	0.328387734916	raw	923
T	13	1	332	1.0637274172	norm	923
A	13	1	282	0.278931750742	raw	923
A	13	1	282	0.900364745436	norm	923
G	13	1	218	0.215628090999	raw	923
G	13	1	218	1.13134816328	norm	923
C	13	1	179	0.177052423343	raw	923
C	13	1	179	0.927494273861	norm	923
A	14	1	321	0.317507418398	raw	923
A	14	1	321	1.02488327406	norm	923
T	14	1	281	0.277942631058	raw	923
T	14	1	281	0.900323506727	norm	923
G	14	1	221	0.218595450049	raw	923
G	14	1	221	1.1469171747	norm	923
C	14	1	188	0.185954500495	raw	923
C	14	1	188	0.974128064167	norm	923
A	15	1	321	0.317507418398	raw	923
A	15	1	321	1.02488327406	norm	923
T	15	1	302	0.298714144411	raw	923
T	15	1	302	0.967607469863	norm	923
C	15	1	210	0.207715133531	raw	923
C	15	1	210	1.0881217738	norm	923
G	15	1	178	0.17606330366	raw	923
G	15	1	178	0.923761344332	norm	923
A	16	1	318	0.314540059347	raw	923
A	16	1	318	1.0153049257	norm	923
T	16	1	297	0.293768545994	raw	923
T	16	1	297	0.95158747864	norm	923
G	16	1	224	0.2215628091	raw	923
G	16	1	224	1.16248618613	norm	923
C	16	1	172	0.170128585559	raw	923
C	16	1	172	0.891223548068	norm	923
A	17	1	315	0.311572700297	raw	923
A	17	1	315	1.00572657735	norm	923
T	17	1	290	0.28684470821	raw	923
T	17	1	290	0.929159490928	norm	923
G	17	1	229	0.226508407517	raw	923
G	17	1	229	1.18843453849	norm	923
C	17	1	177	0.175074183976	raw	923
C	17	1	177	0.917131209349	norm	923
A	18	1	339	0.3353115727	raw	923
A	18	1	339	1.08235336419	norm	923
T	18	1	278	0.274975272008	raw	923
T	18	1	278	0.890711511993	norm	923
G	18	1	201	0.19881305638	raw	923
G	18	1	201	1.04312376523	norm	923
C	18	1	193	0.190900098912	raw	923
C	18	1	193	1.00003572545	norm	923
A	19	1	315	0.311572700297	raw	923
A	19	1	315	1.00572657735	norm	923
T	19	1	307	0.303659742829	raw	923
T	19	1	307	0.983627461086	norm	923
G	19	1	225	0.222551928783	raw	923
G	19	1	225	1.1676758566	norm	923
C	19	1	164	0.162215628091	raw	923
C	19	1	164	0.849771290018	norm	923
T	20	1	320	0.316518298714	raw	923
T	20	1	320	1.02527943827	norm	923
A	20	1	310	0.306627101879	raw	923
A	20	1	310	0.989762663422	norm	923
G	20	1	203	0.200791295747	raw	923
G	20	1	203	1.05350310618	norm	923
C	20	1	178	0.17606330366	raw	923
C	20	1	178	0.922312741605	norm	923
T	21	1	299	0.295746785361	raw	923
T	21	1	299	0.957995475129	norm	923
A	21	1	283	0.279920870425	raw	923
A	21	1	283	0.903557528221	norm	923
G	21	1	230	0.227497527201	raw	923
G	21	1	230	1.19362420897	norm	923
C	21	1	199	0.196834817013	raw	923
C	21	1	199	1.03112491899	norm	923
A	22	1	310	0.306627101879	raw	923
A	22	1	310	0.989762663422	norm	923
T	22	1	293	0.28981206726	raw	923
T	22	1	293	0.938771485661	norm	923
C	22	1	215	0.212660731949	raw	923
C	22	1	215	1.11402943508	norm	923
G	22	1	193	0.190900098912	raw	923
G	22	1	193	1.00160640144	norm	923
T	23	1	325	0.321463897132	raw	923
T	23	1	325	1.04129942949	norm	923
A	23	1	297	0.293768545994	raw	923
A	23	1	297	0.948256487214	norm	923
G	23	1	215	0.212660731949	raw	923
G	23	1	215	1.11577915186	norm	923
C	23	1	174	0.172106824926	raw	923
C	23	1	174	0.90158661258	norm	923
A	24	1	316	0.31256181998	raw	923
A	24	1	316	1.00891936013	norm	923
T	24	1	277	0.273986152324	raw	923
T	24	1	277	0.887507513748	norm	923
C	24	1	223	0.220573689416	raw	923
C	24	1	223	1.15548169313	norm	923
G	24	1	195	0.192878338279	raw	923
G	24	1	195	1.01198574239	norm	923
A	25	1	299	0.295746785361	raw	923
A	25	1	299	0.954642052785	norm	923
T	25	1	296	0.292779426311	raw	923
T	25	1	296	0.948383480395	norm	923
C	25	1	209	0.206726013848	raw	923
C	25	1	209	1.08294024155	norm	923
G	25	1	207	0.204747774481	raw	923
G	25	1	207	1.07426178807	norm	923
A	26	1	334	0.330365974283	raw	923
A	26	1	334	1.06638945027	norm	923
T	26	1	296	0.292779426311	raw	923
T	26	1	296	0.948383480395	norm	923
G	26	1	195	0.192878338279	raw	923
G	26	1	195	1.01198574239	norm	923
C	26	1	186	0.183976261128	raw	923
C	26	1	186	0.963764999655	norm	923
A	27	1	323	0.319485657765	raw	923
A	27	1	323	1.03126883963	norm	923
T	27	1	296	0.292779426311	raw	923
T	27	1	296	0.948383480395	norm	923
G	27	1	199	0.196834817013	raw	923
G	27	1	199	1.03274442428	norm	923
C	27	1	193	0.190900098912	raw	923
C	27	1	193	1.00003572545	norm	923
A	28	1	321	0.317507418398	raw	923
A	28	1	321	1.02488327406	norm	923
T	28	1	305	0.301681503462	raw	923
T	28	1	305	0.977219464596	norm	923
C	28	1	203	0.200791295747	raw	923
C	28	1	203	1.05185104801	norm	923
G	28	1	182	0.180019782394	raw	923
G	28	1	182	0.944520026227	norm	923
A	29	1	303	0.299703264095	raw	923
A	29	1	303	0.967413183926	norm	923
T	29	1	287	0.283877349159	raw	923
T	29	1	287	0.919547496194	norm	923
G	29	1	231	0.228486646884	raw	923
G	29	1	231	1.19881387944	norm	923
C	29	1	190	0.187932739862	raw	923
C	29	1	190	0.98449112868	norm	923
T	30	1	329	0.325420375865	raw	923
T	30	1	329	1.05411542247	norm	923
A	30	1	299	0.295746785361	raw	923
A	30	1	299	0.954642052785	norm	923
G	30	1	205	0.202769535114	raw	923
G	30	1	205	1.06388244712	norm	923
C	30	1	178	0.17606330366	raw	923
C	30	1	178	0.922312741605	norm	923
T	31	1	316	0.31256181998	raw	923
T	31	1	316	1.01246344529	norm	923
A	31	1	303	0.299703264095	raw	923
A	31	1	303	0.967413183926	norm	923
G	31	1	200	0.197823936696	raw	923
G	31	1	200	1.03793409475	norm	923
C	31	1	192	0.189910979228	raw	923
C	31	1	192	0.994854193192	norm	923
A	32	1	318	0.314540059347	raw	923
A	32	1	318	1.0153049257	norm	923
T	32	1	266	0.263105835806	raw	923
T	32	1	266	0.852263533058	norm	923
C	32	1	222	0.219584569733	raw	923
C	32	1	222	1.15030016088	norm	923
G	32	1	205	0.202769535114	raw	923
G	32	1	205	1.06388244712	norm	923
A	33	1	322	0.318496538081	raw	923
A	33	1	322	1.02807605684	norm	923
T	33	1	275	0.272007912957	raw	923
T	33	1	275	0.881099517259	norm	923
G	33	1	210	0.207715133531	raw	923
G	33	1	210	1.08983079949	norm	923
C	33	1	204	0.20178041543	raw	923
C	33	1	204	1.05703258027	norm	923
A	34	1	319	0.315529179031	raw	923
A	34	1	319	1.01849770849	norm	923
T	34	1	311	0.307616221563	raw	923
T	34	1	311	0.996443454064	norm	923
G	34	1	199	0.196834817013	raw	923
G	34	1	199	1.03274442428	norm	923
C	34	1	182	0.180019782394	raw	923
C	34	1	182	0.94303887063	norm	923
T	35	1	314	0.310583580613	raw	923
T	35	1	314	1.0060554488	norm	923
A	35	1	274	0.271018793274	raw	923
A	35	1	274	0.874822483154	norm	923
G	35	1	224	0.2215628091	raw	923
G	35	1	224	1.16248618613	norm	923
C	35	1	199	0.196834817013	raw	923
C	35	1	199	1.03112491899	norm	923
T	36	1	322	0.318496538081	raw	923
T	36	1	322	1.03168743475	norm	923
A	36	1	290	0.28684470821	raw	923
A	36	1	290	0.925907007718	norm	923
G	36	1	203	0.200791295747	raw	923
G	36	1	203	1.05350310618	norm	923
C	36	1	196	0.193867457962	raw	923
C	36	1	196	1.01558032222	norm	923
T	37	1	314	0.310583580613	raw	923
T	37	1	314	1.0060554488	norm	923
A	37	1	312	0.308605341246	raw	923
A	37	1	312	0.996148228993	norm	923
G	37	1	196	0.193867457962	raw	923
G	37	1	196	1.01717541286	norm	923
C	37	1	189	0.186943620178	raw	923
C	37	1	189	0.979309596423	norm	923
A	38	1	311	0.307616221563	raw	923
A	38	1	311	0.992955446207	norm	923
T	38	1	299	0.295746785361	raw	923
T	38	1	299	0.957995475129	norm	923
G	38	1	201	0.19881305638	raw	923
G	38	1	201	1.04312376523	norm	923
C	38	1	200	0.197823936696	raw	923
C	38	1	200	1.03630645124	norm	923
T	39	1	333	0.329376854599	raw	923
T	39	1	333	1.06693141544	norm	923
A	39	1	313	0.30959446093	raw	923
A	39	1	313	0.999341011778	norm	923
C	39	1	197	0.194856577646	raw	923
C	39	1	197	1.02076185447	norm	923
G	39	1	168	0.166172106825	raw	923
G	39	1	168	0.871864639594	norm	923
A	40	1	304	0.300692383778	raw	923
A	40	1	304	0.970605966711	norm	923
T	40	1	300	0.296735905045	raw	923
T	40	1	300	0.961199473373	norm	923
G	40	1	209	0.206726013848	raw	923
G	40	1	209	1.08464112902	norm	923
C	40	1	198	0.195845697329	raw	923
C	40	1	198	1.02594338673	norm	923
T	41	1	336	0.33234421365	raw	923
T	41	1	336	1.07654341018	norm	923
A	41	1	312	0.308605341246	raw	923
A	41	1	312	0.996148228993	norm	923
C	41	1	195	0.192878338279	raw	923
C	41	1	195	1.01039878996	norm	923
G	41	1	168	0.166172106825	raw	923
G	41	1	168	0.871864639594	norm	923
T	42	1	361	0.357072205737	raw	923
T	42	1	361	1.15664336629	norm	923
A	42	1	311	0.307616221563	raw	923
A	42	1	311	0.992955446207	norm	923
C	42	1	192	0.189910979228	raw	923
C	42	1	192	0.994854193192	norm	923
G	42	1	147	0.145400593472	raw	923
G	42	1	147	0.762881559645	norm	923
T	43	1	309	0.305637982196	raw	923
T	43	1	309	0.990035457575	norm	923
A	43	1	306	0.302670623145	raw	923
A	43	1	306	0.976991532281	norm	923
G	43	1	199	0.196834817013	raw	923
G	43	1	199	1.03274442428	norm	923
C	43	1	197	0.194856577646	raw	923
C	43	1	197	1.02076185447	norm	923
T	44	1	324	0.320474777448	raw	923
T	44	1	324	1.03809543124	norm	923
A	44	1	305	0.301681503462	raw	923
A	44	1	305	0.973798749496	norm	923
C	44	1	194	0.191889218595	raw	923
C	44	1	194	1.0052172577	norm	923
G	44	1	188	0.185954500495	raw	923
G	44	1	188	0.975658049069	norm	923
T	45	1	312	0.308910891089	raw	923
T	45	1	312	1.00063720226	norm	923
A	45	1	303	0.3	raw	923
A	45	1	303	0.968371018761	norm	923
G	45	1	198	0.19603960396	raw	923
G	45	1	198	1.02857213475	norm	923
C	45	1	197	0.19504950495	raw	923
C	45	1	197	1.02177250977	norm	923
A	46	1	323	0.319801980198	raw	923
A	46	1	323	1.03228989789	norm	923
T	46	1	318	0.314851485149	raw	923
T	46	1	318	1.01988022538	norm	923
G	46	1	186	0.184158415842	raw	923
G	46	1	186	0.966234429615	norm	923
C	46	1	183	0.181188118812	raw	923
C	46	1	183	0.949159234968	norm	923
A	47	1	316	0.312871287129	raw	923
A	47	1	316	1.00991829019	norm	923
T	47	1	314	0.310891089109	raw	923
T	47	1	314	1.0070515433	norm	923
C	47	1	200	0.19801980198	raw	923
C	47	1	200	1.03733249723	norm	923
G	47	1	180	0.178217821782	raw	923
G	47	1	180	0.935065577047	norm	923
T	48	1	320	0.316831683168	raw	923
T	48	1	320	1.02629456642	norm	923
A	48	1	306	0.30297029703	raw	923
A	48	1	306	0.97795885063	norm	923
G	48	1	198	0.19603960396	raw	923
G	48	1	198	1.02857213475	norm	923
C	48	1	186	0.184158415842	raw	923
C	48	1	186	0.964719222427	norm	923
A	49	1	349	0.345544554455	raw	923
A	49	1	349	1.11538444075	norm	923
T	49	1	300	0.29702970297	raw	923
T	49	1	300	0.96215115602	norm	923
C	49	1	194	0.192079207921	raw	923
C	49	1	194	1.00621252232	norm	923
G	49	1	167	0.165346534653	raw	923
G	49	1	167	0.867533063149	norm	923
A	50	1	314	0.310891089109	raw	923
A	50	1	314	1.00352640228	norm	923
T	50	1	306	0.30297029703	raw	923
T	50	1	306	0.981394179141	norm	923
G	50	1	226	0.223762376238	raw	923
G	50	1	226	1.17402678007	norm	923
C	50	1	164	0.162376237624	raw	923
C	50	1	164	0.850612647731	norm	923
A	51	1	315	0.311881188119	raw	923
A	51	1	315	1.00672234624	norm	923
T	51	1	289	0.286138613861	raw	923
T	51	1	289	0.9268722803	norm	923
C	51	1	207	0.20495049505	raw	923
C	51	1	207	1.07363913464	norm	923
G	51	1	199	0.19702970297	raw	923
G	51	1	199	1.03376694351	norm	923
A	52	1	334	0.330693069307	raw	923
A	52	1	334	1.06744528141	norm	923
T	52	1	313	0.309900990099	raw	923
T	52	1	313	1.00384437278	norm	923
G	52	1	204	0.20198019802	raw	923
G	52	1	204	1.05974098732	norm	923
C	52	1	159	0.157425742574	raw	923
C	52	1	159	0.8246793353	norm	923
T	53	1	322	0.318811881188	raw	923
T	53	1	322	1.03270890746	norm	923
A	53	1	305	0.30198019802	raw	923
A	53	1	305	0.974762906674	norm	923
G	53	1	202	0.2	raw	923
G	53	1	202	1.0493513698	norm	923
C	53	1	181	0.179207920792	raw	923
C	53	1	181	0.938785909996	norm	923
A	54	1	319	0.315841584158	raw	923
A	54	1	319	1.01950612206	norm	923
T	54	1	296	0.293069306931	raw	923
T	54	1	296	0.94932247394	norm	923
G	54	1	201	0.19900990099	raw	923
G	54	1	201	1.04415656104	norm	923
C	54	1	194	0.192079207921	raw	923
C	54	1	194	1.00621252232	norm	923
A	55	1	336	0.332673267327	raw	923
A	55	1	336	1.07383716932	norm	923
T	55	1	310	0.306930693069	raw	923
T	55	1	310	0.994222861221	norm	923
G	55	1	183	0.181188118812	raw	923
G	55	1	183	0.950650003331	norm	923
C	55	1	181	0.179207920792	raw	923
C	55	1	181	0.938785909996	norm	923
A	56	1	352	0.348514851485	raw	923
A	56	1	352	1.12497227262	norm	923
T	56	1	335	0.331683168317	raw	923
T	56	1	335	1.07440212422	norm	923
G	56	1	165	0.163366336634	raw	923
G	56	1	165	0.857143445626	norm	923
C	56	1	158	0.156435643564	raw	923
C	56	1	158	0.819492672814	norm	923
A	57	1	343	0.339603960396	raw	923
A	57	1	343	1.09620877701	norm	923
T	57	1	295	0.292079207921	raw	923
T	57	1	295	0.94611530342	norm	923
C	57	1	188	0.186138613861	raw	923
C	57	1	188	0.975092547399	norm	923
G	57	1	184	0.182178217822	raw	923
G	57	1	184	0.955844812092	norm	923
A	58	1	341	0.337623762376	raw	923
A	58	1	341	1.0898168891	norm	923
T	58	1	318	0.314851485149	raw	923
T	58	1	318	1.01988022538	norm	923
G	58	1	185	0.183168316832	raw	923
G	58	1	185	0.961039620854	norm	923
C	58	1	166	0.164356435644	raw	923
C	58	1	166	0.860985972703	norm	923
A	59	1	336	0.332673267327	raw	923
A	59	1	336	1.07383716932	norm	923
T	59	1	299	0.29603960396	raw	923
T	59	1	299	0.9589439855	norm	923
C	59	1	190	0.188118811881	raw	923
C	59	1	190	0.985465872371	norm	923
G	59	1	185	0.183168316832	raw	923
G	59	1	185	0.961039620854	norm	923
A	60	1	334	0.330693069307	raw	923
A	60	1	334	1.06744528141	norm	923
T	60	1	292	0.289108910891	raw	923
T	60	1	292	0.93649379186	norm	923
C	60	1	204	0.20198019802	raw	923
C	60	1	204	1.05807914718	norm	923
G	60	1	180	0.178217821782	raw	923
G	60	1	180	0.935065577047	norm	923
A	61	1	351	0.347524752475	raw	923
A	61	1	351	1.12177632866	norm	923
T	61	1	303	0.3	raw	923
T	61	1	303	0.971772667581	norm	923
G	61	1	181	0.179207920792	raw	923
G	61	1	181	0.940260385808	norm	923
C	61	1	175	0.173267326733	raw	923
C	61	1	175	0.907665935079	norm	923
T	62	1	325	0.321782178218	raw	923
T	62	1	325	1.04233041902	norm	923
A	62	1	324	0.320792079208	raw	923
A	62	1	324	1.03548584184	norm	923
C	62	1	186	0.184158415842	raw	923
C	62	1	186	0.964719222427	norm	923
G	62	1	175	0.173267326733	raw	923
G	62	1	175	0.90909153324	norm	923
A	63	1	325	0.321782178218	raw	923
A	63	1	325	1.0386817858	norm	923
T	63	1	321	0.317821782178	raw	923
T	63	1	321	1.02950173694	norm	923
C	63	1	182	0.180198019802	raw	923
C	63	1	182	0.943972572482	norm	923
G	63	1	182	0.180198019802	raw	923
G	63	1	182	0.94545519457	norm	923
T	64	1	360	0.356435643564	raw	923
T	64	1	360	1.15458138722	norm	923
A	64	1	309	0.305940594059	raw	923
A	64	1	309	0.987546682499	norm	923
C	64	1	181	0.179207920792	raw	923
C	64	1	181	0.938785909996	norm	923
G	64	1	160	0.158415841584	raw	923
G	64	1	160	0.831169401819	norm	923
T	65	1	336	0.332673267327	raw	923
T	65	1	336	1.07760929474	norm	923
A	65	1	335	0.331683168317	raw	923
A	65	1	335	1.07064122536	norm	923
G	65	1	175	0.173267326733	raw	923
G	65	1	175	0.90909153324	norm	923
C	65	1	164	0.162376237624	raw	923
C	65	1	164	0.850612647731	norm	923
A	66	1	322	0.318811881188	raw	923
A	66	1	322	1.02909395393	norm	923
T	66	1	314	0.310891089109	raw	923
T	66	1	314	1.0070515433	norm	923
C	66	1	196	0.194059405941	raw	923
C	66	1	196	1.01658584729	norm	923
G	66	1	178	0.176237623762	raw	923
G	66	1	178	0.924675959524	norm	923
A	67	1	352	0.348514851485	raw	923
A	67	1	352	1.12497227262	norm	923
T	67	1	301	0.29801980198	raw	923
T	67	1	301	0.96535832654	norm	923
C	67	1	179	0.177227722772	raw	923
C	67	1	179	0.928412585024	norm	923
G	67	1	178	0.176237623762	raw	923
G	67	1	178	0.924675959524	norm	923
A	68	1	322	0.318811881188	raw	923
A	68	1	322	1.02909395393	norm	923
T	68	1	305	0.30198019802	raw	923
T	68	1	305	0.978187008621	norm	923
C	68	1	195	0.193069306931	raw	923
C	68	1	195	1.0113991848	norm	923
G	68	1	188	0.186138613861	raw	923
G	68	1	188	0.976624047138	norm	923
T	69	1	328	0.324752475248	raw	923
T	69	1	328	1.05195193058	norm	923
A	69	1	316	0.312871287129	raw	923
A	69	1	316	1.00991829019	norm	923
C	69	1	189	0.187128712871	raw	923
C	69	1	189	0.980279209885	norm	923
G	69	1	177	0.175247524752	raw	923
G	69	1	177	0.919481150763	norm	923
A	70	1	344	0.340594059406	raw	923
A	70	1	344	1.09940472097	norm	923
T	70	1	280	0.277227722772	raw	923
T	70	1	280	0.898007745619	norm	923
C	70	1	198	0.19603960396	raw	923
C	70	1	198	1.02695917226	norm	923
G	70	1	188	0.186138613861	raw	923
G	70	1	188	0.976624047138	norm	923
T	71	1	311	0.307920792079	raw	923
T	71	1	311	0.997430031741	norm	923
A	71	1	298	0.29504950495	raw	923
A	71	1	298	0.95239129898	norm	923
G	71	1	217	0.214851485149	raw	923
G	71	1	217	1.12727350122	norm	923
C	71	1	184	0.182178217822	raw	923
C	71	1	184	0.954345897454	norm	923
A	72	1	331	0.327722772277	raw	923
A	72	1	331	1.05785744954	norm	923
T	72	1	318	0.314851485149	raw	923
T	72	1	318	1.01988022538	norm	923
C	72	1	183	0.181188118812	raw	923
C	72	1	183	0.949159234968	norm	923
G	72	1	178	0.176237623762	raw	923
G	72	1	178	0.924675959524	norm	923
T	73	1	317	0.313861386139	raw	923
T	73	1	317	1.01667305486	norm	923
A	73	1	306	0.30297029703	raw	923
A	73	1	306	0.97795885063	norm	923
G	73	1	208	0.205940594059	raw	923
G	73	1	208	1.08052022237	norm	923
C	73	1	179	0.177227722772	raw	923
C	73	1	179	0.928412585024	norm	923
T	74	1	337	0.333663366337	raw	923
T	74	1	337	1.08081646526	norm	923
A	74	1	269	0.266336633663	raw	923
A	74	1	269	0.859708924247	norm	923
G	74	1	205	0.20297029703	raw	923
G	74	1	205	1.06493579608	norm	923
C	74	1	199	0.19702970297	raw	923
C	74	1	199	1.03214583475	norm	923
T	75	1	338	0.334653465347	raw	923
T	75	1	338	1.08402363578	norm	923
A	75	1	328	0.324752475248	raw	923
A	75	1	328	1.04826961767	norm	923
G	75	1	174	0.172277227723	raw	923
G	75	1	174	0.903896724479	norm	923
C	75	1	170	0.168316831683	raw	923
C	75	1	170	0.881732622648	norm	923
A	76	1	321	0.317821782178	raw	923
A	76	1	321	1.02589800997	norm	923
T	76	1	266	0.263366336634	raw	923
T	76	1	266	0.853107358338	norm	923
G	76	1	219	0.216831683168	raw	923
G	76	1	219	1.13766311874	norm	923
C	76	1	204	0.20198019802	raw	923
C	76	1	204	1.05807914718	norm	923
A	77	1	324	0.320792079208	raw	923
A	77	1	324	1.03548584184	norm	923
T	77	1	285	0.282178217822	raw	923
T	77	1	285	0.914043598219	norm	923
G	77	1	202	0.2	raw	923
G	77	1	202	1.0493513698	norm	923
C	77	1	199	0.19702970297	raw	923
C	77	1	199	1.03214583475	norm	923
T	78	1	338	0.334653465347	raw	923
T	78	1	338	1.08402363578	norm	923
A	78	1	301	0.29801980198	raw	923
A	78	1	301	0.961979130849	norm	923
G	78	1	200	0.19801980198	raw	923
G	78	1	200	1.03896175227	norm	923
C	78	1	171	0.169306930693	raw	923
C	78	1	171	0.886919285134	norm	923
A	79	1	338	0.334653465347	raw	923
A	79	1	338	1.08022905723	norm	923
T	79	1	310	0.306930693069	raw	923
T	79	1	310	0.994222861221	norm	923
C	79	1	199	0.19702970297	raw	923
C	79	1	199	1.03214583475	norm	923
G	79	1	163	0.161386138614	raw	923
G	79	1	163	0.846753828104	norm	923
A	80	1	316	0.312871287129	raw	923
A	80	1	316	1.00991829019	norm	923
T	80	1	309	0.305940594059	raw	923
T	80	1	309	0.991015690701	norm	923
C	80	1	206	0.20396039604	raw	923
C	80	1	206	1.06845247215	norm	923
G	80	1	179	0.177227722772	raw	923
G	80	1	179	0.929870768286	norm	923
T	81	1	314	0.310891089109	raw	923
T	81	1	314	1.0070515433	norm	923
A	81	1	310	0.306930693069	raw	923
A	81	1	310	0.990742626455	norm	923
G	81	1	207	0.20495049505	raw	923
G	81	1	207	1.0753254136	norm	923
C	81	1	179	0.177227722772	raw	923
C	81	1	179	0.928412585024	norm	923
A	82	1	315	0.311881188119	raw	923
A	82	1	315	1.00672234624	norm	923
T	82	1	312	0.308910891089	raw	923
T	82	1	312	1.00063720226	norm	923
G	82	1	197	0.19504950495	raw	923
G	82	1	197	1.02337732599	norm	923
C	82	1	186	0.184158415842	raw	923
C	82	1	186	0.964719222427	norm	923
A	83	1	336	0.332673267327	raw	923
A	83	1	336	1.07383716932	norm	923
T	83	1	300	0.29702970297	raw	923
T	83	1	300	0.96215115602	norm	923
C	83	1	196	0.194059405941	raw	923
C	83	1	196	1.01658584729	norm	923
G	83	1	178	0.176237623762	raw	923
G	83	1	178	0.924675959524	norm	923
A	84	1	344	0.340594059406	raw	923
A	84	1	344	1.09940472097	norm	923
T	84	1	294	0.291089108911	raw	923
T	84	1	294	0.9429081329	norm	923
C	84	1	209	0.206930693069	raw	923
C	84	1	209	1.08401245961	norm	923
G	84	1	163	0.161386138614	raw	923
G	84	1	163	0.846753828104	norm	923
T	85	1	328	0.324752475248	raw	923
T	85	1	328	1.05195193058	norm	923
A	85	1	300	0.29702970297	raw	923
A	85	1	300	0.958783186892	norm	923
C	85	1	201	0.19900990099	raw	923
C	85	1	201	1.04251915972	norm	923
G	85	1	181	0.179207920792	raw	923
G	85	1	181	0.940260385808	norm	923
T	86	1	325	0.321782178218	raw	923
T	86	1	325	1.04233041902	norm	923
A	86	1	319	0.315841584158	raw	923
A	86	1	319	1.01950612206	norm	923
C	86	1	183	0.181188118812	raw	923
C	86	1	183	0.949159234968	norm	923
G	86	1	183	0.181188118812	raw	923
G	86	1	183	0.950650003331	norm	923
A	87	1	333	0.329702970297	raw	923
A	87	1	333	1.06424933745	norm	923
T	87	1	310	0.306930693069	raw	923
T	87	1	310	0.994222861221	norm	923
G	87	1	191	0.189108910891	raw	923
G	87	1	191	0.992208473422	norm	923
C	87	1	176	0.174257425743	raw	923
C	87	1	176	0.912852597565	norm	923
T	88	1	322	0.318811881188	raw	923
T	88	1	322	1.03270890746	norm	923
A	88	1	311	0.307920792079	raw	923
A	88	1	311	0.993938570412	norm	923
G	88	1	192	0.190099009901	raw	923
G	88	1	192	0.997403282183	norm	923
C	88	1	185	0.183168316832	raw	923
C	88	1	185	0.959532559941	norm	923
A	89	1	328	0.324752475248	raw	923
A	89	1	328	1.04826961767	norm	923
T	89	1	302	0.29900990099	raw	923
T	89	1	302	0.968565497061	norm	923
C	89	1	192	0.190099009901	raw	923
C	89	1	192	0.995839197344	norm	923
G	89	1	188	0.186138613861	raw	923
G	89	1	188	0.976624047138	norm	923
A	90	1	340	0.336633663366	raw	923
A	90	1	340	1.08662094514	norm	923
T	90	1	274	0.271287128713	raw	923
T	90	1	274	0.878764722499	norm	923
C	90	1	202	0.2	raw	923
C	90	1	202	1.04770582221	norm	923
G	90	1	194	0.192079207921	raw	923
G	90	1	194	1.00779289971	norm	923
T	91	1	319	0.315841584158	raw	923
T	91	1	319	1.0230873959	norm	923
A	91	1	303	0.3	raw	923
A	91	1	303	0.968371018761	norm	923
G	91	1	203	0.20099009901	raw	923
G	91	1	203	1.05454617856	norm	923
C	91	1	185	0.183168316832	raw	923
C	91	1	185	0.959532559941	norm	923
A	92	1	316	0.312871287129	raw	923
A	92	1	316	1.00991829019	norm	923
T	92	1	275	0.272277227723	raw	923
T	92	1	275	0.881971893019	norm	923
C	92	1	216	0.213861386139	raw	923
C	92	1	216	1.12031909701	norm	923
G	92	1	203	0.20099009901	raw	923
G	92	1	203	1.05454617856	norm	923
A	93	1	343	0.339603960396	raw	923
A	93	1	343	1.09620877701	norm	923
T	93	1	301	0.29801980198	raw	923
T	93	1	301	0.96535832654	norm	923
C	93	1	192	0.190099009901	raw	923
C	93	1	192	0.995839197344	norm	923
G	93	1	174	0.172277227723	raw	923
G	93	1	174	0.903896724479	norm	923
A	94	1	321	0.317821782178	raw	923
A	94	1	321	1.02589800997	norm	923
T	94	1	302	0.29900990099	raw	923
T	94	1	302	0.968565497061	norm	923
G	94	1	198	0.19603960396	raw	923
G	94	1	198	1.02857213475	norm	923
C	94	1	189	0.187128712871	raw	923
C	94	1	189	0.980279209885	norm	923
A	95	1	348	0.344554455446	raw	923
A	95	1	348	1.11218849679	norm	923
T	95	1	304	0.30099009901	raw	923
T	95	1	304	0.974979838101	norm	923
C	95	1	184	0.182178217822	raw	923
C	95	1	184	0.954345897454	norm	923
G	95	1	174	0.172277227723	raw	923
G	95	1	174	0.903896724479	norm	923
A	96	1	345	0.341584158416	raw	923
A	96	1	345	1.10260066493	norm	923
T	96	1	324	0.320792079208	raw	923
T	96	1	324	1.0391232485	norm	923
G	96	1	176	0.174257425743	raw	923
G	96	1	176	0.914286342001	norm	923
C	96	1	165	0.163366336634	raw	923
C	96	1	165	0.855799310217	norm	923
T	97	1	321	0.317821782178	raw	923
T	97	1	321	1.02950173694	norm	923
A	97	1	316	0.312871287129	raw	923
A	97	1	316	1.00991829019	norm	923
G	97	1	189	0.187128712871	raw	923
G	97	1	189	0.981818855899	norm	923
C	97	1	184	0.182178217822	raw	923
C	97	1	184	0.954345897454	norm	923
A	98	1	320	0.316831683168	raw	923
A	98	1	320	1.02270206602	norm	923
T	98	1	314	0.310891089109	raw	923
T	98	1	314	1.0070515433	norm	923
C	98	1	199	0.19702970297	raw	923
C	98	1	199	1.03214583475	norm	923
G	98	1	177	0.175247524752	raw	923
G	98	1	177	0.919481150763	norm	923
T	99	1	326	0.322772277228	raw	923
T	99	1	326	1.04553758954	norm	923
A	99	1	323	0.319801980198	raw	923
A	99	1	323	1.03228989789	norm	923
G	99	1	197	0.19504950495	raw	923
G	99	1	197	1.02337732599	norm	923
C	99	1	164	0.162376237624	raw	923
C	99	1	164	0.850612647731	norm	923
A	100	1	336	0.332673267327	raw	923
A	100	1	336	1.07383716932	norm	923
T	100	1	279	0.276237623762	raw	923
T	100	1	279	0.894800575099	norm	923
C	100	1	212	0.209900990099	raw	923
C	100	1	212	1.09957244707	norm	923
G	100	1	183	0.181188118812	raw	923
G	100	1	183	0.950650003331	norm	923
