#nuc	offset	region.size	count	freq	norm.freq	total.sites
T	-100	1	5300	0.430334524196	raw	4822
T	-100	1	5300	1.05666872248	norm	4822
A	-100	1	4714	0.382754140955	raw	4822
A	-100	1	4714	0.907746065885	norm	4822
C	-100	1	1281	0.104011042546	raw	4822
C	-100	1	1281	1.30000921151	norm	4822
G	-100	1	1021	0.0829002923027	raw	4822
G	-100	1	1021	0.910163083762	norm	4822
T	-99	1	5009	0.406706722962	raw	4822
T	-99	1	5009	0.998651628469	norm	4822
A	-99	1	4796	0.389412146801	raw	4822
A	-99	1	4796	0.923536302924	norm	4822
C	-99	1	1345	0.109207534914	raw	4822
C	-99	1	1345	1.36495893012	norm	4822
G	-99	1	1166	0.0946735953232	raw	4822
G	-99	1	1166	1.03942228763	norm	4822
T	-98	1	5031	0.408493017213	raw	4822
T	-98	1	5031	1.00303780052	norm	4822
A	-98	1	5002	0.406138356609	raw	4822
A	-98	1	5002	0.963204459388	norm	4822
C	-98	1	1224	0.0993829165313	raw	4822
C	-98	1	1224	1.24216336837	norm	4822
G	-98	1	1059	0.085985709646	raw	4822
G	-98	1	1059	0.944037909602	norm	4822
T	-97	1	5105	0.414501461513	raw	4822
T	-97	1	5105	1.01779128835	norm	4822
A	-97	1	4970	0.403540110425	raw	4822
A	-97	1	4970	0.957042415666	norm	4822
C	-97	1	1242	0.10084443001	raw	4822
C	-97	1	1242	1.26043047673	norm	4822
G	-97	1	999	0.0811139980513	raw	4822
G	-97	1	999	0.890551342486	norm	4822
A	-96	1	5008	0.406625527769	raw	4822
A	-96	1	5008	0.964359842586	norm	4822
T	-96	1	5003	0.406219551803	raw	4822
T	-96	1	5003	0.997455399726	norm	4822
C	-96	1	1293	0.104985384865	raw	4822
C	-96	1	1293	1.31218728375	norm	4822
G	-96	1	1012	0.0821695355635	raw	4822
G	-96	1	1012	0.902140098694	norm	4822
T	-95	1	5110	0.41490743748	raw	4822
T	-95	1	5110	1.01878814563	norm	4822
A	-95	1	4919	0.39939915557	raw	4822
A	-95	1	4919	0.947221658483	norm	4822
C	-95	1	1250	0.101493991556	raw	4822
C	-95	1	1250	1.26854919156	norm	4822
G	-95	1	1037	0.0841994153946	raw	4822
G	-95	1	1037	0.924426168326	norm	4822
T	-94	1	4999	0.40589477103	raw	4822
T	-94	1	4999	0.996657913898	norm	4822
A	-94	1	4931	0.400373497889	raw	4822
A	-94	1	4931	0.949532424879	norm	4822
C	-94	1	1336	0.108476778175	raw	4822
C	-94	1	1336	1.35582537594	norm	4822
G	-94	1	1050	0.0852549529068	raw	4822
G	-94	1	1050	0.936014924535	norm	4822
A	-93	1	4987	0.404920428711	raw	4822
A	-93	1	4987	0.960316001393	norm	4822
T	-93	1	4785	0.388518999675	raw	4822
T	-93	1	4785	0.953992422085	norm	4822
G	-93	1	1289	0.104660604092	raw	4822
G	-93	1	1289	1.14906975021	norm	4822
C	-93	1	1255	0.101899967522	raw	4822
C	-93	1	1255	1.27362338832	norm	4822
A	-92	1	5085	0.412877557649	raw	4822
A	-92	1	5085	0.979187260294	norm	4822
T	-92	1	5050	0.410035725885	raw	4822
T	-92	1	5050	1.00682585821	norm	4822
C	-92	1	1167	0.0947547905164	raw	4822
C	-92	1	1167	1.18431752524	norm	4822
G	-92	1	1014	0.08233192595	raw	4822
G	-92	1	1014	0.903922984265	norm	4822
T	-91	1	5167	0.419535563495	raw	4822
T	-91	1	5167	1.03015231869	norm	4822
A	-91	1	4861	0.394689834362	raw	4822
A	-91	1	4861	0.936052954235	norm	4822
C	-91	1	1163	0.0944300097434	raw	4822
C	-91	1	1163	1.18025816782	norm	4822
G	-91	1	1125	0.0913445924001	raw	4822
G	-91	1	1125	1.00287313343	norm	4822
T	-90	1	5002	0.406138356609	raw	4822
T	-90	1	5002	0.997256028269	norm	4822
A	-90	1	4796	0.389412146801	raw	4822
A	-90	1	4796	0.923536302924	norm	4822
C	-90	1	1311	0.106446898344	raw	4822
C	-90	1	1311	1.3304543921	norm	4822
G	-90	1	1207	0.0980025982462	raw	4822
G	-90	1	1207	1.07597144182	norm	4822
T	-89	1	5171	0.419860344268	raw	4822
T	-89	1	5171	1.03094980451	norm	4822
A	-89	1	4903	0.398100032478	raw	4822
A	-89	1	4903	0.944140636621	norm	4822
G	-89	1	1183	0.0960539136083	raw	4822
G	-89	1	1183	1.05457681498	norm	4822
C	-89	1	1059	0.085985709646	raw	4822
C	-89	1	1059	1.07471487509	norm	4822
T	-88	1	5079	0.412390386489	raw	4822
T	-88	1	5079	1.01260763046	norm	4822
A	-88	1	4792	0.389087366028	raw	4822
A	-88	1	4792	0.922766047459	norm	4822
C	-88	1	1371	0.111318609938	raw	4822
C	-88	1	1371	1.3913447533	norm	4822
G	-88	1	1074	0.0872036375447	raw	4822
G	-88	1	1074	0.957409551381	norm	4822
T	-87	1	4830	0.392172783371	raw	4822
T	-87	1	4830	0.962964137653	norm	4822
A	-87	1	4777	0.387869438129	raw	4822
A	-87	1	4777	0.919877589464	norm	4822
C	-87	1	1476	0.119844105229	raw	4822
C	-87	1	1476	1.49790288539	norm	4822
G	-87	1	1233	0.100113673271	raw	4822
G	-87	1	1233	1.09914895424	norm	4822
T	-86	1	5239	0.425381617408	raw	4822
T	-86	1	5239	1.0445070636	norm	4822
A	-86	1	4857	0.394365053589	raw	4822
A	-86	1	4857	0.93528269877	norm	4822
C	-86	1	1151	0.0934556674245	raw	4822
C	-86	1	1151	1.16808009559	norm	4822
G	-86	1	1069	0.0867976615784	raw	4822
G	-86	1	1069	0.952952337455	norm	4822
T	-85	1	5280	0.428710620331	raw	4822
T	-85	1	5280	1.05268129334	norm	4822
A	-85	1	4636	0.376420915882	raw	4822
A	-85	1	4636	0.892726084311	norm	4822
C	-85	1	1310	0.10636570315	raw	4822
C	-85	1	1310	1.32943955275	norm	4822
G	-85	1	1090	0.0885027606366	raw	4822
G	-85	1	1090	0.971672635945	norm	4822
T	-84	1	5111	0.414988632673	raw	4822
T	-84	1	5111	1.01898751709	norm	4822
A	-84	1	4790	0.388924975641	raw	4822
A	-84	1	4790	0.922380919726	norm	4822
G	-84	1	1211	0.0983273790192	raw	4822
G	-84	1	1211	1.07953721296	norm	4822
C	-84	1	1204	0.0977590126665	raw	4822
C	-84	1	1204	1.22186658131	norm	4822
T	-83	1	5257	0.426843130887	raw	4822
T	-83	1	5257	1.04809574982	norm	4822
A	-83	1	4707	0.382185774602	raw	4822
A	-83	1	4707	0.90639811882	norm	4822
C	-83	1	1206	0.0979214030529	raw	4822
C	-83	1	1206	1.22389626001	norm	4822
G	-83	1	1146	0.0930496914583	raw	4822
G	-83	1	1146	1.02159343192	norm	4822
T	-82	1	5128	0.416368950958	raw	4822
T	-82	1	5128	1.02237683186	norm	4822
A	-82	1	4816	0.391036050666	raw	4822
A	-82	1	4816	0.927387580251	norm	4822
C	-82	1	1260	0.102305943488	raw	4822
C	-82	1	1260	1.27869758509	norm	4822
G	-82	1	1112	0.090289054888	raw	4822
G	-82	1	1112	0.991284377221	norm	4822
T	-81	1	5037	0.408980188373	raw	4822
T	-81	1	5037	1.00423402927	norm	4822
A	-81	1	4773	0.387544657356	raw	4822
A	-81	1	4773	0.919107333998	norm	4822
G	-81	1	1338	0.108639168561	raw	4822
G	-81	1	1338	1.19275044669	norm	4822
C	-81	1	1168	0.0948359857096	raw	4822
C	-81	1	1168	1.18533236459	norm	4822
T	-80	1	5038	0.409061383566	raw	4822
T	-80	1	5038	1.00443340072	norm	4822
A	-80	1	5018	0.407437479701	raw	4822
A	-80	1	5018	0.966285481249	norm	4822
G	-80	1	1207	0.0980025982462	raw	4822
G	-80	1	1207	1.07597144182	norm	4822
C	-80	1	1053	0.0854985384865	raw	4822
C	-80	1	1053	1.06862583897	norm	4822
T	-79	1	5243	0.425706398181	raw	4822
T	-79	1	5243	1.04530454942	norm	4822
A	-79	1	4804	0.390061708347	raw	4822
A	-79	1	4804	0.925076813855	norm	4822
C	-79	1	1259	0.102224748295	raw	4822
C	-79	1	1259	1.27768274574	norm	4822
G	-79	1	1010	0.082007145177	raw	4822
G	-79	1	1010	0.900357213124	norm	4822
T	-78	1	5172	0.419941539461	raw	4822
T	-78	1	5172	1.03114917597	norm	4822
A	-78	1	4647	0.377314063007	raw	4822
A	-78	1	4647	0.894844286841	norm	4822
C	-78	1	1286	0.104417018513	raw	4822
C	-78	1	1286	1.30508340827	norm	4822
G	-78	1	1211	0.0983273790192	raw	4822
G	-78	1	1211	1.07953721296	norm	4822
A	-77	1	4990	0.40516401429	raw	4822
A	-77	1	4990	0.960893692992	norm	4822
T	-77	1	4871	0.395501786294	raw	4822
T	-77	1	4871	0.971138367393	norm	4822
C	-77	1	1320	0.107177655083	raw	4822
C	-77	1	1320	1.33958794628	norm	4822
G	-77	1	1135	0.0921565443326	raw	4822
G	-77	1	1135	1.01178756128	norm	4822
T	-76	1	5230	0.424650860669	raw	4822
T	-76	1	5230	1.04271272048	norm	4822
A	-76	1	4660	0.37836960052	raw	4822
A	-76	1	4660	0.897347617103	norm	4822
G	-76	1	1217	0.0988145501786	raw	4822
G	-76	1	1217	1.08488586967	norm	4822
C	-76	1	1209	0.0981649886327	raw	4822
C	-76	1	1209	1.22694077807	norm	4822
T	-75	1	5179	0.420509905814	raw	4822
T	-75	1	5179	1.03254477617	norm	4822
A	-75	1	4788	0.388762585255	raw	4822
A	-75	1	4788	0.921995791993	norm	4822
C	-75	1	1190	0.096622279961	raw	4822
C	-75	1	1190	1.20765883036	norm	4822
G	-75	1	1159	0.0941052289704	raw	4822
G	-75	1	1159	1.03318218813	norm	4822
T	-74	1	5053	0.410279311465	raw	4822
T	-74	1	5053	1.00742397258	norm	4822
A	-74	1	4893	0.397288080546	raw	4822
A	-74	1	4893	0.942214997958	norm	4822
C	-74	1	1191	0.0967034751543	raw	4822
C	-74	1	1191	1.20867366972	norm	4822
G	-74	1	1179	0.0957291328353	raw	4822
G	-74	1	1179	1.05101104383	norm	4822
T	-73	1	5026	0.408087041247	raw	4822
T	-73	1	5026	1.00204094324	norm	4822
A	-73	1	4780	0.388113023709	raw	4822
A	-73	1	4780	0.920455281063	norm	4822
C	-73	1	1335	0.108395582981	raw	4822
C	-73	1	1335	1.35481053658	norm	4822
G	-73	1	1175	0.0954043520624	raw	4822
G	-73	1	1175	1.04744527269	norm	4822
T	-72	1	5218	0.42367651835	raw	4822
T	-72	1	5218	1.040320263	norm	4822
A	-72	1	4682	0.380155894771	raw	4822
A	-72	1	4682	0.901584022162	norm	4822
C	-72	1	1217	0.0988145501786	raw	4822
C	-72	1	1217	1.2350594929	norm	4822
G	-72	1	1199	0.0973530367002	raw	4822
G	-72	1	1199	1.06883989954	norm	4822
T	-71	1	4973	0.403783696005	raw	4822
T	-71	1	4973	0.991474256014	norm	4822
A	-71	1	4924	0.399805131536	raw	4822
A	-71	1	4924	0.948184477814	norm	4822
G	-71	1	1243	0.100925625203	raw	4822
G	-71	1	1243	1.10806338209	norm	4822
C	-71	1	1176	0.0954855472556	raw	4822
C	-71	1	1176	1.19345107942	norm	4822
T	-70	1	5033	0.4086554076	raw	4822
T	-70	1	5033	1.00343654344	norm	4822
A	-70	1	4992	0.405326404677	raw	4822
A	-70	1	4992	0.961278820725	norm	4822
C	-70	1	1284	0.104254628126	raw	4822
C	-70	1	1284	1.30305372957	norm	4822
G	-70	1	1007	0.0817635595973	raw	4822
G	-70	1	1007	0.897682884768	norm	4822
T	-69	1	5117	0.415475803832	raw	4822
T	-69	1	5117	1.02018374583	norm	4822
A	-69	1	4675	0.379587528418	raw	4822
A	-69	1	4675	0.900236075098	norm	4822
G	-69	1	1296	0.105228970445	raw	4822
G	-69	1	1296	1.15530984971	norm	4822
C	-69	1	1228	0.0997076973043	raw	4822
C	-69	1	1228	1.24622272579	norm	4822
T	-68	1	5049	0.409954530692	raw	4822
T	-68	1	5049	1.00662648675	norm	4822
A	-68	1	4833	0.392416368951	raw	4822
A	-68	1	4833	0.930661165978	norm	4822
C	-68	1	1289	0.104660604092	raw	4822
C	-68	1	1289	1.30812792633	norm	4822
G	-68	1	1145	0.092968496265	raw	4822
G	-68	1	1145	1.02070198914	norm	4822
T	-67	1	5098	0.413933095161	raw	4822
T	-67	1	5098	1.01639568815	norm	4822
A	-67	1	4833	0.392416368951	raw	4822
A	-67	1	4833	0.930661165978	norm	4822
C	-67	1	1237	0.100438454044	raw	4822
C	-67	1	1237	1.25535627996	norm	4822
G	-67	1	1148	0.0932120818448	raw	4822
G	-67	1	1148	1.02337631749	norm	4822
T	-66	1	4902	0.398018837285	raw	4822
T	-66	1	4902	0.977318882562	norm	4822
A	-66	1	4860	0.394608639169	raw	4822
A	-66	1	4860	0.935860390369	norm	4822
G	-66	1	1321	0.107258850276	raw	4822
G	-66	1	1321	1.17759591934	norm	4822
C	-66	1	1233	0.100113673271	raw	4822
C	-66	1	1233	1.25129692255	norm	4822
A	-65	1	5012	0.406950308542	raw	4822
A	-65	1	5012	0.965130098051	norm	4822
T	-65	1	4908	0.398506008444	raw	4822
T	-65	1	4908	0.978515111305	norm	4822
C	-65	1	1204	0.0977590126665	raw	4822
C	-65	1	1204	1.22186658131	norm	4822
G	-65	1	1192	0.0967846703475	raw	4822
G	-65	1	1192	1.06259980004	norm	4822
T	-64	1	5017	0.407356284508	raw	4822
T	-64	1	5017	1.00024660013	norm	4822
A	-64	1	5000	0.405975966223	raw	4822
A	-64	1	5000	0.962819331655	norm	4822
C	-64	1	1414	0.114810003248	raw	4822
C	-64	1	1414	1.43498284549	norm	4822
G	-64	1	885	0.0718577460214	raw	4822
G	-64	1	885	0.788926864965	norm	4822
T	-63	1	5083	0.412715167262	raw	4822
T	-63	1	5083	1.01340511629	norm	4822
A	-63	1	4745	0.385271191945	raw	4822
A	-63	1	4745	0.913715545741	norm	4822
C	-63	1	1324	0.107502435856	raw	4822
C	-63	1	1324	1.3436473037	norm	4822
G	-63	1	1164	0.0945112049367	raw	4822
G	-63	1	1164	1.03763940206	norm	4822
T	-62	1	4945	0.401510230594	raw	4822
T	-62	1	4945	0.985891855216	norm	4822
A	-62	1	4812	0.390711269893	raw	4822
A	-62	1	4812	0.926617324785	norm	4822
C	-62	1	1394	0.113186099383	raw	4822
C	-62	1	1394	1.41468605842	norm	4822
G	-62	1	1165	0.0945924001299	raw	4822
G	-62	1	1165	1.03853084484	norm	4822
T	-61	1	5101	0.414176680741	raw	4822
T	-61	1	5101	1.01699380252	norm	4822
A	-61	1	4942	0.401266645015	raw	4822
A	-61	1	4942	0.951650627408	norm	4822
C	-61	1	1289	0.104660604092	raw	4822
C	-61	1	1289	1.30812792633	norm	4822
G	-61	1	984	0.0798960701526	raw	4822
G	-61	1	984	0.877179700707	norm	4822
T	-60	1	4995	0.405569990257	raw	4822
T	-60	1	4995	0.99586042807	norm	4822
A	-60	1	4672	0.379343942839	raw	4822
A	-60	1	4672	0.899658383499	norm	4822
C	-60	1	1374	0.111562195518	raw	4822
C	-60	1	1374	1.39438927136	norm	4822
G	-60	1	1275	0.103523871387	raw	4822
G	-60	1	1275	1.13658955122	norm	4822
T	-59	1	5077	0.412227996103	raw	4822
T	-59	1	5077	1.01220888755	norm	4822
A	-59	1	4949	0.401835011367	raw	4822
A	-59	1	4949	0.952998574473	norm	4822
G	-59	1	1175	0.0954043520624	raw	4822
G	-59	1	1175	1.04744527269	norm	4822
C	-59	1	1115	0.0905326404677	raw	4822
C	-59	1	1115	1.13154587887	norm	4822
T	-58	1	5294	0.429847353037	raw	4822
T	-58	1	5294	1.05547249373	norm	4822
A	-58	1	4583	0.37211757064	raw	4822
A	-58	1	4583	0.882520199395	norm	4822
C	-58	1	1266	0.102793114648	raw	4822
C	-58	1	1266	1.28478662121	norm	4822
G	-58	1	1173	0.0952419616759	raw	4822
G	-58	1	1173	1.04566238712	norm	4822
T	-57	1	4855	0.394202663202	raw	4822
T	-57	1	4855	0.96794842408	norm	4822
A	-57	1	4767	0.387057486197	raw	4822
A	-57	1	4767	0.9179519508	norm	4822
C	-57	1	1381	0.112130561871	raw	4822
C	-57	1	1381	1.40149314683	norm	4822
G	-57	1	1313	0.10660928873	raw	4822
G	-57	1	1313	1.17046437706	norm	4822
T	-56	1	4969	0.403458915232	raw	4822
T	-56	1	4969	0.990676770186	norm	4822
A	-56	1	4853	0.394040272816	raw	4822
A	-56	1	4853	0.934512443305	norm	4822
C	-56	1	1254	0.101818772329	raw	4822
C	-56	1	1254	1.27260854897	norm	4822
G	-56	1	1240	0.100682039623	raw	4822
G	-56	1	1240	1.10538905374	norm	4822
T	-55	1	5148	0.417992854823	raw	4822
T	-55	1	5148	1.026364261	norm	4822
A	-55	1	4747	0.385433582332	raw	4822
A	-55	1	4747	0.914100673474	norm	4822
C	-55	1	1379	0.111968171484	raw	4822
C	-55	1	1379	1.39946346813	norm	4822
G	-55	1	1042	0.0846053913608	raw	4822
G	-55	1	1042	0.928883382252	norm	4822
A	-54	1	4977	0.404108476778	raw	4822
A	-54	1	4977	0.95839036273	norm	4822
T	-54	1	4737	0.384621630399	raw	4822
T	-54	1	4737	0.944422592146	norm	4822
G	-54	1	1356	0.11010068204	raw	4822
G	-54	1	1356	1.20879641683	norm	4822
C	-54	1	1246	0.101169210783	raw	4822
C	-54	1	1246	1.26448983414	norm	4822
T	-53	1	5081	0.412552776876	raw	4822
T	-53	1	5081	1.01300637338	norm	4822
A	-53	1	4773	0.387544657356	raw	4822
A	-53	1	4773	0.919107333998	norm	4822
G	-53	1	1288	0.104579408899	raw	4822
G	-53	1	1288	1.14817830743	norm	4822
C	-53	1	1174	0.0953231568691	raw	4822
C	-53	1	1174	1.19142140071	norm	4822
A	-52	1	5048	0.409873335499	raw	4822
A	-52	1	5048	0.972062397239	norm	4822
T	-52	1	4811	0.3906300747	raw	4822
T	-52	1	4811	0.959176079969	norm	4822
C	-52	1	1302	0.105716141604	raw	4822
C	-52	1	1302	1.32132083793	norm	4822
G	-52	1	1155	0.0937804481975	raw	4822
G	-52	1	1155	1.02961641699	norm	4822
T	-51	1	4979	0.404270867165	raw	4822
T	-51	1	4979	0.992670484757	norm	4822
A	-51	1	4734	0.38437804482	raw	4822
A	-51	1	4734	0.911597343211	norm	4822
G	-51	1	1323	0.107421240663	raw	4822
G	-51	1	1323	1.17937880491	norm	4822
C	-51	1	1280	0.103929847353	raw	4822
C	-51	1	1280	1.29899437215	norm	4822
T	-50	1	5123	0.415962974992	raw	4822
T	-50	1	5123	1.02137997457	norm	4822
A	-50	1	4655	0.377963624553	raw	4822
A	-50	1	4655	0.896384797771	norm	4822
C	-50	1	1295	0.105147775252	raw	4822
C	-50	1	1295	1.31421696245	norm	4822
G	-50	1	1243	0.100925625203	raw	4822
G	-50	1	1243	1.10806338209	norm	4822
A	-49	1	4991	0.405245209484	raw	4822
A	-49	1	4991	0.961086256859	norm	4822
T	-49	1	4985	0.404758038324	raw	4822
T	-49	1	4985	0.993866713499	norm	4822
C	-49	1	1331	0.108070802209	raw	4822
C	-49	1	1331	1.35075117917	norm	4822
G	-49	1	1009	0.0819259499838	raw	4822
G	-49	1	1009	0.899465770338	norm	4822
T	-48	1	4839	0.39290354011	raw	4822
T	-48	1	4839	0.964758480767	norm	4822
A	-48	1	4834	0.392497564144	raw	4822
A	-48	1	4834	0.930853729845	norm	4822
C	-48	1	1482	0.120331276388	raw	4822
C	-48	1	1482	1.50399192151	norm	4822
G	-48	1	1161	0.0942676193569	raw	4822
G	-48	1	1161	1.0349650737	norm	4822
A	-47	1	4952	0.402078596947	raw	4822
A	-47	1	4952	0.953576266072	norm	4822
T	-47	1	4945	0.401510230594	raw	4822
T	-47	1	4945	0.985891855216	norm	4822
G	-47	1	1223	0.0993017213381	raw	4822
G	-47	1	1223	1.09023452639	norm	4822
C	-47	1	1196	0.0971094511205	raw	4822
C	-47	1	1196	1.21374786648	norm	4822
T	-46	1	5238	0.425300422215	raw	4822
T	-46	1	5238	1.04430769214	norm	4822
A	-46	1	4626	0.375608963949	raw	4822
A	-46	1	4626	0.890800445648	norm	4822
C	-46	1	1252	0.101656381942	raw	4822
C	-46	1	1252	1.27057887026	norm	4822
G	-46	1	1200	0.0974342318935	raw	4822
G	-46	1	1200	1.06973134233	norm	4822
A	-45	1	4940	0.401104254628	raw	4822
A	-45	1	4940	0.951265499676	norm	4822
T	-45	1	4793	0.389168561221	raw	4822
T	-45	1	4793	0.955587393741	norm	4822
C	-45	1	1372	0.111399805132	raw	4822
C	-45	1	1372	1.39235959265	norm	4822
G	-45	1	1211	0.0983273790192	raw	4822
G	-45	1	1211	1.07953721296	norm	4822
T	-44	1	4943	0.401347840208	raw	4822
T	-44	1	4943	0.985493112302	norm	4822
A	-44	1	4807	0.390305293927	raw	4822
A	-44	1	4807	0.925654505454	norm	4822
C	-44	1	1313	0.10660928873	raw	4822
C	-44	1	1313	1.33248407081	norm	4822
G	-44	1	1253	0.101737577135	raw	4822
G	-44	1	1253	1.11697780994	norm	4822
T	-43	1	4962	0.40289054888	raw	4822
T	-43	1	4962	0.989281169987	norm	4822
A	-43	1	4726	0.383728483274	raw	4822
A	-43	1	4726	0.910056832281	norm	4822
G	-43	1	1347	0.1093699253	raw	4822
G	-43	1	1347	1.20077343176	norm	4822
C	-43	1	1281	0.104011042546	raw	4822
C	-43	1	1281	1.30000921151	norm	4822
T	-42	1	4905	0.398262422865	raw	4822
T	-42	1	4905	0.977916996933	norm	4822
A	-42	1	4567	0.370818447548	raw	4822
A	-42	1	4567	0.879439177534	norm	4822
C	-42	1	1546	0.125527768756	raw	4822
C	-42	1	1546	1.56894164012	norm	4822
G	-42	1	1298	0.105391360831	raw	4822
G	-42	1	1298	1.15709273528	norm	4822
A	-41	1	5056	0.410522897044	raw	4822
A	-41	1	5056	0.97360290817	norm	4822
T	-41	1	4770	0.387301071777	raw	4822
T	-41	1	4770	0.951001850229	norm	4822
C	-41	1	1295	0.105147775252	raw	4822
C	-41	1	1295	1.31421696245	norm	4822
G	-41	1	1195	0.0970282559272	raw	4822
G	-41	1	1195	1.0652741284	norm	4822
A	-40	1	4874	0.395745371874	raw	4822
A	-40	1	4874	0.938556284498	norm	4822
T	-40	1	4873	0.395664176681	raw	4822
T	-40	1	4873	0.971537110307	norm	4822
C	-40	1	1293	0.104985384865	raw	4822
C	-40	1	1293	1.31218728375	norm	4822
G	-40	1	1276	0.10360506658	raw	4822
G	-40	1	1276	1.13748099401	norm	4822
T	-39	1	4996	0.40565118545	raw	4822
T	-39	1	4996	0.996059799527	norm	4822
A	-39	1	4586	0.37236115622	raw	4822
A	-39	1	4586	0.883097890994	norm	4822
G	-39	1	1413	0.114728808055	raw	4822
G	-39	1	1413	1.25960865559	norm	4822
C	-39	1	1321	0.107258850276	raw	4822
C	-39	1	1321	1.34060278564	norm	4822
T	-38	1	4894	0.397369275739	raw	4822
T	-38	1	4894	0.975723910906	norm	4822
A	-38	1	4862	0.394771029555	raw	4822
A	-38	1	4862	0.936245518102	norm	4822
G	-38	1	1317	0.106934069503	raw	4822
G	-38	1	1317	1.1740301482	norm	4822
C	-38	1	1243	0.100925625203	raw	4822
C	-38	1	1243	1.26144531608	norm	4822
T	-37	1	5043	0.409467359532	raw	4822
T	-37	1	5043	1.00543025801	norm	4822
A	-37	1	4674	0.379506333225	raw	4822
A	-37	1	4674	0.900043511232	norm	4822
C	-37	1	1430	0.11610912634	raw	4822
C	-37	1	1430	1.45122027514	norm	4822
G	-37	1	1169	0.0949171809029	raw	4822
G	-37	1	1169	1.04209661598	norm	4822
T	-36	1	4798	0.389574537187	raw	4822
T	-36	1	4798	0.956584251027	norm	4822
A	-36	1	4597	0.373254303345	raw	4822
A	-36	1	4597	0.885216093524	norm	4822
C	-36	1	1501	0.12187398506	raw	4822
C	-36	1	1501	1.52327386922	norm	4822
G	-36	1	1420	0.115297174407	raw	4822
G	-36	1	1420	1.26584875508	norm	4822
A	-35	1	4871	0.395501786294	raw	4822
A	-35	1	4871	0.937978592899	norm	4822
T	-35	1	4871	0.395501786294	raw	4822
T	-35	1	4871	0.971138367393	norm	4822
G	-35	1	1290	0.104741799285	raw	4822
G	-35	1	1290	1.149961193	norm	4822
C	-35	1	1284	0.104254628126	raw	4822
C	-35	1	1284	1.30305372957	norm	4822
A	-34	1	4898	0.397694056512	raw	4822
A	-34	1	4898	0.94317781729	norm	4822
T	-34	1	4821	0.391442026632	raw	4822
T	-34	1	4821	0.961169794539	norm	4822
C	-34	1	1415	0.114891198441	raw	4822
C	-34	1	1415	1.43599768484	norm	4822
G	-34	1	1182	0.0959727184151	raw	4822
G	-34	1	1182	1.05368537219	norm	4822
T	-33	1	4765	0.38689509581	raw	4822
T	-33	1	4765	0.950004992944	norm	4822
A	-33	1	4598	0.373335498538	raw	4822
A	-33	1	4598	0.88540865739	norm	4822
G	-33	1	1512	0.122767132186	raw	4822
G	-33	1	1512	1.34786149133	norm	4822
C	-33	1	1441	0.117002273465	raw	4822
C	-33	1	1441	1.46238350803	norm	4822
A	-32	1	4733	0.384296849627	raw	4822
A	-32	1	4733	0.911404779345	norm	4822
T	-32	1	4626	0.375608963949	raw	4822
T	-32	1	4626	0.922292360411	norm	4822
G	-32	1	1485	0.120574861968	raw	4822
G	-32	1	1485	1.32379253613	norm	4822
C	-32	1	1472	0.119519324456	raw	4822
C	-32	1	1472	1.49384352798	norm	4822
T	-31	1	4889	0.396963299773	raw	4822
T	-31	1	4889	0.97472705362	norm	4822
A	-31	1	4664	0.378694381293	raw	4822
A	-31	1	4664	0.898117872568	norm	4822
C	-31	1	1454	0.118057810978	raw	4822
C	-31	1	1454	1.47557641962	norm	4822
G	-31	1	1309	0.106284507957	raw	4822
G	-31	1	1309	1.16689860592	norm	4822
A	-30	1	4786	0.388600194868	raw	4822
A	-30	1	4786	0.921610664261	norm	4822
T	-30	1	4520	0.367002273465	raw	4822
T	-30	1	4520	0.901158985961	norm	4822
C	-30	1	1615	0.13113023709	raw	4822
C	-30	1	1615	1.63896555549	norm	4822
G	-30	1	1395	0.113267294576	raw	4822
G	-30	1	1395	1.24356268545	norm	4822
T	-29	1	4816	0.391036050666	raw	4822
T	-29	1	4816	0.960172937254	norm	4822
A	-29	1	4792	0.389087366028	raw	4822
A	-29	1	4792	0.922766047459	norm	4822
C	-29	1	1433	0.116352711919	raw	4822
C	-29	1	1433	1.4542647932	norm	4822
G	-29	1	1275	0.103523871387	raw	4822
G	-29	1	1275	1.13658955122	norm	4822
T	-28	1	4838	0.392822344917	raw	4822
T	-28	1	4838	0.96455910931	norm	4822
A	-28	1	4670	0.379181552452	raw	4822
A	-28	1	4670	0.899273255766	norm	4822
C	-28	1	1489	0.120899642741	raw	4822
C	-28	1	1489	1.51109579698	norm	4822
G	-28	1	1319	0.10709645989	raw	4822
G	-28	1	1319	1.17581303377	norm	4822
A	-27	1	4777	0.387869438129	raw	4822
A	-27	1	4777	0.919877589464	norm	4822
T	-27	1	4443	0.360750243586	raw	4822
T	-27	1	4443	0.885807383767	norm	4822
C	-27	1	1596	0.129587528418	raw	4822
C	-27	1	1596	1.61968360778	norm	4822
G	-27	1	1500	0.121792789867	raw	4822
G	-27	1	1500	1.33716417791	norm	4822
T	-26	1	4855	0.394202663202	raw	4822
T	-26	1	4855	0.96794842408	norm	4822
A	-26	1	4614	0.37463462163	raw	4822
A	-26	1	4614	0.888489679252	norm	4822
C	-26	1	1438	0.116758687886	raw	4822
C	-26	1	1438	1.45933898997	norm	4822
G	-26	1	1409	0.114404027282	raw	4822
G	-26	1	1409	1.25604288445	norm	4822
A	-25	1	4818	0.391198441052	raw	4822
A	-25	1	4818	0.927772707983	norm	4822
T	-25	1	4593	0.372929522572	raw	4822
T	-25	1	4593	0.915713102327	norm	4822
C	-25	1	1532	0.124391036051	raw	4822
C	-25	1	1532	1.55473388917	norm	4822
G	-25	1	1373	0.111481000325	raw	4822
G	-25	1	1373	1.22395094418	norm	4822
A	-24	1	4649	0.377476453394	raw	4822
A	-24	1	4649	0.895229414573	norm	4822
T	-24	1	4483	0.363998051315	raw	4822
T	-24	1	4483	0.893782242049	norm	4822
C	-24	1	1645	0.133566092887	raw	4822
C	-24	1	1645	1.66941073609	norm	4822
G	-24	1	1539	0.124959402403	raw	4822
G	-24	1	1539	1.37193044653	norm	4822
T	-23	1	4767	0.387057486197	raw	4822
T	-23	1	4767	0.950403735858	norm	4822
A	-23	1	4576	0.371549204287	raw	4822
A	-23	1	4576	0.881172252331	norm	4822
C	-23	1	1516	0.123091912959	raw	4822
C	-23	1	1516	1.53849645952	norm	4822
G	-23	1	1457	0.118301396557	raw	4822
G	-23	1	1457	1.29883213814	norm	4822
T	-22	1	4807	0.390305293927	raw	4822
T	-22	1	4807	0.95837859414	norm	4822
A	-22	1	4399	0.357177655083	raw	4822
A	-22	1	4399	0.847088447991	norm	4822
C	-22	1	1692	0.13738226697	raw	4822
C	-22	1	1692	1.71710818569	norm	4822
G	-22	1	1418	0.115134784021	raw	4822
G	-22	1	1418	1.26406586951	norm	4822
T	-21	1	4640	0.376745696655	raw	4822
T	-21	1	4640	0.92508356081	norm	4822
A	-21	1	4394	0.356771679117	raw	4822
A	-21	1	4394	0.846125628659	norm	4822
C	-21	1	1757	0.142659954531	raw	4822
C	-21	1	1757	1.78307274365	norm	4822
G	-21	1	1525	0.123822669698	raw	4822
G	-21	1	1525	1.35945024754	norm	4822
A	-20	1	4865	0.395014615135	raw	4822
A	-20	1	4865	0.936823209701	norm	4822
T	-20	1	4435	0.36010068204	raw	4822
T	-20	1	4435	0.88421241211	norm	4822
G	-20	1	1586	0.128775576486	raw	4822
G	-20	1	1586	1.41382825744	norm	4822
C	-20	1	1430	0.11610912634	raw	4822
C	-20	1	1430	1.45122027514	norm	4822
T	-19	1	4660	0.37836960052	raw	4822
T	-19	1	4660	0.929070989951	norm	4822
A	-19	1	4559	0.370168886002	raw	4822
A	-19	1	4559	0.877898666603	norm	4822
C	-19	1	1606	0.130399480351	raw	4822
C	-19	1	1606	1.62983200131	norm	4822
G	-19	1	1491	0.121062033128	raw	4822
G	-19	1	1491	1.32914119284	norm	4822
T	-18	1	4575	0.371468009094	raw	4822
T	-18	1	4575	0.9121244161	norm	4822
A	-18	1	4481	0.363835660929	raw	4822
A	-18	1	4481	0.86287868503	norm	4822
C	-18	1	1674	0.135920753491	raw	4822
C	-18	1	1674	1.69884107733	norm	4822
G	-18	1	1586	0.128775576486	raw	4822
G	-18	1	1586	1.41382825744	norm	4822
T	-17	1	4582	0.372036375447	raw	4822
T	-17	1	4582	0.9135200163	norm	4822
A	-17	1	4529	0.367733030205	raw	4822
A	-17	1	4529	0.872121750614	norm	4822
G	-17	1	1606	0.130399480351	raw	4822
G	-17	1	1606	1.43165711315	norm	4822
C	-17	1	1599	0.129831113998	raw	4822
C	-17	1	1599	1.62272812584	norm	4822
T	-16	1	4491	0.364647612861	raw	4822
T	-16	1	4491	0.895377213706	norm	4822
A	-16	1	4490	0.364566417668	raw	4822
A	-16	1	4490	0.864611759827	norm	4822
C	-16	1	1760	0.14290354011	raw	4822
C	-16	1	1760	1.78611726171	norm	4822
G	-16	1	1575	0.12788242936	raw	4822
G	-16	1	1575	1.4040223868	norm	4822
T	-15	1	4639	0.376664501462	raw	4822
T	-15	1	4639	0.924884189353	norm	4822
A	-15	1	4222	0.342806105879	raw	4822
A	-15	1	4222	0.81300464365	norm	4822
C	-15	1	1782	0.144689834362	raw	4822
C	-15	1	1782	1.80844372748	norm	4822
G	-15	1	1673	0.135839558298	raw	4822
G	-15	1	1673	1.49138377976	norm	4822
T	-14	1	4608	0.374147450471	raw	4822
T	-14	1	4608	0.918703674183	norm	4822
A	-14	1	4489	0.364485222475	raw	4822
A	-14	1	4489	0.86441919596	norm	4822
C	-14	1	1662	0.134946411172	raw	4822
C	-14	1	1662	1.68666300509	norm	4822
G	-14	1	1557	0.126420915882	raw	4822
G	-14	1	1557	1.38797641667	norm	4822
T	-13	1	4465	0.362536537837	raw	4822
T	-13	1	4465	0.890193555822	norm	4822
A	-13	1	4449	0.361237414745	raw	4822
A	-13	1	4449	0.856716641307	norm	4822
C	-13	1	1872	0.151997401754	raw	4822
C	-13	1	1872	1.89977926928	norm	4822
G	-13	1	1530	0.124228645664	raw	4822
G	-13	1	1530	1.36390746146	norm	4822
T	-12	1	4570	0.371062033128	raw	4822
T	-12	1	4570	0.911127558815	norm	4822
A	-12	1	4223	0.342887301072	raw	4822
A	-12	1	4223	0.813197207516	norm	4822
C	-12	1	1888	0.153296524846	raw	4822
C	-12	1	1888	1.91601669893	norm	4822
G	-12	1	1635	0.132754140955	raw	4822
G	-12	1	1635	1.45750895392	norm	4822
A	-11	1	4611	0.374391036051	raw	4822
A	-11	1	4611	0.887911987653	norm	4822
T	-11	1	4314	0.350276063657	raw	4822
T	-11	1	4314	0.860088465804	norm	4822
C	-11	1	1766	0.14339071127	raw	4822
C	-11	1	1766	1.79220629783	norm	4822
G	-11	1	1625	0.131942189022	raw	4822
G	-11	1	1625	1.44859452607	norm	4822
T	-10	1	4546	0.36911334849	raw	4822
T	-10	1	4546	0.906342643845	norm	4822
A	-10	1	4476	0.363429684963	raw	4822
A	-10	1	4476	0.861915865698	norm	4822
C	-10	1	1684	0.136732705424	raw	4822
C	-10	1	1684	1.70898947087	norm	4822
G	-10	1	1610	0.130724261124	raw	4822
G	-10	1	1610	1.43522288429	norm	4822
T	-9	1	4525	0.367408249432	raw	4822
T	-9	1	4525	0.902155843246	norm	4822
A	-9	1	4405	0.357664826242	raw	4822
A	-9	1	4405	0.848243831188	norm	4822
G	-9	1	1714	0.139168561221	raw	4822
G	-9	1	1714	1.52793293395	norm	4822
C	-9	1	1672	0.135758363105	raw	4822
C	-9	1	1672	1.69681139863	norm	4822
T	-8	1	4451	0.361399805132	raw	4822
T	-8	1	4451	0.887402355423	norm	4822
A	-8	1	4418	0.358720363754	raw	4822
A	-8	1	4418	0.850747161451	norm	4822
C	-8	1	1743	0.141523221825	raw	4822
C	-8	1	1743	1.76886499271	norm	4822
G	-8	1	1704	0.138356609289	raw	4822
G	-8	1	1704	1.5190185061	norm	4822
T	-7	1	4568	0.370899642741	raw	4822
T	-7	1	4568	0.910728815901	norm	4822
A	-7	1	4093	0.33233192595	raw	4822
A	-7	1	4093	0.788163904893	norm	4822
C	-7	1	1907	0.154839233517	raw	4822
C	-7	1	1907	1.93529864664	norm	4822
G	-7	1	1748	0.141929197791	raw	4822
G	-7	1	1748	1.55824198865	norm	4822
T	-6	1	4267	0.346459889575	raw	4822
T	-6	1	4267	0.850718007322	norm	4822
A	-6	1	4092	0.332250730757	raw	4822
A	-6	1	4092	0.787971341027	norm	4822
C	-6	1	1999	0.162309191296	raw	4822
C	-6	1	1999	2.02866386714	norm	4822
G	-6	1	1958	0.158980188373	raw	4822
G	-6	1	1958	1.74544497356	norm	4822
T	-5	1	4456	0.361805781098	raw	4822
T	-5	1	4456	0.888399212709	norm	4822
A	-5	1	4451	0.361399805132	raw	4822
A	-5	1	4451	0.85710176904	norm	4822
C	-5	1	1743	0.141523221825	raw	4822
C	-5	1	1743	1.76886499271	norm	4822
G	-5	1	1666	0.135271191945	raw	4822
G	-5	1	1666	1.48514368026	norm	4822
T	-4	1	4571	0.371143228321	raw	4822
T	-4	1	4571	0.911326930272	norm	4822
A	-4	1	4357	0.353767456967	raw	4822
A	-4	1	4357	0.839000765605	norm	4822
C	-4	1	1950	0.158330626827	raw	4822
C	-4	1	1950	1.97893673883	norm	4822
G	-4	1	1438	0.116758687886	raw	4822
G	-4	1	1438	1.28189472522	norm	4822
A	-3	1	4370	0.354822994479	raw	4822
A	-3	1	4370	0.841504095867	norm	4822
T	-3	1	4250	0.345079571289	raw	4822
T	-3	1	4250	0.847328692552	norm	4822
C	-3	1	1985	0.16117245859	raw	4822
C	-3	1	1985	2.01445611619	norm	4822
G	-3	1	1711	0.138924975641	raw	4822
G	-3	1	1711	1.5252586056	norm	4822
T	-2	1	5109	0.414826242286	raw	4822
T	-2	1	5109	1.01858877418	norm	4822
A	-2	1	3787	0.307486196817	raw	4822
A	-2	1	3787	0.729239361796	norm	4822
C	-2	1	1962	0.159304969146	raw	4822
C	-2	1	1962	1.99111481107	norm	4822
G	-2	1	1458	0.118382591751	raw	4822
G	-2	1	1458	1.29972358093	norm	4822
T	-1	1	4652	0.377720038974	raw	4822
T	-1	1	4652	0.927476018294	norm	4822
A	-1	1	4086	0.331763559597	raw	4822
A	-1	1	4086	0.786815957829	norm	4822
C	-1	1	2270	0.184313088665	raw	4822
C	-1	1	2270	2.30368533187	norm	4822
G	-1	1	1308	0.106203312764	raw	4822
G	-1	1	1308	1.16600716313	norm	4822
C	0	1	6300	0.511529717441	raw	4822
C	0	1	6300	6.39348792545	norm	4822
A	0	1	2978	0.241799285482	raw	4822
A	0	1	2978	0.573455193934	norm	4822
G	0	1	1664	0.135108801559	raw	4822
G	0	1	1664	1.48336079469	norm	4822
T	0	1	1374	0.111562195518	raw	4822
T	0	1	1374	0.273936382016	norm	4822
A	1	1	5315	0.431552452095	raw	4822
A	1	1	5315	1.02347694955	norm	4822
T	1	1	4276	0.347190646314	raw	4822
T	1	1	4276	0.852512350436	norm	4822
C	1	1	2003	0.162633972069	raw	4822
C	1	1	2003	2.03272322455	norm	4822
G	1	1	722	0.0586229295226	raw	4822
G	1	1	722	0.643621690966	norm	4822
T	2	1	4342	0.352549529068	raw	4822
T	2	1	4342	0.865670866602	norm	4822
A	2	1	4129	0.335254952907	raw	4822
A	2	1	4129	0.795096204081	norm	4822
C	2	1	2045	0.166044170185	raw	4822
C	2	1	2045	2.07534647739	norm	4822
G	2	1	1800	0.14615134784	raw	4822
G	2	1	1800	1.60459701349	norm	4822
T	3	1	4724	0.383566092887	raw	4822
T	3	1	4724	0.941830763204	norm	4822
A	3	1	3630	0.294738551478	raw	4822
A	3	1	3630	0.699006834782	norm	4822
G	3	1	2216	0.17992854823	raw	4822
G	3	1	2216	1.97543721216	norm	4822
C	3	1	1746	0.141766807405	raw	4822
C	3	1	1746	1.77190951077	norm	4822
A	4	1	4463	0.36237414745	raw	4822
A	4	1	4463	0.859412535436	norm	4822
T	4	1	4084	0.331601169211	raw	4822
T	4	1	4084	0.814233030678	norm	4822
G	4	1	2101	0.170591101007	raw	4822
G	4	1	2101	1.87292129185	norm	4822
C	4	1	1668	0.135433582332	raw	4822
C	4	1	1668	1.69275204121	norm	4822
T	5	1	4282	0.347677817473	raw	4822
T	5	1	4282	0.853708579178	norm	4822
A	5	1	3829	0.310896394933	raw	4822
A	5	1	3829	0.737327044182	norm	4822
C	5	1	2179	0.17692432608	raw	4822
C	5	1	2179	2.21133495072	norm	4822
G	5	1	2026	0.164501461513	raw	4822
G	5	1	2026	1.80606308296	norm	4822
T	6	1	4372	0.354985384865	raw	4822
T	6	1	4372	0.871652010315	norm	4822
A	6	1	3554	0.288567716791	raw	4822
A	6	1	3554	0.684371980941	norm	4822
C	6	1	2376	0.192919779149	raw	4822
C	6	1	2376	2.41125830331	norm	4822
G	6	1	2014	0.163527119195	raw	4822
G	6	1	2014	1.79536576954	norm	4822
T	7	1	4456	0.361805781098	raw	4822
T	7	1	4456	0.888399212709	norm	4822
A	7	1	3793	0.307973367977	raw	4822
A	7	1	3793	0.730394744994	norm	4822
C	7	1	2140	0.173757713543	raw	4822
C	7	1	2140	2.17175621595	norm	4822
G	7	1	1927	0.156463137382	raw	4822
G	7	1	1927	1.71781024722	norm	4822
T	8	1	4487	0.364322832088	raw	4822
T	8	1	4487	0.894579727878	norm	4822
A	8	1	3921	0.318366352712	raw	4822
A	8	1	3921	0.755042919884	norm	4822
C	8	1	1974	0.160279311465	raw	4822
C	8	1	1974	2.00329288331	norm	4822
G	8	1	1934	0.157031503735	raw	4822
G	8	1	1934	1.72405034671	norm	4822
T	9	1	4509	0.36610912634	raw	4822
T	9	1	4509	0.898965899933	norm	4822
A	9	1	3819	0.310084443001	raw	4822
A	9	1	3819	0.735401405518	norm	4822
G	9	1	2152	0.174732055862	raw	4822
G	9	1	2152	1.9183848739	norm	4822
C	9	1	1836	0.149074374797	raw	4822
C	9	1	1836	1.86324505256	norm	4822
T	10	1	4344	0.352711919454	raw	4822
T	10	1	4344	0.866069609517	norm	4822
A	10	1	3952	0.320883403703	raw	4822
A	10	1	3952	0.761012399741	norm	4822
G	10	1	2070	0.168074050016	raw	4822
G	10	1	2070	1.84528656551	norm	4822
C	10	1	1950	0.158330626827	raw	4822
C	10	1	1950	1.97893673883	norm	4822
T	11	1	4234	0.343780448197	raw	4822
T	11	1	4234	0.844138749239	norm	4822
A	11	1	3891	0.315930496915	raw	4822
A	11	1	3891	0.749266003894	norm	4822
C	11	1	2096	0.170185125041	raw	4822
C	11	1	2096	2.1271032844	norm	4822
G	11	1	2095	0.170103929847	raw	4822
G	11	1	2095	1.86757263514	norm	4822
T	12	1	4378	0.355472556025	raw	4822
T	12	1	4378	0.872848239057	norm	4822
A	12	1	3809	0.309272491069	raw	4822
A	12	1	3809	0.733475766855	norm	4822
C	12	1	2208	0.179278986684	raw	4822
C	12	1	2208	2.24076529197	norm	4822
G	12	1	1921	0.155975966223	raw	4822
G	12	1	1921	1.71246159051	norm	4822
T	13	1	4579	0.371792789867	raw	4822
T	13	1	4579	0.912921901928	norm	4822
A	13	1	3845	0.312195518025	raw	4822
A	13	1	3845	0.740408066043	norm	4822
C	13	1	1946	0.158005846054	raw	4822
C	13	1	1946	1.97487738142	norm	4822
G	13	1	1946	0.158005846054	raw	4822
G	13	1	1946	1.73474766014	norm	4822
T	14	1	4392	0.35660928873	raw	4822
T	14	1	4392	0.875639439456	norm	4822
A	14	1	3943	0.320152646963	raw	4822
A	14	1	3943	0.759279324944	norm	4822
C	14	1	2181	0.177086716466	raw	4822
C	14	1	2181	2.21336462943	norm	4822
G	14	1	1800	0.14615134784	raw	4822
G	14	1	1800	1.60459701349	norm	4822
T	15	1	4321	0.35084443001	raw	4822
T	15	1	4321	0.861484066004	norm	4822
A	15	1	3694	0.299935043845	raw	4822
A	15	1	3694	0.711330922227	norm	4822
G	15	1	2155	0.174975641442	raw	4822
G	15	1	2155	1.92105920226	norm	4822
C	15	1	2146	0.174244884703	raw	4822
C	15	1	2146	2.17784525206	norm	4822
T	16	1	4549	0.36935693407	raw	4822
T	16	1	4549	0.906940758216	norm	4822
A	16	1	3626	0.294413770705	raw	4822
A	16	1	3626	0.698236579317	norm	4822
G	16	1	2238	0.181714842481	raw	4822
G	16	1	2238	1.99504895344	norm	4822
C	16	1	1903	0.154514452744	raw	4822
C	16	1	1903	1.93123928923	norm	4822
T	17	1	4491	0.364647612861	raw	4822
T	17	1	4491	0.895377213706	norm	4822
A	17	1	3960	0.321532965248	raw	4822
A	17	1	3960	0.762552910671	norm	4822
C	17	1	1956	0.158817797986	raw	4822
C	17	1	1956	1.98502577495	norm	4822
G	17	1	1909	0.155001623904	raw	4822
G	17	1	1909	1.70176427708	norm	4822
T	18	1	4303	0.349382916531	raw	4822
T	18	1	4303	0.857895379777	norm	4822
A	18	1	3818	0.310003247808	raw	4822
A	18	1	3818	0.735208841652	norm	4822
C	18	1	2201	0.178710620331	raw	4822
C	18	1	2201	2.23366141649	norm	4822
G	18	1	1994	0.16190321533	raw	4822
G	18	1	1994	1.77753691383	norm	4822
T	19	1	4404	0.357583631049	raw	4822
T	19	1	4404	0.878031896941	norm	4822
A	19	1	3806	0.309028905489	raw	4822
A	19	1	3806	0.732898075256	norm	4822
C	19	1	2074	0.168398830789	raw	4822
C	19	1	2074	2.10477681863	norm	4822
G	19	1	2032	0.164988632673	raw	4822
G	19	1	2032	1.81141173967	norm	4822
T	20	1	4701	0.381698603443	raw	4822
T	20	1	4701	0.937245219691	norm	4822
A	20	1	3851	0.312682689185	raw	4822
A	20	1	3851	0.741563449241	norm	4822
C	20	1	1907	0.154839233517	raw	4822
C	20	1	1907	1.93529864664	norm	4822
G	20	1	1857	0.150779473855	raw	4822
G	20	1	1857	1.65540925225	norm	4822
T	21	1	4391	0.356528093537	raw	4822
T	21	1	4391	0.875440067999	norm	4822
A	21	1	3903	0.316904839234	raw	4822
A	21	1	3903	0.75157677029	norm	4822
C	21	1	2100	0.170509905814	raw	4822
C	21	1	2100	2.13116264182	norm	4822
G	21	1	1922	0.156057161416	raw	4822
G	21	1	1922	1.71335303329	norm	4822
T	22	1	4485	0.364160441702	raw	4822
T	22	1	4485	0.894180984964	norm	4822
A	22	1	3873	0.314468983436	raw	4822
A	22	1	3873	0.7457998543	norm	4822
G	22	1	2014	0.163527119195	raw	4822
G	22	1	2014	1.79536576954	norm	4822
C	22	1	1944	0.157843455667	raw	4822
C	22	1	1944	1.97284770271	norm	4822
T	23	1	4599	0.373416693732	raw	4822
T	23	1	4599	0.91690933107	norm	4822
A	23	1	3791	0.30781097759	raw	4822
A	23	1	3791	0.730009617261	norm	4822
C	23	1	2099	0.17042871062	raw	4822
C	23	1	2099	2.13014780246	norm	4822
G	23	1	1827	0.148343618058	raw	4822
G	23	1	1827	1.62866596869	norm	4822
T	24	1	4273	0.346947060734	raw	4822
T	24	1	4273	0.851914236065	norm	4822
A	24	1	3938	0.319746670997	raw	4822
A	24	1	3938	0.758316505612	norm	4822
C	24	1	2090	0.169697953881	raw	4822
C	24	1	2090	2.12101424828	norm	4822
G	24	1	2015	0.163608314388	raw	4822
G	24	1	2015	1.79625721232	norm	4822
T	25	1	4350	0.353199090614	raw	4822
T	25	1	4350	0.867265838259	norm	4822
A	25	1	4248	0.344917180903	raw	4822
A	25	1	4248	0.818011304175	norm	4822
C	25	1	1916	0.155569990257	raw	4822
C	25	1	1916	1.94443220082	norm	4822
G	25	1	1802	0.146313738227	raw	4822
G	25	1	1802	1.60637989906	norm	4822
T	26	1	4583	0.37211757064	raw	4822
T	26	1	4583	0.913719387757	norm	4822
A	26	1	3988	0.323806430659	raw	4822
A	26	1	3988	0.767944698928	norm	4822
C	26	1	1957	0.15889899318	raw	4822
C	26	1	1957	1.9860406143	norm	4822
G	26	1	1788	0.145177005521	raw	4822
G	26	1	1788	1.59389970006	norm	4822
T	27	1	4473	0.363186099383	raw	4822
T	27	1	4473	0.891788527479	norm	4822
A	27	1	3885	0.315443325755	raw	4822
A	27	1	3885	0.748110620696	norm	4822
C	27	1	1993	0.161822020136	raw	4822
C	27	1	1993	2.02257483102	norm	4822
G	27	1	1965	0.159548554726	raw	4822
G	27	1	1965	1.75168507306	norm	4822
T	28	1	4685	0.380399480351	raw	4822
T	28	1	4685	0.934055276378	norm	4822
A	28	1	4024	0.326729457616	raw	4822
A	28	1	4024	0.774876998116	norm	4822
G	28	1	1824	0.148100032478	raw	4822
G	28	1	1824	1.62599164033	norm	4822
C	28	1	1783	0.144771029555	raw	4822
C	28	1	1783	1.80945856684	norm	4822
T	29	1	4419	0.358801558948	raw	4822
T	29	1	4419	0.881022468797	norm	4822
A	29	1	4067	0.330220850926	raw	4822
A	29	1	4067	0.783157244369	norm	4822
C	29	1	1997	0.162146800909	raw	4822
C	29	1	1997	2.02663418843	norm	4822
G	29	1	1833	0.148830789217	raw	4822
G	29	1	1833	1.6340146254	norm	4822
T	30	1	4629	0.375852549529	raw	4822
T	30	1	4629	0.922890474782	norm	4822
A	30	1	3922	0.318447547905	raw	4822
A	30	1	3922	0.755235483751	norm	4822
C	30	1	1972	0.160116921078	raw	4822
C	30	1	1972	2.0012632046	norm	4822
G	30	1	1793	0.145582981487	raw	4822
G	30	1	1793	1.59835691399	norm	4822
T	31	1	4597	0.373254303345	raw	4822
T	31	1	4597	0.916510588156	norm	4822
A	31	1	4255	0.345485547256	raw	4822
A	31	1	4255	0.819359251239	norm	4822
C	31	1	1739	0.141198441052	raw	4822
C	31	1	1739	1.76480563529	norm	4822
G	31	1	1725	0.140061708347	raw	4822
G	31	1	1725	1.53773880459	norm	4822
T	32	1	4627	0.375690159143	raw	4822
T	32	1	4627	0.922491731868	norm	4822
A	32	1	4148	0.336797661578	raw	4822
A	32	1	4148	0.798754917541	norm	4822
C	32	1	1811	0.147044494966	raw	4822
C	32	1	1811	1.83787406873	norm	4822
G	32	1	1730	0.140467684313	raw	4822
G	32	1	1730	1.54219601852	norm	4822
T	33	1	4825	0.391766807405	raw	4822
T	33	1	4825	0.961967280368	norm	4822
A	33	1	3938	0.319746670997	raw	4822
A	33	1	3938	0.758316505612	norm	4822
C	33	1	1870	0.151835011367	raw	4822
C	33	1	1870	1.89774959057	norm	4822
G	33	1	1683	0.136651510231	raw	4822
G	33	1	1683	1.50029820761	norm	4822
T	34	1	4699	0.381536213056	raw	4822
T	34	1	4699	0.936846476777	norm	4822
A	34	1	4112	0.333874634622	raw	4822
A	34	1	4112	0.791822618353	norm	4822
C	34	1	1763	0.14314712569	raw	4822
C	34	1	1763	1.78916177977	norm	4822
G	34	1	1742	0.141442026632	raw	4822
G	34	1	1742	1.55289333194	norm	4822
T	35	1	4824	0.391685612212	raw	4822
T	35	1	4824	0.961767908911	norm	4822
A	35	1	4106	0.333387463462	raw	4822
A	35	1	4106	0.790667235155	norm	4822
C	35	1	1761	0.142984735304	raw	4822
C	35	1	1761	1.78713210107	norm	4822
G	35	1	1625	0.131942189022	raw	4822
G	35	1	1625	1.44859452607	norm	4822
T	36	1	4866	0.395095810328	raw	4822
T	36	1	4866	0.970141510108	norm	4822
A	36	1	4053	0.32908411822	raw	4822
A	36	1	4053	0.78046135024	norm	4822
G	36	1	1798	0.145988957454	raw	4822
G	36	1	1798	1.60281412792	norm	4822
C	36	1	1599	0.129831113998	raw	4822
C	36	1	1599	1.62272812584	norm	4822
T	37	1	4671	0.379262747645	raw	4822
T	37	1	4671	0.931264075979	norm	4822
A	37	1	4480	0.363754465736	raw	4822
A	37	1	4480	0.862686121163	norm	4822
C	37	1	1593	0.129343942839	raw	4822
C	37	1	1593	1.61663908972	norm	4822
G	37	1	1572	0.12763884378	raw	4822
G	37	1	1572	1.40134805845	norm	4822
T	38	1	4967	0.403296524846	raw	4822
T	38	1	4967	0.990278027272	norm	4822
A	38	1	4177	0.339152322183	raw	4822
A	38	1	4177	0.804339269665	norm	4822
C	38	1	1666	0.135271191945	raw	4822
C	38	1	1666	1.69072236251	norm	4822
G	38	1	1506	0.122279961026	raw	4822
G	38	1	1506	1.34251283462	norm	4822
T	39	1	4976	0.404027281585	raw	4822
T	39	1	4976	0.992072370385	norm	4822
A	39	1	4280	0.347515427087	raw	4822
A	39	1	4280	0.824173347897	norm	4822
C	39	1	1649	0.13389087366	raw	4822
C	39	1	1649	1.6734700935	norm	4822
G	39	1	1411	0.114566417668	raw	4822
G	39	1	1411	1.25782577002	norm	4822
T	40	1	4971	0.403621305619	raw	4822
T	40	1	4971	0.9910755131	norm	4822
A	40	1	4287	0.348083793439	raw	4822
A	40	1	4287	0.825521294961	norm	4822
G	40	1	1579	0.128207210133	raw	4822
G	40	1	1579	1.40758815794	norm	4822
C	40	1	1479	0.120087690809	raw	4822
C	40	1	1479	1.50094740345	norm	4822
T	41	1	5116	0.415394608639	raw	4822
T	41	1	5116	1.01998437438	norm	4822
A	41	1	4458	0.361968171484	raw	4822
A	41	1	4458	0.858449716104	norm	4822
G	41	1	1403	0.113916856122	raw	4822
G	41	1	1403	1.25069422774	norm	4822
C	41	1	1339	0.108720363754	raw	4822
C	41	1	1339	1.358869894	norm	4822
T	42	1	4854	0.394121468009	raw	4822
T	42	1	4854	0.967749052623	norm	4822
A	42	1	4370	0.354822994479	raw	4822
A	42	1	4370	0.841504095867	norm	4822
G	42	1	1595	0.129506333225	raw	4822
G	42	1	1595	1.42185124251	norm	4822
C	42	1	1497	0.121549204287	raw	4822
C	42	1	1497	1.51921451181	norm	4822
T	43	1	5026	0.408087041247	raw	4822
T	43	1	5026	1.00204094324	norm	4822
A	43	1	4589	0.372604741799	raw	4822
A	43	1	4589	0.883675582593	norm	4822
G	43	1	1367	0.110993829165	raw	4822
G	43	1	1367	1.21860228747	norm	4822
C	43	1	1334	0.108314387788	raw	4822
C	43	1	1334	1.35379569723	norm	4822
T	44	1	5083	0.412715167262	raw	4822
T	44	1	5083	1.01340511629	norm	4822
A	44	1	4450	0.361318609938	raw	4822
A	44	1	4450	0.856909205173	norm	4822
G	44	1	1414	0.114810003248	raw	4822
G	44	1	1414	1.26050009837	norm	4822
C	44	1	1369	0.111156219552	raw	4822
C	44	1	1369	1.38931507459	norm	4822
T	45	1	4959	0.4026469633	raw	4822
T	45	1	4959	0.988683055615	norm	4822
A	45	1	4559	0.370168886002	raw	4822
A	45	1	4559	0.877898666603	norm	4822
C	45	1	1452	0.117895420591	raw	4822
C	45	1	1452	1.47354674091	norm	4822
G	45	1	1346	0.109288730107	raw	4822
G	45	1	1346	1.19988198897	norm	4822
T	46	1	4891	0.397125690159	raw	4822
T	46	1	4891	0.975125796534	norm	4822
A	46	1	4790	0.388924975641	raw	4822
A	46	1	4790	0.922380919726	norm	4822
G	46	1	1339	0.108720363754	raw	4822
G	46	1	1339	1.19364188948	norm	4822
C	46	1	1296	0.105228970445	raw	4822
C	46	1	1296	1.31523180181	norm	4822
T	47	1	5141	0.41742448847	raw	4822
T	47	1	5141	1.0249686608	norm	4822
A	47	1	4490	0.364566417668	raw	4822
A	47	1	4490	0.864611759827	norm	4822
G	47	1	1346	0.109288730107	raw	4822
G	47	1	1346	1.19988198897	norm	4822
C	47	1	1339	0.108720363754	raw	4822
C	47	1	1339	1.358869894	norm	4822
T	48	1	4786	0.388600194868	raw	4822
T	48	1	4786	0.954191793542	norm	4822
A	48	1	4731	0.38413445924	raw	4822
A	48	1	4731	0.911019651612	norm	4822
G	48	1	1504	0.12211757064	raw	4822
G	48	1	1504	1.34072994905	norm	4822
C	48	1	1295	0.105147775252	raw	4822
C	48	1	1295	1.31421696245	norm	4822
T	49	1	4982	0.404514452744	raw	4822
T	49	1	4982	0.993268599128	norm	4822
A	49	1	4620	0.37512179279	raw	4822
A	49	1	4620	0.88964506245	norm	4822
G	49	1	1457	0.118301396557	raw	4822
G	49	1	1457	1.29883213814	norm	4822
C	49	1	1257	0.102062357908	raw	4822
C	49	1	1257	1.27565306703	norm	4822
T	50	1	5128	0.416368950958	raw	4822
T	50	1	5128	1.02237683186	norm	4822
A	50	1	4599	0.373416693732	raw	4822
A	50	1	4599	0.885601221257	norm	4822
C	50	1	1329	0.107908411822	raw	4822
C	50	1	1329	1.34872150046	norm	4822
G	50	1	1260	0.102305943488	raw	4822
G	50	1	1260	1.12321790944	norm	4822
T	51	1	4888	0.396882104579	raw	4822
T	51	1	4888	0.974527682163	norm	4822
A	51	1	4800	0.389736927574	raw	4822
A	51	1	4800	0.924306558389	norm	4822
G	51	1	1323	0.107421240663	raw	4822
G	51	1	1323	1.17937880491	norm	4822
C	51	1	1305	0.105959727184	raw	4822
C	51	1	1305	1.32436535599	norm	4822
T	52	1	4897	0.397612861319	raw	4822
T	52	1	4897	0.976322025277	norm	4822
A	52	1	4788	0.388762585255	raw	4822
A	52	1	4788	0.921995791993	norm	4822
G	52	1	1326	0.107664826242	raw	4822
G	52	1	1326	1.18205313327	norm	4822
C	52	1	1305	0.105959727184	raw	4822
C	52	1	1305	1.32436535599	norm	4822
T	53	1	5038	0.409061383566	raw	4822
T	53	1	5038	1.00443340072	norm	4822
A	53	1	4618	0.374959402403	raw	4822
A	53	1	4618	0.889259934717	norm	4822
C	53	1	1394	0.113186099383	raw	4822
C	53	1	1394	1.41468605842	norm	4822
G	53	1	1266	0.102793114648	raw	4822
G	53	1	1266	1.12856656615	norm	4822
T	54	1	5041	0.409304969146	raw	4822
T	54	1	5041	1.0050315151	norm	4822
A	54	1	4535	0.368220201364	raw	4822
A	54	1	4535	0.873277133812	norm	4822
C	54	1	1383	0.112292952257	raw	4822
C	54	1	1383	1.40352282554	norm	4822
G	54	1	1357	0.110181877233	raw	4822
G	54	1	1357	1.20968785961	norm	4822
T	55	1	4954	0.402240987334	raw	4822
T	55	1	4954	0.98768619833	norm	4822
A	55	1	4883	0.396476128613	raw	4822
A	55	1	4883	0.940289359295	norm	4822
C	55	1	1290	0.104741799285	raw	4822
C	55	1	1290	1.30914276569	norm	4822
G	55	1	1189	0.0965410847678	raw	4822
G	55	1	1189	1.05992547169	norm	4822
A	56	1	5040	0.409223773953	raw	4822
A	56	1	5040	0.970521886309	norm	4822
T	56	1	4871	0.395501786294	raw	4822
T	56	1	4871	0.971138367393	norm	4822
C	56	1	1231	0.0999512828841	raw	4822
C	56	1	1231	1.24926724385	norm	4822
G	56	1	1174	0.0953231568691	raw	4822
G	56	1	1174	1.04655382991	norm	4822
T	57	1	4882	0.39639493342	raw	4822
T	57	1	4882	0.973331453421	norm	4822
A	57	1	4723	0.383484897694	raw	4822
A	57	1	4723	0.909479140682	norm	4822
C	57	1	1383	0.112292952257	raw	4822
C	57	1	1383	1.40352282554	norm	4822
G	57	1	1328	0.107827216629	raw	4822
G	57	1	1328	1.18383601884	norm	4822
T	58	1	5171	0.419860344268	raw	4822
T	58	1	5171	1.03094980451	norm	4822
A	58	1	4611	0.374391036051	raw	4822
A	58	1	4611	0.887911987653	norm	4822
G	58	1	1316	0.10685287431	raw	4822
G	58	1	1316	1.17313870542	norm	4822
C	58	1	1218	0.0988957453719	raw	4822
C	58	1	1218	1.23607433225	norm	4822
T	59	1	4993	0.40540759987	raw	4822
T	59	1	4993	0.995461685156	norm	4822
A	59	1	4887	0.396800909386	raw	4822
A	59	1	4887	0.94105961476	norm	4822
G	59	1	1240	0.100682039623	raw	4822
G	59	1	1240	1.10538905374	norm	4822
C	59	1	1196	0.0971094511205	raw	4822
C	59	1	1196	1.21374786648	norm	4822
A	60	1	5101	0.414176680741	raw	4822
A	60	1	5101	0.982268282155	norm	4822
T	60	1	4769	0.387219876583	raw	4822
T	60	1	4769	0.950802478772	norm	4822
G	60	1	1258	0.102143553102	raw	4822
G	60	1	1258	1.12143502387	norm	4822
C	60	1	1188	0.0964598895745	raw	4822
C	60	1	1188	1.20562915166	norm	4822
T	61	1	5203	0.422458590451	raw	4822
T	61	1	5203	1.03732969114	norm	4822
A	61	1	4788	0.388762585255	raw	4822
A	61	1	4788	0.921995791993	norm	4822
G	61	1	1324	0.107502435856	raw	4822
G	61	1	1324	1.1802702477	norm	4822
C	61	1	1001	0.0812763884378	raw	4822
C	61	1	1001	1.0158541926	norm	4822
A	62	1	5126	0.416206560572	raw	4822
A	62	1	5126	0.987082378813	norm	4822
T	62	1	4778	0.387950633323	raw	4822
T	62	1	4778	0.952596821885	norm	4822
G	62	1	1353	0.10985709646	raw	4822
G	62	1	1353	1.20612208847	norm	4822
C	62	1	1059	0.085985709646	raw	4822
C	62	1	1059	1.07471487509	norm	4822
T	63	1	5125	0.416125365378	raw	4822
T	63	1	5125	1.02177871749	norm	4822
A	63	1	4771	0.38738226697	raw	4822
A	63	1	4771	0.918722206266	norm	4822
G	63	1	1223	0.0993017213381	raw	4822
G	63	1	1223	1.09023452639	norm	4822
C	63	1	1197	0.0971906463137	raw	4822
C	63	1	1197	1.21476270583	norm	4822
T	64	1	5103	0.414339071127	raw	4822
T	64	1	5103	1.01739254543	norm	4822
A	64	1	4993	0.40540759987	raw	4822
A	64	1	4993	0.961471384591	norm	4822
G	64	1	1143	0.0928061058785	raw	4822
G	64	1	1143	1.01891910356	norm	4822
C	64	1	1077	0.0874472231244	raw	4822
C	64	1	1077	1.09298198345	norm	4822
T	65	1	5167	0.419535563495	raw	4822
T	65	1	5167	1.03015231869	norm	4822
A	65	1	4944	0.401429035401	raw	4822
A	65	1	4944	0.952035755141	norm	4822
G	65	1	1112	0.090289054888	raw	4822
G	65	1	1112	0.991284377221	norm	4822
C	65	1	1093	0.0887463462163	raw	4822
C	65	1	1093	1.1092194131	norm	4822
A	66	1	5135	0.416937317311	raw	4822
A	66	1	5135	0.98881545361	norm	4822
T	66	1	4869	0.395339395908	raw	4822
T	66	1	4869	0.970739624479	norm	4822
G	66	1	1161	0.0942676193569	raw	4822
G	66	1	1161	1.0349650737	norm	4822
C	66	1	1151	0.0934556674245	raw	4822
C	66	1	1151	1.16808009559	norm	4822
A	67	1	4972	0.403702500812	raw	4822
A	67	1	4972	0.957427543398	norm	4822
T	67	1	4880	0.396232543033	raw	4822
T	67	1	4880	0.972932710507	norm	4822
G	67	1	1366	0.110912633972	raw	4822
G	67	1	1366	1.21771084468	norm	4822
C	67	1	1098	0.0891523221825	raw	4822
C	67	1	1098	1.11429360986	norm	4822
T	68	1	4951	0.401997401754	raw	4822
T	68	1	4951	0.987088083959	norm	4822
A	68	1	4912	0.398830789217	raw	4822
A	68	1	4912	0.945873711418	norm	4822
G	68	1	1239	0.10060084443	raw	4822
G	68	1	1239	1.10449761095	norm	4822
C	68	1	1214	0.0985709645989	raw	4822
C	68	1	1214	1.23201497484	norm	4822
A	69	1	4984	0.404676843131	raw	4822
A	69	1	4984	0.959738309794	norm	4822
T	69	1	4800	0.389736927574	raw	4822
T	69	1	4800	0.956982993941	norm	4822
G	69	1	1357	0.110181877233	raw	4822
G	69	1	1357	1.20968785961	norm	4822
C	69	1	1175	0.0954043520624	raw	4822
C	69	1	1175	1.19243624006	norm	4822
A	70	1	5103	0.414339071127	raw	4822
A	70	1	5103	0.982653409888	norm	4822
T	70	1	5009	0.406706722962	raw	4822
T	70	1	5009	0.998651628469	norm	4822
G	70	1	1155	0.0937804481975	raw	4822
G	70	1	1155	1.02961641699	norm	4822
C	70	1	1049	0.0851737577135	raw	4822
C	70	1	1049	1.06456648155	norm	4822
A	71	1	5238	0.425300422215	raw	4822
A	71	1	5238	1.00864953184	norm	4822
T	71	1	4730	0.384053264047	raw	4822
T	71	1	4730	0.943026991946	norm	4822
C	71	1	1199	0.0973530367002	raw	4822
C	71	1	1199	1.21679238454	norm	4822
G	71	1	1149	0.093293277038	raw	4822
G	71	1	1149	1.02426776028	norm	4822
A	72	1	5144	0.41766807405	raw	4822
A	72	1	5144	0.990548528407	norm	4822
T	72	1	4995	0.405569990257	raw	4822
T	72	1	4995	0.99586042807	norm	4822
C	72	1	1092	0.0886651510231	raw	4822
C	72	1	1092	1.10820457374	norm	4822
G	72	1	1085	0.0880967846703	raw	4822
G	72	1	1085	0.967215422019	norm	4822
T	73	1	5105	0.414501461513	raw	4822
T	73	1	5105	1.01779128835	norm	4822
A	73	1	4980	0.404352062358	raw	4822
A	73	1	4980	0.958968054329	norm	4822
G	73	1	1171	0.0950795712894	raw	4822
G	73	1	1171	1.04387950155	norm	4822
C	73	1	1060	0.0860669048392	raw	4822
C	73	1	1060	1.07572971444	norm	4822
A	74	1	5176	0.420266320234	raw	4822
A	74	1	5176	0.99671057213	norm	4822
T	74	1	5051	0.410116921078	raw	4822
T	74	1	5051	1.00702522967	norm	4822
G	74	1	1105	0.0897206885352	raw	4822
G	74	1	1105	0.985044277724	norm	4822
C	74	1	984	0.0798960701526	raw	4822
C	74	1	984	0.998601923594	norm	4822
A	75	1	5204	0.422539785645	raw	4822
A	75	1	5204	1.00210236039	norm	4822
T	75	1	4852	0.393959077623	raw	4822
T	75	1	4852	0.967350309709	norm	4822
G	75	1	1193	0.0968658655408	raw	4822
G	75	1	1193	1.06349124283	norm	4822
C	75	1	1067	0.0866352711919	raw	4822
C	75	1	1067	1.08283358991	norm	4822
T	76	1	5115	0.415313413446	raw	4822
T	76	1	5115	1.01978500292	norm	4822
A	76	1	5094	0.413608314388	raw	4822
A	76	1	5094	0.980920335091	norm	4822
G	76	1	1198	0.097271841507	raw	4822
G	76	1	1198	1.06794845675	norm	4822
C	76	1	909	0.0738064306593	raw	4822
C	76	1	909	0.9224889721	norm	4822
A	77	1	5087	0.413039948035	raw	4822
A	77	1	5087	0.979572388026	norm	4822
T	77	1	5003	0.406219551803	raw	4822
T	77	1	5003	0.997455399726	norm	4822
C	77	1	1113	0.0903702500812	raw	4822
C	77	1	1113	1.12951620016	norm	4822
G	77	1	1113	0.0903702500812	raw	4822
G	77	1	1113	0.992175820007	norm	4822
A	78	1	5167	0.419535563495	raw	4822
A	78	1	5167	0.994977497333	norm	4822
T	78	1	4740	0.384865215979	raw	4822
T	78	1	4740	0.945020706517	norm	4822
G	78	1	1290	0.104741799285	raw	4822
G	78	1	1290	1.149961193	norm	4822
C	78	1	1119	0.0908574212407	raw	4822
C	78	1	1119	1.13560523628	norm	4822
T	79	1	5168	0.419616758688	raw	4822
T	79	1	5168	1.03035169014	norm	4822
A	79	1	5063	0.411091263397	raw	4822
A	79	1	5063	0.974950855234	norm	4822
G	79	1	1130	0.0917505683664	raw	4822
G	79	1	1130	1.00733034736	norm	4822
C	79	1	955	0.0775414095486	raw	4822
C	79	1	955	0.969171582349	norm	4822
T	80	1	5199	0.422133809678	raw	4822
T	80	1	5199	1.03653220531	norm	4822
A	80	1	5046	0.409710945112	raw	4822
A	80	1	5046	0.971677269507	norm	4822
G	80	1	1070	0.0868788567717	raw	4822
G	80	1	1070	0.95384378024	norm	4822
C	80	1	1001	0.0812763884378	raw	4822
C	80	1	1001	1.0158541926	norm	4822
A	81	1	5180	0.420591101007	raw	4822
A	81	1	5180	0.997480827595	norm	4822
T	81	1	4832	0.392335173758	raw	4822
T	81	1	4832	0.963362880567	norm	4822
G	81	1	1196	0.0971094511205	raw	4822
G	81	1	1196	1.06616557118	norm	4822
C	81	1	1108	0.089964274115	raw	4822
C	81	1	1108	1.1244420034	norm	4822
A	82	1	5115	0.415313413446	raw	4822
A	82	1	5115	0.984964176284	norm	4822
T	82	1	5000	0.405975966223	raw	4822
T	82	1	5000	0.996857285355	norm	4822
G	82	1	1172	0.0951607664826	raw	4822
G	82	1	1172	1.04477094434	norm	4822
C	82	1	1029	0.0835498538487	raw	4822
C	82	1	1029	1.04426969449	norm	4822
T	83	1	5035	0.408817797986	raw	4822
T	83	1	5035	1.00383528635	norm	4822
A	83	1	5029	0.408330626827	raw	4822
A	83	1	5029	0.968403683779	norm	4822
C	83	1	1161	0.0942676193569	raw	4822
C	83	1	1161	1.17822848912	norm	4822
G	83	1	1091	0.0885839558298	raw	4822
G	83	1	1091	0.972564078731	norm	4822
T	84	1	4955	0.402322182527	raw	4822
T	84	1	4955	0.987885569787	norm	4822
A	84	1	4862	0.394771029555	raw	4822
A	84	1	4862	0.936245518102	norm	4822
G	84	1	1362	0.110587853199	raw	4822
G	84	1	1362	1.21414507354	norm	4822
C	84	1	1137	0.0923189347191	raw	4822
C	84	1	1137	1.15387234464	norm	4822
A	85	1	5083	0.412715167262	raw	4822
A	85	1	5083	0.978802132561	norm	4822
T	85	1	4890	0.397044494966	raw	4822
T	85	1	4890	0.974926425077	norm	4822
G	85	1	1330	0.107989607015	raw	4822
G	85	1	1330	1.18561890441	norm	4822
C	85	1	1013	0.0822507307567	raw	4822
C	85	1	1013	1.02803226484	norm	4822
T	86	1	5189	0.421321857746	raw	4822
T	86	1	5189	1.03453849074	norm	4822
A	86	1	5019	0.407518674894	raw	4822
A	86	1	5019	0.966478045116	norm	4822
G	86	1	1147	0.0931308866515	raw	4822
G	86	1	1147	1.02248487471	norm	4822
C	86	1	961	0.078028580708	raw	4822
C	86	1	961	0.975260618469	norm	4822
A	87	1	5144	0.41766807405	raw	4822
A	87	1	5144	0.990548528407	norm	4822
T	87	1	4804	0.390061708347	raw	4822
T	87	1	4804	0.957780479769	norm	4822
G	87	1	1303	0.105797336798	raw	4822
G	87	1	1303	1.16154994921	norm	4822
C	87	1	1065	0.0864728808055	raw	4822
C	87	1	1065	1.08080391121	norm	4822
A	88	1	5187	0.42115946736	raw	4822
A	88	1	5187	0.998828774659	norm	4822
T	88	1	5043	0.409467359532	raw	4822
T	88	1	5043	1.00543025801	norm	4822
G	88	1	1152	0.0935368626177	raw	4822
G	88	1	1152	1.02694208863	norm	4822
C	88	1	934	0.0758363104904	raw	4822
C	88	1	934	0.947859955931	norm	4822
A	89	1	4982	0.404514452744	raw	4822
A	89	1	4982	0.959353182062	norm	4822
T	89	1	4888	0.396882104579	raw	4822
T	89	1	4888	0.974527682163	norm	4822
G	89	1	1258	0.102143553102	raw	4822
G	89	1	1258	1.12143502387	norm	4822
C	89	1	1188	0.0964598895745	raw	4822
C	89	1	1188	1.20562915166	norm	4822
T	90	1	5004	0.406300746996	raw	4822
T	90	1	5004	0.997654771183	norm	4822
A	90	1	4877	0.395988957454	raw	4822
A	90	1	4877	0.939133976097	norm	4822
G	90	1	1230	0.0998700876908	raw	4822
G	90	1	1230	1.09647462588	norm	4822
C	90	1	1205	0.0978402078597	raw	4822
C	90	1	1205	1.22288142066	norm	4822
A	91	1	5136	0.417018512504	raw	4822
A	91	1	5136	0.989008017477	norm	4822
T	91	1	5053	0.410279311465	raw	4822
T	91	1	5053	1.00742397258	norm	4822
G	91	1	1204	0.0977590126665	raw	4822
G	91	1	1204	1.07329711347	norm	4822
C	91	1	923	0.0749431633647	raw	4822
C	91	1	923	0.936696723046	norm	4822
A	92	1	5162	0.419129587528	raw	4822
A	92	1	5162	0.994014678001	norm	4822
T	92	1	4871	0.395501786294	raw	4822
T	92	1	4871	0.971138367393	norm	4822
C	92	1	1159	0.0941052289704	raw	4822
C	92	1	1159	1.17619881041	norm	4822
G	92	1	1124	0.0912633972069	raw	4822
G	92	1	1124	1.00198169064	norm	4822
T	93	1	5019	0.407518674894	raw	4822
T	93	1	5019	1.00064534304	norm	4822
A	93	1	4859	0.394527443975	raw	4822
A	93	1	4859	0.935667826503	norm	4822
G	93	1	1264	0.102630724261	raw	4822
G	93	1	1264	1.12678368058	norm	4822
C	93	1	1174	0.0953231568691	raw	4822
C	93	1	1174	1.19142140071	norm	4822
T	94	1	5133	0.416774926924	raw	4822
T	94	1	5133	1.02337368915	norm	4822
A	94	1	4996	0.40565118545	raw	4822
A	94	1	4996	0.96204907619	norm	4822
G	94	1	1229	0.0997888924976	raw	4822
G	94	1	1229	1.0955831831	norm	4822
C	94	1	958	0.0777849951283	raw	4822
C	94	1	958	0.972216100409	norm	4822
A	95	1	5323	0.432202013641	raw	4822
A	95	1	5323	1.02501746048	norm	4822
T	95	1	4863	0.394852224748	raw	4822
T	95	1	4863	0.969543395736	norm	4822
C	95	1	1114	0.0904514452744	raw	4822
C	95	1	1114	1.13053103952	norm	4822
G	95	1	1016	0.0824943163365	raw	4822
G	95	1	1016	0.905705869835	norm	4822
A	96	1	4944	0.401429035401	raw	4822
A	96	1	4944	0.952035755141	norm	4822
T	96	1	4906	0.398343618058	raw	4822
T	96	1	4906	0.978116368391	norm	4822
G	96	1	1253	0.101737577135	raw	4822
G	96	1	1253	1.11697780994	norm	4822
C	96	1	1213	0.0984897694057	raw	4822
C	96	1	1213	1.23100013549	norm	4822
A	97	1	5144	0.41766807405	raw	4822
A	97	1	5144	0.990548528407	norm	4822
T	97	1	5005	0.406381942189	raw	4822
T	97	1	5005	0.997854142641	norm	4822
G	97	1	1116	0.0906138356609	raw	4822
G	97	1	1116	0.994850148362	norm	4822
C	97	1	1051	0.0853361481	raw	4822
C	97	1	1051	1.06659616026	norm	4822
T	98	1	5209	0.422945761611	raw	4822
T	98	1	5209	1.03852591988	norm	4822
A	98	1	4953	0.40215979214	raw	4822
A	98	1	4953	0.953768829938	norm	4822
C	98	1	1102	0.0894771029555	raw	4822
C	98	1	1102	1.11835296728	norm	4822
G	98	1	1052	0.0854173432933	raw	4822
G	98	1	1052	0.937797810105	norm	4822
A	99	1	4998	0.405813575836	raw	4822
A	99	1	4998	0.962434203923	norm	4822
T	99	1	4909	0.398587203638	raw	4822
T	99	1	4909	0.978714482762	norm	4822
C	99	1	1212	0.0984085742124	raw	4822
C	99	1	1212	1.22998529613	norm	4822
G	99	1	1197	0.0971906463137	raw	4822
G	99	1	1197	1.06705701397	norm	4822
T	100	1	5091	0.413364728808	raw	4822
T	100	1	5091	1.01500008795	norm	4822
A	100	1	5006	0.406463137382	raw	4822
A	100	1	5006	0.963974714853	norm	4822
C	100	1	1111	0.0902078596947	raw	4822
C	100	1	1111	1.12748652146	norm	4822
G	100	1	1108	0.089964274115	raw	4822
G	100	1	1108	0.98771860608	norm	4822
