#nuc	offset	region.size	count	freq	norm.freq	total.sites
T	-100	1	5602	0.420349666091	raw	5745
T	-100	1	5602	1.36161438778	norm	5745
A	-100	1	5055	0.379305169956	raw	5745
A	-100	1	5055	1.22436044617	norm	5745
C	-100	1	1475	0.110677571847	raw	5745
C	-100	1	1475	0.579787682056	norm	5745
G	-100	1	1195	0.0896675921063	raw	5745
G	-100	1	1195	0.470464053016	norm	5745
T	-99	1	5318	0.399039543783	raw	5745
T	-99	1	5318	1.29258573977	norm	5745
A	-99	1	5113	0.383657237188	raw	5745
A	-99	1	5113	1.23840849877	norm	5745
C	-99	1	1532	0.114954603437	raw	5745
C	-99	1	1532	0.602193036549	norm	5745
G	-99	1	1364	0.102348615592	raw	5745
G	-99	1	1364	0.536998299844	norm	5745
T	-98	1	5338	0.400540256622	raw	5745
T	-98	1	5338	1.29744691217	norm	5745
A	-98	1	5321	0.399264650709	raw	5745
A	-98	1	5321	1.28878772187	norm	5745
C	-98	1	1407	0.105575148195	raw	5745
C	-98	1	1407	0.553058487223	norm	5745
G	-98	1	1261	0.0946199444736	raw	5745
G	-98	1	1261	0.496447841718	norm	5745
T	-97	1	5404	0.405492608989	raw	5745
T	-97	1	5404	1.31348878107	norm	5745
A	-97	1	5298	0.397538830945	raw	5745
A	-97	1	5298	1.2832169424	norm	5745
C	-97	1	1452	0.108951752082	raw	5745
C	-97	1	1452	0.57074692498	norm	5745
G	-97	1	1173	0.0880168079838	raw	5745
G	-97	1	1173	0.461802790115	norm	5745
T	-96	1	5322	0.399339686351	raw	5745
T	-96	1	5322	1.29355797425	norm	5745
A	-96	1	5299	0.397613866587	raw	5745
A	-96	1	5299	1.2834591502	norm	5745
C	-96	1	1515	0.113678997524	raw	5745
C	-96	1	1515	0.595510737841	norm	5745
G	-96	1	1191	0.0893674495385	raw	5745
G	-96	1	1191	0.468889277943	norm	5745
T	-95	1	5406	0.405642680273	raw	5745
T	-95	1	5406	1.31397489831	norm	5745
A	-95	1	5216	0.391385908306	raw	5745
A	-95	1	5216	1.26335590252	norm	5745
C	-95	1	1504	0.112853605463	raw	5745
C	-95	1	1504	0.5911868975	norm	5745
G	-95	1	1201	0.0901178059578	raw	5745
G	-95	1	1201	0.472826215625	norm	5745
T	-94	1	5303	0.397914009154	raw	5745
T	-94	1	5303	1.28893986048	norm	5745
A	-94	1	5228	0.39228633601	raw	5745
A	-94	1	5228	1.26626239616	norm	5745
C	-94	1	1547	0.116080138066	raw	5745
C	-94	1	1547	0.608089182469	norm	5745
G	-94	1	1249	0.0937195167705	raw	5745
G	-94	1	1249	0.491723516499	norm	5745
A	-93	1	5280	0.39618818939	raw	5745
A	-93	1	5280	1.27885720194	norm	5745
T	-93	1	5087	0.381706310497	raw	5745
T	-93	1	5087	1.23643919861	norm	5745
G	-93	1	1487	0.11157799955	raw	5745
G	-93	1	1487	0.585422633334	norm	5745
C	-93	1	1473	0.110527500563	raw	5745
C	-93	1	1473	0.579001529267	norm	5745
A	-92	1	5407	0.405748161489	raw	5745
A	-92	1	5407	1.30971586834	norm	5745
T	-92	1	5370	0.402971634399	raw	5745
T	-92	1	5370	1.30532273373	norm	5745
C	-92	1	1374	0.10310670869	raw	5745
C	-92	1	1374	0.540127495014	norm	5745
G	-92	1	1175	0.0881734954225	raw	5745
G	-92	1	1175	0.462624891007	norm	5745
T	-91	1	5469	0.410369925715	raw	5745
T	-91	1	5469	1.32928759136	norm	5745
A	-91	1	5197	0.38996023111	raw	5745
A	-91	1	5197	1.25875395425	norm	5745
C	-91	1	1360	0.102048473025	raw	5745
C	-91	1	1360	0.534583896676	norm	5745
G	-91	1	1301	0.0976213701508	raw	5745
G	-91	1	1301	0.512195592446	norm	5745
T	-90	1	5296	0.397388759661	raw	5745
T	-90	1	5296	1.28723845014	norm	5745
A	-90	1	5141	0.385758235162	raw	5745
A	-90	1	5141	1.24519031726	norm	5745
C	-90	1	1507	0.113078712388	raw	5745
C	-90	1	1507	0.592366126684	norm	5745
G	-90	1	1383	0.103774292789	raw	5745
G	-90	1	1383	0.54447848144	norm	5745
T	-89	1	5508	0.41329631575	raw	5745
T	-89	1	5508	1.33876687753	norm	5745
A	-89	1	5225	0.392061229084	raw	5745
A	-89	1	5225	1.26553577275	norm	5745
G	-89	1	1358	0.101898401741	raw	5745
G	-89	1	1358	0.534636137234	norm	5745
C	-89	1	1236	0.0927440534254	raw	5745
C	-89	1	1236	0.485842423743	norm	5745
T	-88	1	5366	0.402641254596	raw	5745
T	-88	1	5366	1.30425255352	norm	5745
A	-88	1	5127	0.384707736175	raw	5745
A	-88	1	5127	1.24179940802	norm	5745
C	-88	1	1559	0.116980565769	raw	5745
C	-88	1	1559	0.612806099204	norm	5745
G	-88	1	1275	0.0956704434606	raw	5745
G	-88	1	1275	0.501959554473	norm	5745
T	-87	1	5146	0.386133413371	raw	5745
T	-87	1	5146	1.25077965718	norm	5745
A	-87	1	5116	0.383882344113	raw	5745
A	-87	1	5116	1.23913512218	norm	5745
C	-87	1	1651	0.123883844826	raw	5745
C	-87	1	1651	0.648969127508	norm	5745
G	-87	1	1414	0.106100397689	raw	5745
G	-87	1	1414	0.556682988254	norm	5745
T	-86	1	5549	0.416372777069	raw	5745
T	-86	1	5549	1.34873228093	norm	5745
A	-86	1	5174	0.388234411345	raw	5745
A	-86	1	5174	1.25318317478	norm	5745
C	-86	1	1359	0.101973437383	raw	5745
C	-86	1	1359	0.534190820281	norm	5745
G	-86	1	1245	0.0934193742027	raw	5745
G	-86	1	1245	0.490148741426	norm	5745
T	-85	1	5591	0.41952427403	raw	5745
T	-85	1	5591	1.35894074296	norm	5745
A	-85	1	4983	0.373902603737	raw	5745
A	-85	1	4983	1.20692148433	norm	5745
C	-85	1	1482	0.11120282134	raw	5745
C	-85	1	1482	0.582539216819	norm	5745
G	-85	1	1271	0.0953703008929	raw	5745
G	-85	1	1271	0.5003847794	norm	5745
T	-84	1	5404	0.405492608989	raw	5745
T	-84	1	5404	1.31348878107	norm	5745
A	-84	1	5103	0.382906880768	raw	5745
A	-84	1	5103	1.23598642073	norm	5745
G	-84	1	1417	0.106325504615	raw	5745
G	-84	1	1417	0.557864069559	norm	5745
C	-84	1	1403	0.105275005628	raw	5745
C	-84	1	1403	0.551486181644	norm	5745
T	-83	1	5559	0.417123133488	raw	5745
T	-83	1	5559	1.35116286713	norm	5745
A	-83	1	4999	0.375103174008	raw	5745
A	-83	1	4999	1.21079680918	norm	5745
C	-83	1	1400	0.105049898702	raw	5745
C	-83	1	1400	0.55030695246	norm	5745
G	-83	1	1369	0.102723793802	raw	5745
G	-83	1	1369	0.538966768685	norm	5745
T	-82	1	5472	0.410595032641	raw	5745
T	-82	1	5472	1.33001676721	norm	5745
A	-82	1	5110	0.383432130262	raw	5745
A	-82	1	5110	1.23768187536	norm	5745
C	-82	1	1460	0.109552037218	raw	5745
C	-82	1	1460	0.573891536137	norm	5745
G	-82	1	1285	0.0964207998799	raw	5745
G	-82	1	1285	0.505896492155	norm	5745
T	-81	1	5330	0.399939971486	raw	5745
T	-81	1	5330	1.29550244321	norm	5745
A	-81	1	5100	0.382681773843	raw	5745
A	-81	1	5100	1.23525979732	norm	5745
G	-81	1	1539	0.11547985293	raw	5745
G	-81	1	1539	0.605894709281	norm	5745
C	-81	1	1358	0.101898401741	raw	5745
C	-81	1	1358	0.533797743886	norm	5745
T	-80	1	5354	0.401740826893	raw	5745
T	-80	1	5354	1.30133585009	norm	5745
A	-80	1	5320	0.399189615067	raw	5745
A	-80	1	5320	1.28854551407	norm	5745
G	-80	1	1404	0.10535004127	raw	5745
G	-80	1	1404	0.552746050572	norm	5745
C	-80	1	1249	0.0937195167705	raw	5745
C	-80	1	1249	0.490952416873	norm	5745
T	-79	1	5575	0.418355095302	raw	5745
T	-79	1	5575	1.35515348986	norm	5745
A	-79	1	5085	0.381584871679	raw	5745
A	-79	1	5085	1.23171910311	norm	5745
C	-79	1	1463	0.10978538196	raw	5745
C	-79	1	1463	0.575113919363	norm	5745
G	-79	1	1203	0.0902746510581	raw	5745
G	-79	1	1203	0.473649143729	norm	5745
T	-78	1	5463	0.409919711863	raw	5745
T	-78	1	5463	1.32782923964	norm	5745
A	-78	1	4944	0.370976213702	raw	5745
A	-78	1	4944	1.19747537999	norm	5745
C	-78	1	1478	0.110902678772	raw	5745
C	-78	1	1478	0.58096691124	norm	5745
G	-78	1	1442	0.108201395663	raw	5745
G	-78	1	1442	0.567706413764	norm	5745
A	-77	1	5304	0.397989044796	raw	5745
A	-77	1	5304	1.28467018922	norm	5745
T	-77	1	5172	0.388084340062	raw	5745
T	-77	1	5172	1.25709918129	norm	5745
C	-77	1	1527	0.114579425227	raw	5745
C	-77	1	1527	0.600227654576	norm	5745
G	-77	1	1324	0.0993471899152	raw	5745
G	-77	1	1324	0.521250549115	norm	5745
T	-76	1	5539	0.41562242065	raw	5745
T	-76	1	5539	1.34630169474	norm	5745
A	-76	1	4968	0.372777069108	raw	5745
A	-76	1	4968	1.20328836728	norm	5745
G	-76	1	1431	0.107376003602	raw	5745
G	-76	1	1431	0.563375782314	norm	5745
C	-76	1	1389	0.104224506641	raw	5745
C	-76	1	1389	0.545983112119	norm	5745
T	-75	1	5477	0.41097021085	raw	5745
T	-75	1	5477	1.33123206031	norm	5745
A	-75	1	5109	0.38335709462	raw	5745
A	-75	1	5109	1.23743966755	norm	5745
C	-75	1	1388	0.104149470999	raw	5745
C	-75	1	1388	0.545590035725	norm	5745
G	-75	1	1353	0.101523223531	raw	5745
G	-75	1	1353	0.532667668393	norm	5745
T	-74	1	5378	0.403541682299	raw	5745
T	-74	1	5378	1.30716925696	norm	5745
A	-74	1	5217	0.391460943948	raw	5745
A	-74	1	5217	1.26359811032	norm	5745
G	-74	1	1374	0.103098972012	raw	5745
G	-74	1	1374	0.540935237526	norm	5745
C	-74	1	1358	0.101898401741	raw	5745
C	-74	1	1358	0.533797743886	norm	5745
T	-73	1	5333	0.400165078412	raw	5745
T	-73	1	5333	1.29623161907	norm	5745
A	-73	1	5082	0.381331132288	raw	5745
A	-73	1	5082	1.23090005686	norm	5745
C	-73	1	1513	0.11352892624	raw	5745
C	-73	1	1513	0.594724585052	norm	5745
G	-73	1	1399	0.10497486306	raw	5745
G	-73	1	1399	0.550777581731	norm	5745
T	-72	1	5530	0.414947099872	raw	5745
T	-72	1	5530	1.34411416716	norm	5745
A	-72	1	5013	0.376153672995	raw	5745
A	-72	1	5013	1.21418771843	norm	5745
C	-72	1	1399	0.10497486306	raw	5745
C	-72	1	1399	0.549913876066	norm	5745
G	-72	1	1385	0.103924364073	raw	5745
G	-72	1	1385	0.545265868976	norm	5745
T	-71	1	5270	0.395437832971	raw	5745
T	-71	1	5270	1.28091892603	norm	5745
A	-71	1	5259	0.394612440909	raw	5745
A	-71	1	5259	1.27377083806	norm	5745
G	-71	1	1425	0.10692578975	raw	5745
G	-71	1	1425	0.561013619705	norm	5745
C	-71	1	1373	0.10302393637	raw	5745
C	-71	1	1373	0.539693889806	norm	5745
T	-70	1	5354	0.401740826893	raw	5745
T	-70	1	5354	1.30133585009	norm	5745
A	-70	1	5317	0.398964508141	raw	5745
A	-70	1	5317	1.28781889066	norm	5745
C	-70	1	1487	0.11157799955	raw	5745
C	-70	1	1487	0.584504598792	norm	5745
G	-70	1	1169	0.0877166654161	raw	5745
G	-70	1	1169	0.460228015042	norm	5745
T	-69	1	5415	0.40631800105	raw	5745
T	-69	1	5415	1.31616242589	norm	5745
A	-69	1	5002	0.375328280933	raw	5745
A	-69	1	5002	1.21152343259	norm	5745
G	-69	1	1487	0.11157799955	raw	5745
G	-69	1	1487	0.585422633334	norm	5745
C	-69	1	1423	0.106775718466	raw	5745
C	-69	1	1423	0.559347709536	norm	5745
T	-68	1	5373	0.403166504089	raw	5745
T	-68	1	5373	1.30595396386	norm	5745
A	-68	1	5132	0.385082914384	raw	5745
A	-68	1	5132	1.24301044703	norm	5745
C	-68	1	1498	0.112403391611	raw	5745
C	-68	1	1498	0.588828439132	norm	5745
G	-68	1	1324	0.0993471899152	raw	5745
G	-68	1	1324	0.521250549115	norm	5745
T	-67	1	5411	0.406017858483	raw	5745
T	-67	1	5411	1.31519019141	norm	5745
A	-67	1	5141	0.385758235162	raw	5745
A	-67	1	5141	1.24519031726	norm	5745
C	-67	1	1427	0.107075861034	raw	5745
C	-67	1	1427	0.560920015115	norm	5745
G	-67	1	1348	0.101148045322	raw	5745
G	-67	1	1348	0.530699199552	norm	5745
T	-66	1	5205	0.390560516245	raw	5745
T	-66	1	5205	1.26512011574	norm	5745
A	-66	1	5169	0.387859233136	raw	5745
A	-66	1	5169	1.25197213576	norm	5745
G	-66	1	1536	0.115254746004	raw	5745
G	-66	1	1536	0.604713627976	norm	5745
C	-66	1	1417	0.106325504615	raw	5745
C	-66	1	1417	0.556989251169	norm	5745
A	-65	1	5308	0.398289187364	raw	5745
A	-65	1	5308	1.28563902043	norm	5745
T	-65	1	5238	0.393036692429	raw	5745
T	-65	1	5238	1.2731410502	norm	5745
G	-65	1	1393	0.104524649208	raw	5745
G	-65	1	1393	0.548415419122	norm	5745
C	-65	1	1388	0.104149470999	raw	5745
C	-65	1	1388	0.545590035725	norm	5745
T	-64	1	5326	0.399639828919	raw	5745
T	-64	1	5326	1.29453020873	norm	5745
A	-64	1	5319	0.399114579425	raw	5745
A	-64	1	5319	1.28830330627	norm	5745
C	-64	1	1587	0.119081563743	raw	5745
C	-64	1	1587	0.623812238253	norm	5745
G	-64	1	1095	0.0821640279133	raw	5745
G	-64	1	1095	0.431094676194	norm	5745
T	-63	1	5414	0.406242965409	raw	5745
T	-63	1	5414	1.31591936727	norm	5745
A	-63	1	5041	0.378254670969	raw	5745
A	-63	1	5041	1.22096953692	norm	5745
C	-63	1	1523	0.114279282659	raw	5745
C	-63	1	1523	0.598655348998	norm	5745
G	-63	1	1349	0.101223080963	raw	5745
G	-63	1	1349	0.53109289332	norm	5745
T	-62	1	5272	0.395587904255	raw	5745
T	-62	1	5272	1.28140504327	norm	5745
A	-62	1	5135	0.38530802131	raw	5745
A	-62	1	5135	1.24373707044	norm	5745
C	-62	1	1574	0.118106100398	raw	5745
C	-62	1	1574	0.618702245123	norm	5745
G	-62	1	1346	0.100997974038	raw	5745
G	-62	1	1346	0.529911812016	norm	5745
T	-61	1	5431	0.407518571321	raw	5745
T	-61	1	5431	1.32005136381	norm	5745
A	-61	1	5269	0.395362797329	raw	5745
A	-61	1	5269	1.2761929161	norm	5745
C	-61	1	1458	0.109401965934	raw	5745
C	-61	1	1458	0.573105383348	norm	5745
G	-61	1	1169	0.0877166654161	raw	5745
G	-61	1	1169	0.460228015042	norm	5745
T	-60	1	5314	0.398739401216	raw	5745
T	-60	1	5314	1.2916135053	norm	5745
A	-60	1	4985	0.374052675021	raw	5745
A	-60	1	4985	1.20740589993	norm	5745
C	-60	1	1573	0.118031064756	raw	5745
C	-60	1	1573	0.618309168729	norm	5745
G	-60	1	1455	0.109176859008	raw	5745
G	-60	1	1455	0.572824432751	norm	5745
T	-59	1	5410	0.405942822841	raw	5745
T	-59	1	5410	1.31494713279	norm	5745
A	-59	1	5296	0.397388759661	raw	5745
A	-59	1	5296	1.28273252679	norm	5745
G	-59	1	1341	0.100622795828	raw	5745
G	-59	1	1341	0.527943343175	norm	5745
C	-59	1	1280	0.0960456216703	raw	5745
C	-59	1	1280	0.503137785107	norm	5745
T	-58	1	5617	0.42147520072	raw	5745
T	-58	1	5617	1.36526026708	norm	5745
A	-58	1	4859	0.364598184137	raw	5745
A	-58	1	4859	1.17688771671	norm	5745
C	-58	1	1471	0.110377429279	raw	5745
C	-58	1	1471	0.578215376478	norm	5745
G	-58	1	1380	0.103549185863	raw	5745
G	-58	1	1380	0.543297400135	norm	5745
T	-57	1	5153	0.386658662865	raw	5745
T	-57	1	5153	1.25248106752	norm	5745
A	-57	1	5099	0.382606738201	raw	5745
A	-57	1	5099	1.23501758952	norm	5745
C	-57	1	1566	0.117505815262	raw	5745
C	-57	1	1566	0.615557633966	norm	5745
G	-57	1	1509	0.113228783672	raw	5745
G	-57	1	1509	0.594083896235	norm	5745
T	-56	1	5272	0.395587904255	raw	5745
T	-56	1	5272	1.28140504327	norm	5745
A	-56	1	5172	0.388084340062	raw	5745
A	-56	1	5172	1.25269875917	norm	5745
C	-56	1	1470	0.110302393637	raw	5745
C	-56	1	1470	0.577822300083	norm	5745
G	-56	1	1413	0.106025362047	raw	5745
G	-56	1	1413	0.556289294486	norm	5745
T	-55	1	5471	0.410519996999	raw	5745
T	-55	1	5471	1.32977370859	norm	5745
A	-55	1	5059	0.379605312523	raw	5745
A	-55	1	5059	1.22532927738	norm	5745
C	-55	1	1587	0.119081563743	raw	5745
C	-55	1	1587	0.623812238253	norm	5745
G	-55	1	1210	0.0907931267352	raw	5745
G	-55	1	1210	0.476369459539	norm	5745
A	-54	1	5261	0.394762512193	raw	5745
A	-54	1	5261	1.27425525367	norm	5745
T	-54	1	5049	0.378854956104	raw	5745
T	-54	1	5049	1.22720297106	norm	5745
G	-54	1	1542	0.115704959856	raw	5745
G	-54	1	1542	0.607075790586	norm	5745
C	-54	1	1475	0.110677571847	raw	5745
C	-54	1	1475	0.579787682056	norm	5745
T	-53	1	5400	0.405192466422	raw	5745
T	-53	1	5400	1.31251654659	norm	5745
A	-53	1	5053	0.379155098672	raw	5745
A	-53	1	5053	1.22387603056	norm	5745
G	-53	1	1524	0.114354318301	raw	5745
G	-53	1	1524	0.599989302758	norm	5745
C	-53	1	1350	0.101298116605	raw	5745
C	-53	1	1350	0.53065313273	norm	5745
A	-52	1	5369	0.402866361522	raw	5745
A	-52	1	5369	1.30041369644	norm	5745
T	-52	1	5126	0.384632700533	raw	5745
T	-52	1	5126	1.24591848478	norm	5745
C	-52	1	1495	0.112178284685	raw	5745
C	-52	1	1495	0.587649209949	norm	5745
G	-52	1	1337	0.10032265326	raw	5745
G	-52	1	1337	0.526368568102	norm	5745
T	-51	1	5295	0.397313724019	raw	5745
T	-51	1	5295	1.28699539152	norm	5745
A	-51	1	5057	0.37945524124	raw	5745
A	-51	1	5057	1.22484486178	norm	5745
G	-51	1	1534	0.11510467472	raw	5745
G	-51	1	1534	0.60392624044	norm	5745
C	-51	1	1441	0.108126360021	raw	5745
C	-51	1	1441	0.566423084639	norm	5745
T	-50	1	5427	0.407218428754	raw	5745
T	-50	1	5427	1.31907912933	norm	5745
A	-50	1	4979	0.373602461169	raw	5745
A	-50	1	4979	1.20595265311	norm	5745
C	-50	1	1496	0.112253320327	raw	5745
C	-50	1	1496	0.588042286343	norm	5745
G	-50	1	1425	0.10692578975	raw	5745
G	-50	1	1425	0.561013619705	norm	5745
A	-49	1	5328	0.399789900203	raw	5745
A	-49	1	5328	1.2904831765	norm	5745
T	-49	1	5277	0.395963082464	raw	5745
T	-49	1	5277	1.28262033637	norm	5745
C	-49	1	1520	0.114054175733	raw	5745
C	-49	1	1520	0.597476119814	norm	5745
G	-49	1	1202	0.0901928415998	raw	5745
G	-49	1	1202	0.473219909393	norm	5745
A	-48	1	5165	0.387559090568	raw	5745
A	-48	1	5165	1.25100330454	norm	5745
T	-48	1	5140	0.38568319952	raw	5745
T	-48	1	5140	1.24932130546	norm	5745
C	-48	1	1693	0.127035341787	raw	5745
C	-48	1	1693	0.665478336082	norm	5745
G	-48	1	1329	0.0997223681249	raw	5745
G	-48	1	1329	0.523219017956	norm	5745
T	-47	1	5271	0.395512868613	raw	5745
T	-47	1	5271	1.28116198465	norm	5745
A	-47	1	5248	0.393787048848	raw	5745
A	-47	1	5248	1.27110655223	norm	5745
G	-47	1	1413	0.106025362047	raw	5745
G	-47	1	1413	0.556289294486	norm	5745
C	-47	1	1395	0.104674720492	raw	5745
C	-47	1	1395	0.548341570487	norm	5745
T	-46	1	5554	0.416747955279	raw	5745
T	-46	1	5554	1.34994757403	norm	5745
A	-46	1	4927	0.369700607789	raw	5745
A	-46	1	4927	1.19335784734	norm	5745
C	-46	1	1473	0.110527500563	raw	5745
C	-46	1	1473	0.579001529267	norm	5745
G	-46	1	1373	0.10302393637	raw	5745
G	-46	1	1373	0.540541543758	norm	5745
A	-45	1	5250	0.393937120132	raw	5745
A	-45	1	5250	1.27159096783	norm	5745
T	-45	1	5103	0.382906880768	raw	5745
T	-45	1	5103	1.24032813653	norm	5745
C	-45	1	1558	0.116905530127	raw	5745
C	-45	1	1558	0.612413022809	norm	5745
G	-45	1	1416	0.106250468973	raw	5745
G	-45	1	1416	0.557470375791	norm	5745
T	-44	1	5259	0.394612440909	raw	5745
T	-44	1	5259	1.27824528121	norm	5745
A	-44	1	5124	0.384482629249	raw	5745
A	-44	1	5124	1.24107278461	norm	5745
C	-44	1	1496	0.112253320327	raw	5745
C	-44	1	1496	0.588042286343	norm	5745
G	-44	1	1448	0.108651609515	raw	5745
G	-44	1	1448	0.570068576374	norm	5745
T	-43	1	5286	0.396638403242	raw	5745
T	-43	1	5286	1.28480786394	norm	5745
A	-43	1	5057	0.37945524124	raw	5745
A	-43	1	5057	1.22484486178	norm	5745
G	-43	1	1514	0.113603961882	raw	5745
G	-43	1	1514	0.596052365076	norm	5745
C	-43	1	1470	0.110302393637	raw	5745
C	-43	1	1470	0.577822300083	norm	5745
T	-42	1	5226	0.392136264726	raw	5745
T	-42	1	5226	1.27022434676	norm	5745
A	-42	1	4900	0.367674645457	raw	5745
A	-42	1	4900	1.18681823664	norm	5745
C	-42	1	1722	0.129211375403	raw	5745
C	-42	1	1722	0.676877551526	norm	5745
G	-42	1	1479	0.110977714414	raw	5745
G	-42	1	1479	0.582273083188	norm	5745
A	-41	1	5363	0.40241614767	raw	5745
A	-41	1	5363	1.29896044962	norm	5745
T	-41	1	5121	0.384257522323	raw	5745
T	-41	1	5121	1.24470319169	norm	5745
C	-41	1	1471	0.110377429279	raw	5745
C	-41	1	1471	0.578215376478	norm	5745
G	-41	1	1372	0.102948900728	raw	5745
G	-41	1	1372	0.540147849989	norm	5745
T	-40	1	5163	0.387409019284	raw	5745
T	-40	1	5163	1.25491165372	norm	5745
A	-40	1	5159	0.387108876716	raw	5745
A	-40	1	5159	1.24955005772	norm	5745
C	-40	1	1521	0.114129211375	raw	5745
C	-40	1	1521	0.597869196209	norm	5745
G	-40	1	1484	0.111352892624	raw	5745
G	-40	1	1484	0.584241552029	norm	5745
T	-39	1	5284	0.396488331958	raw	5745
T	-39	1	5284	1.2843217467	norm	5745
A	-39	1	4938	0.37052599985	raw	5745
A	-39	1	4938	1.19602213317	norm	5745
G	-39	1	1611	0.120882419149	raw	5745
G	-39	1	1611	0.634240660592	norm	5745
C	-39	1	1494	0.112103249043	raw	5745
C	-39	1	1494	0.587256133554	norm	5745
T	-38	1	5203	0.390410444961	raw	5745
T	-38	1	5203	1.2646339985	norm	5745
A	-38	1	5173	0.388159375703	raw	5745
A	-38	1	5173	1.25294096697	norm	5745
G	-38	1	1524	0.114354318301	raw	5745
G	-38	1	1524	0.599989302758	norm	5745
C	-38	1	1427	0.107075861034	raw	5745
C	-38	1	1427	0.560920015115	norm	5745
T	-37	1	5359	0.402116005102	raw	5745
T	-37	1	5359	1.30255114318	norm	5745
A	-37	1	4952	0.371576498837	raw	5745
A	-37	1	4952	1.19941304242	norm	5745
C	-37	1	1638	0.122908381481	raw	5745
C	-37	1	1638	0.643859134378	norm	5745
G	-37	1	1378	0.103399114579	raw	5745
G	-37	1	1378	0.542510012599	norm	5745
T	-36	1	5113	0.383657237188	raw	5745
T	-36	1	5113	1.24275872273	norm	5745
A	-36	1	4894	0.367224431605	raw	5745
A	-36	1	4894	1.18536498982	norm	5745
C	-36	1	1687	0.126585127936	raw	5745
C	-36	1	1687	0.663119877715	norm	5745
G	-36	1	1633	0.122533203272	raw	5745
G	-36	1	1633	0.642901923493	norm	5745
A	-35	1	5175	0.388309446987	raw	5745
A	-35	1	5175	1.25342538258	norm	5745
T	-35	1	5157	0.386958805433	raw	5745
T	-35	1	5157	1.253453302	norm	5745
C	-35	1	1501	0.112628498537	raw	5745
C	-35	1	1501	0.590007668316	norm	5745
G	-35	1	1494	0.112103249043	raw	5745
G	-35	1	1494	0.588178489711	norm	5745
A	-34	1	5210	0.390935694455	raw	5745
A	-34	1	5210	1.2619026557	norm	5745
T	-34	1	5108	0.383282058978	raw	5745
T	-34	1	5108	1.24154342963	norm	5745
C	-34	1	1621	0.121632775568	raw	5745
C	-34	1	1621	0.63717683567	norm	5745
G	-34	1	1388	0.104149470999	raw	5745
G	-34	1	1388	0.546446950281	norm	5745
T	-33	1	5062	0.379830419449	raw	5745
T	-33	1	5062	1.23036273312	norm	5745
A	-33	1	4910	0.368425001876	raw	5745
A	-33	1	4910	1.18924031468	norm	5745
G	-33	1	1704	0.127860733849	raw	5745
G	-33	1	1704	0.670854181036	norm	5745
C	-33	1	1651	0.123883844826	raw	5745
C	-33	1	1651	0.648969127508	norm	5745
A	-32	1	5029	0.377354243266	raw	5745
A	-32	1	5029	1.21806304328	norm	5745
T	-32	1	4959	0.37210174833	raw	5745
T	-32	1	4959	1.20532769529	norm	5745
G	-32	1	1697	0.127335484355	raw	5745
G	-32	1	1697	0.668098324659	norm	5745
C	-32	1	1642	0.123208524049	raw	5745
C	-32	1	1642	0.645431439957	norm	5745
T	-31	1	5197	0.38996023111	raw	5745
T	-31	1	5197	1.26317564679	norm	5745
A	-31	1	4989	0.374352817588	raw	5745
A	-31	1	4989	1.20837473115	norm	5745
C	-31	1	1651	0.123883844826	raw	5745
C	-31	1	1651	0.648969127508	norm	5745
G	-31	1	1490	0.111803106476	raw	5745
G	-31	1	1490	0.586603714639	norm	5745
A	-30	1	5097	0.382456666917	raw	5745
A	-30	1	5097	1.23453317391	norm	5745
T	-30	1	4853	0.364147970286	raw	5745
T	-30	1	4853	1.1795634816	norm	5745
C	-30	1	1806	0.135514369325	raw	5745
C	-30	1	1806	0.709895968674	norm	5745
G	-30	1	1571	0.117880993472	raw	5745
G	-30	1	1571	0.618492909864	norm	5745
T	-29	1	5130	0.3849328431	raw	5745
T	-29	1	5130	1.24689071926	norm	5745
A	-29	1	5116	0.383882344113	raw	5745
A	-29	1	5116	1.23913512218	norm	5745
C	-29	1	1612	0.120957454791	raw	5745
C	-29	1	1612	0.633639148119	norm	5745
G	-29	1	1469	0.110227357995	raw	5745
G	-29	1	1469	0.578336145506	norm	5745
T	-28	1	5132	0.385082914384	raw	5745
T	-28	1	5132	1.2473768365	norm	5745
A	-28	1	4997	0.374953102724	raw	5745
A	-28	1	4997	1.21031239357	norm	5745
C	-28	1	1676	0.125759735875	raw	5745
C	-28	1	1676	0.658796037374	norm	5745
G	-28	1	1522	0.114204247017	raw	5745
G	-28	1	1522	0.599201915221	norm	5745
A	-27	1	5080	0.381181061004	raw	5745
A	-27	1	5080	1.23041564126	norm	5745
T	-27	1	4763	0.357394762512	raw	5745
T	-27	1	4763	1.15768820582	norm	5745
C	-27	1	1781	0.133638478277	raw	5745
C	-27	1	1781	0.700069058808	norm	5745
G	-27	1	1703	0.127785698207	raw	5745
G	-27	1	1703	0.670460487268	norm	5745
T	-26	1	5157	0.386958805433	raw	5745
T	-26	1	5157	1.253453302	norm	5745
A	-26	1	4944	0.370976213702	raw	5745
A	-26	1	4944	1.19747537999	norm	5745
C	-26	1	1616	0.121257597359	raw	5745
C	-26	1	1616	0.635211453697	norm	5745
G	-26	1	1610	0.120807383507	raw	5745
G	-26	1	1610	0.633846966824	norm	5745
A	-25	1	5128	0.384782771817	raw	5745
A	-25	1	5128	1.24204161582	norm	5745
T	-25	1	4918	0.369025287011	raw	5745
T	-25	1	4918	1.19536229188	norm	5745
C	-25	1	1689	0.12673519922	raw	5745
C	-25	1	1689	0.663906030504	norm	5745
G	-25	1	1592	0.119456741952	raw	5745
G	-25	1	1592	0.626760478996	norm	5745
A	-24	1	4989	0.374352817588	raw	5745
A	-24	1	4989	1.20837473115	norm	5745
T	-24	1	4800	0.360171081264	raw	5745
T	-24	1	4800	1.16668137475	norm	5745
C	-24	1	1833	0.137540331658	raw	5745
C	-24	1	1833	0.720509031328	norm	5745
G	-24	1	1705	0.127935769491	raw	5745
G	-24	1	1705	0.671247874805	norm	5745
T	-23	1	5051	0.379005027388	raw	5745
T	-23	1	5051	1.2276890883	norm	5745
A	-23	1	4902	0.36782471674	raw	5745
A	-23	1	4902	1.18730265225	norm	5745
C	-23	1	1701	0.127635626923	raw	5745
C	-23	1	1701	0.668622947239	norm	5745
G	-23	1	1673	0.125534628949	raw	5745
G	-23	1	1673	0.658649674222	norm	5745
T	-22	1	5098	0.382531702559	raw	5745
T	-22	1	5098	1.23911284343	norm	5745
A	-22	1	4715	0.3537930517	raw	5745
A	-22	1	4715	1.14200979302	norm	5745
C	-22	1	1883	0.141292113754	raw	5745
C	-22	1	1883	0.740162851059	norm	5745
G	-22	1	1631	0.122383131988	raw	5745
G	-22	1	1631	0.642114535957	norm	5745
T	-21	1	4972	0.373077211676	raw	5745
T	-21	1	4972	1.20848745734	norm	5745
A	-21	1	4711	0.353492909132	raw	5745
A	-21	1	4711	1.1410409618	norm	5745
C	-21	1	1934	0.145118931492	raw	5745
C	-21	1	1934	0.760209747184	norm	5745
G	-21	1	1710	0.1283109477	raw	5745
G	-21	1	1710	0.673216343646	norm	5745
A	-20	1	5199	0.390110302394	raw	5745
A	-20	1	5199	1.25923836986	norm	5745
T	-20	1	4748	0.356269227883	raw	5745
T	-20	1	4748	1.15404232652	norm	5745
G	-20	1	1766	0.132512943648	raw	5745
G	-20	1	1766	0.695263194666	norm	5745
C	-20	1	1614	0.121107526075	raw	5745
C	-20	1	1614	0.634425300908	norm	5745
T	-19	1	4977	0.373452389885	raw	5745
T	-19	1	4977	1.20970275044	norm	5745
A	-19	1	4885	0.366549110828	raw	5745
A	-19	1	4885	1.18318511959	norm	5745
C	-19	1	1797	0.134839048548	raw	5745
C	-19	1	1797	0.706358281122	norm	5745
G	-19	1	1668	0.125159450739	raw	5745
G	-19	1	1668	0.656681205381	norm	5745
T	-18	1	4907	0.36819989495	raw	5745
T	-18	1	4907	1.19268864706	norm	5745
A	-18	1	4801	0.360246116906	raw	5745
A	-18	1	4801	1.16283966411	norm	5745
C	-18	1	1853	0.139041044496	raw	5745
C	-18	1	1853	0.728370559221	norm	5745
G	-18	1	1766	0.132512943648	raw	5745
G	-18	1	1766	0.695263194666	norm	5745
T	-17	1	4921	0.369250393937	raw	5745
T	-17	1	4921	1.19609146774	norm	5745
A	-17	1	4878	0.366023861334	raw	5745
A	-17	1	4878	1.18148966497	norm	5745
G	-17	1	1769	0.132738050574	raw	5745
G	-17	1	1769	0.69644427597	norm	5745
C	-17	1	1759	0.131987694155	raw	5745
C	-17	1	1759	0.691421378127	norm	5745
A	-16	1	4820	0.361671794102	raw	5745
A	-16	1	4820	1.16744161237	norm	5745
T	-16	1	4806	0.360621295115	raw	5745
T	-16	1	4806	1.16813972647	norm	5745
C	-16	1	1940	0.145569145344	raw	5745
C	-16	1	1940	0.762568205552	norm	5745
G	-16	1	1761	0.132137765439	raw	5745
G	-16	1	1761	0.693294725825	norm	5745
T	-15	1	4948	0.371276356269	raw	5745
T	-15	1	4948	1.20265405047	norm	5745
A	-15	1	4573	0.343137990546	raw	5745
A	-15	1	4573	1.10761628493	norm	5745
C	-15	1	1936	0.145269002776	raw	5745
C	-15	1	1936	0.760995899974	norm	5745
G	-15	1	1870	0.140316650409	raw	5745
G	-15	1	1870	0.73620734656	norm	5745
T	-14	1	4932	0.370075785998	raw	5745
T	-14	1	4932	1.19876511256	norm	5745
A	-14	1	4803	0.360396188189	raw	5745
A	-14	1	4803	1.16332407972	norm	5745
C	-14	1	1855	0.13919111578	raw	5745
C	-14	1	1855	0.72915671201	norm	5745
G	-14	1	1737	0.130336910032	raw	5745
G	-14	1	1737	0.683846075387	norm	5745
T	-13	1	4790	0.359420724844	raw	5745
T	-13	1	4790	1.16425078855	norm	5745
A	-13	1	4774	0.358220154573	raw	5745
A	-13	1	4774	1.15630005342	norm	5745
C	-13	1	2035	0.152697531327	raw	5745
C	-13	1	2035	0.79991046304	norm	5745
G	-13	1	1728	0.129661589255	raw	5745
G	-13	1	1728	0.680302831473	norm	5745
T	-12	1	4917	0.368950251369	raw	5745
T	-12	1	4917	1.19511923326	norm	5745
A	-12	1	4522	0.339311172807	raw	5745
A	-12	1	4522	1.09526368696	norm	5745
C	-12	1	2067	0.155098671869	raw	5745
C	-12	1	2067	0.812488907668	norm	5745
G	-12	1	1821	0.136639903954	raw	5745
G	-12	1	1821	0.716916351917	norm	5745
A	-11	1	4940	0.370676071134	raw	5745
A	-11	1	4940	1.19650654878	norm	5745
T	-11	1	4643	0.348390485481	raw	5745
T	-11	1	4643	1.12852117145	norm	5745
C	-11	1	1941	0.145644180986	raw	5745
C	-11	1	1941	0.762961281947	norm	5745
G	-11	1	1803	0.1352892624	raw	5745
G	-11	1	1803	0.709829864089	norm	5745
T	-10	1	4871	0.365498611841	raw	5745
T	-10	1	4871	1.18393853675	norm	5745
A	-10	1	4783	0.358895475351	raw	5745
A	-10	1	4783	1.15847992365	norm	5745
C	-10	1	1872	0.140466721693	raw	5745
C	-10	1	1872	0.735839010718	norm	5745
G	-10	1	1801	0.135139191116	raw	5745
G	-10	1	1801	0.709042476553	norm	5745
T	-9	1	4841	0.363247542583	raw	5745
T	-9	1	4841	1.17664677816	norm	5745
A	-9	1	4736	0.35536880018	raw	5745
A	-9	1	4736	1.14709615689	norm	5745
G	-9	1	1886	0.14151722068	raw	5745
G	-9	1	1886	0.742506446851	norm	5745
C	-9	1	1864	0.139866436557	raw	5745
C	-9	1	1864	0.732694399561	norm	5745
T	-8	1	4789	0.359345689202	raw	5745
T	-8	1	4789	1.16400772993	norm	5745
A	-8	1	4729	0.354843550687	raw	5745
A	-8	1	4729	1.14540070226	norm	5745
C	-8	1	1935	0.145193967134	raw	5745
C	-8	1	1935	0.760602823579	norm	5745
G	-8	1	1874	0.140616792977	raw	5745
G	-8	1	1874	0.737782121633	norm	5745
T	-7	1	4933	0.37015082164	raw	5745
T	-7	1	4933	1.19900817118	norm	5745
A	-7	1	4373	0.32813086216	raw	5745
A	-7	1	4373	1.05917472425	norm	5745
C	-7	1	2105	0.157950026262	raw	5745
C	-7	1	2105	0.827425810663	norm	5745
G	-7	1	1916	0.143768289938	raw	5745
G	-7	1	1916	0.754317259898	norm	5745
T	-6	1	4587	0.344188489533	raw	5745
T	-6	1	4587	1.11490988875	norm	5745
A	-6	1	4398	0.330006753208	raw	5745
A	-6	1	4398	1.06522991934	norm	5745
C	-6	1	2176	0.163277556839	raw	5745
C	-6	1	2176	0.855334234681	norm	5745
G	-6	1	2166	0.16252720042	raw	5745
G	-6	1	2166	0.852740701951	norm	5745
T	-5	1	4778	0.358520297141	raw	5745
T	-5	1	4778	1.16133408512	norm	5745
A	-5	1	4759	0.357094619944	raw	5745
A	-5	1	4759	1.15266693637	norm	5745
C	-5	1	1918	0.143918361222	raw	5745
C	-5	1	1918	0.753920524871	norm	5745
G	-5	1	1872	0.140466721693	raw	5745
G	-5	1	1872	0.736994734096	norm	5745
T	-4	1	4907	0.36819989495	raw	5745
T	-4	1	4907	1.19268864706	norm	5745
A	-4	1	4689	0.351842125009	raw	5745
A	-4	1	4689	1.13571239013	norm	5745
C	-4	1	2113	0.158550311398	raw	5745
C	-4	1	2113	0.83057042182	norm	5745
G	-4	1	1618	0.121407668643	raw	5745
G	-4	1	1618	0.63699651697	norm	5745
A	-3	1	4663	0.349891198319	raw	5745
A	-3	1	4663	1.12941498724	norm	5745
T	-3	1	4567	0.342687776694	raw	5745
T	-3	1	4567	1.11004871635	norm	5745
C	-3	1	2210	0.165828768665	raw	5745
C	-3	1	2210	0.868698832098	norm	5745
G	-3	1	1887	0.141592256322	raw	5745
G	-3	1	1887	0.742900140619	norm	5745
T	-2	1	5468	0.410294890073	raw	5745
T	-2	1	5468	1.32904453274	norm	5745
A	-2	1	4056	0.304344563668	raw	5745
A	-2	1	4056	0.982394850578	norm	5745
C	-2	1	2151	0.161401665791	raw	5745
C	-2	1	2151	0.845507324816	norm	5745
G	-2	1	1652	0.123958880468	raw	5745
G	-2	1	1652	0.650382105089	norm	5745
T	-1	1	4990	0.37442785323	raw	5745
T	-1	1	4990	1.2128625125	norm	5745
A	-1	1	4384	0.328956254221	raw	5745
A	-1	1	4384	1.06183901009	norm	5745
C	-1	1	2435	0.182711788099	raw	5745
C	-1	1	2435	0.957141020886	norm	5745
G	-1	1	1518	0.11390410445	raw	5745
G	-1	1	1518	0.597627140149	norm	5745
C	0	1	6679	0.50116305245	raw	5745
C	0	1	6679	2.62535723963	norm	5745
A	0	1	3213	0.241089517521	raw	5745
A	0	1	3213	0.778213672314	norm	5745
G	0	1	1877	0.140841899902	raw	5745
G	0	1	1877	0.738963202937	norm	5745
T	0	1	1558	0.116905530127	raw	5745
T	0	1	1558	0.378685329554	norm	5745
A	1	1	5760	0.432205297516	raw	5745
A	1	1	5760	1.39511694757	norm	5745
T	1	1	4512	0.338560816388	raw	5745
T	1	1	4512	1.09668049226	norm	5745
C	1	1	2201	0.165153447888	raw	5745
C	1	1	2201	0.865161144546	norm	5745
G	1	1	854	0.0640804382081	raw	5745
G	1	1	854	0.336214478055	norm	5745
T	2	1	4631	0.347490057777	raw	5745
T	2	1	4631	1.12560446801	norm	5745
A	2	1	4471	0.335484355069	raw	5745
A	2	1	4471	1.08291108899	norm	5745
C	2	1	2232	0.167479552788	raw	5745
C	2	1	2232	0.877346512779	norm	5745
G	2	1	1993	0.149546034366	raw	5745
G	2	1	1993	0.78463168005	norm	5745
T	3	1	5029	0.377354243266	raw	5745
T	3	1	5029	1.22234179867	norm	5745
A	3	1	3979	0.298566819239	raw	5745
A	3	1	3979	0.963744849716	norm	5745
G	3	1	2388	0.179185112929	raw	5745
G	3	1	2388	0.940140718495	norm	5745
C	3	1	1931	0.144893824567	raw	5745
C	3	1	1931	0.759030518001	norm	5745
A	4	1	4775	0.358295190215	raw	5745
A	4	1	4775	1.15654226122	norm	5745
T	4	1	4391	0.329481503714	raw	5745
T	4	1	4391	1.06727039928	norm	5745
G	4	1	2292	0.171981691303	raw	5745
G	4	1	2292	0.902346116746	norm	5745
C	4	1	1869	0.140241614767	raw	5745
C	4	1	1869	0.734659781534	norm	5745
T	5	1	4566	0.342612741052	raw	5745
T	5	1	4566	1.10980565773	norm	5745
A	5	1	4166	0.31259848428	raw	5745
A	5	1	4166	1.00903770895	norm	5745
C	5	1	2377	0.178359720867	raw	5745
C	5	1	2377	0.934342589999	norm	5745
G	5	1	2218	0.166429053801	raw	5745
G	5	1	2218	0.873212777898	norm	5745
T	6	1	4716	0.353868087341	raw	5745
T	6	1	4716	1.14626445069	norm	5745
A	6	1	3869	0.290312898627	raw	5745
A	6	1	3869	0.937101991343	norm	5745
C	6	1	2539	0.19051549486	raw	5745
C	6	1	2539	0.998020965926	norm	5745
G	6	1	2203	0.165303519172	raw	5745
G	6	1	2203	0.867307371375	norm	5745
T	7	1	4796	0.359870938696	raw	5745
T	7	1	4796	1.16570914027	norm	5745
A	7	1	4090	0.306895775493	raw	5745
A	7	1	4090	0.990629915893	norm	5745
C	7	1	2321	0.174157724919	raw	5745
C	7	1	2321	0.9123303119	norm	5745
G	7	1	2120	0.159075560891	raw	5745
G	7	1	2120	0.834630788613	norm	5745
T	8	1	4781	0.358745404067	raw	5745
T	8	1	4781	1.16206326097	norm	5745
A	8	1	4209	0.315825016883	raw	5745
A	8	1	4209	1.0194526445	norm	5745
C	8	1	2184	0.163877841975	raw	5745
C	8	1	2184	0.858478845838	norm	5745
G	8	1	2153	0.161551737075	raw	5745
G	8	1	2153	0.847622682964	norm	5745
T	9	1	4823	0.361896901028	raw	5745
T	9	1	4823	1.172271723	norm	5745
A	9	1	4109	0.30832145269	raw	5745
A	9	1	4109	0.995231864158	norm	5745
G	9	1	2351	0.176408794177	raw	5745
G	9	1	2351	0.925574049071	norm	5745
C	9	1	2044	0.153372852105	raw	5745
C	9	1	2044	0.803448150592	norm	5745
T	10	1	4637	0.347940271629	raw	5745
T	10	1	4637	1.12706281973	norm	5745
A	10	1	4269	0.320327155399	raw	5745
A	10	1	4269	1.0339851127	norm	5745
G	10	1	2233	0.16755458843	raw	5745
G	10	1	2233	0.879118184421	norm	5745
C	10	1	2188	0.164177984543	raw	5745
C	10	1	2188	0.860051151416	norm	5745
T	11	1	4564	0.342462669768	raw	5745
T	11	1	4564	1.10931954049	norm	5745
A	11	1	4192	0.31454941097	raw	5745
A	11	1	4192	1.01533511184	norm	5745
C	11	1	2286	0.171531477452	raw	5745
C	11	1	2286	0.898572638089	norm	5745
G	11	1	2285	0.17145644181	raw	5745
G	11	1	2285	0.899590260369	norm	5745
T	12	1	4704	0.352967659638	raw	5745
T	12	1	4704	1.14334774725	norm	5745
A	12	1	4084	0.306445561642	raw	5745
A	12	1	4084	0.989176669073	norm	5745
C	12	1	2415	0.181211075261	raw	5745
C	12	1	2415	0.949279492994	norm	5745
G	12	1	2124	0.159375703459	raw	5745
G	12	1	2124	0.836205563686	norm	5745
T	13	1	4911	0.368500037518	raw	5745
T	13	1	4911	1.19366088154	norm	5745
A	13	1	4127	0.309672094245	raw	5745
A	13	1	4127	0.999591604619	norm	5745
G	13	1	2164	0.162377129136	raw	5745
G	13	1	2164	0.851953314415	norm	5745
C	13	1	2125	0.159450739101	raw	5745
C	13	1	2125	0.835287338556	norm	5745
T	14	1	4673	0.350641554739	raw	5745
T	14	1	4673	1.13581293004	norm	5745
A	14	1	4264	0.319951977189	raw	5745
A	14	1	4264	1.03277407368	norm	5745
C	14	1	2369	0.177759435732	raw	5745
C	14	1	2369	0.931197978842	norm	5745
G	14	1	2021	0.15164703234	raw	5745
G	14	1	2021	0.79565510556	norm	5745
T	15	1	4623	0.346889772642	raw	5745
T	15	1	4623	1.12365999906	norm	5745
A	15	1	4015	0.301268102349	raw	5745
A	15	1	4015	0.972464330639	norm	5745
C	15	1	2356	0.176783972387	raw	5745
C	15	1	2356	0.926087985712	norm	5745
G	15	1	2333	0.175058152622	raw	5745
G	15	1	2333	0.918487561243	norm	5745
T	16	1	4846	0.363622720792	raw	5745
T	16	1	4846	1.17786207126	norm	5745
A	16	1	3944	0.295940571772	raw	5745
A	16	1	3944	0.955267576597	norm	5745
G	16	1	2462	0.184737750431	raw	5745
G	16	1	2462	0.969274057342	norm	5745
C	16	1	2075	0.155698957005	raw	5745
C	16	1	2075	0.815633518825	norm	5745
T	17	1	4781	0.358745404067	raw	5745
T	17	1	4781	1.16206326097	norm	5745
A	17	1	4275	0.32077736925	raw	5745
A	17	1	4275	1.03543835952	norm	5745
G	17	1	2138	0.160426202446	raw	5745
G	17	1	2138	0.841717276441	norm	5745
C	17	1	2133	0.160051024237	raw	5745
C	17	1	2133	0.838431949713	norm	5745
T	18	1	4581	0.343738275681	raw	5745
T	18	1	4581	1.11345153703	norm	5745
A	18	1	4157	0.311923163503	raw	5745
A	18	1	4157	1.00685783872	norm	5745
C	18	1	2394	0.17963532678	raw	5745
C	18	1	2394	0.941024888707	norm	5745
G	18	1	2195	0.164703234036	raw	5745
G	18	1	2195	0.864157821229	norm	5745
T	19	1	4711	0.353492909132	raw	5745
T	19	1	4711	1.14504915759	norm	5745
A	19	1	4121	0.309221880393	raw	5745
A	19	1	4121	0.998138357799	norm	5745
G	19	1	2257	0.169355443836	raw	5745
G	19	1	2257	0.888566834859	norm	5745
C	19	1	2238	0.167929766639	raw	5745
C	19	1	2238	0.879704971147	norm	5745
T	20	1	5021	0.37675395813	raw	5745
T	20	1	5021	1.22039732971	norm	5745
A	20	1	4161	0.31222330607	raw	5745
A	20	1	4161	1.00782666993	norm	5745
C	20	1	2085	0.156449313424	raw	5745
C	20	1	2085	0.819564282771	norm	5745
G	20	1	2060	0.154573422376	raw	5745
G	20	1	2060	0.81100916252	norm	5745
T	21	1	4690	0.351917160651	raw	5745
T	21	1	4690	1.13994492658	norm	5745
A	21	1	4186	0.314099197119	raw	5745
A	21	1	4186	1.01388186502	norm	5745
C	21	1	2299	0.172506940797	raw	5745
C	21	1	2299	0.903682631219	norm	5745
G	21	1	2152	0.161476701433	raw	5745
G	21	1	2152	0.847228989196	norm	5745
T	22	1	4778	0.358520297141	raw	5745
T	22	1	4778	1.16133408512	norm	5745
A	22	1	4183	0.313874090193	raw	5745
A	22	1	4183	1.01315524161	norm	5745
G	22	1	2207	0.165603661739	raw	5745
G	22	1	2207	0.868882146448	norm	5745
C	22	1	2159	0.162001950927	raw	5745
C	22	1	2159	0.848651935973	norm	5745
T	23	1	4924	0.369475500863	raw	5745
T	23	1	4924	1.1968206436	norm	5745
A	23	1	4088	0.306745704209	raw	5745
A	23	1	4088	0.990145500287	norm	5745
C	23	1	2273	0.170556014107	raw	5745
C	23	1	2273	0.893462644959	norm	5745
G	23	1	2042	0.153222780821	raw	5745
G	23	1	2042	0.803922674693	norm	5745
T	24	1	4550	0.341412170781	raw	5745
T	24	1	4550	1.10591671981	norm	5745
A	24	1	4254	0.31920162077	raw	5745
A	24	1	4254	1.03035199565	norm	5745
C	24	1	2313	0.173557439784	raw	5745
C	24	1	2313	0.909185700743	norm	5745
G	24	1	2210	0.165828768665	raw	5745
G	24	1	2210	0.870063227753	norm	5745
T	25	1	4646	0.348615592406	raw	5745
T	25	1	4646	1.12925034731	norm	5745
A	25	1	4547	0.341187063855	raw	5745
A	25	1	4547	1.10131888205	norm	5745
C	25	1	2125	0.159450739101	raw	5745
C	25	1	2125	0.835287338556	norm	5745
G	25	1	2009	0.150746604637	raw	5745
G	25	1	2009	0.790930780342	norm	5745
T	26	1	4879	0.366098896976	raw	5745
T	26	1	4879	1.18588300571	norm	5745
A	26	1	4322	0.324304044421	raw	5745
A	26	1	4322	1.04682212628	norm	5745
C	26	1	2143	0.160801380656	raw	5745
C	26	1	2143	0.842362713659	norm	5745
G	26	1	1983	0.148795677947	raw	5745
G	26	1	1983	0.780694742368	norm	5745
T	27	1	4769	0.357844976364	raw	5745
T	27	1	4769	1.15914655754	norm	5745
A	27	1	4208	0.315749981241	raw	5745
A	27	1	4208	1.01921043669	norm	5745
C	27	1	2186	0.164027913259	raw	5745
C	27	1	2186	0.859264998627	norm	5745
G	27	1	2164	0.162377129136	raw	5745
G	27	1	2164	0.851953314415	norm	5745
T	28	1	4990	0.37442785323	raw	5745
T	28	1	4990	1.2128625125	norm	5745
A	28	1	4345	0.326029864185	raw	5745
A	28	1	4345	1.05239290576	norm	5745
G	28	1	2006	0.150521497711	raw	5745
G	28	1	2006	0.789749699037	norm	5745
C	28	1	1986	0.149020784873	raw	5745
C	28	1	1986	0.780649719704	norm	5745
T	29	1	4706	0.353117730922	raw	5745
T	29	1	4706	1.14383386449	norm	5745
A	29	1	4370	0.327905755234	raw	5745
A	29	1	4370	1.05844810084	norm	5745
C	29	1	2187	0.164102948901	raw	5745
C	29	1	2187	0.859658075022	norm	5745
G	29	1	2064	0.154873564943	raw	5745
G	29	1	2064	0.812583937593	norm	5745
T	30	1	4958	0.372026712689	raw	5745
T	30	1	4958	1.20508463667	norm	5745
A	30	1	4221	0.316725444586	raw	5745
A	30	1	4221	1.02235913814	norm	5745
C	30	1	2150	0.161326630149	raw	5745
C	30	1	2150	0.845114248421	norm	5745
G	30	1	1998	0.149921212576	raw	5745
G	30	1	1998	0.786600148891	norm	5745
T	31	1	4913	0.368650108802	raw	5745
T	31	1	4913	1.19414699878	norm	5745
A	31	1	4558	0.342012455917	raw	5745
A	31	1	4558	1.10398316788	norm	5745
C	31	1	1931	0.144893824567	raw	5745
C	31	1	1931	0.759030518001	norm	5745
G	31	1	1925	0.144443610715	raw	5745
G	31	1	1925	0.757860503812	norm	5745
T	32	1	4893	0.367149395963	raw	5745
T	32	1	4893	1.18928582639	norm	5745
A	32	1	4466	0.335109176859	raw	5745
A	32	1	4466	1.08170004997	norm	5745
C	32	1	2033	0.152547460044	raw	5745
C	32	1	2033	0.799124310251	norm	5745
G	32	1	1935	0.145193967134	raw	5745
G	32	1	1935	0.761797441494	norm	5745
T	33	1	5100	0.382681773843	raw	5745
T	33	1	5100	1.23959896067	norm	5745
A	33	1	4260	0.319651834621	raw	5745
A	33	1	4260	1.03180524247	norm	5745
C	33	1	2074	0.155623921363	raw	5745
C	33	1	2074	0.81524044243	norm	5745
G	33	1	1893	0.142042470173	raw	5745
G	33	1	1893	0.745262303229	norm	5745
T	34	1	5010	0.375928566069	raw	5745
T	34	1	5010	1.2177236849	norm	5745
A	34	1	4431	0.332482929391	raw	5745
A	34	1	4431	1.07322277685	norm	5745
C	34	1	1945	0.145944323554	raw	5745
C	34	1	1945	0.764533587525	norm	5745
G	34	1	1941	0.145644180986	raw	5745
G	34	1	1941	0.764159604103	norm	5745
T	35	1	5138	0.385533128236	raw	5745
T	35	1	5138	1.24883518822	norm	5745
A	35	1	4380	0.328656111653	raw	5745
A	35	1	4380	1.06087017888	norm	5745
C	35	1	1960	0.147069858183	raw	5745
C	35	1	1960	0.770429733444	norm	5745
G	35	1	1849	0.138740901928	raw	5745
G	35	1	1849	0.727939777427	norm	5745
T	36	1	5188	0.389284910332	raw	5745
T	36	1	5188	1.26098811921	norm	5745
A	36	1	4343	0.325879792902	raw	5745
A	36	1	4343	1.05190849015	norm	5745
G	36	1	2001	0.150146319502	raw	5745
G	36	1	2001	0.787781230196	norm	5745
C	36	1	1795	0.134688977264	raw	5745
C	36	1	1795	0.705572128333	norm	5745
T	37	1	4985	0.374052675021	raw	5745
T	37	1	4985	1.2116472194	norm	5745
A	37	1	4792	0.359570796128	raw	5745
A	37	1	4792	1.16065979388	norm	5745
C	37	1	1782	0.133713513919	raw	5745
C	37	1	1782	0.700462135203	norm	5745
G	37	1	1768	0.132663014932	raw	5745
G	37	1	1768	0.696050582202	norm	5745
T	38	1	5266	0.395137690403	raw	5745
T	38	1	5266	1.27994669155	norm	5745
A	38	1	4488	0.336759960981	raw	5745
A	38	1	4488	1.08702862165	norm	5745
C	38	1	1866	0.140016507841	raw	5745
C	38	1	1866	0.733480552351	norm	5745
G	38	1	1707	0.128085840774	raw	5745
G	38	1	1707	0.672035262341	norm	5745
T	39	1	5309	0.398364223006	raw	5745
T	39	1	5309	1.2903982122	norm	5745
A	39	1	4593	0.344638703384	raw	5745
A	39	1	4593	1.112460441	norm	5745
C	39	1	1846	0.138515795003	raw	5745
C	39	1	1846	0.725619024458	norm	5745
G	39	1	1579	0.118481278607	raw	5745
G	39	1	1579	0.62164246001	norm	5745
T	40	1	5271	0.395512868613	raw	5745
T	40	1	5271	1.28116198465	norm	5745
A	40	1	4591	0.3444886321	raw	5745
A	40	1	4591	1.1119760254	norm	5745
G	40	1	1788	0.134163727771	raw	5745
G	40	1	1788	0.703924457566	norm	5745
C	40	1	1677	0.125834771516	raw	5745
C	40	1	1677	0.659189113768	norm	5745
T	41	1	5452	0.409094319802	raw	5745
T	41	1	5452	1.32515559482	norm	5745
A	41	1	4770	0.357920012006	raw	5745
A	41	1	4770	1.1553312222	norm	5745
G	41	1	1571	0.117880993472	raw	5745
G	41	1	1571	0.618492909864	norm	5745
C	41	1	1534	0.11510467472	raw	5745
C	41	1	1534	0.602979189339	norm	5745
T	42	1	5215	0.391310872665	raw	5745
T	42	1	5215	1.26755070194	norm	5745
A	42	1	4681	0.351241839874	raw	5745
A	42	1	4681	1.1337747277	norm	5745
G	42	1	1742	0.130712088242	raw	5745
G	42	1	1742	0.685814544228	norm	5745
C	42	1	1689	0.12673519922	raw	5745
C	42	1	1689	0.663906030504	norm	5745
T	43	1	5335	0.400315149696	raw	5745
T	43	1	5335	1.29671773631	norm	5745
A	43	1	4895	0.367299467247	raw	5745
A	43	1	4895	1.18560719763	norm	5745
G	43	1	1566	0.117505815262	raw	5745
G	43	1	1566	0.616524441023	norm	5745
C	43	1	1531	0.114879567795	raw	5745
C	43	1	1531	0.601799960155	norm	5745
T	44	1	5407	0.405717715915	raw	5745
T	44	1	5407	1.31421795693	norm	5745
A	44	1	4755	0.356794477377	raw	5745
A	44	1	4755	1.15169810515	norm	5745
G	44	1	1602	0.120207098372	raw	5745
G	44	1	1602	0.630697416679	norm	5745
C	44	1	1563	0.117280708336	raw	5745
C	44	1	1563	0.614378404782	norm	5745
T	45	1	5271	0.395542548402	raw	5745
T	45	1	5271	1.28125812467	norm	5745
A	45	1	4862	0.364850667867	raw	5745
A	45	1	4862	1.17770270979	norm	5745
C	45	1	1649	0.123743058682	raw	5745
C	45	1	1649	0.648231615195	norm	5745
G	45	1	1544	0.115863725049	raw	5745
G	45	1	1544	0.607908792949	norm	5745
T	46	1	5209	0.390889989494	raw	5745
T	46	1	5209	1.2661873594	norm	5745
A	46	1	5113	0.383686027315	raw	5745
A	46	1	5113	1.23850143052	norm	5745
G	46	1	1525	0.114437940867	raw	5745
G	46	1	1525	0.60042805003	norm	5745
C	46	1	1479	0.110986042323	raw	5745
C	46	1	1479	0.581403613628	norm	5745
T	47	1	5455	0.409350142578	raw	5745
T	47	1	5455	1.32598426676	norm	5745
A	47	1	4806	0.360648356596	raw	5745
A	47	1	4806	1.16413805497	norm	5745
C	47	1	1539	0.115488518685	raw	5745
C	47	1	1539	0.604989967122	norm	5745
G	47	1	1526	0.11451298214	raw	5745
G	47	1	1526	0.600821773342	norm	5745
T	48	1	5106	0.383160738406	raw	5745
T	48	1	5106	1.24115044291	norm	5745
A	48	1	5037	0.37798289059	raw	5745
A	48	1	5037	1.22009225612	norm	5745
G	48	1	1702	0.127720246135	raw	5745
G	48	1	1702	0.670117076165	norm	5745
C	48	1	1481	0.111136124869	raw	5745
C	48	1	1481	0.582189825411	norm	5745
T	49	1	5282	0.396368002401	raw	5745
T	49	1	5282	1.28393197012	norm	5745
A	49	1	4969	0.372880084046	raw	5745
A	49	1	4969	1.20362088955	norm	5745
G	49	1	1624	0.121867026865	raw	5745
G	49	1	1624	0.639406657868	norm	5745
C	49	1	1451	0.108884886688	raw	5745
C	49	1	1451	0.570396648664	norm	5745
T	50	1	5434	0.407774275852	raw	5745
T	50	1	5434	1.32087965272	norm	5745
A	50	1	4913	0.368677772775	raw	5745
A	50	1	4913	1.19005623472	norm	5745
C	50	1	1493	0.112036620141	raw	5745
C	50	1	1493	0.58690709611	norm	5745
G	50	1	1486	0.111511331232	raw	5745
G	50	1	1486	0.585072840882	norm	5745
T	51	1	5177	0.388488668768	raw	5745
T	51	1	5177	1.25840889991	norm	5745
A	51	1	5115	0.38383610986	raw	5745
A	51	1	5115	1.23898588248	norm	5745
G	51	1	1522	0.114212817049	raw	5745
G	51	1	1522	0.599246880096	norm	5745
C	51	1	1512	0.113462404322	raw	5745
C	51	1	1512	0.59437610805	norm	5745
T	52	1	5210	0.390965030767	raw	5745
T	52	1	5210	1.26643043626	norm	5745
A	52	1	5122	0.384361398769	raw	5745
A	52	1	5122	1.24068146433	norm	5745
G	52	1	1530	0.114813147231	raw	5745
G	52	1	1530	0.602396666588	norm	5745
C	52	1	1464	0.109860423233	raw	5745
C	52	1	1464	0.575507025255	norm	5745
T	53	1	5360	0.402221221672	raw	5745
T	53	1	5360	1.30289196514	norm	5745
A	53	1	4923	0.369428185502	raw	5745
A	53	1	4923	1.19247849451	norm	5745
C	53	1	1575	0.118190004502	raw	5745
C	53	1	1575	0.619141779219	norm	5745
G	53	1	1468	0.110160588324	raw	5745
G	53	1	1468	0.577985821275	norm	5745
T	54	1	5337	0.4004952724	raw	5745
T	54	1	5337	1.29730119738	norm	5745
A	54	1	4854	0.364250337686	raw	5745
A	54	1	4854	1.17576490196	norm	5745
C	54	1	1577	0.118340087048	raw	5745
C	54	1	1577	0.619927991002	norm	5745
G	54	1	1558	0.116914302867	raw	5745
G	54	1	1558	0.61342091931	norm	5745
T	55	1	5264	0.395017259493	raw	5745
T	55	1	5264	1.27955658666	norm	5745
A	55	1	5219	0.391640402221	raw	5745
A	55	1	5219	1.26417738429	norm	5745
C	55	1	1471	0.110385712142	raw	5745
C	55	1	1471	0.578258766496	norm	5745
G	55	1	1372	0.102956626144	raw	5745
G	55	1	1372	0.540188383371	norm	5745
A	56	1	5392	0.404622542398	raw	5745
A	56	1	5392	1.30608247865	norm	5745
T	56	1	5206	0.390664865676	raw	5745
T	56	1	5206	1.26545812883	norm	5745
C	56	1	1389	0.10423232778	raw	5745
C	56	1	1389	0.546024083387	norm	5745
G	56	1	1339	0.100480264145	raw	5745
G	56	1	1339	0.527195514092	norm	5745
T	57	1	5177	0.388488668768	raw	5745
T	57	1	5177	1.25840889991	norm	5745
A	57	1	5066	0.380159087498	raw	5745
A	57	1	5066	1.22711680951	norm	5745
C	57	1	1571	0.117889839412	raw	5745
C	57	1	1571	0.617569355652	norm	5745
G	57	1	1512	0.113462404322	raw	5745
G	57	1	1512	0.595309646981	norm	5745
T	58	1	5489	0.41190154585	raw	5745
T	58	1	5489	1.33424887997	norm	5745
A	58	1	4952	0.37160438241	raw	5745
A	58	1	4952	1.1995030479	norm	5745
G	58	1	1501	0.112636950323	raw	5745
G	58	1	1501	0.590978690554	norm	5745
C	58	1	1384	0.103857121417	raw	5745
C	58	1	1384	0.544058553929	norm	5745
T	59	1	5292	0.397118415128	raw	5745
T	59	1	5292	1.28636273872	norm	5745
A	59	1	5223	0.391940567312	raw	5745
A	59	1	5223	1.26514628821	norm	5745
G	59	1	1425	0.106933813597	raw	5745
G	59	1	1425	0.561055718881	norm	5745
C	59	1	1386	0.104007203962	raw	5745
C	59	1	1386	0.544844765712	norm	5745
A	60	1	5435	0.407849317124	raw	5745
A	60	1	5435	1.31649819575	norm	5745
T	60	1	5061	0.379783881135	raw	5745
T	60	1	5061	1.23021198425	norm	5745
G	60	1	1438	0.107909350143	raw	5745
G	60	1	1438	0.56617412193	norm	5745
C	60	1	1392	0.104457451598	raw	5745
C	60	1	1392	0.547203401062	norm	5745
T	61	1	5506	0.413177247486	raw	5745
T	61	1	5506	1.33838118658	norm	5745
A	61	1	5139	0.385637100405	raw	5745
A	61	1	5139	1.24479930597	norm	5745
G	61	1	1505	0.112937115413	raw	5745
G	61	1	1505	0.5925535838	norm	5745
C	61	1	1176	0.0882485366952	raw	5745
C	61	1	1176	0.462292528483	norm	5745
A	62	1	5450	0.408974936215	raw	5745
A	62	1	5450	1.32013158543	norm	5745
T	62	1	5103	0.382935614588	raw	5745
T	62	1	5103	1.24042121233	norm	5745
G	62	1	1528	0.114663064686	raw	5745
G	62	1	1528	0.601609219965	norm	5745
C	62	1	1245	0.0934263845115	raw	5745
C	62	1	1245	0.489416835001	norm	5745
T	63	1	5446	0.408674771124	raw	5745
T	63	1	5446	1.32379657503	norm	5745
A	63	1	5096	0.382410325679	raw	5745
A	63	1	5096	1.23438358888	norm	5745
G	63	1	1405	0.105432988143	raw	5745
G	63	1	1405	0.553181252651	norm	5745
C	63	1	1379	0.103481915053	raw	5745
C	63	1	1379	0.542093024471	norm	5745
T	64	1	5463	0.40995047276	raw	5745
T	64	1	5463	1.32792888163	norm	5745
A	64	1	5302	0.397868827855	raw	5745
A	64	1	5302	1.28428214055	norm	5745
G	64	1	1303	0.0977787783281	raw	5745
G	64	1	1303	0.513021474878	norm	5745
C	64	1	1258	0.0944019210566	raw	5745
C	64	1	1258	0.494527211592	norm	5745
T	65	1	5503	0.412952123668	raw	5745
T	65	1	5503	1.337651956	norm	5745
A	65	1	5279	0.396142878583	raw	5745
A	65	1	5279	1.27871094303	norm	5745
G	65	1	1287	0.0965781179649	raw	5745
G	65	1	1287	0.506721901894	norm	5745
C	65	1	1257	0.0943268797839	raw	5745
C	65	1	1257	0.4941341057	norm	5745
A	66	1	5457	0.409500225124	raw	5745
A	66	1	5457	1.32182716729	norm	5745
T	66	1	5183	0.388938916404	raw	5745
T	66	1	5183	1.25986736107	norm	5745
C	66	1	1347	0.101080594327	raw	5745
C	66	1	1347	0.529513635941	norm	5745
G	66	1	1339	0.100480264145	raw	5745
G	66	1	1339	0.527195514092	norm	5745
A	67	1	5324	0.399519735855	raw	5745
A	67	1	5324	1.28961111208	norm	5745
T	67	1	5181	0.388788833859	raw	5745
T	67	1	5181	1.25938120735	norm	5745
G	67	1	1544	0.115863725049	raw	5745
G	67	1	1544	0.607908792949	norm	5745
C	67	1	1277	0.0958277052379	raw	5745
C	67	1	1277	0.501996223532	norm	5745
T	68	1	5256	0.394416929311	raw	5745
T	68	1	5256	1.27761197179	norm	5745
A	68	1	5234	0.392766021312	raw	5745
A	68	1	5234	1.26781077397	norm	5745
G	68	1	1427	0.107083896143	raw	5745
G	68	1	1427	0.561843165504	norm	5745
C	68	1	1409	0.105733153234	raw	5745
C	68	1	1409	0.553886201218	norm	5745
A	69	1	5300	0.39771874531	raw	5745
A	69	1	5300	1.28379768859	norm	5745
T	69	1	5128	0.384811646406	raw	5745
T	69	1	5128	1.24649813381	norm	5745
G	69	1	1534	0.115113312322	raw	5745
G	69	1	1534	0.603971559834	norm	5745
C	69	1	1364	0.102356295963	raw	5745
C	69	1	1364	0.536196436098	norm	5745
A	70	1	5447	0.408749812397	raw	5745
A	70	1	5447	1.3194049075	norm	5745
T	70	1	5289	0.39689329131	raw	5745
T	70	1	5289	1.28563350814	norm	5745
G	70	1	1343	0.100780429236	raw	5745
G	70	1	1343	0.528770407338	norm	5745
C	70	1	1247	0.0935764670569	raw	5745
C	70	1	1247	0.490203046785	norm	5745
A	71	1	5536	0.415428485667	raw	5745
A	71	1	5536	1.34096301963	norm	5745
T	71	1	5041	0.378283055681	raw	5745
T	71	1	5041	1.22535044706	norm	5745
C	71	1	1383	0.103782080144	raw	5745
C	71	1	1383	0.543665448038	norm	5745
G	71	1	1366	0.102506378508	raw	5745
G	71	1	1366	0.537826043502	norm	5745
A	72	1	5475	0.410850968032	raw	5745
A	72	1	5475	1.32618723491	norm	5745
T	72	1	5313	0.398694281855	raw	5745
T	72	1	5313	1.29146735276	norm	5745
C	72	1	1275	0.0956776226925	raw	5745
C	72	1	1275	0.501210011748	norm	5745
G	72	1	1263	0.0947771274201	raw	5745
G	72	1	1263	0.497272542418	norm	5745
T	73	1	5422	0.406873780579	raw	5745
T	73	1	5422	1.31796273041	norm	5745
A	73	1	5286	0.396668167492	raw	5745
A	73	1	5286	1.28040652488	norm	5745
G	73	1	1379	0.103481915053	raw	5745
G	73	1	1379	0.542944446552	norm	5745
C	73	1	1239	0.0929761368753	raw	5745
C	73	1	1239	0.487058199652	norm	5745
A	74	1	5445	0.408599729851	raw	5745
A	74	1	5445	1.31892045554	norm	5745
T	74	1	5388	0.404322377308	raw	5745
T	74	1	5388	1.3096981172	norm	5745
G	74	1	1310	0.098304067237	raw	5745
G	74	1	1310	0.515777538059	norm	5745
C	74	1	1183	0.0887738256041	raw	5745
C	74	1	1183	0.465044269724	norm	5745
A	75	1	5532	0.415128320576	raw	5745
A	75	1	5532	1.33999411571	norm	5745
T	75	1	5190	0.389464205313	raw	5745
T	75	1	5190	1.26156889908	norm	5745
G	75	1	1367	0.102581419781	raw	5745
G	75	1	1367	0.538219766814	norm	5745
C	75	1	1237	0.0928260543299	raw	5745
C	75	1	1237	0.486271987869	norm	5745
A	76	1	5415	0.40634849167	raw	5745
A	76	1	5415	1.31165367617	norm	5745
T	76	1	5381	0.403797088399	raw	5745
T	76	1	5381	1.30799657918	norm	5745
G	76	1	1417	0.106333483416	raw	5745
G	76	1	1417	0.557905932389	norm	5745
C	76	1	1113	0.0835209365151	raw	5745
C	76	1	1113	0.437526857314	norm	5745
A	77	1	5411	0.40604832658	raw	5745
A	77	1	5411	1.31068477225	norm	5745
T	77	1	5288	0.396818250038	raw	5745
T	77	1	5288	1.28539043128	norm	5745
G	77	1	1315	0.0986792736005	raw	5745
G	77	1	1315	0.517746154616	norm	5745
C	77	1	1312	0.0984541497824	raw	5745
C	77	1	1312	0.515754929736	norm	5745
A	78	1	5468	0.410325679124	raw	5745
A	78	1	5468	1.32449165306	norm	5745
T	78	1	5078	0.381059582771	raw	5745
T	78	1	5078	1.23434429085	norm	5745
G	78	1	1490	0.111811496323	raw	5745
G	78	1	1490	0.586647734128	norm	5745
C	78	1	1290	0.096803241783	raw	5745
C	78	1	1290	0.507106600122	norm	5745
T	79	1	5478	0.411076091851	raw	5745
T	79	1	5478	1.33157503452	norm	5745
A	79	1	5401	0.405297913853	raw	5745
A	79	1	5401	1.30826251246	norm	5745
G	79	1	1293	0.0970283656011	raw	5745
G	79	1	1293	0.509084241763	norm	5745
C	79	1	1154	0.0865976286958	raw	5745
C	79	1	1154	0.453644198869	norm	5745
T	80	1	5508	0.413327330032	raw	5745
T	80	1	5508	1.3388673403	norm	5745
A	80	1	5362	0.402371304217	raw	5745
A	80	1	5362	1.29881569928	norm	5745
G	80	1	1249	0.0937265496023	raw	5745
G	80	1	1249	0.491760416058	norm	5745
C	80	1	1207	0.0905748161489	raw	5745
C	80	1	1207	0.474478811122	norm	5745
A	81	1	5490	0.411976587123	raw	5745
A	81	1	5490	1.32982062459	norm	5745
T	81	1	5146	0.386162389314	raw	5745
T	81	1	5146	1.25087351728	norm	5745
G	81	1	1403	0.105282905598	raw	5745
G	81	1	1403	0.552393806028	norm	5745
C	81	1	1287	0.0965781179649	raw	5745
C	81	1	1287	0.505927282447	norm	5745
A	82	1	5430	0.407474110761	raw	5745
A	82	1	5430	1.31528706585	norm	5745
T	82	1	5312	0.398619240582	raw	5745
T	82	1	5312	1.2912242759	norm	5745
G	82	1	1369	0.102731502326	raw	5745
G	82	1	1369	0.539007213437	norm	5745
C	82	1	1215	0.0911751463305	raw	5745
C	82	1	1215	0.477623658254	norm	5745
A	83	1	5365	0.402596428035	raw	5745
A	83	1	5365	1.29954237722	norm	5745
T	83	1	5335	0.400345189854	raw	5745
T	83	1	5335	1.29681504366	norm	5745
C	83	1	1357	0.101831007054	raw	5745
C	83	1	1357	0.533444694857	norm	5745
G	83	1	1269	0.0952273750563	raw	5745
G	83	1	1269	0.499634882287	norm	5745
T	84	1	5249	0.393891640402	raw	5745
T	84	1	5249	1.27591043377	norm	5745
A	84	1	5206	0.390664865676	raw	5745
A	84	1	5206	1.26102844656	norm	5745
G	84	1	1525	0.114437940867	raw	5745
G	84	1	1525	0.60042805003	norm	5745
C	84	1	1346	0.101005553054	raw	5745
C	84	1	1346	0.52912053005	norm	5745
A	85	1	5383	0.403947170944	raw	5745
A	85	1	5383	1.30390244484	norm	5745
T	85	1	5218	0.391565360949	raw	5745
T	85	1	5218	1.26837505114	norm	5745
G	85	1	1511	0.11338736305	raw	5745
G	85	1	1511	0.594915923669	norm	5745
C	85	1	1214	0.0911001050578	raw	5745
C	85	1	1214	0.477230552363	norm	5745
T	86	1	5514	0.413777577668	raw	5745
T	86	1	5514	1.34032580145	norm	5745
A	86	1	5338	0.400570313673	raw	5745
A	86	1	5338	1.29300227579	norm	5745
G	86	1	1330	0.099804892691	raw	5745
G	86	1	1330	0.523652004289	norm	5745
C	86	1	1144	0.0858472159688	raw	5745
C	86	1	1144	0.449713139953	norm	5745
A	87	1	5477	0.411001050578	raw	5745
A	87	1	5477	1.32667168687	norm	5745
T	87	1	5114	0.383761068588	raw	5745
T	87	1	5114	1.24309505778	norm	5745
G	87	1	1494	0.112111661414	raw	5745
G	87	1	1494	0.588222627374	norm	5745
C	87	1	1241	0.0931262194207	raw	5745
C	87	1	1241	0.487844411435	norm	5745
A	88	1	5498	0.412576917305	raw	5745
A	88	1	5498	1.33175843243	norm	5745
T	88	1	5365	0.402596428035	raw	5745
T	88	1	5365	1.30410734943	norm	5745
G	88	1	1344	0.100855470509	raw	5745
G	88	1	1344	0.52916413065	norm	5745
C	88	1	1119	0.0839711841513	raw	5745
C	88	1	1119	0.439885492664	norm	5745
A	89	1	5310	0.398469158037	raw	5745
A	89	1	5310	1.28621994838	norm	5745
T	89	1	5190	0.389464205313	raw	5745
T	89	1	5190	1.26156889908	norm	5745
G	89	1	1446	0.108509680324	raw	5745
G	89	1	1446	0.569323908422	norm	5745
C	89	1	1380	0.103556956326	raw	5745
C	89	1	1380	0.542486130363	norm	5745
T	90	1	5278	0.396067837311	raw	5745
T	90	1	5278	1.28295966269	norm	5745
A	90	1	5217	0.391490319676	raw	5745
A	90	1	5217	1.26369293233	norm	5745
G	90	1	1424	0.106858772325	raw	5745
G	90	1	1424	0.560661995569	norm	5745
C	90	1	1407	0.105583070689	raw	5745
C	90	1	1407	0.553099989435	norm	5745
A	91	1	5439	0.408149482215	raw	5745
A	91	1	5439	1.31746709967	norm	5745
T	91	1	5372	0.403121716944	raw	5745
T	91	1	5372	1.30580888745	norm	5745
G	91	1	1407	0.105583070689	raw	5745
G	91	1	1407	0.553968699274	norm	5745
C	91	1	1108	0.0831457301516	raw	5745
C	91	1	1108	0.435561327857	norm	5745
A	92	1	5478	0.411076091851	raw	5745
A	92	1	5478	1.32691391285	norm	5745
T	92	1	5146	0.386162389314	raw	5745
T	92	1	5146	1.25087351728	norm	5745
C	92	1	1375	0.103181749962	raw	5745
C	92	1	1375	0.540520600905	norm	5745
G	92	1	1327	0.0995797688729	raw	5745
G	92	1	1327	0.522470834354	norm	5745
T	93	1	5320	0.399219570764	raw	5745
T	93	1	5320	1.29316889077	norm	5745
A	93	1	5202	0.390364700585	raw	5745
A	93	1	5202	1.26005954265	norm	5745
G	93	1	1438	0.107909350143	raw	5745
G	93	1	1438	0.56617412193	norm	5745
C	93	1	1366	0.102506378508	raw	5745
C	93	1	1366	0.536982647881	norm	5745
T	94	1	5435	0.407849317124	raw	5745
T	94	1	5435	1.32112272958	norm	5745
A	94	1	5317	0.398994446946	raw	5745
A	94	1	5317	1.28791553023	norm	5745
G	94	1	1427	0.107083896143	raw	5745
G	94	1	1427	0.561843165504	norm	5745
C	94	1	1147	0.0860723397869	raw	5745
C	94	1	1147	0.450892457628	norm	5745
A	95	1	5671	0.425559057482	raw	5745
A	95	1	5671	1.37366352679	norm	5745
T	95	1	5167	0.387738256041	raw	5745
T	95	1	5167	1.25597813132	norm	5745
C	95	1	1298	0.0974035719646	raw	5745
C	95	1	1298	0.510251447254	norm	5745
G	95	1	1190	0.089299114513	raw	5745
G	95	1	1190	0.468530740679	norm	5745
A	96	1	5289	0.39689329131	raw	5745
A	96	1	5289	1.28113320282	norm	5745
T	96	1	5230	0.392465856221	raw	5745
T	96	1	5230	1.27129197345	norm	5745
G	96	1	1429	0.107233978688	raw	5745
G	96	1	1429	0.562630612127	norm	5745
C	96	1	1378	0.103406873781	raw	5745
C	96	1	1378	0.54169991858	norm	5745
A	97	1	5460	0.409725348942	raw	5745
A	97	1	5460	1.32255384522	norm	5745
T	97	1	5326	0.3996698184	raw	5745
T	97	1	5326	1.29462735193	norm	5745
G	97	1	1305	0.0979288608735	raw	5745
G	97	1	1305	0.513808921501	norm	5745
C	97	1	1235	0.0926759717845	raw	5745
C	97	1	1235	0.485485776086	norm	5745
T	98	1	5523	0.414452949122	raw	5745
T	98	1	5523	1.34251349318	norm	5745
A	98	1	5273	0.395692630947	raw	5745
A	98	1	5273	1.27725758715	norm	5745
C	98	1	1301	0.0976286957827	raw	5745
C	98	1	1301	0.511430764929	norm	5745
G	98	1	1229	0.0922257241483	raw	5745
G	98	1	1229	0.483885949828	norm	5745
A	99	1	5321	0.399294612037	raw	5745
A	99	1	5321	1.28888443415	norm	5745
T	99	1	5235	0.392841062584	raw	5745
T	99	1	5235	1.27250735774	norm	5745
G	99	1	1394	0.104607534144	raw	5745
G	99	1	1394	0.548850296224	norm	5745
C	99	1	1376	0.103256791235	raw	5745
C	99	1	1376	0.540913706797	norm	5745
T	100	1	5370	0.402971634399	raw	5745
T	100	1	5370	1.30532273373	norm	5745
A	100	1	5342	0.400870478763	raw	5745
A	100	1	5342	1.2939711797	norm	5745
C	100	1	1323	0.0992796037821	raw	5745
C	100	1	1323	0.520079094544	norm	5745
G	100	1	1291	0.0968782830557	raw	5745
G	100	1	1291	0.50829679514	norm	5745
