#nuc	offset	region.size	count	freq	norm.freq	total.sites
T	-100	1	1157	0.413066761871	raw	1867
T	-100	1	1157	1.01426844239	norm	1867
A	-100	1	1109	0.395930024991	raw	1867
A	-100	1	1109	0.938994210891	norm	1867
C	-100	1	273	0.0974651910032	raw	1867
C	-100	1	273	1.21819417442	norm	1867
G	-100	1	262	0.093538022135	raw	1867
G	-100	1	262	1.02695481898	norm	1867
A	-99	1	1088	0.388432702606	raw	1867
A	-99	1	1088	0.921213436835	norm	1867
T	-99	1	1083	0.386647625848	raw	1867
T	-99	1	1083	0.94939734063	norm	1867
G	-99	1	324	0.115672973938	raw	1867
G	-99	1	324	1.26997466164	norm	1867
C	-99	1	306	0.109246697608	raw	1867
C	-99	1	306	1.36544841529	norm	1867
T	-98	1	1177	0.420207068904	raw	1867
T	-98	1	1177	1.0318011726	norm	1867
A	-98	1	1112	0.397001071046	raw	1867
A	-98	1	1112	0.941534321471	norm	1867
C	-98	1	266	0.0949660835416	raw	1867
C	-98	1	266	1.18695842636	norm	1867
G	-98	1	246	0.0878257765084	raw	1867
G	-98	1	246	0.964240020877	norm	1867
A	-97	1	1119	0.399500178508	raw	1867
A	-97	1	1119	0.947461246156	norm	1867
T	-97	1	1088	0.388432702606	raw	1867
T	-97	1	1088	0.953780523182	norm	1867
G	-97	1	306	0.109246697608	raw	1867
G	-97	1	306	1.19942051377	norm	1867
C	-97	1	288	0.102820421278	raw	1867
C	-97	1	288	1.28512792027	norm	1867
T	-96	1	1208	0.431274544805	raw	1867
T	-96	1	1208	1.05897690442	norm	1867
A	-96	1	1041	0.371652981078	raw	1867
A	-96	1	1041	0.881418371089	norm	1867
C	-96	1	289	0.10317743663	raw	1867
C	-96	1	289	1.28959016999	norm	1867
G	-96	1	263	0.0938950374866	raw	1867
G	-96	1	263	1.03087449386	norm	1867
A	-95	1	1177	0.420207068904	raw	1867
A	-95	1	1177	0.996570050694	norm	1867
T	-95	1	1168	0.416993930739	raw	1867
T	-95	1	1168	1.023911444	norm	1867
C	-95	1	234	0.0835415922885	raw	1867
C	-95	1	234	1.04416643522	norm	1867
G	-95	1	222	0.0792574080685	raw	1867
G	-95	1	222	0.870167823718	norm	1867
T	-94	1	1217	0.43448768297	raw	1867
T	-94	1	1217	1.06686663301	norm	1867
A	-94	1	1092	0.389860764013	raw	1867
A	-94	1	1092	0.924600250941	norm	1867
C	-94	1	274	0.0978222063549	raw	1867
C	-94	1	274	1.22265642415	norm	1867
G	-94	1	218	0.0778293466619	raw	1867
G	-94	1	218	0.854489124192	norm	1867
A	-93	1	1195	0.426633345234	raw	1867
A	-93	1	1195	1.01181071417	norm	1867
T	-93	1	1018	0.36344162799	raw	1867
T	-93	1	1018	0.892415967462	norm	1867
C	-93	1	295	0.10531952874	raw	1867
C	-93	1	295	1.31636366833	norm	1867
G	-93	1	293	0.104605498036	raw	1867
G	-93	1	293	1.14846474031	norm	1867
A	-92	1	1184	0.422706176366	raw	1867
A	-92	1	1184	1.00249697538	norm	1867
T	-92	1	1150	0.410567654409	raw	1867
T	-92	1	1150	1.00813198682	norm	1867
G	-92	1	246	0.0878257765084	raw	1867
G	-92	1	246	0.964240020877	norm	1867
C	-92	1	221	0.0789003927169	raw	1867
C	-92	1	221	0.986157188818	norm	1867
A	-91	1	1151	0.410924669761	raw	1867
A	-91	1	1151	0.974555759005	norm	1867
T	-91	1	1103	0.393787932881	raw	1867
T	-91	1	1103	0.966930070836	norm	1867
G	-91	1	293	0.104605498036	raw	1867
G	-91	1	293	1.14846474031	norm	1867
C	-91	1	254	0.0906818993217	raw	1867
C	-91	1	254	1.13341142968	norm	1867
T	-90	1	1128	0.402713316673	raw	1867
T	-90	1	1128	0.988845983593	norm	1867
A	-90	1	1085	0.387361656551	raw	1867
A	-90	1	1085	0.918673326255	norm	1867
G	-90	1	302	0.107818636201	raw	1867
G	-90	1	302	1.18374181425	norm	1867
C	-90	1	286	0.102106390575	raw	1867
C	-90	1	286	1.27620342082	norm	1867
T	-89	1	1138	0.406283470189	raw	1867
T	-89	1	1138	0.997612348696	norm	1867
A	-89	1	1129	0.403070332024	raw	1867
A	-89	1	1129	0.955928281421	norm	1867
G	-89	1	296	0.105676544091	raw	1867
G	-89	1	296	1.16022376496	norm	1867
C	-89	1	238	0.0849696536951	raw	1867
C	-89	1	238	1.06201543411	norm	1867
T	-88	1	1136	0.405569439486	raw	1867
T	-88	1	1136	0.995859075675	norm	1867
A	-88	1	1091	0.389503748661	raw	1867
A	-88	1	1091	0.923753547414	norm	1867
C	-88	1	305	0.108889682256	raw	1867
C	-88	1	305	1.36098616556	norm	1867
G	-88	1	269	0.0960371295966	raw	1867
G	-88	1	269	1.05439254315	norm	1867
A	-87	1	1124	0.401285255266	raw	1867
A	-87	1	1124	0.951694763789	norm	1867
T	-87	1	1073	0.383077472331	raw	1867
T	-87	1	1073	0.940630975528	norm	1867
C	-87	1	302	0.107818636201	raw	1867
C	-87	1	302	1.34759941639	norm	1867
G	-87	1	302	0.107818636201	raw	1867
G	-87	1	302	1.18374181425	norm	1867
T	-86	1	1240	0.442699036059	raw	1867
T	-86	1	1240	1.08702927274	norm	1867
A	-86	1	1097	0.391645840771	raw	1867
A	-86	1	1097	0.928833768573	norm	1867
G	-86	1	255	0.0910389146733	raw	1867
G	-86	1	255	0.999517094811	norm	1867
C	-86	1	209	0.074616208497	raw	1867
C	-86	1	209	0.93261019214	norm	1867
T	-85	1	1189	0.424491253124	raw	1867
T	-85	1	1189	1.04232081072	norm	1867
A	-85	1	1087	0.388075687255	raw	1867
A	-85	1	1087	0.920366733308	norm	1867
C	-85	1	266	0.0949660835416	raw	1867
C	-85	1	266	1.18695842636	norm	1867
G	-85	1	259	0.09246697608	raw	1867
G	-85	1	259	1.01519579434	norm	1867
A	-84	1	1157	0.413066761871	raw	1867
A	-84	1	1157	0.979635980164	norm	1867
T	-84	1	1124	0.401285255266	raw	1867
T	-84	1	1124	0.985339437552	norm	1867
G	-84	1	270	0.0963941449482	raw	1867
G	-84	1	270	1.05831221804	norm	1867
C	-84	1	250	0.089253837915	raw	1867
C	-84	1	250	1.11556243079	norm	1867
T	-83	1	1186	0.423420207069	raw	1867
T	-83	1	1186	1.03969090119	norm	1867
A	-83	1	1075	0.383791503035	raw	1867
A	-83	1	1075	0.91020629099	norm	1867
C	-83	1	282	0.100678329168	raw	1867
C	-83	1	282	1.25835442193	norm	1867
G	-83	1	258	0.0921099607283	raw	1867
G	-83	1	258	1.01127611946	norm	1867
A	-82	1	1147	0.409496608354	raw	1867
A	-82	1	1147	0.971168944898	norm	1867
T	-82	1	1113	0.397358086398	raw	1867
T	-82	1	1113	0.975696435939	norm	1867
C	-82	1	289	0.10317743663	raw	1867
C	-82	1	289	1.28959016999	norm	1867
G	-82	1	252	0.0899678686184	raw	1867
G	-82	1	252	0.987758070166	norm	1867
T	-81	1	1144	0.408425562299	raw	1867
T	-81	1	1144	1.00287216776	norm	1867
A	-81	1	1064	0.379864334166	raw	1867
A	-81	1	1064	0.900892552199	norm	1867
G	-81	1	306	0.109246697608	raw	1867
G	-81	1	306	1.19942051377	norm	1867
C	-81	1	287	0.102463405926	raw	1867
C	-81	1	287	1.28066567055	norm	1867
T	-80	1	1185	0.423063191717	raw	1867
T	-80	1	1185	1.03881426468	norm	1867
A	-80	1	1138	0.406283470189	raw	1867
A	-80	1	1138	0.96354861316	norm	1867
G	-80	1	251	0.0896108532667	raw	1867
G	-80	1	251	0.983838395285	norm	1867
C	-80	1	227	0.0810424848268	raw	1867
C	-80	1	227	1.01293068716	norm	1867
T	-79	1	1193	0.425919314531	raw	1867
T	-79	1	1193	1.04582735676	norm	1867
A	-79	1	1101	0.393073902178	raw	1867
A	-79	1	1101	0.932220582679	norm	1867
C	-79	1	264	0.0942520528383	raw	1867
C	-79	1	264	1.17803392691	norm	1867
G	-79	1	243	0.0867547304534	raw	1867
G	-79	1	243	0.952480996232	norm	1867
T	-78	1	1130	0.403427347376	raw	1867
T	-78	1	1130	0.990599256613	norm	1867
A	-78	1	1074	0.383434487683	raw	1867
A	-78	1	1074	0.909359587464	norm	1867
C	-78	1	327	0.116744019993	raw	1867
C	-78	1	327	1.45915565947	norm	1867
G	-78	1	270	0.0963941449482	raw	1867
G	-78	1	270	1.05831221804	norm	1867
A	-77	1	1137	0.405926454838	raw	1867
A	-77	1	1137	0.962701909633	norm	1867
T	-77	1	1112	0.397001071046	raw	1867
T	-77	1	1112	0.974819799428	norm	1867
C	-77	1	287	0.102463405926	raw	1867
C	-77	1	287	1.28066567055	norm	1867
G	-77	1	265	0.0946090681899	raw	1867
G	-77	1	265	1.03871384363	norm	1867
T	-76	1	1204	0.429846483399	raw	1867
T	-76	1	1204	1.05547035837	norm	1867
A	-76	1	1072	0.38272045698	raw	1867
A	-76	1	1072	0.907666180411	norm	1867
C	-76	1	270	0.0963941449482	raw	1867
C	-76	1	270	1.20480742525	norm	1867
G	-76	1	255	0.0910389146733	raw	1867
G	-76	1	255	0.999517094811	norm	1867
T	-75	1	1180	0.421278114959	raw	1867
T	-75	1	1180	1.03443108213	norm	1867
A	-75	1	1097	0.391645840771	raw	1867
A	-75	1	1097	0.928833768573	norm	1867
G	-75	1	267	0.0953230988933	raw	1867
G	-75	1	267	1.04655319339	norm	1867
C	-75	1	257	0.0917529453767	raw	1867
C	-75	1	257	1.14679817885	norm	1867
T	-74	1	1167	0.416636915387	raw	1867
T	-74	1	1167	1.02303480749	norm	1867
A	-74	1	1081	0.385933595145	raw	1867
A	-74	1	1081	0.915286512149	norm	1867
C	-74	1	279	0.0996072831132	raw	1867
C	-74	1	279	1.24496767276	norm	1867
G	-74	1	274	0.0978222063549	raw	1867
G	-74	1	274	1.07399091756	norm	1867
A	-73	1	1154	0.411995715816	raw	1867
A	-73	1	1154	0.977095869584	norm	1867
T	-73	1	1074	0.383434487683	raw	1867
T	-73	1	1074	0.941507612038	norm	1867
G	-73	1	294	0.104962513388	raw	1867
G	-73	1	294	1.15238441519	norm	1867
C	-73	1	279	0.0996072831132	raw	1867
C	-73	1	279	1.24496767276	norm	1867
T	-72	1	1148	0.409853623706	raw	1867
T	-72	1	1148	1.0063787138	norm	1867
A	-72	1	1057	0.377365226705	raw	1867
A	-72	1	1057	0.894965627513	norm	1867
G	-72	1	308	0.109960728311	raw	1867
G	-72	1	308	1.20725986354	norm	1867
C	-72	1	288	0.102820421278	raw	1867
C	-72	1	288	1.28512792027	norm	1867
T	-71	1	1164	0.415565869332	raw	1867
T	-71	1	1164	1.02040489796	norm	1867
A	-71	1	1105	0.394501963584	raw	1867
A	-71	1	1105	0.935607396785	norm	1867
G	-71	1	299	0.106747590146	raw	1867
G	-71	1	299	1.1719827896	norm	1867
C	-71	1	233	0.0831845769368	raw	1867
C	-71	1	233	1.0397041855	norm	1867
A	-70	1	1174	0.419136022849	raw	1867
A	-70	1	1174	0.994029940114	norm	1867
T	-70	1	1090	0.38914673331	raw	1867
T	-70	1	1090	0.955533796202	norm	1867
C	-70	1	295	0.10531952874	raw	1867
C	-70	1	295	1.31636366833	norm	1867
G	-70	1	242	0.0863977151017	raw	1867
G	-70	1	242	0.94856132135	norm	1867
A	-69	1	1086	0.387718671903	raw	1867
A	-69	1	1086	0.919520029782	norm	1867
T	-69	1	1085	0.387361656551	raw	1867
T	-69	1	1085	0.951150613651	norm	1867
C	-69	1	335	0.119600142806	raw	1867
C	-69	1	335	1.49485365726	norm	1867
G	-69	1	295	0.10531952874	raw	1867
G	-69	1	295	1.15630409008	norm	1867
T	-68	1	1140	0.406997500893	raw	1867
T	-68	1	1140	0.999365621716	norm	1867
A	-68	1	1083	0.386647625848	raw	1867
A	-68	1	1083	0.916979919202	norm	1867
G	-68	1	292	0.104248482685	raw	1867
G	-68	1	292	1.14454506543	norm	1867
C	-68	1	286	0.102106390575	raw	1867
C	-68	1	286	1.27620342082	norm	1867
T	-67	1	1194	0.426276329882	raw	1867
T	-67	1	1194	1.04670399327	norm	1867
A	-67	1	1055	0.376651196001	raw	1867
A	-67	1	1055	0.89327222046	norm	1867
G	-67	1	277	0.0988932524099	raw	1867
G	-67	1	277	1.08574994221	norm	1867
C	-67	1	275	0.0981792217065	raw	1867
C	-67	1	275	1.22711867387	norm	1867
T	-66	1	1115	0.398072117101	raw	1867
T	-66	1	1115	0.977449708959	norm	1867
A	-66	1	1072	0.38272045698	raw	1867
A	-66	1	1072	0.907666180411	norm	1867
G	-66	1	356	0.127097465191	raw	1867
G	-66	1	356	1.39540425785	norm	1867
C	-66	1	258	0.0921099607283	raw	1867
C	-66	1	258	1.15126042858	norm	1867
A	-65	1	1096	0.391288825419	raw	1867
A	-65	1	1096	0.927987065047	norm	1867
T	-65	1	1075	0.383791503035	raw	1867
T	-65	1	1075	0.942384248548	norm	1867
G	-65	1	390	0.139235987147	raw	1867
G	-65	1	390	1.52867320383	norm	1867
C	-65	1	240	0.0856836843984	raw	1867
C	-65	1	240	1.07093993356	norm	1867
T	-64	1	1160	0.414137807926	raw	1867
T	-64	1	1160	1.01689835192	norm	1867
A	-64	1	1114	0.397715101749	raw	1867
A	-64	1	1114	0.943227728524	norm	1867
C	-64	1	329	0.117458050696	raw	1867
C	-64	1	329	1.46808015892	norm	1867
G	-64	1	198	0.0706890396287	raw	1867
G	-64	1	198	0.776095626559	norm	1867
A	-63	1	1109	0.395930024991	raw	1867
A	-63	1	1109	0.938994210891	norm	1867
T	-63	1	1106	0.394858978936	raw	1867
T	-63	1	1106	0.969559980367	norm	1867
C	-63	1	294	0.104962513388	raw	1867
C	-63	1	294	1.31190141861	norm	1867
G	-63	1	292	0.104248482685	raw	1867
G	-63	1	292	1.14454506543	norm	1867
T	-62	1	1180	0.421278114959	raw	1867
T	-62	1	1180	1.03443108213	norm	1867
A	-62	1	1071	0.382363441628	raw	1867
A	-62	1	1071	0.906819476884	norm	1867
C	-62	1	301	0.10746162085	raw	1867
C	-62	1	301	1.34313716667	norm	1867
G	-62	1	249	0.0888968225634	raw	1867
G	-62	1	249	0.975999045522	norm	1867
T	-61	1	1129	0.403070332024	raw	1867
T	-61	1	1129	0.989722620103	norm	1867
A	-61	1	1070	0.382006426276	raw	1867
A	-61	1	1070	0.905972773358	norm	1867
C	-61	1	313	0.11174580507	raw	1867
C	-61	1	313	1.39668416335	norm	1867
G	-61	1	289	0.10317743663	raw	1867
G	-61	1	289	1.13278604079	norm	1867
A	-60	1	1117	0.398786147804	raw	1867
A	-60	1	1117	0.945767839103	norm	1867
T	-60	1	1059	0.378079257408	raw	1867
T	-60	1	1059	0.928358064384	norm	1867
G	-60	1	326	0.116387004641	raw	1867
G	-60	1	326	1.27781401141	norm	1867
C	-60	1	299	0.106747590146	raw	1867
C	-60	1	299	1.33421266722	norm	1867
T	-59	1	1162	0.414851838629	raw	1867
T	-59	1	1162	1.01865162494	norm	1867
A	-59	1	1129	0.403070332024	raw	1867
A	-59	1	1129	0.955928281421	norm	1867
G	-59	1	261	0.0931810067833	raw	1867
G	-59	1	261	1.0230351441	norm	1867
C	-59	1	249	0.0888968225634	raw	1867
C	-59	1	249	1.11110018107	norm	1867
T	-58	1	1150	0.410567654409	raw	1867
T	-58	1	1150	1.00813198682	norm	1867
A	-58	1	1076	0.384148518386	raw	1867
A	-58	1	1076	0.911052994517	norm	1867
C	-58	1	324	0.115672973938	raw	1867
C	-58	1	324	1.4457689103	norm	1867
G	-58	1	251	0.0896108532667	raw	1867
G	-58	1	251	0.983838395285	norm	1867
A	-57	1	1089	0.388789717958	raw	1867
A	-57	1	1089	0.922060140361	norm	1867
T	-57	1	1080	0.385576579793	raw	1867
T	-57	1	1080	0.9467674311	norm	1867
C	-57	1	352	0.125669403784	raw	1867
C	-57	1	352	1.57071190255	norm	1867
G	-57	1	280	0.0999642984648	raw	1867
G	-57	1	280	1.09750896685	norm	1867
T	-56	1	1201	0.428775437344	raw	1867
T	-56	1	1201	1.05284044884	norm	1867
A	-56	1	1059	0.378079257408	raw	1867
A	-56	1	1059	0.896659034566	norm	1867
C	-56	1	299	0.106747590146	raw	1867
C	-56	1	299	1.33421266722	norm	1867
G	-56	1	242	0.0863977151017	raw	1867
G	-56	1	242	0.94856132135	norm	1867
A	-55	1	1177	0.420207068904	raw	1867
A	-55	1	1177	0.996570050694	norm	1867
T	-55	1	1087	0.388075687255	raw	1867
T	-55	1	1087	0.952903886672	norm	1867
C	-55	1	324	0.115672973938	raw	1867
C	-55	1	324	1.4457689103	norm	1867
G	-55	1	213	0.0760442699036	raw	1867
G	-55	1	213	0.834890749784	norm	1867
T	-54	1	1140	0.406997500893	raw	1867
T	-54	1	1140	0.999365621716	norm	1867
A	-54	1	1082	0.386290610496	raw	1867
A	-54	1	1082	0.916133215676	norm	1867
G	-54	1	295	0.10531952874	raw	1867
G	-54	1	295	1.15630409008	norm	1867
C	-54	1	284	0.101392359871	raw	1867
C	-54	1	284	1.26727892138	norm	1867
A	-53	1	1138	0.406283470189	raw	1867
A	-53	1	1138	0.96354861316	norm	1867
T	-53	1	1130	0.403427347376	raw	1867
T	-53	1	1130	0.990599256613	norm	1867
G	-53	1	273	0.0974651910032	raw	1867
G	-53	1	273	1.07007124268	norm	1867
C	-53	1	260	0.0928239914316	raw	1867
C	-53	1	260	1.16018492802	norm	1867
T	-52	1	1151	0.410924669761	raw	1867
T	-52	1	1151	1.00900862333	norm	1867
A	-52	1	1119	0.399500178508	raw	1867
A	-52	1	1119	0.947461246156	norm	1867
C	-52	1	274	0.0978222063549	raw	1867
C	-52	1	274	1.22265642415	norm	1867
G	-52	1	257	0.0917529453767	raw	1867
G	-52	1	257	1.00735644457	norm	1867
A	-51	1	1106	0.394858978936	raw	1867
A	-51	1	1106	0.936454100312	norm	1867
T	-51	1	1089	0.388789717958	raw	1867
T	-51	1	1089	0.954657159692	norm	1867
C	-51	1	309	0.110317743663	raw	1867
C	-51	1	309	1.37883516446	norm	1867
G	-51	1	297	0.106033559443	raw	1867
G	-51	1	297	1.16414343984	norm	1867
T	-50	1	1160	0.414137807926	raw	1867
T	-50	1	1160	1.01689835192	norm	1867
A	-50	1	1047	0.373795073188	raw	1867
A	-50	1	1047	0.886498592248	norm	1867
G	-50	1	314	0.112102820421	raw	1867
G	-50	1	314	1.23077791283	norm	1867
C	-50	1	280	0.0999642984648	raw	1867
C	-50	1	280	1.24942992248	norm	1867
T	-49	1	1157	0.413066761871	raw	1867
T	-49	1	1157	1.01426844239	norm	1867
A	-49	1	1080	0.385576579793	raw	1867
A	-49	1	1080	0.914439808623	norm	1867
G	-49	1	291	0.103891467333	raw	1867
G	-49	1	291	1.14062539055	norm	1867
C	-49	1	273	0.0974651910032	raw	1867
C	-49	1	273	1.21819417442	norm	1867
T	-48	1	1092	0.389860764013	raw	1867
T	-48	1	1092	0.957287069223	norm	1867
A	-48	1	1076	0.384148518386	raw	1867
A	-48	1	1076	0.911052994517	norm	1867
C	-48	1	363	0.129596572653	raw	1867
C	-48	1	363	1.61979664951	norm	1867
G	-48	1	270	0.0963941449482	raw	1867
G	-48	1	270	1.05831221804	norm	1867
T	-47	1	1129	0.403070332024	raw	1867
T	-47	1	1129	0.989722620103	norm	1867
A	-47	1	1099	0.392359871474	raw	1867
A	-47	1	1099	0.930527175626	norm	1867
G	-47	1	292	0.104248482685	raw	1867
G	-47	1	292	1.14454506543	norm	1867
C	-47	1	281	0.100321313816	raw	1867
C	-47	1	281	1.25389217221	norm	1867
T	-46	1	1236	0.441270974652	raw	1867
T	-46	1	1236	1.0835227267	norm	1867
A	-46	1	1031	0.368082827562	raw	1867
A	-46	1	1031	0.872951335824	norm	1867
C	-46	1	276	0.0985362370582	raw	1867
C	-46	1	276	1.23158092359	norm	1867
G	-46	1	258	0.0921099607283	raw	1867
G	-46	1	258	1.01127611946	norm	1867
A	-45	1	1155	0.412352731167	raw	1867
A	-45	1	1155	0.977942573111	norm	1867
T	-45	1	1108	0.395573009639	raw	1867
T	-45	1	1108	0.971313253387	norm	1867
G	-45	1	272	0.0971081756516	raw	1867
G	-45	1	272	1.0661515678	norm	1867
C	-45	1	266	0.0949660835416	raw	1867
C	-45	1	266	1.18695842636	norm	1867
T	-44	1	1179	0.420921099607	raw	1867
T	-44	1	1179	1.03355444562	norm	1867
A	-44	1	1087	0.388075687255	raw	1867
A	-44	1	1087	0.920366733308	norm	1867
C	-44	1	284	0.101392359871	raw	1867
C	-44	1	284	1.26727892138	norm	1867
G	-44	1	251	0.0896108532667	raw	1867
G	-44	1	251	0.983838395285	norm	1867
T	-43	1	1161	0.414494823277	raw	1867
T	-43	1	1161	1.01777498843	norm	1867
A	-43	1	1028	0.367011781507	raw	1867
A	-43	1	1028	0.870411225245	norm	1867
G	-43	1	311	0.111031774366	raw	1867
G	-43	1	311	1.21901888818	norm	1867
C	-43	1	301	0.10746162085	raw	1867
C	-43	1	301	1.34313716667	norm	1867
T	-42	1	1160	0.414137807926	raw	1867
T	-42	1	1160	1.01689835192	norm	1867
A	-42	1	1016	0.362727597287	raw	1867
A	-42	1	1016	0.860250782927	norm	1867
C	-42	1	338	0.120671188861	raw	1867
C	-42	1	338	1.50824040643	norm	1867
G	-42	1	287	0.102463405926	raw	1867
G	-42	1	287	1.12494669102	norm	1867
T	-41	1	1173	0.418779007497	raw	1867
T	-41	1	1173	1.02829462656	norm	1867
A	-41	1	1054	0.37629418065	raw	1867
A	-41	1	1054	0.892425516934	norm	1867
C	-41	1	288	0.102820421278	raw	1867
C	-41	1	288	1.28512792027	norm	1867
G	-41	1	286	0.102106390575	raw	1867
G	-41	1	286	1.12102701614	norm	1867
A	-40	1	1096	0.391288825419	raw	1867
A	-40	1	1096	0.927987065047	norm	1867
T	-40	1	1089	0.388789717958	raw	1867
T	-40	1	1089	0.954657159692	norm	1867
G	-40	1	316	0.112816851125	raw	1867
G	-40	1	316	1.23861726259	norm	1867
C	-40	1	300	0.107104605498	raw	1867
C	-40	1	300	1.33867491695	norm	1867
A	-39	1	1106	0.394858978936	raw	1867
A	-39	1	1106	0.936454100312	norm	1867
T	-39	1	1102	0.393430917529	raw	1867
T	-39	1	1102	0.966053434326	norm	1867
G	-39	1	338	0.120671188861	raw	1867
G	-39	1	338	1.32485010999	norm	1867
C	-39	1	255	0.0910389146733	raw	1867
C	-39	1	255	1.13787367941	norm	1867
A	-38	1	1151	0.410924669761	raw	1867
A	-38	1	1151	0.974555759005	norm	1867
T	-38	1	1055	0.376651196001	raw	1867
T	-38	1	1055	0.924851518343	norm	1867
C	-38	1	313	0.11174580507	raw	1867
C	-38	1	313	1.39668416335	norm	1867
G	-38	1	282	0.100678329168	raw	1867
G	-38	1	282	1.10534831661	norm	1867
T	-37	1	1171	0.418064976794	raw	1867
T	-37	1	1171	1.02654135353	norm	1867
A	-37	1	1030	0.36772581221	raw	1867
A	-37	1	1030	0.872104632298	norm	1867
C	-37	1	332	0.118529096751	raw	1867
C	-37	1	332	1.48146690809	norm	1867
G	-37	1	268	0.0956801142449	raw	1867
G	-37	1	268	1.05047286827	norm	1867
A	-36	1	1078	0.38486254909	raw	1867
A	-36	1	1078	0.91274640157	norm	1867
T	-36	1	1037	0.370224919672	raw	1867
T	-36	1	1037	0.909072061158	norm	1867
C	-36	1	351	0.125312388433	raw	1867
C	-36	1	351	1.56624965283	norm	1867
G	-36	1	335	0.119600142806	raw	1867
G	-36	1	335	1.31309108534	norm	1867
A	-35	1	1181	0.421635130311	raw	1867
A	-35	1	1181	0.9999568648	norm	1867
T	-35	1	1062	0.379150303463	raw	1867
T	-35	1	1062	0.930987973915	norm	1867
C	-35	1	316	0.112816851125	raw	1867
C	-35	1	316	1.41007091252	norm	1867
G	-35	1	242	0.0863977151017	raw	1867
G	-35	1	242	0.94856132135	norm	1867
T	-34	1	1113	0.397358086398	raw	1867
T	-34	1	1113	0.975696435939	norm	1867
A	-34	1	1073	0.383077472331	raw	1867
A	-34	1	1073	0.908512883937	norm	1867
C	-34	1	338	0.120671188861	raw	1867
C	-34	1	338	1.50824040643	norm	1867
G	-34	1	277	0.0988932524099	raw	1867
G	-34	1	277	1.08574994221	norm	1867
T	-33	1	1099	0.392359871474	raw	1867
T	-33	1	1099	0.963423524795	norm	1867
A	-33	1	1061	0.378793288111	raw	1867
A	-33	1	1061	0.898352441619	norm	1867
G	-33	1	331	0.1181720814	raw	1867
G	-33	1	331	1.29741238581	norm	1867
C	-33	1	310	0.110674759015	raw	1867
C	-33	1	310	1.38329741418	norm	1867
A	-32	1	1098	0.392002856123	raw	1867
A	-32	1	1098	0.9296804721	norm	1867
T	-32	1	1055	0.376651196001	raw	1867
T	-32	1	1055	0.924851518343	norm	1867
G	-32	1	338	0.120671188861	raw	1867
G	-32	1	338	1.32485010999	norm	1867
C	-32	1	310	0.110674759015	raw	1867
C	-32	1	310	1.38329741418	norm	1867
T	-31	1	1135	0.405212424134	raw	1867
T	-31	1	1135	0.994982439165	norm	1867
A	-31	1	1089	0.388789717958	raw	1867
A	-31	1	1089	0.922060140361	norm	1867
C	-31	1	296	0.105676544091	raw	1867
C	-31	1	296	1.32082591806	norm	1867
G	-31	1	281	0.100321313816	raw	1867
G	-31	1	281	1.10142864173	norm	1867
A	-30	1	1146	0.409139593002	raw	1867
A	-30	1	1146	0.970322241372	norm	1867
T	-30	1	1023	0.365226704748	raw	1867
T	-30	1	1023	0.896799150014	norm	1867
G	-30	1	321	0.114601927883	raw	1867
G	-30	1	321	1.258215637	norm	1867
C	-30	1	311	0.111031774366	raw	1867
C	-30	1	311	1.3877596639	norm	1867
T	-29	1	1151	0.410924669761	raw	1867
T	-29	1	1151	1.00900862333	norm	1867
A	-29	1	1097	0.391645840771	raw	1867
A	-29	1	1097	0.928833768573	norm	1867
C	-29	1	283	0.10103534452	raw	1867
C	-29	1	283	1.26281667165	norm	1867
G	-29	1	270	0.0963941449482	raw	1867
G	-29	1	270	1.05831221804	norm	1867
T	-28	1	1147	0.409496608354	raw	1867
T	-28	1	1147	1.00550207729	norm	1867
A	-28	1	1072	0.38272045698	raw	1867
A	-28	1	1072	0.907666180411	norm	1867
C	-28	1	316	0.112816851125	raw	1867
C	-28	1	316	1.41007091252	norm	1867
G	-28	1	266	0.0949660835416	raw	1867
G	-28	1	266	1.04263351851	norm	1867
A	-27	1	1119	0.399500178508	raw	1867
A	-27	1	1119	0.947461246156	norm	1867
T	-27	1	976	0.34844698322	raw	1867
T	-27	1	976	0.855597234031	norm	1867
C	-27	1	362	0.129239557301	raw	1867
C	-27	1	362	1.61533439978	norm	1867
G	-27	1	344	0.122813280971	raw	1867
G	-27	1	344	1.34836815927	norm	1867
T	-26	1	1123	0.400928239914	raw	1867
T	-26	1	1123	0.984462801041	norm	1867
A	-26	1	1044	0.372724027133	raw	1867
A	-26	1	1044	0.883958481669	norm	1867
C	-26	1	319	0.11388789718	raw	1867
C	-26	1	319	1.42345766169	norm	1867
G	-26	1	315	0.112459835773	raw	1867
G	-26	1	315	1.23469758771	norm	1867
A	-25	1	1124	0.401285255266	raw	1867
A	-25	1	1124	0.951694763789	norm	1867
T	-25	1	1009	0.360228489825	raw	1867
T	-25	1	1009	0.88452623887	norm	1867
C	-25	1	361	0.128882541949	raw	1867
C	-25	1	361	1.61087215006	norm	1867
G	-25	1	307	0.10960371296	raw	1867
G	-25	1	307	1.20334018866	norm	1867
A	-24	1	1131	0.403784362728	raw	1867
A	-24	1	1131	0.957621688474	norm	1867
T	-24	1	1003	0.358086397715	raw	1867
T	-24	1	1003	0.879266419808	norm	1867
C	-24	1	342	0.122099250268	raw	1867
C	-24	1	342	1.52608940532	norm	1867
G	-24	1	325	0.11602998929	raw	1867
G	-24	1	325	1.27389433652	norm	1867
T	-23	1	1170	0.417707961442	raw	1867
T	-23	1	1170	1.02566471702	norm	1867
A	-23	1	1048	0.37415208854	raw	1867
A	-23	1	1048	0.887345295775	norm	1867
C	-23	1	295	0.10531952874	raw	1867
C	-23	1	295	1.31636366833	norm	1867
G	-23	1	288	0.102820421278	raw	1867
G	-23	1	288	1.1288663659	norm	1867
T	-22	1	1093	0.390217779365	raw	1867
T	-22	1	1093	0.958163705733	norm	1867
A	-22	1	1062	0.379150303463	raw	1867
A	-22	1	1062	0.899199145146	norm	1867
C	-22	1	340	0.121385219564	raw	1867
C	-22	1	340	1.51716490587	norm	1867
G	-22	1	306	0.109246697608	raw	1867
G	-22	1	306	1.19942051377	norm	1867
T	-21	1	1039	0.370938950375	raw	1867
T	-21	1	1039	0.910825334178	norm	1867
A	-21	1	1029	0.367368796858	raw	1867
A	-21	1	1029	0.871257928771	norm	1867
C	-21	1	392	0.139950017851	raw	1867
C	-21	1	392	1.74920189148	norm	1867
G	-21	1	341	0.121742234916	raw	1867
G	-21	1	341	1.33660913463	norm	1867
A	-20	1	1094	0.390574794716	raw	1867
A	-20	1	1094	0.926293657994	norm	1867
T	-20	1	1018	0.36344162799	raw	1867
T	-20	1	1018	0.892415967462	norm	1867
C	-20	1	348	0.124241342378	raw	1867
C	-20	1	348	1.55286290366	norm	1867
G	-20	1	341	0.121742234916	raw	1867
G	-20	1	341	1.33660913463	norm	1867
T	-19	1	1093	0.390217779365	raw	1867
T	-19	1	1093	0.958163705733	norm	1867
A	-19	1	1057	0.377365226705	raw	1867
A	-19	1	1057	0.894965627513	norm	1867
C	-19	1	332	0.118529096751	raw	1867
C	-19	1	332	1.48146690809	norm	1867
G	-19	1	319	0.11388789718	raw	1867
G	-19	1	319	1.25037628723	norm	1867
T	-18	1	1043	0.372367011782	raw	1867
T	-18	1	1043	0.914331880219	norm	1867
A	-18	1	997	0.355944305605	raw	1867
A	-18	1	997	0.844163415923	norm	1867
C	-18	1	399	0.142449125312	raw	1867
C	-18	1	399	1.78043763954	norm	1867
G	-18	1	362	0.129239557301	raw	1867
G	-18	1	362	1.41892230714	norm	1867
T	-17	1	1047	0.373795073188	raw	1867
T	-17	1	1047	0.91783842626	norm	1867
A	-17	1	1018	0.36344162799	raw	1867
A	-17	1	1018	0.86194418998	norm	1867
C	-17	1	377	0.134594787576	raw	1867
C	-17	1	377	1.68226814563	norm	1867
G	-17	1	359	0.128168511246	raw	1867
G	-17	1	359	1.4071632825	norm	1867
T	-16	1	1113	0.397358086398	raw	1867
T	-16	1	1113	0.975696435939	norm	1867
A	-16	1	969	0.345947875759	raw	1867
A	-16	1	969	0.820455717181	norm	1867
C	-16	1	397	0.141735094609	raw	1867
C	-16	1	397	1.77151314009	norm	1867
G	-16	1	322	0.114958943235	raw	1867
G	-16	1	322	1.26213531188	norm	1867
T	-15	1	1051	0.375223134595	raw	1867
T	-15	1	1051	0.921344972302	norm	1867
A	-15	1	978	0.349161013924	raw	1867
A	-15	1	978	0.82807604892	norm	1867
C	-15	1	416	0.148518386291	raw	1867
C	-15	1	416	1.85629588483	norm	1867
G	-15	1	356	0.127097465191	raw	1867
G	-15	1	356	1.39540425785	norm	1867
T	-14	1	1074	0.383434487683	raw	1867
T	-14	1	1074	0.941507612038	norm	1867
A	-14	1	1042	0.37200999643	raw	1867
A	-14	1	1042	0.882265074616	norm	1867
C	-14	1	380	0.135665833631	raw	1867
C	-14	1	380	1.6956548948	norm	1867
G	-14	1	305	0.108889682256	raw	1867
G	-14	1	305	1.19550083889	norm	1867
T	-13	1	1076	0.384148518386	raw	1867
T	-13	1	1076	0.943260885058	norm	1867
A	-13	1	990	0.353445198144	raw	1867
A	-13	1	990	0.838236491238	norm	1867
C	-13	1	424	0.151374509104	raw	1867
C	-13	1	424	1.89199388262	norm	1867
G	-13	1	311	0.111031774366	raw	1867
G	-13	1	311	1.21901888818	norm	1867
T	-12	1	1025	0.365940735452	raw	1867
T	-12	1	1025	0.898552423034	norm	1867
A	-12	1	973	0.347375937165	raw	1867
A	-12	1	973	0.823842531287	norm	1867
C	-12	1	453	0.161727954302	raw	1867
C	-12	1	453	2.02139912459	norm	1867
G	-12	1	350	0.124955373081	raw	1867
G	-12	1	350	1.37188620856	norm	1867
T	-11	1	1059	0.378079257408	raw	1867
T	-11	1	1059	0.928358064384	norm	1867
A	-11	1	1016	0.362727597287	raw	1867
A	-11	1	1016	0.860250782927	norm	1867
C	-11	1	402	0.143520171367	raw	1867
C	-11	1	402	1.79382438871	norm	1867
G	-11	1	324	0.115672973938	raw	1867
G	-11	1	324	1.26997466164	norm	1867
A	-10	1	1053	0.375937165298	raw	1867
A	-10	1	1053	0.891578813407	norm	1867
T	-10	1	1009	0.360228489825	raw	1867
T	-10	1	1009	0.88452623887	norm	1867
C	-10	1	378	0.134951802928	raw	1867
C	-10	1	378	1.68673039535	norm	1867
G	-10	1	361	0.128882541949	raw	1867
G	-10	1	361	1.41500263226	norm	1867
T	-9	1	1005	0.358800428418	raw	1867
T	-9	1	1005	0.881019692829	norm	1867
A	-9	1	997	0.355944305605	raw	1867
A	-9	1	997	0.844163415923	norm	1867
G	-9	1	409	0.146019278829	raw	1867
G	-9	1	409	1.60314702658	norm	1867
C	-9	1	390	0.139235987147	raw	1867
C	-9	1	390	1.74027739203	norm	1867
T	-8	1	1070	0.382006426276	raw	1867
T	-8	1	1070	0.938001065997	norm	1867
A	-8	1	1000	0.35701535166	raw	1867
A	-8	1	1000	0.846703526503	norm	1867
C	-8	1	375	0.133880756873	raw	1867
C	-8	1	375	1.67334364619	norm	1867
G	-8	1	356	0.127097465191	raw	1867
G	-8	1	356	1.39540425785	norm	1867
T	-7	1	1061	0.378793288111	raw	1867
T	-7	1	1061	0.930111337404	norm	1867
A	-7	1	929	0.331667261692	raw	1867
A	-7	1	929	0.786587576121	norm	1867
C	-7	1	436	0.155658693324	raw	1867
C	-7	1	436	1.9455408793	norm	1867
G	-7	1	375	0.133880756873	raw	1867
G	-7	1	375	1.4698780806	norm	1867
T	-6	1	989	0.353088182792	raw	1867
T	-6	1	989	0.866993508664	norm	1867
A	-6	1	929	0.331667261692	raw	1867
A	-6	1	929	0.786587576121	norm	1867
G	-6	1	464	0.16565512317	raw	1867
G	-6	1	464	1.81872914507	norm	1867
C	-6	1	419	0.149589432346	raw	1867
C	-6	1	419	1.869682634	norm	1867
A	-5	1	1023	0.365226704748	raw	1867
A	-5	1	1023	0.866177707612	norm	1867
T	-5	1	997	0.355944305605	raw	1867
T	-5	1	997	0.874006600747	norm	1867
C	-5	1	398	0.142092109961	raw	1867
C	-5	1	398	1.77597538982	norm	1867
G	-5	1	383	0.136736879686	raw	1867
G	-5	1	383	1.50123547966	norm	1867
A	-4	1	1034	0.369153873617	raw	1867
A	-4	1	1034	0.875491446404	norm	1867
T	-4	1	969	0.345947875759	raw	1867
T	-4	1	969	0.849460778459	norm	1867
C	-4	1	429	0.153159585862	raw	1867
C	-4	1	429	1.91430513124	norm	1867
G	-4	1	369	0.131738664763	raw	1867
G	-4	1	369	1.44636003132	norm	1867
T	-3	1	1013	0.361656551232	raw	1867
T	-3	1	1013	0.888032784911	norm	1867
A	-3	1	965	0.344519814352	raw	1867
A	-3	1	965	0.817068903075	norm	1867
C	-3	1	427	0.152445555159	raw	1867
C	-3	1	427	1.90538063179	norm	1867
G	-3	1	396	0.141378079257	raw	1867
G	-3	1	396	1.55219125312	norm	1867
T	-2	1	1180	0.421278114959	raw	1867
T	-2	1	1180	1.03443108213	norm	1867
A	-2	1	850	0.303463048911	raw	1867
A	-2	1	850	0.719697997527	norm	1867
C	-2	1	404	0.144234202071	raw	1867
C	-2	1	404	1.80274888816	norm	1867
G	-2	1	367	0.131024634059	raw	1867
G	-2	1	367	1.43852068155	norm	1867
T	-1	1	1099	0.392359871474	raw	1867
T	-1	1	1099	0.963423524795	norm	1867
A	-1	1	933	0.333095323099	raw	1867
A	-1	1	933	0.789974390227	norm	1867
C	-1	1	416	0.148518386291	raw	1867
C	-1	1	416	1.85629588483	norm	1867
G	-1	1	353	0.126026419136	raw	1867
G	-1	1	353	1.38364523321	norm	1867
C	0	1	1307	0.46661906462	raw	1867
C	0	1	1307	5.83216038817	norm	1867
A	0	1	784	0.279900035702	raw	1867
A	0	1	784	0.663815564778	norm	1867
G	0	1	377	0.134594787576	raw	1867
G	0	1	377	1.47771743037	norm	1867
T	0	1	333	0.118886112103	raw	1867
T	0	1	333	0.291919957922	norm	1867
A	1	1	1127	0.402356301321	raw	1867
A	1	1	1127	0.954234874368	norm	1867
T	1	1	1089	0.388789717958	raw	1867
T	1	1	1089	0.954657159692	norm	1867
C	1	1	411	0.146733309532	raw	1867
C	1	1	411	1.83398463622	norm	1867
G	1	1	174	0.0621206711889	raw	1867
G	1	1	174	0.682023429401	norm	1867
A	2	1	993	0.354516244199	raw	1867
A	2	1	993	0.840776601817	norm	1867
T	2	1	966	0.344876829704	raw	1867
T	2	1	966	0.846830868928	norm	1867
G	2	1	461	0.164584077115	raw	1867
G	2	1	461	1.80697012042	norm	1867
C	2	1	381	0.136022848983	raw	1867
C	2	1	381	1.70011714452	norm	1867
T	3	1	1095	0.390931810068	raw	1867
T	3	1	1095	0.959916978754	norm	1867
A	3	1	849	0.303106033559	raw	1867
A	3	1	849	0.718851294001	norm	1867
G	3	1	477	0.170296322742	raw	1867
G	3	1	477	1.86968491853	norm	1867
C	3	1	380	0.135665833631	raw	1867
C	3	1	380	1.6956548948	norm	1867
A	4	1	1058	0.377722242056	raw	1867
A	4	1	1058	0.89581233104	norm	1867
T	4	1	906	0.323455908604	raw	1867
T	4	1	906	0.794232678311	norm	1867
G	4	1	472	0.168511245984	raw	1867
G	4	1	472	1.85008654412	norm	1867
C	4	1	365	0.130310603356	raw	1867
C	4	1	365	1.62872114895	norm	1867
T	5	1	1010	0.360585505177	raw	1867
T	5	1	1010	0.88540287538	norm	1867
A	5	1	873	0.311674401999	raw	1867
A	5	1	873	0.739172178637	norm	1867
G	5	1	473	0.168868261335	raw	1867
G	5	1	473	1.854006219	norm	1867
C	5	1	445	0.158871831489	raw	1867
C	5	1	445	1.98570112681	norm	1867
T	6	1	1000	0.35701535166	raw	1867
T	6	1	1000	0.876636510277	norm	1867
A	6	1	806	0.287754373438	raw	1867
A	6	1	806	0.682443042361	norm	1867
C	6	1	570	0.203498750446	raw	1867
C	6	1	570	2.5434823422	norm	1867
G	6	1	425	0.151731524456	raw	1867
G	6	1	425	1.66586182469	norm	1867
T	7	1	1064	0.379864334166	raw	1867
T	7	1	1064	0.932741246935	norm	1867
A	7	1	834	0.297750803285	raw	1867
A	7	1	834	0.706150741103	norm	1867
C	7	1	470	0.16779721528	raw	1867
C	7	1	470	2.09725736989	norm	1867
G	7	1	433	0.154587647269	raw	1867
G	7	1	433	1.69721922374	norm	1867
T	8	1	1085	0.387361656551	raw	1867
T	8	1	1085	0.951150613651	norm	1867
A	8	1	898	0.320599785791	raw	1867
A	8	1	898	0.760339766799	norm	1867
G	8	1	420	0.149946447697	raw	1867
G	8	1	420	1.64626345028	norm	1867
C	8	1	398	0.142092109961	raw	1867
C	8	1	398	1.77597538982	norm	1867
T	9	1	949	0.338807568725	raw	1867
T	9	1	949	0.831928048253	norm	1867
A	9	1	928	0.331310246341	raw	1867
A	9	1	928	0.785740872594	norm	1867
G	9	1	490	0.174937522313	raw	1867
G	9	1	490	1.92064069199	norm	1867
C	9	1	434	0.15494466262	raw	1867
C	9	1	434	1.93661637985	norm	1867
T	10	1	1015	0.362370581935	raw	1867
T	10	1	1015	0.889786057932	norm	1867
A	10	1	872	0.311317386648	raw	1867
A	10	1	872	0.73832547511	norm	1867
G	10	1	493	0.176008568368	raw	1867
G	10	1	493	1.93239971664	norm	1867
C	10	1	421	0.150303463049	raw	1867
C	10	1	421	1.87860713345	norm	1867
T	11	1	946	0.33773652267	raw	1867
T	11	1	946	0.829298138722	norm	1867
A	11	1	932	0.332738307747	raw	1867
A	11	1	932	0.7891276867	norm	1867
G	11	1	481	0.171724384149	raw	1867
G	11	1	481	1.88536361806	norm	1867
C	11	1	442	0.157800785434	raw	1867
C	11	1	442	1.97231437764	norm	1867
T	12	1	1056	0.377008211353	raw	1867
T	12	1	1056	0.925728154853	norm	1867
A	12	1	841	0.300249910746	raw	1867
A	12	1	841	0.712077665789	norm	1867
C	12	1	501	0.178864691182	raw	1867
C	12	1	501	2.2355871113	norm	1867
G	12	1	403	0.143877186719	raw	1867
G	12	1	403	1.57962897729	norm	1867
T	13	1	1011	0.360942520528	raw	1867
T	13	1	1011	0.88627951189	norm	1867
A	13	1	881	0.314530524813	raw	1867
A	13	1	881	0.745945806849	norm	1867
G	13	1	484	0.172795430203	raw	1867
G	13	1	484	1.8971226427	norm	1867
C	13	1	425	0.151731524456	raw	1867
C	13	1	425	1.89645613234	norm	1867
T	14	1	977	0.348803998572	raw	1867
T	14	1	977	0.856473870541	norm	1867
A	14	1	875	0.312388432703	raw	1867
A	14	1	875	0.74086558569	norm	1867
G	14	1	483	0.172438414852	raw	1867
G	14	1	483	1.89320296782	norm	1867
C	14	1	466	0.166369153874	raw	1867
C	14	1	466	2.07940837099	norm	1867
T	15	1	1011	0.360942520528	raw	1867
T	15	1	1011	0.88627951189	norm	1867
A	15	1	875	0.312388432703	raw	1867
A	15	1	875	0.74086558569	norm	1867
G	15	1	466	0.166369153874	raw	1867
G	15	1	466	1.82656849483	norm	1867
C	15	1	449	0.160299892895	raw	1867
C	15	1	449	2.0035501257	norm	1867
T	16	1	1019	0.363798643342	raw	1867
T	16	1	1019	0.893292603973	norm	1867
A	16	1	781	0.278828989647	raw	1867
A	16	1	781	0.661275454199	norm	1867
G	16	1	554	0.19778650482	raw	1867
G	16	1	554	2.17149988441	norm	1867
C	16	1	447	0.159585862192	raw	1867
C	16	1	447	1.99462562625	norm	1867
T	17	1	1066	0.38057836487	raw	1867
T	17	1	1066	0.934494519956	norm	1867
A	17	1	858	0.306319171724	raw	1867
A	17	1	858	0.726471625739	norm	1867
G	17	1	452	0.16137093895	raw	1867
G	17	1	452	1.77169304649	norm	1867
C	17	1	425	0.151731524456	raw	1867
C	17	1	425	1.89645613234	norm	1867
T	18	1	1034	0.369153873617	raw	1867
T	18	1	1034	0.906442151627	norm	1867
A	18	1	864	0.308461263834	raw	1867
A	18	1	864	0.731551846898	norm	1867
G	18	1	467	0.166726169225	raw	1867
G	18	1	467	1.83048816971	norm	1867
C	18	1	436	0.155658693324	raw	1867
C	18	1	436	1.9455408793	norm	1867
T	19	1	973	0.347375937165	raw	1867
T	19	1	973	0.8529673245	norm	1867
A	19	1	855	0.305248125669	raw	1867
A	19	1	855	0.72393151516	norm	1867
C	19	1	495	0.176722599072	raw	1867
C	19	1	495	2.20881361296	norm	1867
G	19	1	478	0.170653338094	raw	1867
G	19	1	478	1.87360459341	norm	1867
T	20	1	1050	0.374866119243	raw	1867
T	20	1	1050	0.920468335791	norm	1867
A	20	1	823	0.293823634416	raw	1867
A	20	1	823	0.696837002312	norm	1867
C	20	1	470	0.16779721528	raw	1867
C	20	1	470	2.09725736989	norm	1867
G	20	1	458	0.16351303106	raw	1867
G	20	1	458	1.79521109578	norm	1867
A	21	1	974	0.347732952517	raw	1867
A	21	1	974	0.824689234814	norm	1867
T	21	1	956	0.341306676187	raw	1867
T	21	1	956	0.838064503825	norm	1867
G	21	1	440	0.15708675473	raw	1867
G	21	1	440	1.72465694791	norm	1867
C	21	1	431	0.153873616566	raw	1867
C	21	1	431	1.92322963068	norm	1867
T	22	1	1022	0.364869689397	raw	1867
T	22	1	1022	0.895922513503	norm	1867
A	22	1	926	0.330596215637	raw	1867
A	22	1	926	0.784047465541	norm	1867
G	22	1	427	0.152445555159	raw	1867
G	22	1	427	1.67370117445	norm	1867
C	22	1	426	0.152088539807	raw	1867
C	22	1	426	1.90091838207	norm	1867
T	23	1	1049	0.374509103891	raw	1867
T	23	1	1049	0.919591699281	norm	1867
A	23	1	872	0.311317386648	raw	1867
A	23	1	872	0.73832547511	norm	1867
C	23	1	441	0.157443770082	raw	1867
C	23	1	441	1.96785212791	norm	1867
G	23	1	439	0.156729739379	raw	1867
G	23	1	439	1.72073727303	norm	1867
T	24	1	969	0.345947875759	raw	1867
T	24	1	969	0.849460778459	norm	1867
A	24	1	900	0.321313816494	raw	1867
A	24	1	900	0.762033173852	norm	1867
G	24	1	504	0.179935737237	raw	1867
G	24	1	504	1.97551614033	norm	1867
C	24	1	428	0.152802570511	raw	1867
C	24	1	428	1.90984288151	norm	1867
A	25	1	979	0.349518029275	raw	1867
A	25	1	979	0.828922752446	norm	1867
T	25	1	917	0.327383077472	raw	1867
T	25	1	917	0.803875679924	norm	1867
C	25	1	467	0.166726169225	raw	1867
C	25	1	467	2.08387062072	norm	1867
G	25	1	438	0.156372724027	raw	1867
G	25	1	438	1.71681759815	norm	1867
T	26	1	1089	0.388789717958	raw	1867
T	26	1	1089	0.954657159692	norm	1867
A	26	1	847	0.302392002856	raw	1867
A	26	1	847	0.717157886948	norm	1867
C	26	1	466	0.166369153874	raw	1867
C	26	1	466	2.07940837099	norm	1867
G	26	1	399	0.142449125312	raw	1867
G	26	1	399	1.56395027776	norm	1867
T	27	1	1050	0.374866119243	raw	1867
T	27	1	1050	0.920468335791	norm	1867
A	27	1	895	0.319528739736	raw	1867
A	27	1	895	0.75779965622	norm	1867
G	27	1	456	0.162799000357	raw	1867
G	27	1	456	1.78737174602	norm	1867
C	27	1	400	0.142806140664	raw	1867
C	27	1	400	1.78489988926	norm	1867
T	28	1	1137	0.405926454838	raw	1867
T	28	1	1137	0.996735712185	norm	1867
A	28	1	895	0.319528739736	raw	1867
A	28	1	895	0.75779965622	norm	1867
G	28	1	387	0.138164941092	raw	1867
G	28	1	387	1.51691417918	norm	1867
C	28	1	382	0.136379864334	raw	1867
C	28	1	382	1.70457939425	norm	1867
T	29	1	1073	0.383077472331	raw	1867
T	29	1	1073	0.940630975528	norm	1867
A	29	1	915	0.326669046769	raw	1867
A	29	1	915	0.77473372675	norm	1867
G	29	1	414	0.147804355587	raw	1867
G	29	1	414	1.62274540099	norm	1867
C	29	1	399	0.142449125312	raw	1867
C	29	1	399	1.78043763954	norm	1867
T	30	1	1067	0.380935380221	raw	1867
T	30	1	1067	0.935371156466	norm	1867
A	30	1	915	0.326669046769	raw	1867
A	30	1	915	0.77473372675	norm	1867
C	30	1	415	0.148161370939	raw	1867
C	30	1	415	1.85183363511	norm	1867
G	30	1	404	0.144234202071	raw	1867
G	30	1	404	1.58354865217	norm	1867
T	31	1	1016	0.362727597287	raw	1867
T	31	1	1016	0.890662694442	norm	1867
A	31	1	947	0.338093538022	raw	1867
A	31	1	947	0.801828239598	norm	1867
G	31	1	431	0.153873616566	raw	1867
G	31	1	431	1.68937987398	norm	1867
C	31	1	407	0.145305248126	raw	1867
C	31	1	407	1.81613563733	norm	1867
A	32	1	992	0.354159228847	raw	1867
A	32	1	992	0.839929898291	norm	1867
T	32	1	979	0.349518029275	raw	1867
T	32	1	979	0.858227143562	norm	1867
G	32	1	418	0.149232416994	raw	1867
G	32	1	418	1.63842410051	norm	1867
C	32	1	412	0.147090324884	raw	1867
C	32	1	412	1.83844688594	norm	1867
T	33	1	1063	0.379507318815	raw	1867
T	33	1	1063	0.931864610425	norm	1867
A	33	1	876	0.312745448054	raw	1867
A	33	1	876	0.741712289216	norm	1867
G	33	1	434	0.15494466262	raw	1867
G	33	1	434	1.70113889862	norm	1867
C	33	1	428	0.152802570511	raw	1867
C	33	1	428	1.90984288151	norm	1867
T	34	1	1068	0.381292395573	raw	1867
T	34	1	1068	0.936247792976	norm	1867
A	34	1	967	0.345233845055	raw	1867
A	34	1	967	0.818762310128	norm	1867
G	34	1	387	0.138164941092	raw	1867
G	34	1	387	1.51691417918	norm	1867
C	34	1	379	0.135308818279	raw	1867
C	34	1	379	1.69119264508	norm	1867
T	35	1	1075	0.383791503035	raw	1867
T	35	1	1075	0.942384248548	norm	1867
A	35	1	930	0.332024277044	raw	1867
A	35	1	930	0.787434279647	norm	1867
G	35	1	418	0.149232416994	raw	1867
G	35	1	418	1.63842410051	norm	1867
C	35	1	378	0.134951802928	raw	1867
C	35	1	378	1.68673039535	norm	1867
T	36	1	1103	0.393787932881	raw	1867
T	36	1	1103	0.966930070836	norm	1867
A	36	1	908	0.324169939307	raw	1867
A	36	1	908	0.768806802064	norm	1867
G	36	1	438	0.156372724027	raw	1867
G	36	1	438	1.71681759815	norm	1867
C	36	1	352	0.125669403784	raw	1867
C	36	1	352	1.57071190255	norm	1867
T	37	1	1137	0.405926454838	raw	1867
T	37	1	1137	0.996735712185	norm	1867
A	37	1	965	0.344519814352	raw	1867
A	37	1	965	0.817068903075	norm	1867
C	37	1	354	0.126383434488	raw	1867
C	37	1	354	1.579636402	norm	1867
G	37	1	345	0.123170296323	raw	1867
G	37	1	345	1.35228783416	norm	1867
T	38	1	1080	0.385576579793	raw	1867
T	38	1	1080	0.9467674311	norm	1867
A	38	1	964	0.344162799	raw	1867
A	38	1	964	0.816222199549	norm	1867
C	38	1	411	0.146733309532	raw	1867
C	38	1	411	1.83398463622	norm	1867
G	38	1	346	0.123527311674	raw	1867
G	38	1	346	1.35620750904	norm	1867
T	39	1	1165	0.415922884684	raw	1867
T	39	1	1165	1.02128153447	norm	1867
A	39	1	953	0.340235630132	raw	1867
A	39	1	953	0.806908460757	norm	1867
C	39	1	392	0.139950017851	raw	1867
C	39	1	392	1.74920189148	norm	1867
G	39	1	291	0.103891467333	raw	1867
G	39	1	291	1.14062539055	norm	1867
T	40	1	1192	0.425562299179	raw	1867
T	40	1	1192	1.04495072025	norm	1867
A	40	1	929	0.331667261692	raw	1867
A	40	1	929	0.786587576121	norm	1867
G	40	1	357	0.127454480543	raw	1867
G	40	1	357	1.39932393274	norm	1867
C	40	1	323	0.115315958586	raw	1867
C	40	1	323	1.44130666058	norm	1867
T	41	1	1120	0.399857193859	raw	1867
T	41	1	1120	0.981832891511	norm	1867
A	41	1	997	0.355944305605	raw	1867
A	41	1	997	0.844163415923	norm	1867
G	41	1	361	0.128882541949	raw	1867
G	41	1	361	1.41500263226	norm	1867
C	41	1	323	0.115315958586	raw	1867
C	41	1	323	1.44130666058	norm	1867
T	42	1	1080	0.385576579793	raw	1867
T	42	1	1080	0.9467674311	norm	1867
A	42	1	1069	0.381649410925	raw	1867
A	42	1	1069	0.905126069831	norm	1867
G	42	1	328	0.117101035345	raw	1867
G	42	1	328	1.28565336117	norm	1867
C	42	1	324	0.115672973938	raw	1867
C	42	1	324	1.4457689103	norm	1867
T	43	1	1162	0.414851838629	raw	1867
T	43	1	1162	1.01865162494	norm	1867
A	43	1	1045	0.373081042485	raw	1867
A	43	1	1045	0.884805185195	norm	1867
G	43	1	320	0.114244912531	raw	1867
G	43	1	320	1.25429596212	norm	1867
C	43	1	274	0.0978222063549	raw	1867
C	43	1	274	1.22265642415	norm	1867
T	44	1	1179	0.420921099607	raw	1867
T	44	1	1179	1.03355444562	norm	1867
A	44	1	1005	0.358800428418	raw	1867
A	44	1	1005	0.850937044135	norm	1867
G	44	1	320	0.114244912531	raw	1867
G	44	1	320	1.25429596212	norm	1867
C	44	1	297	0.106033559443	raw	1867
C	44	1	297	1.32528816778	norm	1867
T	45	1	1151	0.410924669761	raw	1867
T	45	1	1151	1.00900862333	norm	1867
A	45	1	995	0.355230274902	raw	1867
A	45	1	995	0.84247000887	norm	1867
G	45	1	333	0.118886112103	raw	1867
G	45	1	333	1.30525173558	norm	1867
C	45	1	322	0.114958943235	raw	1867
C	45	1	322	1.43684441086	norm	1867
T	46	1	1152	0.411281685112	raw	1867
T	46	1	1152	1.00988525984	norm	1867
A	46	1	1088	0.388432702606	raw	1867
A	46	1	1088	0.921213436835	norm	1867
C	46	1	283	0.10103534452	raw	1867
C	46	1	283	1.26281667165	norm	1867
G	46	1	278	0.0992502677615	raw	1867
G	46	1	278	1.08966961709	norm	1867
T	47	1	1182	0.421992145662	raw	1867
T	47	1	1182	1.03618435515	norm	1867
A	47	1	1027	0.366654766155	raw	1867
A	47	1	1027	0.869564521718	norm	1867
G	47	1	301	0.10746162085	raw	1867
G	47	1	301	1.17982213937	norm	1867
C	47	1	291	0.103891467333	raw	1867
C	47	1	291	1.29851466944	norm	1867
T	48	1	1110	0.396287040343	raw	1867
T	48	1	1110	0.973066526408	norm	1867
A	48	1	1087	0.388075687255	raw	1867
A	48	1	1087	0.920366733308	norm	1867
G	48	1	328	0.117101035345	raw	1867
G	48	1	328	1.28565336117	norm	1867
C	48	1	276	0.0985362370582	raw	1867
C	48	1	276	1.23158092359	norm	1867
T	49	1	1090	0.38914673331	raw	1867
T	49	1	1090	0.955533796202	norm	1867
A	49	1	1083	0.386647625848	raw	1867
A	49	1	1083	0.916979919202	norm	1867
C	49	1	315	0.112459835773	raw	1867
C	49	1	315	1.4056086628	norm	1867
G	49	1	313	0.11174580507	raw	1867
G	49	1	313	1.22685823794	norm	1867
T	50	1	1157	0.413066761871	raw	1867
T	50	1	1157	1.01426844239	norm	1867
A	50	1	1029	0.367368796858	raw	1867
A	50	1	1029	0.871257928771	norm	1867
G	50	1	308	0.109960728311	raw	1867
G	50	1	308	1.20725986354	norm	1867
C	50	1	307	0.10960371296	raw	1867
C	50	1	307	1.36991066501	norm	1867
T	51	1	1096	0.391288825419	raw	1867
T	51	1	1096	0.960793615264	norm	1867
A	51	1	1079	0.385219564441	raw	1867
A	51	1	1079	0.913593105096	norm	1867
G	51	1	340	0.121385219564	raw	1867
G	51	1	340	1.33268945975	norm	1867
C	51	1	286	0.102106390575	raw	1867
C	51	1	286	1.27620342082	norm	1867
T	52	1	1131	0.403784362728	raw	1867
T	52	1	1131	0.991475893124	norm	1867
A	52	1	1066	0.38057836487	raw	1867
A	52	1	1066	0.902585959252	norm	1867
G	52	1	322	0.114958943235	raw	1867
G	52	1	322	1.26213531188	norm	1867
C	52	1	282	0.100678329168	raw	1867
C	52	1	282	1.25835442193	norm	1867
T	53	1	1146	0.409139593002	raw	1867
T	53	1	1146	1.00462544078	norm	1867
A	53	1	1072	0.38272045698	raw	1867
A	53	1	1072	0.907666180411	norm	1867
C	53	1	299	0.106747590146	raw	1867
C	53	1	299	1.33421266722	norm	1867
G	53	1	284	0.101392359871	raw	1867
G	53	1	284	1.11318766638	norm	1867
A	54	1	1097	0.391645840771	raw	1867
A	54	1	1097	0.928833768573	norm	1867
T	54	1	1053	0.375937165298	raw	1867
T	54	1	1053	0.923098245322	norm	1867
G	54	1	355	0.126740449839	raw	1867
G	54	1	355	1.39148458297	norm	1867
C	54	1	296	0.105676544091	raw	1867
C	54	1	296	1.32082591806	norm	1867
T	55	1	1109	0.395930024991	raw	1867
T	55	1	1109	0.972189889898	norm	1867
A	55	1	1092	0.389860764013	raw	1867
A	55	1	1092	0.924600250941	norm	1867
C	55	1	306	0.109246697608	raw	1867
C	55	1	306	1.36544841529	norm	1867
G	55	1	294	0.104962513388	raw	1867
G	55	1	294	1.15238441519	norm	1867
A	56	1	1118	0.399143163156	raw	1867
A	56	1	1118	0.94661454263	norm	1867
T	56	1	1108	0.395573009639	raw	1867
T	56	1	1108	0.971313253387	norm	1867
G	56	1	296	0.105676544091	raw	1867
G	56	1	296	1.16022376496	norm	1867
C	56	1	279	0.0996072831132	raw	1867
C	56	1	279	1.24496767276	norm	1867
T	57	1	1147	0.409496608354	raw	1867
T	57	1	1147	1.00550207729	norm	1867
A	57	1	1069	0.381649410925	raw	1867
A	57	1	1069	0.905126069831	norm	1867
G	57	1	316	0.112816851125	raw	1867
G	57	1	316	1.23861726259	norm	1867
C	57	1	269	0.0960371295966	raw	1867
C	57	1	269	1.20034517553	norm	1867
T	58	1	1179	0.420921099607	raw	1867
T	58	1	1179	1.03355444562	norm	1867
A	58	1	1071	0.382363441628	raw	1867
A	58	1	1071	0.906819476884	norm	1867
C	58	1	278	0.0992502677615	raw	1867
C	58	1	278	1.24050542304	norm	1867
G	58	1	273	0.0974651910032	raw	1867
G	58	1	273	1.07007124268	norm	1867
A	59	1	1150	0.410567654409	raw	1867
A	59	1	1150	0.973709055478	norm	1867
T	59	1	1119	0.399500178508	raw	1867
T	59	1	1119	0.980956255	norm	1867
G	59	1	285	0.101749375223	raw	1867
G	59	1	285	1.11710734126	norm	1867
C	59	1	247	0.08818279186	raw	1867
C	59	1	247	1.10217568162	norm	1867
A	60	1	1163	0.415208853981	raw	1867
A	60	1	1163	0.984716201323	norm	1867
T	60	1	1026	0.366297750803	raw	1867
T	60	1	1026	0.899429059545	norm	1867
G	60	1	332	0.118529096751	raw	1867
G	60	1	332	1.3013320607	norm	1867
C	60	1	280	0.0999642984648	raw	1867
C	60	1	280	1.24942992248	norm	1867
T	61	1	1194	0.426276329882	raw	1867
T	61	1	1194	1.04670399327	norm	1867
A	61	1	1072	0.38272045698	raw	1867
A	61	1	1072	0.907666180411	norm	1867
G	61	1	320	0.114244912531	raw	1867
G	61	1	320	1.25429596212	norm	1867
C	61	1	215	0.0767583006069	raw	1867
C	61	1	215	0.959383690479	norm	1867
A	62	1	1186	0.423420207069	raw	1867
A	62	1	1186	1.00419038243	norm	1867
T	62	1	1108	0.395573009639	raw	1867
T	62	1	1108	0.971313253387	norm	1867
G	62	1	306	0.109246697608	raw	1867
G	62	1	306	1.19942051377	norm	1867
C	62	1	201	0.0717600856837	raw	1867
C	62	1	201	0.896912194355	norm	1867
T	63	1	1171	0.418064976794	raw	1867
T	63	1	1171	1.02654135353	norm	1867
A	63	1	1104	0.394144948233	raw	1867
A	63	1	1104	0.934760693259	norm	1867
G	63	1	302	0.107818636201	raw	1867
G	63	1	302	1.18374181425	norm	1867
C	63	1	224	0.0799714387719	raw	1867
C	63	1	224	0.999543937988	norm	1867
A	64	1	1172	0.418421992146	raw	1867
A	64	1	1172	0.992336533061	norm	1867
T	64	1	1142	0.407711531596	raw	1867
T	64	1	1142	1.00111889474	norm	1867
C	64	1	248	0.0885398072117	raw	1867
C	64	1	248	1.10663793134	norm	1867
G	64	1	239	0.0853266690468	raw	1867
G	64	1	239	0.936802296705	norm	1867
T	65	1	1166	0.416279900036	raw	1867
T	65	1	1166	1.02215817098	norm	1867
A	65	1	1115	0.398072117101	raw	1867
A	65	1	1115	0.94407443205	norm	1867
G	65	1	268	0.0956801142449	raw	1867
G	65	1	268	1.05047286827	norm	1867
C	65	1	252	0.0899678686184	raw	1867
C	65	1	252	1.12448693024	norm	1867
A	66	1	1172	0.418421992146	raw	1867
A	66	1	1172	0.992336533061	norm	1867
T	66	1	1172	0.418421992146	raw	1867
T	66	1	1172	1.02741799005	norm	1867
C	66	1	234	0.0835415922885	raw	1867
C	66	1	234	1.04416643522	norm	1867
G	66	1	223	0.0796144234202	raw	1867
G	66	1	223	0.8740874986	norm	1867
A	67	1	1203	0.429489468047	raw	1867
A	67	1	1203	1.01858434238	norm	1867
T	67	1	1101	0.393073902178	raw	1867
T	67	1	1101	0.965176797815	norm	1867
C	67	1	249	0.0888968225634	raw	1867
C	67	1	249	1.11110018107	norm	1867
G	67	1	248	0.0885398072117	raw	1867
G	67	1	248	0.97207937064	norm	1867
A	68	1	1150	0.410567654409	raw	1867
A	68	1	1150	0.973709055478	norm	1867
T	68	1	1139	0.406640485541	raw	1867
T	68	1	1139	0.998488985206	norm	1867
C	68	1	272	0.0971081756516	raw	1867
C	68	1	272	1.2137319247	norm	1867
G	68	1	240	0.0856836843984	raw	1867
G	68	1	240	0.940721971587	norm	1867
T	69	1	1141	0.407354516244	raw	1867
T	69	1	1141	1.00024225823	norm	1867
A	69	1	1120	0.399857193859	raw	1867
A	69	1	1120	0.948307949683	norm	1867
G	69	1	302	0.107818636201	raw	1867
G	69	1	302	1.18374181425	norm	1867
C	69	1	238	0.0849696536951	raw	1867
C	69	1	238	1.06201543411	norm	1867
A	70	1	1140	0.406997500893	raw	1867
A	70	1	1140	0.965242020213	norm	1867
T	70	1	1136	0.405569439486	raw	1867
T	70	1	1136	0.995859075675	norm	1867
C	70	1	272	0.0971081756516	raw	1867
C	70	1	272	1.2137319247	norm	1867
G	70	1	253	0.09032488397	raw	1867
G	70	1	253	0.991677745048	norm	1867
T	71	1	1133	0.404498393431	raw	1867
T	71	1	1133	0.993229166144	norm	1867
A	71	1	1120	0.399857193859	raw	1867
A	71	1	1120	0.948307949683	norm	1867
G	71	1	302	0.107818636201	raw	1867
G	71	1	302	1.18374181425	norm	1867
C	71	1	246	0.0878257765084	raw	1867
C	71	1	246	1.0977134319	norm	1867
A	72	1	1167	0.416636915387	raw	1867
A	72	1	1167	0.988103015429	norm	1867
T	72	1	1138	0.406283470189	raw	1867
T	72	1	1138	0.997612348696	norm	1867
G	72	1	250	0.089253837915	raw	1867
G	72	1	250	0.979918720403	norm	1867
C	72	1	246	0.0878257765084	raw	1867
C	72	1	246	1.0977134319	norm	1867
T	73	1	1205	0.43020349875	raw	1867
T	73	1	1205	1.05634699488	norm	1867
A	73	1	1139	0.406640485541	raw	1867
A	73	1	1139	0.964395316686	norm	1867
C	73	1	230	0.0821135308818	raw	1867
C	73	1	230	1.02631743633	norm	1867
G	73	1	227	0.0810424848268	raw	1867
G	73	1	227	0.889766198126	norm	1867
A	74	1	1218	0.434844698322	raw	1867
A	74	1	1218	1.03128489528	norm	1867
T	74	1	1151	0.410924669761	raw	1867
T	74	1	1151	1.00900862333	norm	1867
G	74	1	234	0.0835415922885	raw	1867
G	74	1	234	0.917203922297	norm	1867
C	74	1	198	0.0706890396287	raw	1867
C	74	1	198	0.883525445186	norm	1867
A	75	1	1195	0.426633345234	raw	1867
A	75	1	1195	1.01181071417	norm	1867
T	75	1	1090	0.38914673331	raw	1867
T	75	1	1090	0.955533796202	norm	1867
G	75	1	278	0.0992502677615	raw	1867
G	75	1	278	1.08966961709	norm	1867
C	75	1	238	0.0849696536951	raw	1867
C	75	1	238	1.06201543411	norm	1867
T	76	1	1169	0.417350946091	raw	1867
T	76	1	1169	1.02478808051	norm	1867
A	76	1	1125	0.401642270618	raw	1867
A	76	1	1125	0.952541467315	norm	1867
G	76	1	279	0.0996072831132	raw	1867
G	76	1	279	1.09358929197	norm	1867
C	76	1	228	0.0813995001785	raw	1867
C	76	1	228	1.01739293688	norm	1867
A	77	1	1122	0.400571224563	raw	1867
A	77	1	1122	0.950001356736	norm	1867
T	77	1	1101	0.393073902178	raw	1867
T	77	1	1101	0.965176797815	norm	1867
G	77	1	301	0.10746162085	raw	1867
G	77	1	301	1.17982213937	norm	1867
C	77	1	277	0.0988932524099	raw	1867
C	77	1	277	1.23604317332	norm	1867
A	78	1	1143	0.408068546948	raw	1867
A	78	1	1143	0.967782130792	norm	1867
T	78	1	1136	0.405569439486	raw	1867
T	78	1	1136	0.995859075675	norm	1867
G	78	1	297	0.106033559443	raw	1867
G	78	1	297	1.16414343984	norm	1867
C	78	1	225	0.0803284541235	raw	1867
C	78	1	225	1.00400618771	norm	1867
T	79	1	1224	0.436986790432	raw	1867
T	79	1	1224	1.07300308858	norm	1867
A	79	1	1125	0.401642270618	raw	1867
A	79	1	1125	0.952541467315	norm	1867
G	79	1	235	0.0838986076401	raw	1867
G	79	1	235	0.921123597179	norm	1867
C	79	1	217	0.0774723313102	raw	1867
C	79	1	217	0.968308189926	norm	1867
T	80	1	1195	0.426633345234	raw	1867
T	80	1	1195	1.04758062978	norm	1867
A	80	1	1130	0.403427347376	raw	1867
A	80	1	1130	0.956774984948	norm	1867
G	80	1	241	0.0860406997501	raw	1867
G	80	1	241	0.944641646469	norm	1867
C	80	1	235	0.0838986076401	raw	1867
C	80	1	235	1.04862868494	norm	1867
A	81	1	1195	0.426633345234	raw	1867
A	81	1	1195	1.01181071417	norm	1867
T	81	1	1091	0.389503748661	raw	1867
T	81	1	1091	0.956410432713	norm	1867
G	81	1	262	0.093538022135	raw	1867
G	81	1	262	1.02695481898	norm	1867
C	81	1	253	0.09032488397	raw	1867
C	81	1	253	1.12894917996	norm	1867
A	82	1	1264	0.451267404498	raw	1867
A	82	1	1264	1.0702332575	norm	1867
T	82	1	1060	0.37843627276	raw	1867
T	82	1	1060	0.929234700894	norm	1867
G	82	1	248	0.0885398072117	raw	1867
G	82	1	248	0.97207937064	norm	1867
C	82	1	229	0.0817565155302	raw	1867
C	82	1	229	1.0218551866	norm	1867
A	83	1	1116	0.398429132453	raw	1867
A	83	1	1116	0.944921135577	norm	1867
T	83	1	1109	0.395930024991	raw	1867
T	83	1	1109	0.972189889898	norm	1867
G	83	1	319	0.11388789718	raw	1867
G	83	1	319	1.25037628723	norm	1867
C	83	1	257	0.0917529453767	raw	1867
C	83	1	257	1.14679817885	norm	1867
T	84	1	1131	0.403784362728	raw	1867
T	84	1	1131	0.991475893124	norm	1867
A	84	1	1091	0.389503748661	raw	1867
A	84	1	1091	0.923753547414	norm	1867
G	84	1	327	0.116744019993	raw	1867
G	84	1	327	1.28173368629	norm	1867
C	84	1	252	0.0899678686184	raw	1867
C	84	1	252	1.12448693024	norm	1867
T	85	1	1153	0.411638700464	raw	1867
T	85	1	1153	1.01076189635	norm	1867
A	85	1	1137	0.405926454838	raw	1867
A	85	1	1137	0.962701909633	norm	1867
G	85	1	293	0.104605498036	raw	1867
G	85	1	293	1.14846474031	norm	1867
C	85	1	218	0.0778293466619	raw	1867
C	85	1	218	0.972770439649	norm	1867
T	86	1	1204	0.429846483399	raw	1867
T	86	1	1204	1.05547035837	norm	1867
A	86	1	1088	0.388432702606	raw	1867
A	86	1	1088	0.921213436835	norm	1867
G	86	1	285	0.101749375223	raw	1867
G	86	1	285	1.11710734126	norm	1867
C	86	1	224	0.0799714387719	raw	1867
C	86	1	224	0.999543937988	norm	1867
A	87	1	1143	0.408068546948	raw	1867
A	87	1	1143	0.967782130792	norm	1867
T	87	1	1103	0.393787932881	raw	1867
T	87	1	1103	0.966930070836	norm	1867
G	87	1	279	0.0996072831132	raw	1867
G	87	1	279	1.09358929197	norm	1867
C	87	1	276	0.0985362370582	raw	1867
C	87	1	276	1.23158092359	norm	1867
A	88	1	1195	0.426633345234	raw	1867
A	88	1	1195	1.01181071417	norm	1867
T	88	1	1132	0.404141378079	raw	1867
T	88	1	1132	0.992352529634	norm	1867
G	88	1	275	0.0981792217065	raw	1867
G	88	1	275	1.07791059244	norm	1867
C	88	1	199	0.0710460549804	raw	1867
C	88	1	199	0.887987694909	norm	1867
T	89	1	1195	0.426633345234	raw	1867
T	89	1	1195	1.04758062978	norm	1867
A	89	1	1106	0.394858978936	raw	1867
A	89	1	1106	0.936454100312	norm	1867
C	89	1	257	0.0917529453767	raw	1867
C	89	1	257	1.14679817885	norm	1867
G	89	1	243	0.0867547304534	raw	1867
G	89	1	243	0.952480996232	norm	1867
A	90	1	1142	0.407711531596	raw	1867
A	90	1	1142	0.966935427266	norm	1867
T	90	1	1115	0.398072117101	raw	1867
T	90	1	1115	0.977449708959	norm	1867
G	90	1	301	0.10746162085	raw	1867
G	90	1	301	1.17982213937	norm	1867
C	90	1	243	0.0867547304534	raw	1867
C	90	1	243	1.08432668273	norm	1867
T	91	1	1197	0.427347375937	raw	1867
T	91	1	1197	1.0493339028	norm	1867
A	91	1	1128	0.402713316673	raw	1867
A	91	1	1128	0.955081577895	norm	1867
G	91	1	252	0.0899678686184	raw	1867
G	91	1	252	0.987758070166	norm	1867
C	91	1	224	0.0799714387719	raw	1867
C	91	1	224	0.999543937988	norm	1867
A	92	1	1208	0.431274544805	raw	1867
A	92	1	1208	1.02281786002	norm	1867
T	92	1	1062	0.379150303463	raw	1867
T	92	1	1062	0.930987973915	norm	1867
G	92	1	281	0.100321313816	raw	1867
G	92	1	281	1.10142864173	norm	1867
C	92	1	250	0.089253837915	raw	1867
C	92	1	250	1.11556243079	norm	1867
A	93	1	1115	0.398072117101	raw	1867
A	93	1	1115	0.94407443205	norm	1867
T	93	1	1111	0.396644055694	raw	1867
T	93	1	1111	0.973943162918	norm	1867
G	93	1	317	0.113173866476	raw	1867
G	93	1	317	1.24253693747	norm	1867
C	93	1	258	0.0921099607283	raw	1867
C	93	1	258	1.15126042858	norm	1867
T	94	1	1194	0.426276329882	raw	1867
T	94	1	1194	1.04670399327	norm	1867
A	94	1	1124	0.401285255266	raw	1867
A	94	1	1124	0.951694763789	norm	1867
G	94	1	287	0.102463405926	raw	1867
G	94	1	287	1.12494669102	norm	1867
C	94	1	196	0.0699750089254	raw	1867
C	94	1	196	0.874600945739	norm	1867
A	95	1	1277	0.45590860407	raw	1867
A	95	1	1277	1.08124040334	norm	1867
T	95	1	1064	0.379864334166	raw	1867
T	95	1	1064	0.932741246935	norm	1867
C	95	1	233	0.0831845769368	raw	1867
C	95	1	233	1.0397041855	norm	1867
G	95	1	227	0.0810424848268	raw	1867
G	95	1	227	0.889766198126	norm	1867
T	96	1	1134	0.404855408783	raw	1867
T	96	1	1134	0.994105802655	norm	1867
A	96	1	1092	0.389860764013	raw	1867
A	96	1	1092	0.924600250941	norm	1867
G	96	1	306	0.109246697608	raw	1867
G	96	1	306	1.19942051377	norm	1867
C	96	1	269	0.0960371295966	raw	1867
C	96	1	269	1.20034517553	norm	1867
A	97	1	1179	0.420921099607	raw	1867
A	97	1	1179	0.998263457747	norm	1867
T	97	1	1073	0.383077472331	raw	1867
T	97	1	1073	0.940630975528	norm	1867
C	97	1	297	0.106033559443	raw	1867
C	97	1	297	1.32528816778	norm	1867
G	97	1	252	0.0899678686184	raw	1867
G	97	1	252	0.987758070166	norm	1867
A	98	1	1203	0.429489468047	raw	1867
A	98	1	1203	1.01858434238	norm	1867
T	98	1	1118	0.399143163156	raw	1867
T	98	1	1118	0.98007961849	norm	1867
G	98	1	259	0.09246697608	raw	1867
G	98	1	259	1.01519579434	norm	1867
C	98	1	221	0.0789003927169	raw	1867
C	98	1	221	0.986157188818	norm	1867
A	99	1	1154	0.411995715816	raw	1867
A	99	1	1154	0.977095869584	norm	1867
T	99	1	1112	0.397001071046	raw	1867
T	99	1	1112	0.974819799428	norm	1867
G	99	1	274	0.0978222063549	raw	1867
G	99	1	274	1.07399091756	norm	1867
C	99	1	261	0.0931810067833	raw	1867
C	99	1	261	1.16464717774	norm	1867
A	100	1	1170	0.417707961442	raw	1867
A	100	1	1170	0.990643126008	norm	1867
T	100	1	1138	0.406283470189	raw	1867
T	100	1	1138	0.997612348696	norm	1867
G	100	1	255	0.0910389146733	raw	1867
G	100	1	255	0.999517094811	norm	1867
C	100	1	238	0.0849696536951	raw	1867
C	100	1	238	1.06201543411	norm	1867
