#nuc	offset	region.size	count	freq	norm.freq	total.sites
T	-100	1	128	0.359550561798	raw	227
T	-100	1	128	1.16467136189	norm	227
A	-100	1	112	0.314606741573	raw	227
A	-100	1	112	1.01552016949	norm	227
G	-100	1	59	0.165730337079	raw	227
G	-100	1	59	0.869546781152	norm	227
C	-100	1	57	0.160112359551	raw	227
C	-100	1	57	0.838753256541	norm	227
T	-99	1	114	0.320224719101	raw	227
T	-99	1	114	1.03728543169	norm	227
A	-99	1	106	0.297752808989	raw	227
A	-99	1	106	0.961117303265	norm	227
G	-99	1	73	0.205056179775	raw	227
G	-99	1	73	1.07587991566	norm	227
C	-99	1	63	0.176966292135	raw	227
C	-99	1	63	0.927043073019	norm	227
A	-98	1	121	0.339887640449	raw	227
A	-98	1	121	1.09712446882	norm	227
C	-98	1	84	0.23595505618	raw	227
C	-98	1	84	1.23605743069	norm	227
T	-98	1	83	0.233146067416	raw	227
T	-98	1	83	0.755216586228	norm	227
G	-98	1	68	0.191011235955	raw	227
G	-98	1	68	1.00218951048	norm	227
A	-97	1	128	0.359550561798	raw	227
A	-97	1	128	1.16059447941	norm	227
T	-97	1	98	0.275280898876	raw	227
T	-97	1	98	0.89170151145	norm	227
C	-97	1	69	0.193820224719	raw	227
C	-97	1	69	1.0153328895	norm	227
G	-97	1	61	0.171348314607	raw	227
G	-97	1	61	0.899022943225	norm	227
T	-96	1	121	0.339887640449	raw	227
T	-96	1	121	1.10097839679	norm	227
A	-96	1	94	0.26404494382	raw	227
A	-96	1	94	0.85231157082	norm	227
C	-96	1	88	0.247191011236	raw	227
C	-96	1	88	1.29491730834	norm	227
G	-96	1	53	0.148876404494	raw	227
G	-96	1	53	0.781118294933	norm	227
A	-95	1	121	0.339887640449	raw	227
A	-95	1	121	1.09712446882	norm	227
T	-95	1	114	0.320224719101	raw	227
T	-95	1	114	1.03728543169	norm	227
C	-95	1	62	0.174157303371	raw	227
C	-95	1	62	0.912328103606	norm	227
G	-95	1	59	0.165730337079	raw	227
G	-95	1	59	0.869546781152	norm	227
A	-94	1	135	0.379213483146	raw	227
A	-94	1	135	1.22406449001	norm	227
T	-94	1	115	0.323033707865	raw	227
T	-94	1	115	1.0463844267	norm	227
C	-94	1	59	0.165730337079	raw	227
C	-94	1	59	0.868183195367	norm	227
G	-94	1	47	0.13202247191	raw	227
G	-94	1	47	0.692689808714	norm	227
T	-93	1	151	0.424157303371	raw	227
T	-93	1	151	1.37394824723	norm	227
A	-93	1	89	0.25	raw	227
A	-93	1	89	0.806975848968	norm	227
C	-93	1	65	0.182584269663	raw	227
C	-93	1	65	0.956473011845	norm	227
G	-93	1	51	0.143258426966	raw	227
G	-93	1	51	0.75164213286	norm	227
A	-92	1	111	0.311797752809	raw	227
A	-92	1	111	1.00645302512	norm	227
T	-92	1	109	0.306179775281	raw	227
T	-92	1	109	0.991790456613	norm	227
C	-92	1	84	0.23595505618	raw	227
C	-92	1	84	1.23605743069	norm	227
G	-92	1	52	0.14606741573	raw	227
G	-92	1	52	0.766380213897	norm	227
A	-91	1	133	0.373595505618	raw	227
A	-91	1	133	1.20593020127	norm	227
T	-91	1	113	0.317415730337	raw	227
T	-91	1	113	1.02818643667	norm	227
G	-91	1	74	0.207865168539	raw	227
G	-91	1	74	1.0906179967	norm	227
C	-91	1	36	0.101123595506	raw	227
C	-91	1	36	0.529738898868	norm	227
A	-90	1	132	0.370786516854	raw	227
A	-90	1	132	1.1968630569	norm	227
T	-90	1	90	0.252808988764	raw	227
T	-90	1	90	0.818909551332	norm	227
G	-90	1	69	0.193820224719	raw	227
G	-90	1	69	1.01692759152	norm	227
C	-90	1	65	0.182584269663	raw	227
C	-90	1	65	0.956473011845	norm	227
A	-89	1	161	0.452247191011	raw	227
A	-89	1	161	1.45981024364	norm	227
T	-89	1	100	0.280898876404	raw	227
T	-89	1	100	0.90989950148	norm	227
C	-89	1	55	0.154494382022	raw	227
C	-89	1	55	0.809323317715	norm	227
G	-89	1	40	0.112359550562	raw	227
G	-89	1	40	0.589523241459	norm	227
A	-88	1	131	0.36797752809	raw	227
A	-88	1	131	1.18779591253	norm	227
T	-88	1	119	0.334269662921	raw	227
T	-88	1	119	1.08278040676	norm	227
C	-88	1	55	0.154494382022	raw	227
C	-88	1	55	0.809323317715	norm	227
G	-88	1	51	0.143258426966	raw	227
G	-88	1	51	0.75164213286	norm	227
A	-87	1	140	0.393258426966	raw	227
A	-87	1	140	1.26940021186	norm	227
T	-87	1	119	0.334269662921	raw	227
T	-87	1	119	1.08278040676	norm	227
C	-87	1	61	0.171348314607	raw	227
C	-87	1	61	0.897613134193	norm	227
G	-87	1	36	0.101123595506	raw	227
G	-87	1	36	0.530570917313	norm	227
A	-86	1	145	0.407303370787	raw	227
A	-86	1	145	1.31473593371	norm	227
T	-86	1	84	0.23595505618	raw	227
T	-86	1	84	0.764315581243	norm	227
C	-86	1	70	0.196629213483	raw	227
C	-86	1	70	1.03004785891	norm	227
G	-86	1	57	0.160112359551	raw	227
G	-86	1	57	0.840070619079	norm	227
A	-85	1	151	0.424157303371	raw	227
A	-85	1	151	1.36913879993	norm	227
T	-85	1	91	0.255617977528	raw	227
T	-85	1	91	0.828008546347	norm	227
G	-85	1	68	0.191011235955	raw	227
G	-85	1	68	1.00218951048	norm	227
C	-85	1	46	0.129213483146	raw	227
C	-85	1	46	0.676888592998	norm	227
T	-84	1	121	0.339887640449	raw	227
T	-84	1	121	1.10097839679	norm	227
A	-84	1	97	0.272471910112	raw	227
A	-84	1	97	0.879513003931	norm	227
C	-84	1	82	0.230337078652	raw	227
C	-84	1	82	1.20662749187	norm	227
G	-84	1	56	0.157303370787	raw	227
G	-84	1	56	0.825332538043	norm	227
T	-83	1	111	0.311797752809	raw	227
T	-83	1	111	1.00998844664	norm	227
A	-83	1	110	0.308988764045	raw	227
A	-83	1	110	0.997385880746	norm	227
G	-83	1	79	0.22191011236	raw	227
G	-83	1	79	1.16430840188	norm	227
C	-83	1	56	0.157303370787	raw	227
C	-83	1	56	0.824038287128	norm	227
T	-82	1	110	0.308988764045	raw	227
T	-82	1	110	1.00088945163	norm	227
A	-82	1	93	0.261235955056	raw	227
A	-82	1	93	0.843244426449	norm	227
C	-82	1	92	0.258426966292	raw	227
C	-82	1	92	1.353777186	norm	227
G	-82	1	61	0.171348314607	raw	227
G	-82	1	61	0.899022943225	norm	227
A	-81	1	113	0.317415730337	raw	227
A	-81	1	113	1.02458731386	norm	227
T	-81	1	111	0.311797752809	raw	227
T	-81	1	111	1.00998844664	norm	227
C	-81	1	72	0.202247191011	raw	227
C	-81	1	72	1.05947779774	norm	227
G	-81	1	60	0.168539325843	raw	227
G	-81	1	60	0.884284862189	norm	227
A	-80	1	110	0.308988764045	raw	227
A	-80	1	110	0.997385880746	norm	227
T	-80	1	94	0.26404494382	raw	227
T	-80	1	94	0.855305531391	norm	227
C	-80	1	80	0.224719101124	raw	227
C	-80	1	80	1.17719755304	norm	227
G	-80	1	72	0.202247191011	raw	227
G	-80	1	72	1.06114183463	norm	227
T	-79	1	155	0.43661971831	raw	227
T	-79	1	155	1.41431702793	norm	227
A	-79	1	92	0.259154929577	raw	227
A	-79	1	92	0.83652707724	norm	227
G	-79	1	56	0.157746478873	raw	227
G	-79	1	56	0.827657418432	norm	227
C	-79	1	52	0.146478873239	raw	227
C	-79	1	52	0.767333841615	norm	227
T	-78	1	122	0.342696629213	raw	227
T	-78	1	122	1.11007739181	norm	227
A	-78	1	96	0.269662921348	raw	227
A	-78	1	96	0.870445859561	norm	227
G	-78	1	86	0.241573033708	raw	227
G	-78	1	86	1.26747496914	norm	227
C	-78	1	52	0.14606741573	raw	227
C	-78	1	52	0.765178409476	norm	227
T	-77	1	121	0.339887640449	raw	227
T	-77	1	121	1.10097839679	norm	227
A	-77	1	94	0.26404494382	raw	227
A	-77	1	94	0.85231157082	norm	227
C	-77	1	76	0.213483146067	raw	227
C	-77	1	76	1.11833767539	norm	227
G	-77	1	65	0.182584269663	raw	227
G	-77	1	65	0.957975267371	norm	227
T	-76	1	127	0.356741573034	raw	227
T	-76	1	127	1.15557236688	norm	227
A	-76	1	107	0.300561797753	raw	227
A	-76	1	107	0.970184447635	norm	227
C	-76	1	64	0.179775280899	raw	227
C	-76	1	64	0.941758042432	norm	227
G	-76	1	58	0.162921348315	raw	227
G	-76	1	58	0.854808700116	norm	227
A	-75	1	132	0.370786516854	raw	227
A	-75	1	132	1.1968630569	norm	227
T	-75	1	86	0.241573033708	raw	227
T	-75	1	86	0.782513571273	norm	227
C	-75	1	79	0.22191011236	raw	227
C	-75	1	79	1.16248258363	norm	227
G	-75	1	59	0.165730337079	raw	227
G	-75	1	59	0.869546781152	norm	227
A	-74	1	144	0.404494382022	raw	227
A	-74	1	144	1.30566878934	norm	227
T	-74	1	112	0.314606741573	raw	227
T	-74	1	112	1.01908744166	norm	227
C	-74	1	64	0.179775280899	raw	227
C	-74	1	64	0.941758042432	norm	227
G	-74	1	36	0.101123595506	raw	227
G	-74	1	36	0.530570917313	norm	227
A	-73	1	132	0.370786516854	raw	227
A	-73	1	132	1.1968630569	norm	227
T	-73	1	110	0.308988764045	raw	227
T	-73	1	110	1.00088945163	norm	227
G	-73	1	62	0.174157303371	raw	227
G	-73	1	62	0.913761024262	norm	227
C	-73	1	52	0.14606741573	raw	227
C	-73	1	52	0.765178409476	norm	227
A	-72	1	125	0.351123595506	raw	227
A	-72	1	125	1.1333930463	norm	227
T	-72	1	112	0.314606741573	raw	227
T	-72	1	112	1.01908744166	norm	227
G	-72	1	60	0.168539325843	raw	227
G	-72	1	60	0.884284862189	norm	227
C	-72	1	59	0.165730337079	raw	227
C	-72	1	59	0.868183195367	norm	227
T	-71	1	101	0.283707865169	raw	227
T	-71	1	101	0.918998496495	norm	227
A	-71	1	96	0.269662921348	raw	227
A	-71	1	96	0.870445859561	norm	227
G	-71	1	88	0.247191011236	raw	227
G	-71	1	88	1.29695113121	norm	227
C	-71	1	71	0.199438202247	raw	227
C	-71	1	71	1.04476282832	norm	227
A	-70	1	128	0.359550561798	raw	227
A	-70	1	128	1.16059447941	norm	227
T	-70	1	127	0.356741573034	raw	227
T	-70	1	127	1.15557236688	norm	227
C	-70	1	64	0.179775280899	raw	227
C	-70	1	64	0.941758042432	norm	227
G	-70	1	37	0.10393258427	raw	227
G	-70	1	37	0.54530899835	norm	227
A	-69	1	140	0.393258426966	raw	227
A	-69	1	140	1.26940021186	norm	227
T	-69	1	99	0.27808988764	raw	227
T	-69	1	99	0.900800506465	norm	227
C	-69	1	65	0.182584269663	raw	227
C	-69	1	65	0.956473011845	norm	227
G	-69	1	52	0.14606741573	raw	227
G	-69	1	52	0.766380213897	norm	227
A	-68	1	98	0.275280898876	raw	227
A	-68	1	98	0.888580148301	norm	227
G	-68	1	89	0.25	raw	227
G	-68	1	89	1.31168921225	norm	227
T	-68	1	87	0.244382022472	raw	227
T	-68	1	87	0.791612566288	norm	227
C	-68	1	82	0.230337078652	raw	227
C	-68	1	82	1.20662749187	norm	227
T	-67	1	104	0.292134831461	raw	227
T	-67	1	104	0.946295481539	norm	227
A	-67	1	90	0.252808988764	raw	227
A	-67	1	90	0.816042993338	norm	227
G	-67	1	86	0.241573033708	raw	227
G	-67	1	86	1.26747496914	norm	227
C	-67	1	76	0.213483146067	raw	227
C	-67	1	76	1.11833767539	norm	227
T	-66	1	128	0.359550561798	raw	227
T	-66	1	128	1.16467136189	norm	227
A	-66	1	90	0.252808988764	raw	227
A	-66	1	90	0.816042993338	norm	227
G	-66	1	87	0.244382022472	raw	227
G	-66	1	87	1.28221305017	norm	227
C	-66	1	51	0.143258426966	raw	227
C	-66	1	51	0.750463440063	norm	227
T	-65	1	150	0.421348314607	raw	227
T	-65	1	150	1.36484925222	norm	227
A	-65	1	109	0.306179775281	raw	227
A	-65	1	109	0.988318736376	norm	227
G	-65	1	55	0.154494382022	raw	227
G	-65	1	55	0.810594457006	norm	227
C	-65	1	42	0.11797752809	raw	227
C	-65	1	42	0.618028715346	norm	227
A	-64	1	146	0.410112359551	raw	227
A	-64	1	146	1.32380307808	norm	227
T	-64	1	83	0.233146067416	raw	227
T	-64	1	83	0.755216586228	norm	227
C	-64	1	71	0.199438202247	raw	227
C	-64	1	71	1.04476282832	norm	227
G	-64	1	56	0.157303370787	raw	227
G	-64	1	56	0.825332538043	norm	227
A	-63	1	153	0.429775280899	raw	227
A	-63	1	153	1.38727308867	norm	227
T	-63	1	76	0.213483146067	raw	227
T	-63	1	76	0.691523621125	norm	227
C	-63	1	64	0.179775280899	raw	227
C	-63	1	64	0.941758042432	norm	227
G	-63	1	63	0.176966292135	raw	227
G	-63	1	63	0.928499105298	norm	227
A	-62	1	114	0.320224719101	raw	227
A	-62	1	114	1.03365445823	norm	227
T	-62	1	110	0.308988764045	raw	227
T	-62	1	110	1.00088945163	norm	227
C	-62	1	79	0.22191011236	raw	227
C	-62	1	79	1.16248258363	norm	227
G	-62	1	53	0.148876404494	raw	227
G	-62	1	53	0.781118294933	norm	227
A	-61	1	124	0.348314606742	raw	227
A	-61	1	124	1.12432590193	norm	227
T	-61	1	112	0.314606741573	raw	227
T	-61	1	112	1.01908744166	norm	227
C	-61	1	63	0.176966292135	raw	227
C	-61	1	63	0.927043073019	norm	227
G	-61	1	57	0.160112359551	raw	227
G	-61	1	57	0.840070619079	norm	227
A	-60	1	103	0.289325842697	raw	227
A	-60	1	103	0.933915870154	norm	227
C	-60	1	97	0.272471910112	raw	227
C	-60	1	97	1.42735203306	norm	227
T	-60	1	95	0.266853932584	raw	227
T	-60	1	95	0.864404526406	norm	227
G	-60	1	61	0.171348314607	raw	227
G	-60	1	61	0.899022943225	norm	227
T	-59	1	127	0.356741573034	raw	227
T	-59	1	127	1.15557236688	norm	227
A	-59	1	92	0.258426966292	raw	227
A	-59	1	92	0.834177282079	norm	227
C	-59	1	79	0.22191011236	raw	227
C	-59	1	79	1.16248258363	norm	227
G	-59	1	58	0.162921348315	raw	227
G	-59	1	58	0.854808700116	norm	227
T	-58	1	132	0.370786516854	raw	227
T	-58	1	132	1.20106734195	norm	227
A	-58	1	95	0.266853932584	raw	227
A	-58	1	95	0.86137871519	norm	227
C	-58	1	66	0.185393258427	raw	227
C	-58	1	66	0.971187981258	norm	227
G	-58	1	63	0.176966292135	raw	227
G	-58	1	63	0.928499105298	norm	227
A	-57	1	109	0.306179775281	raw	227
A	-57	1	109	0.988318736376	norm	227
T	-57	1	91	0.255617977528	raw	227
T	-57	1	91	0.828008546347	norm	227
C	-57	1	83	0.233146067416	raw	227
C	-57	1	83	1.22134246128	norm	227
G	-57	1	73	0.205056179775	raw	227
G	-57	1	73	1.07587991566	norm	227
T	-56	1	125	0.351123595506	raw	227
T	-56	1	125	1.13737437685	norm	227
A	-56	1	122	0.342696629213	raw	227
A	-56	1	122	1.10619161319	norm	227
G	-56	1	61	0.171348314607	raw	227
G	-56	1	61	0.899022943225	norm	227
C	-56	1	48	0.134831460674	raw	227
C	-56	1	48	0.706318531824	norm	227
A	-55	1	118	0.331460674157	raw	227
A	-55	1	118	1.06992303571	norm	227
T	-55	1	103	0.289325842697	raw	227
T	-55	1	103	0.937196486524	norm	227
G	-55	1	68	0.191011235955	raw	227
G	-55	1	68	1.00218951048	norm	227
C	-55	1	67	0.188202247191	raw	227
C	-55	1	67	0.985902950671	norm	227
T	-54	1	136	0.38202247191	raw	227
T	-54	1	136	1.23746332201	norm	227
A	-54	1	95	0.266853932584	raw	227
A	-54	1	95	0.86137871519	norm	227
C	-54	1	76	0.213483146067	raw	227
C	-54	1	76	1.11833767539	norm	227
G	-54	1	49	0.137640449438	raw	227
G	-54	1	49	0.722165970787	norm	227
A	-53	1	121	0.339887640449	raw	227
A	-53	1	121	1.09712446882	norm	227
T	-53	1	99	0.27808988764	raw	227
T	-53	1	99	0.900800506465	norm	227
G	-53	1	71	0.199438202247	raw	227
G	-53	1	71	1.04640375359	norm	227
C	-53	1	65	0.182584269663	raw	227
C	-53	1	65	0.956473011845	norm	227
T	-52	1	134	0.376404494382	raw	227
T	-52	1	134	1.21926533198	norm	227
A	-52	1	85	0.238764044944	raw	227
A	-52	1	85	0.770707271486	norm	227
C	-52	1	84	0.23595505618	raw	227
C	-52	1	84	1.23605743069	norm	227
G	-52	1	53	0.148876404494	raw	227
G	-52	1	53	0.781118294933	norm	227
T	-51	1	120	0.337078651685	raw	227
T	-51	1	120	1.09187940178	norm	227
G	-51	1	104	0.292134831461	raw	227
G	-51	1	104	1.53276042779	norm	227
A	-51	1	93	0.261235955056	raw	227
A	-51	1	93	0.843244426449	norm	227
C	-51	1	39	0.109550561798	raw	227
C	-51	1	39	0.573883807107	norm	227
T	-50	1	117	0.328651685393	raw	227
T	-50	1	117	1.06458241673	norm	227
A	-50	1	114	0.320224719101	raw	227
A	-50	1	114	1.03365445823	norm	227
C	-50	1	74	0.207865168539	raw	227
C	-50	1	74	1.08890773656	norm	227
G	-50	1	51	0.143258426966	raw	227
G	-50	1	51	0.75164213286	norm	227
A	-49	1	107	0.300561797753	raw	227
A	-49	1	107	0.970184447635	norm	227
T	-49	1	96	0.269662921348	raw	227
T	-49	1	96	0.873503521421	norm	227
C	-49	1	85	0.238764044944	raw	227
C	-49	1	85	1.2507724001	norm	227
G	-49	1	68	0.191011235955	raw	227
G	-49	1	68	1.00218951048	norm	227
A	-48	1	104	0.292134831461	raw	227
A	-48	1	104	0.942983014524	norm	227
T	-48	1	96	0.269662921348	raw	227
T	-48	1	96	0.873503521421	norm	227
G	-48	1	87	0.244382022472	raw	227
G	-48	1	87	1.28221305017	norm	227
C	-48	1	69	0.193820224719	raw	227
C	-48	1	69	1.0153328895	norm	227
A	-47	1	112	0.314606741573	raw	227
A	-47	1	112	1.01552016949	norm	227
G	-47	1	104	0.292134831461	raw	227
G	-47	1	104	1.53276042779	norm	227
T	-47	1	98	0.275280898876	raw	227
T	-47	1	98	0.89170151145	norm	227
C	-47	1	42	0.11797752809	raw	227
C	-47	1	42	0.618028715346	norm	227
T	-46	1	124	0.348314606742	raw	227
T	-46	1	124	1.12827538184	norm	227
G	-46	1	90	0.252808988764	raw	227
G	-46	1	90	1.32642729328	norm	227
A	-46	1	84	0.23595505618	raw	227
A	-46	1	84	0.761640127115	norm	227
C	-46	1	58	0.162921348315	raw	227
C	-46	1	58	0.853468225954	norm	227
T	-45	1	151	0.424157303371	raw	227
T	-45	1	151	1.37394824723	norm	227
A	-45	1	109	0.306179775281	raw	227
A	-45	1	109	0.988318736376	norm	227
G	-45	1	61	0.171348314607	raw	227
G	-45	1	61	0.899022943225	norm	227
C	-45	1	35	0.0983146067416	raw	227
C	-45	1	35	0.515023929455	norm	227
T	-44	1	132	0.370786516854	raw	227
T	-44	1	132	1.20106734195	norm	227
A	-44	1	111	0.311797752809	raw	227
A	-44	1	111	1.00645302512	norm	227
G	-44	1	57	0.160112359551	raw	227
G	-44	1	57	0.840070619079	norm	227
C	-44	1	56	0.157303370787	raw	227
C	-44	1	56	0.824038287128	norm	227
A	-43	1	133	0.373595505618	raw	227
A	-43	1	133	1.20593020127	norm	227
T	-43	1	107	0.300561797753	raw	227
T	-43	1	107	0.973592466584	norm	227
C	-43	1	72	0.202247191011	raw	227
C	-43	1	72	1.05947779774	norm	227
G	-43	1	44	0.123595505618	raw	227
G	-43	1	44	0.648475565605	norm	227
T	-42	1	142	0.398876404494	raw	227
T	-42	1	142	1.2920572921	norm	227
A	-42	1	80	0.224719101124	raw	227
A	-42	1	80	0.725371549634	norm	227
G	-42	1	70	0.196629213483	raw	227
G	-42	1	70	1.03166567255	norm	227
C	-42	1	64	0.179775280899	raw	227
C	-42	1	64	0.941758042432	norm	227
T	-41	1	143	0.401685393258	raw	227
T	-41	1	143	1.30115628712	norm	227
A	-41	1	121	0.339887640449	raw	227
A	-41	1	121	1.09712446882	norm	227
C	-41	1	57	0.160112359551	raw	227
C	-41	1	57	0.838753256541	norm	227
G	-41	1	35	0.0983146067416	raw	227
G	-41	1	35	0.515832836277	norm	227
T	-40	1	116	0.325842696629	raw	227
T	-40	1	116	1.05548342172	norm	227
C	-40	1	100	0.280898876404	raw	227
C	-40	1	100	1.4714969413	norm	227
A	-40	1	84	0.23595505618	raw	227
A	-40	1	84	0.761640127115	norm	227
G	-40	1	56	0.157303370787	raw	227
G	-40	1	56	0.825332538043	norm	227
A	-39	1	121	0.339887640449	raw	227
A	-39	1	121	1.09712446882	norm	227
T	-39	1	98	0.275280898876	raw	227
T	-39	1	98	0.89170151145	norm	227
G	-39	1	78	0.219101123596	raw	227
G	-39	1	78	1.14957032085	norm	227
C	-39	1	59	0.165730337079	raw	227
C	-39	1	59	0.868183195367	norm	227
T	-38	1	131	0.36797752809	raw	227
T	-38	1	131	1.19196834694	norm	227
A	-38	1	105	0.294943820225	raw	227
A	-38	1	105	0.952050158894	norm	227
G	-38	1	68	0.191011235955	raw	227
G	-38	1	68	1.00218951048	norm	227
C	-38	1	52	0.14606741573	raw	227
C	-38	1	52	0.765178409476	norm	227
A	-37	1	126	0.35393258427	raw	227
A	-37	1	126	1.14246019067	norm	227
T	-37	1	104	0.292134831461	raw	227
T	-37	1	104	0.946295481539	norm	227
C	-37	1	63	0.176966292135	raw	227
C	-37	1	63	0.927043073019	norm	227
G	-37	1	63	0.176966292135	raw	227
G	-37	1	63	0.928499105298	norm	227
A	-36	1	109	0.306179775281	raw	227
A	-36	1	109	0.988318736376	norm	227
T	-36	1	102	0.286516853933	raw	227
T	-36	1	102	0.92809749151	norm	227
G	-36	1	97	0.272471910112	raw	227
G	-36	1	97	1.42959386054	norm	227
C	-36	1	48	0.134831460674	raw	227
C	-36	1	48	0.706318531824	norm	227
T	-35	1	125	0.351123595506	raw	227
T	-35	1	125	1.13737437685	norm	227
G	-35	1	79	0.22191011236	raw	227
G	-35	1	79	1.16430840188	norm	227
C	-35	1	77	0.216292134831	raw	227
C	-35	1	77	1.1330526448	norm	227
A	-35	1	75	0.210674157303	raw	227
A	-35	1	75	0.680035827782	norm	227
T	-34	1	162	0.455056179775	raw	227
T	-34	1	162	1.4740371924	norm	227
A	-34	1	84	0.23595505618	raw	227
A	-34	1	84	0.761640127115	norm	227
C	-34	1	72	0.202247191011	raw	227
C	-34	1	72	1.05947779774	norm	227
G	-34	1	38	0.106741573034	raw	227
G	-34	1	38	0.560047079386	norm	227
T	-33	1	101	0.283707865169	raw	227
T	-33	1	101	0.918998496495	norm	227
C	-33	1	97	0.272471910112	raw	227
C	-33	1	97	1.42735203306	norm	227
A	-33	1	91	0.255617977528	raw	227
A	-33	1	91	0.825110137708	norm	227
G	-33	1	67	0.188202247191	raw	227
G	-33	1	67	0.987451429444	norm	227
A	-32	1	139	0.390449438202	raw	227
A	-32	1	139	1.26033306749	norm	227
T	-32	1	125	0.351123595506	raw	227
T	-32	1	125	1.13737437685	norm	227
C	-32	1	63	0.176966292135	raw	227
C	-32	1	63	0.927043073019	norm	227
G	-32	1	29	0.0814606741573	raw	227
G	-32	1	29	0.427404350058	norm	227
T	-31	1	109	0.306179775281	raw	227
T	-31	1	109	0.991790456613	norm	227
A	-31	1	103	0.289325842697	raw	227
A	-31	1	103	0.933915870154	norm	227
C	-31	1	76	0.213483146067	raw	227
C	-31	1	76	1.11833767539	norm	227
G	-31	1	68	0.191011235955	raw	227
G	-31	1	68	1.00218951048	norm	227
T	-30	1	137	0.384831460674	raw	227
T	-30	1	137	1.24656231703	norm	227
A	-30	1	106	0.297752808989	raw	227
A	-30	1	106	0.961117303265	norm	227
C	-30	1	61	0.171348314607	raw	227
C	-30	1	61	0.897613134193	norm	227
G	-30	1	52	0.14606741573	raw	227
G	-30	1	52	0.766380213897	norm	227
T	-29	1	140	0.393258426966	raw	227
T	-29	1	140	1.27385930207	norm	227
A	-29	1	100	0.280898876404	raw	227
A	-29	1	100	0.906714437042	norm	227
C	-29	1	74	0.207865168539	raw	227
C	-29	1	74	1.08890773656	norm	227
G	-29	1	42	0.11797752809	raw	227
G	-29	1	42	0.618999403532	norm	227
T	-28	1	118	0.331460674157	raw	227
T	-28	1	118	1.07368141175	norm	227
A	-28	1	109	0.306179775281	raw	227
A	-28	1	109	0.988318736376	norm	227
C	-28	1	75	0.210674157303	raw	227
C	-28	1	75	1.10362270597	norm	227
G	-28	1	54	0.151685393258	raw	227
G	-28	1	54	0.79585637597	norm	227
T	-27	1	96	0.269662921348	raw	227
T	-27	1	96	0.873503521421	norm	227
A	-27	1	94	0.26404494382	raw	227
A	-27	1	94	0.85231157082	norm	227
G	-27	1	92	0.258426966292	raw	227
G	-27	1	92	1.35590345536	norm	227
C	-27	1	74	0.207865168539	raw	227
C	-27	1	74	1.08890773656	norm	227
T	-26	1	136	0.38202247191	raw	227
T	-26	1	136	1.23746332201	norm	227
A	-26	1	97	0.272471910112	raw	227
A	-26	1	97	0.879513003931	norm	227
C	-26	1	64	0.179775280899	raw	227
C	-26	1	64	0.941758042432	norm	227
G	-26	1	59	0.165730337079	raw	227
G	-26	1	59	0.869546781152	norm	227
A	-25	1	123	0.345505617978	raw	227
A	-25	1	123	1.11525875756	norm	227
T	-25	1	123	0.345505617978	raw	227
T	-25	1	123	1.11917638682	norm	227
G	-25	1	62	0.174157303371	raw	227
G	-25	1	62	0.913761024262	norm	227
C	-25	1	48	0.134831460674	raw	227
C	-25	1	48	0.706318531824	norm	227
A	-24	1	104	0.292134831461	raw	227
A	-24	1	104	0.942983014524	norm	227
T	-24	1	100	0.280898876404	raw	227
T	-24	1	100	0.90989950148	norm	227
C	-24	1	91	0.255617977528	raw	227
C	-24	1	91	1.33906221658	norm	227
G	-24	1	61	0.171348314607	raw	227
G	-24	1	61	0.899022943225	norm	227
A	-23	1	136	0.38202247191	raw	227
A	-23	1	136	1.23313163438	norm	227
T	-23	1	90	0.252808988764	raw	227
T	-23	1	90	0.818909551332	norm	227
G	-23	1	87	0.244382022472	raw	227
G	-23	1	87	1.28221305017	norm	227
C	-23	1	43	0.120786516854	raw	227
C	-23	1	43	0.632743684759	norm	227
A	-22	1	135	0.379213483146	raw	227
A	-22	1	135	1.22406449001	norm	227
T	-22	1	86	0.241573033708	raw	227
T	-22	1	86	0.782513571273	norm	227
G	-22	1	79	0.22191011236	raw	227
G	-22	1	79	1.16430840188	norm	227
C	-22	1	56	0.157303370787	raw	227
C	-22	1	56	0.824038287128	norm	227
T	-21	1	105	0.294943820225	raw	227
T	-21	1	105	0.955394476554	norm	227
C	-21	1	93	0.261235955056	raw	227
C	-21	1	93	1.36849215541	norm	227
G	-21	1	80	0.224719101124	raw	227
G	-21	1	80	1.17904648292	norm	227
A	-21	1	78	0.219101123596	raw	227
A	-21	1	78	0.707237260893	norm	227
A	-20	1	121	0.339887640449	raw	227
A	-20	1	121	1.09712446882	norm	227
T	-20	1	110	0.308988764045	raw	227
T	-20	1	110	1.00088945163	norm	227
G	-20	1	66	0.185393258427	raw	227
G	-20	1	66	0.972713348407	norm	227
C	-20	1	59	0.165730337079	raw	227
C	-20	1	59	0.868183195367	norm	227
A	-19	1	136	0.38202247191	raw	227
A	-19	1	136	1.23313163438	norm	227
T	-19	1	133	0.373595505618	raw	227
T	-19	1	133	1.21016633697	norm	227
G	-19	1	52	0.14606741573	raw	227
G	-19	1	52	0.766380213897	norm	227
C	-19	1	35	0.0983146067416	raw	227
C	-19	1	35	0.515023929455	norm	227
T	-18	1	129	0.362359550562	raw	227
T	-18	1	129	1.17377035691	norm	227
A	-18	1	109	0.306179775281	raw	227
A	-18	1	109	0.988318736376	norm	227
G	-18	1	72	0.202247191011	raw	227
G	-18	1	72	1.06114183463	norm	227
C	-18	1	46	0.129213483146	raw	227
C	-18	1	46	0.676888592998	norm	227
T	-17	1	125	0.351123595506	raw	227
T	-17	1	125	1.13737437685	norm	227
A	-17	1	103	0.289325842697	raw	227
A	-17	1	103	0.933915870154	norm	227
C	-17	1	75	0.210674157303	raw	227
C	-17	1	75	1.10362270597	norm	227
G	-17	1	53	0.148876404494	raw	227
G	-17	1	53	0.781118294933	norm	227
A	-16	1	111	0.311797752809	raw	227
A	-16	1	111	1.00645302512	norm	227
G	-16	1	106	0.297752808989	raw	227
G	-16	1	106	1.56223658987	norm	227
C	-16	1	70	0.196629213483	raw	227
C	-16	1	70	1.03004785891	norm	227
T	-16	1	69	0.193820224719	raw	227
T	-16	1	69	0.627830656021	norm	227
A	-15	1	131	0.36797752809	raw	227
A	-15	1	131	1.18779591253	norm	227
T	-15	1	104	0.292134831461	raw	227
T	-15	1	104	0.946295481539	norm	227
G	-15	1	68	0.191011235955	raw	227
G	-15	1	68	1.00218951048	norm	227
C	-15	1	53	0.148876404494	raw	227
C	-15	1	53	0.779893378889	norm	227
T	-14	1	127	0.356741573034	raw	227
T	-14	1	127	1.15557236688	norm	227
A	-14	1	114	0.320224719101	raw	227
A	-14	1	114	1.03365445823	norm	227
G	-14	1	66	0.185393258427	raw	227
G	-14	1	66	0.972713348407	norm	227
C	-14	1	49	0.137640449438	raw	227
C	-14	1	49	0.721033501237	norm	227
T	-13	1	143	0.401685393258	raw	227
T	-13	1	143	1.30115628712	norm	227
A	-13	1	104	0.292134831461	raw	227
A	-13	1	104	0.942983014524	norm	227
G	-13	1	59	0.165730337079	raw	227
G	-13	1	59	0.869546781152	norm	227
C	-13	1	50	0.140449438202	raw	227
C	-13	1	50	0.73574847065	norm	227
T	-12	1	147	0.412921348315	raw	227
T	-12	1	147	1.33755226718	norm	227
A	-12	1	120	0.337078651685	raw	227
A	-12	1	120	1.08805732445	norm	227
G	-12	1	46	0.129213483146	raw	227
G	-12	1	46	0.677951727678	norm	227
C	-12	1	43	0.120786516854	raw	227
C	-12	1	43	0.632743684759	norm	227
A	-11	1	134	0.376404494382	raw	227
A	-11	1	134	1.21499734564	norm	227
T	-11	1	129	0.362359550562	raw	227
T	-11	1	129	1.17377035691	norm	227
G	-11	1	54	0.151685393258	raw	227
G	-11	1	54	0.79585637597	norm	227
C	-11	1	39	0.109550561798	raw	227
C	-11	1	39	0.573883807107	norm	227
T	-10	1	129	0.362359550562	raw	227
T	-10	1	129	1.17377035691	norm	227
A	-10	1	98	0.275280898876	raw	227
A	-10	1	98	0.888580148301	norm	227
C	-10	1	74	0.207865168539	raw	227
C	-10	1	74	1.08890773656	norm	227
G	-10	1	55	0.154494382022	raw	227
G	-10	1	55	0.810594457006	norm	227
A	-9	1	138	0.387640449438	raw	227
A	-9	1	138	1.25126592312	norm	227
T	-9	1	117	0.328651685393	raw	227
T	-9	1	117	1.06458241673	norm	227
C	-9	1	52	0.14606741573	raw	227
C	-9	1	52	0.765178409476	norm	227
G	-9	1	49	0.137640449438	raw	227
G	-9	1	49	0.722165970787	norm	227
T	-8	1	124	0.348314606742	raw	227
T	-8	1	124	1.12827538184	norm	227
A	-8	1	123	0.345505617978	raw	227
A	-8	1	123	1.11525875756	norm	227
C	-8	1	55	0.154494382022	raw	227
C	-8	1	55	0.809323317715	norm	227
G	-8	1	54	0.151685393258	raw	227
G	-8	1	54	0.79585637597	norm	227
T	-7	1	117	0.328651685393	raw	227
T	-7	1	117	1.06458241673	norm	227
A	-7	1	113	0.317415730337	raw	227
A	-7	1	113	1.02458731386	norm	227
C	-7	1	69	0.193820224719	raw	227
C	-7	1	69	1.0153328895	norm	227
G	-7	1	57	0.160112359551	raw	227
G	-7	1	57	0.840070619079	norm	227
T	-6	1	122	0.342696629213	raw	227
T	-6	1	122	1.11007739181	norm	227
A	-6	1	101	0.283707865169	raw	227
A	-6	1	101	0.915781581413	norm	227
C	-6	1	68	0.191011235955	raw	227
C	-6	1	68	1.00061792008	norm	227
G	-6	1	65	0.182584269663	raw	227
G	-6	1	65	0.957975267371	norm	227
T	-5	1	116	0.325842696629	raw	227
T	-5	1	116	1.05548342172	norm	227
G	-5	1	94	0.26404494382	raw	227
G	-5	1	94	1.38537961743	norm	227
C	-5	1	76	0.213483146067	raw	227
C	-5	1	76	1.11833767539	norm	227
A	-5	1	70	0.196629213483	raw	227
A	-5	1	70	0.63470010593	norm	227
T	-4	1	155	0.435393258427	raw	227
T	-4	1	155	1.41034422729	norm	227
A	-4	1	86	0.241573033708	raw	227
A	-4	1	86	0.779774415856	norm	227
G	-4	1	61	0.171348314607	raw	227
G	-4	1	61	0.899022943225	norm	227
C	-4	1	54	0.151685393258	raw	227
C	-4	1	54	0.794608348302	norm	227
T	-3	1	151	0.424157303371	raw	227
T	-3	1	151	1.37394824723	norm	227
A	-3	1	98	0.275280898876	raw	227
A	-3	1	98	0.888580148301	norm	227
C	-3	1	63	0.176966292135	raw	227
C	-3	1	63	0.927043073019	norm	227
G	-3	1	44	0.123595505618	raw	227
G	-3	1	44	0.648475565605	norm	227
A	-2	1	127	0.356741573034	raw	227
A	-2	1	127	1.15152733504	norm	227
T	-2	1	122	0.342696629213	raw	227
T	-2	1	122	1.11007739181	norm	227
G	-2	1	54	0.151685393258	raw	227
G	-2	1	54	0.79585637597	norm	227
C	-2	1	53	0.148876404494	raw	227
C	-2	1	53	0.779893378889	norm	227
A	-1	1	104	0.292134831461	raw	227
A	-1	1	104	0.942983014524	norm	227
G	-1	1	96	0.269662921348	raw	227
G	-1	1	96	1.4148557795	norm	227
T	-1	1	90	0.252808988764	raw	227
T	-1	1	90	0.818909551332	norm	227
C	-1	1	66	0.185393258427	raw	227
C	-1	1	66	0.971187981258	norm	227
A	0	1	105	0.294943820225	raw	227
A	0	1	105	0.952050158894	norm	227
C	0	1	104	0.292134831461	raw	227
C	0	1	104	1.53035681895	norm	227
T	0	1	99	0.27808988764	raw	227
T	0	1	99	0.900800506465	norm	227
G	0	1	48	0.134831460674	raw	227
G	0	1	48	0.707427889751	norm	227
A	1	1	138	0.387640449438	raw	227
A	1	1	138	1.25126592312	norm	227
T	1	1	114	0.320224719101	raw	227
T	1	1	114	1.03728543169	norm	227
G	1	1	60	0.168539325843	raw	227
G	1	1	60	0.884284862189	norm	227
C	1	1	44	0.123595505618	raw	227
C	1	1	44	0.647458654172	norm	227
A	2	1	121	0.339887640449	raw	227
A	2	1	121	1.09712446882	norm	227
T	2	1	87	0.244382022472	raw	227
T	2	1	87	0.791612566288	norm	227
G	2	1	81	0.227528089888	raw	227
G	2	1	81	1.19378456395	norm	227
C	2	1	67	0.188202247191	raw	227
C	2	1	67	0.985902950671	norm	227
A	3	1	129	0.362359550562	raw	227
A	3	1	129	1.16966162378	norm	227
T	3	1	96	0.269662921348	raw	227
T	3	1	96	0.873503521421	norm	227
G	3	1	67	0.188202247191	raw	227
G	3	1	67	0.987451429444	norm	227
C	3	1	64	0.179775280899	raw	227
C	3	1	64	0.941758042432	norm	227
A	4	1	129	0.362359550562	raw	227
A	4	1	129	1.16966162378	norm	227
T	4	1	117	0.328651685393	raw	227
T	4	1	117	1.06458241673	norm	227
G	4	1	57	0.160112359551	raw	227
G	4	1	57	0.840070619079	norm	227
C	4	1	53	0.148876404494	raw	227
C	4	1	53	0.779893378889	norm	227
A	5	1	181	0.508426966292	raw	227
A	5	1	181	1.64115313105	norm	227
T	5	1	77	0.216292134831	raw	227
T	5	1	77	0.70062261614	norm	227
C	5	1	68	0.191011235955	raw	227
C	5	1	68	1.00061792008	norm	227
G	5	1	30	0.0842696629213	raw	227
G	5	1	30	0.442142431094	norm	227
A	6	1	120	0.337078651685	raw	227
A	6	1	120	1.08805732445	norm	227
T	6	1	91	0.255617977528	raw	227
T	6	1	91	0.828008546347	norm	227
C	6	1	89	0.25	raw	227
C	6	1	89	1.30963227776	norm	227
G	6	1	56	0.157303370787	raw	227
G	6	1	56	0.825332538043	norm	227
A	7	1	107	0.300561797753	raw	227
A	7	1	107	0.970184447635	norm	227
G	7	1	97	0.272471910112	raw	227
G	7	1	97	1.42959386054	norm	227
C	7	1	76	0.213483146067	raw	227
C	7	1	76	1.11833767539	norm	227
T	7	1	76	0.213483146067	raw	227
T	7	1	76	0.691523621125	norm	227
T	8	1	116	0.325842696629	raw	227
T	8	1	116	1.05548342172	norm	227
G	8	1	101	0.283707865169	raw	227
G	8	1	101	1.48854618468	norm	227
A	8	1	88	0.247191011236	raw	227
A	8	1	88	0.797908704597	norm	227
C	8	1	51	0.143258426966	raw	227
C	8	1	51	0.750463440063	norm	227
A	9	1	117	0.328651685393	raw	227
A	9	1	117	1.06085589134	norm	227
T	9	1	103	0.289325842697	raw	227
T	9	1	103	0.937196486524	norm	227
C	9	1	85	0.238764044944	raw	227
C	9	1	85	1.2507724001	norm	227
G	9	1	51	0.143258426966	raw	227
G	9	1	51	0.75164213286	norm	227
A	10	1	164	0.460674157303	raw	227
A	10	1	164	1.48701167675	norm	227
T	10	1	90	0.252808988764	raw	227
T	10	1	90	0.818909551332	norm	227
C	10	1	55	0.154494382022	raw	227
C	10	1	55	0.809323317715	norm	227
G	10	1	47	0.13202247191	raw	227
G	10	1	47	0.692689808714	norm	227
A	11	1	112	0.314606741573	raw	227
A	11	1	112	1.01552016949	norm	227
T	11	1	105	0.294943820225	raw	227
T	11	1	105	0.955394476554	norm	227
G	11	1	73	0.205056179775	raw	227
G	11	1	73	1.07587991566	norm	227
C	11	1	66	0.185393258427	raw	227
C	11	1	66	0.971187981258	norm	227
T	12	1	146	0.410112359551	raw	227
T	12	1	146	1.32845327216	norm	227
A	12	1	97	0.272471910112	raw	227
A	12	1	97	0.879513003931	norm	227
C	12	1	67	0.188202247191	raw	227
C	12	1	67	0.985902950671	norm	227
G	12	1	46	0.129213483146	raw	227
G	12	1	46	0.677951727678	norm	227
T	13	1	124	0.348314606742	raw	227
T	13	1	124	1.12827538184	norm	227
A	13	1	113	0.317415730337	raw	227
A	13	1	113	1.02458731386	norm	227
C	13	1	68	0.191011235955	raw	227
C	13	1	68	1.00061792008	norm	227
G	13	1	51	0.143258426966	raw	227
G	13	1	51	0.75164213286	norm	227
A	14	1	110	0.308988764045	raw	227
A	14	1	110	0.997385880746	norm	227
G	14	1	102	0.286516853933	raw	227
G	14	1	102	1.50328426572	norm	227
C	14	1	80	0.224719101124	raw	227
C	14	1	80	1.17719755304	norm	227
T	14	1	64	0.179775280899	raw	227
T	14	1	64	0.582335680947	norm	227
A	15	1	132	0.370786516854	raw	227
A	15	1	132	1.1968630569	norm	227
T	15	1	105	0.294943820225	raw	227
T	15	1	105	0.955394476554	norm	227
G	15	1	61	0.171348314607	raw	227
G	15	1	61	0.899022943225	norm	227
C	15	1	58	0.162921348315	raw	227
C	15	1	58	0.853468225954	norm	227
A	16	1	113	0.317415730337	raw	227
A	16	1	113	1.02458731386	norm	227
T	16	1	108	0.303370786517	raw	227
T	16	1	108	0.982691461598	norm	227
G	16	1	79	0.22191011236	raw	227
G	16	1	79	1.16430840188	norm	227
C	16	1	56	0.157303370787	raw	227
C	16	1	56	0.824038287128	norm	227
A	17	1	124	0.348314606742	raw	227
A	17	1	124	1.12432590193	norm	227
T	17	1	119	0.334269662921	raw	227
T	17	1	119	1.08278040676	norm	227
G	17	1	69	0.193820224719	raw	227
G	17	1	69	1.01692759152	norm	227
C	17	1	44	0.123595505618	raw	227
C	17	1	44	0.647458654172	norm	227
A	18	1	131	0.36797752809	raw	227
A	18	1	131	1.18779591253	norm	227
C	18	1	94	0.26404494382	raw	227
C	18	1	94	1.38320712482	norm	227
T	18	1	93	0.261235955056	raw	227
T	18	1	93	0.846206536376	norm	227
G	18	1	38	0.106741573034	raw	227
G	18	1	38	0.560047079386	norm	227
A	19	1	139	0.390449438202	raw	227
A	19	1	139	1.26033306749	norm	227
T	19	1	110	0.308988764045	raw	227
T	19	1	110	1.00088945163	norm	227
C	19	1	61	0.171348314607	raw	227
C	19	1	61	0.897613134193	norm	227
G	19	1	46	0.129213483146	raw	227
G	19	1	46	0.677951727678	norm	227
T	20	1	123	0.345505617978	raw	227
T	20	1	123	1.11917638682	norm	227
G	20	1	84	0.23595505618	raw	227
G	20	1	84	1.23799880706	norm	227
A	20	1	77	0.216292134831	raw	227
A	20	1	77	0.698170116523	norm	227
C	20	1	72	0.202247191011	raw	227
C	20	1	72	1.05947779774	norm	227
A	21	1	107	0.300561797753	raw	227
A	21	1	107	0.970184447635	norm	227
G	21	1	96	0.269662921348	raw	227
G	21	1	96	1.4148557795	norm	227
C	21	1	78	0.219101123596	raw	227
C	21	1	78	1.14776761421	norm	227
T	21	1	75	0.210674157303	raw	227
T	21	1	75	0.68242462611	norm	227
T	22	1	115	0.323033707865	raw	227
T	22	1	115	1.0463844267	norm	227
A	22	1	104	0.292134831461	raw	227
A	22	1	104	0.942983014524	norm	227
G	22	1	85	0.238764044944	raw	227
G	22	1	85	1.2527368881	norm	227
C	22	1	52	0.14606741573	raw	227
C	22	1	52	0.765178409476	norm	227
A	23	1	110	0.308988764045	raw	227
A	23	1	110	0.997385880746	norm	227
T	23	1	101	0.283707865169	raw	227
T	23	1	101	0.918998496495	norm	227
G	23	1	74	0.207865168539	raw	227
G	23	1	74	1.0906179967	norm	227
C	23	1	71	0.199438202247	raw	227
C	23	1	71	1.04476282832	norm	227
A	24	1	114	0.320224719101	raw	227
A	24	1	114	1.03365445823	norm	227
T	24	1	107	0.300561797753	raw	227
T	24	1	107	0.973592466584	norm	227
C	24	1	85	0.238764044944	raw	227
C	24	1	85	1.2507724001	norm	227
G	24	1	50	0.140449438202	raw	227
G	24	1	50	0.736904051824	norm	227
A	25	1	121	0.339887640449	raw	227
A	25	1	121	1.09712446882	norm	227
T	25	1	106	0.297752808989	raw	227
T	25	1	106	0.964493471569	norm	227
G	25	1	65	0.182584269663	raw	227
G	25	1	65	0.957975267371	norm	227
C	25	1	64	0.179775280899	raw	227
C	25	1	64	0.941758042432	norm	227
T	26	1	119	0.334269662921	raw	227
T	26	1	119	1.08278040676	norm	227
C	26	1	100	0.280898876404	raw	227
C	26	1	100	1.4714969413	norm	227
A	26	1	86	0.241573033708	raw	227
A	26	1	86	0.779774415856	norm	227
G	26	1	51	0.143258426966	raw	227
G	26	1	51	0.75164213286	norm	227
T	27	1	132	0.370786516854	raw	227
T	27	1	132	1.20106734195	norm	227
A	27	1	121	0.339887640449	raw	227
A	27	1	121	1.09712446882	norm	227
C	27	1	55	0.154494382022	raw	227
C	27	1	55	0.809323317715	norm	227
G	27	1	48	0.134831460674	raw	227
G	27	1	48	0.707427889751	norm	227
A	28	1	115	0.323033707865	raw	227
A	28	1	115	1.0427216026	norm	227
T	28	1	113	0.317415730337	raw	227
T	28	1	113	1.02818643667	norm	227
C	28	1	84	0.23595505618	raw	227
C	28	1	84	1.23605743069	norm	227
G	28	1	44	0.123595505618	raw	227
G	28	1	44	0.648475565605	norm	227
A	29	1	133	0.373595505618	raw	227
A	29	1	133	1.20593020127	norm	227
T	29	1	94	0.26404494382	raw	227
T	29	1	94	0.855305531391	norm	227
C	29	1	72	0.202247191011	raw	227
C	29	1	72	1.05947779774	norm	227
G	29	1	57	0.160112359551	raw	227
G	29	1	57	0.840070619079	norm	227
A	30	1	115	0.323033707865	raw	227
A	30	1	115	1.0427216026	norm	227
T	30	1	114	0.320224719101	raw	227
T	30	1	114	1.03728543169	norm	227
C	30	1	68	0.191011235955	raw	227
C	30	1	68	1.00061792008	norm	227
G	30	1	59	0.165730337079	raw	227
G	30	1	59	0.869546781152	norm	227
T	31	1	132	0.370786516854	raw	227
T	31	1	132	1.20106734195	norm	227
A	31	1	128	0.359550561798	raw	227
A	31	1	128	1.16059447941	norm	227
C	31	1	58	0.162921348315	raw	227
C	31	1	58	0.853468225954	norm	227
G	31	1	38	0.106741573034	raw	227
G	31	1	38	0.560047079386	norm	227
A	32	1	106	0.297752808989	raw	227
A	32	1	106	0.961117303265	norm	227
C	32	1	89	0.25	raw	227
C	32	1	89	1.30963227776	norm	227
G	32	1	88	0.247191011236	raw	227
G	32	1	88	1.29695113121	norm	227
T	32	1	73	0.205056179775	raw	227
T	32	1	73	0.66422663608	norm	227
C	33	1	124	0.348314606742	raw	227
C	33	1	124	1.82465620721	norm	227
A	33	1	101	0.283707865169	raw	227
A	33	1	101	0.915781581413	norm	227
T	33	1	84	0.23595505618	raw	227
T	33	1	84	0.764315581243	norm	227
G	33	1	47	0.13202247191	raw	227
G	33	1	47	0.692689808714	norm	227
T	34	1	124	0.348314606742	raw	227
T	34	1	124	1.12827538184	norm	227
A	34	1	101	0.283707865169	raw	227
A	34	1	101	0.915781581413	norm	227
C	34	1	88	0.247191011236	raw	227
C	34	1	88	1.29491730834	norm	227
G	34	1	43	0.120786516854	raw	227
G	34	1	43	0.633737484568	norm	227
T	35	1	133	0.373595505618	raw	227
T	35	1	133	1.21016633697	norm	227
A	35	1	104	0.292134831461	raw	227
A	35	1	104	0.942983014524	norm	227
C	35	1	61	0.171348314607	raw	227
C	35	1	61	0.897613134193	norm	227
G	35	1	58	0.162921348315	raw	227
G	35	1	58	0.854808700116	norm	227
A	36	1	125	0.351123595506	raw	227
A	36	1	125	1.1333930463	norm	227
C	36	1	97	0.272471910112	raw	227
C	36	1	97	1.42735203306	norm	227
G	36	1	68	0.191011235955	raw	227
G	36	1	68	1.00218951048	norm	227
T	36	1	66	0.185393258427	raw	227
T	36	1	66	0.600533670977	norm	227
T	37	1	107	0.300561797753	raw	227
T	37	1	107	0.973592466584	norm	227
G	37	1	94	0.26404494382	raw	227
G	37	1	94	1.38537961743	norm	227
A	37	1	92	0.258426966292	raw	227
A	37	1	92	0.834177282079	norm	227
C	37	1	63	0.176966292135	raw	227
C	37	1	63	0.927043073019	norm	227
A	38	1	133	0.373595505618	raw	227
A	38	1	133	1.20593020127	norm	227
T	38	1	125	0.351123595506	raw	227
T	38	1	125	1.13737437685	norm	227
G	38	1	57	0.160112359551	raw	227
G	38	1	57	0.840070619079	norm	227
C	38	1	41	0.115168539326	raw	227
C	38	1	41	0.603313745933	norm	227
T	39	1	115	0.323033707865	raw	227
T	39	1	115	1.0463844267	norm	227
A	39	1	107	0.300561797753	raw	227
A	39	1	107	0.970184447635	norm	227
C	39	1	76	0.213483146067	raw	227
C	39	1	76	1.11833767539	norm	227
G	39	1	58	0.162921348315	raw	227
G	39	1	58	0.854808700116	norm	227
T	40	1	123	0.345505617978	raw	227
T	40	1	123	1.11917638682	norm	227
A	40	1	95	0.266853932584	raw	227
A	40	1	95	0.86137871519	norm	227
C	40	1	92	0.258426966292	raw	227
C	40	1	92	1.353777186	norm	227
G	40	1	46	0.129213483146	raw	227
G	40	1	46	0.677951727678	norm	227
T	41	1	144	0.404494382022	raw	227
T	41	1	144	1.31025528213	norm	227
A	41	1	130	0.365168539326	raw	227
A	41	1	130	1.17872876815	norm	227
G	41	1	44	0.123595505618	raw	227
G	41	1	44	0.648475565605	norm	227
C	41	1	38	0.106741573034	raw	227
C	41	1	38	0.559168837694	norm	227
A	42	1	116	0.325842696629	raw	227
A	42	1	116	1.05178874697	norm	227
T	42	1	97	0.272471910112	raw	227
T	42	1	97	0.882602516436	norm	227
C	42	1	77	0.216292134831	raw	227
C	42	1	77	1.1330526448	norm	227
G	42	1	66	0.185393258427	raw	227
G	42	1	66	0.972713348407	norm	227
A	43	1	146	0.410112359551	raw	227
A	43	1	146	1.32380307808	norm	227
T	43	1	98	0.275280898876	raw	227
T	43	1	98	0.89170151145	norm	227
C	43	1	73	0.205056179775	raw	227
C	43	1	73	1.07419276715	norm	227
G	43	1	39	0.109550561798	raw	227
G	43	1	39	0.574785160423	norm	227
A	44	1	112	0.314606741573	raw	227
A	44	1	112	1.01552016949	norm	227
T	44	1	110	0.308988764045	raw	227
T	44	1	110	1.00088945163	norm	227
C	44	1	96	0.269662921348	raw	227
C	44	1	96	1.41263706365	norm	227
G	44	1	38	0.106741573034	raw	227
G	44	1	38	0.560047079386	norm	227
A	45	1	117	0.328651685393	raw	227
A	45	1	117	1.06085589134	norm	227
T	45	1	87	0.244382022472	raw	227
T	45	1	87	0.791612566288	norm	227
C	45	1	79	0.22191011236	raw	227
C	45	1	79	1.16248258363	norm	227
G	45	1	73	0.205056179775	raw	227
G	45	1	73	1.07587991566	norm	227
T	46	1	136	0.38202247191	raw	227
T	46	1	136	1.23746332201	norm	227
A	46	1	132	0.370786516854	raw	227
A	46	1	132	1.1968630569	norm	227
G	46	1	51	0.143258426966	raw	227
G	46	1	51	0.75164213286	norm	227
C	46	1	37	0.10393258427	raw	227
C	46	1	37	0.544453868281	norm	227
T	47	1	110	0.308988764045	raw	227
T	47	1	110	1.00088945163	norm	227
A	47	1	100	0.280898876404	raw	227
A	47	1	100	0.906714437042	norm	227
G	47	1	94	0.26404494382	raw	227
G	47	1	94	1.38537961743	norm	227
C	47	1	52	0.14606741573	raw	227
C	47	1	52	0.765178409476	norm	227
A	48	1	141	0.39606741573	raw	227
A	48	1	141	1.27846735623	norm	227
T	48	1	116	0.325842696629	raw	227
T	48	1	116	1.05548342172	norm	227
C	48	1	54	0.151685393258	raw	227
C	48	1	54	0.794608348302	norm	227
G	48	1	45	0.126404494382	raw	227
G	48	1	45	0.663213646641	norm	227
A	49	1	138	0.387640449438	raw	227
A	49	1	138	1.25126592312	norm	227
T	49	1	107	0.300561797753	raw	227
T	49	1	107	0.973592466584	norm	227
C	49	1	65	0.182584269663	raw	227
C	49	1	65	0.956473011845	norm	227
G	49	1	46	0.129213483146	raw	227
G	49	1	46	0.677951727678	norm	227
A	50	1	118	0.331460674157	raw	227
A	50	1	118	1.06992303571	norm	227
T	50	1	103	0.289325842697	raw	227
T	50	1	103	0.937196486524	norm	227
C	50	1	68	0.191011235955	raw	227
C	50	1	68	1.00061792008	norm	227
G	50	1	67	0.188202247191	raw	227
G	50	1	67	0.987451429444	norm	227
A	51	1	120	0.337078651685	raw	227
A	51	1	120	1.08805732445	norm	227
T	51	1	98	0.275280898876	raw	227
T	51	1	98	0.89170151145	norm	227
C	51	1	78	0.219101123596	raw	227
C	51	1	78	1.14776761421	norm	227
G	51	1	60	0.168539325843	raw	227
G	51	1	60	0.884284862189	norm	227
A	52	1	132	0.370786516854	raw	227
A	52	1	132	1.1968630569	norm	227
T	52	1	93	0.261235955056	raw	227
T	52	1	93	0.846206536376	norm	227
C	52	1	70	0.196629213483	raw	227
C	52	1	70	1.03004785891	norm	227
G	52	1	61	0.171348314607	raw	227
G	52	1	61	0.899022943225	norm	227
A	53	1	115	0.323033707865	raw	227
A	53	1	115	1.0427216026	norm	227
T	53	1	109	0.306179775281	raw	227
T	53	1	109	0.991790456613	norm	227
G	53	1	69	0.193820224719	raw	227
G	53	1	69	1.01692759152	norm	227
C	53	1	63	0.176966292135	raw	227
C	53	1	63	0.927043073019	norm	227
T	54	1	108	0.303370786517	raw	227
T	54	1	108	0.982691461598	norm	227
G	54	1	99	0.27808988764	raw	227
G	54	1	99	1.45907002261	norm	227
A	54	1	80	0.224719101124	raw	227
A	54	1	80	0.725371549634	norm	227
C	54	1	69	0.193820224719	raw	227
C	54	1	69	1.0153328895	norm	227
T	55	1	152	0.426966292135	raw	227
T	55	1	152	1.38304724225	norm	227
A	55	1	106	0.297752808989	raw	227
A	55	1	106	0.961117303265	norm	227
C	55	1	66	0.185393258427	raw	227
C	55	1	66	0.971187981258	norm	227
G	55	1	32	0.0898876404494	raw	227
G	55	1	32	0.471618593167	norm	227
A	56	1	118	0.331460674157	raw	227
A	56	1	118	1.06992303571	norm	227
C	56	1	99	0.27808988764	raw	227
C	56	1	99	1.45678197189	norm	227
T	56	1	93	0.261235955056	raw	227
T	56	1	93	0.846206536376	norm	227
G	56	1	46	0.129213483146	raw	227
G	56	1	46	0.677951727678	norm	227
A	57	1	126	0.35393258427	raw	227
A	57	1	126	1.14246019067	norm	227
T	57	1	122	0.342696629213	raw	227
T	57	1	122	1.11007739181	norm	227
G	57	1	63	0.176966292135	raw	227
G	57	1	63	0.928499105298	norm	227
C	57	1	45	0.126404494382	raw	227
C	57	1	45	0.662173623585	norm	227
A	58	1	113	0.317415730337	raw	227
A	58	1	113	1.02458731386	norm	227
T	58	1	105	0.294943820225	raw	227
T	58	1	105	0.955394476554	norm	227
G	58	1	97	0.272471910112	raw	227
G	58	1	97	1.42959386054	norm	227
C	58	1	41	0.115168539326	raw	227
C	58	1	41	0.603313745933	norm	227
A	59	1	106	0.297752808989	raw	227
A	59	1	106	0.961117303265	norm	227
T	59	1	105	0.294943820225	raw	227
T	59	1	105	0.955394476554	norm	227
C	59	1	75	0.210674157303	raw	227
C	59	1	75	1.10362270597	norm	227
G	59	1	70	0.196629213483	raw	227
G	59	1	70	1.03166567255	norm	227
A	60	1	118	0.331460674157	raw	227
A	60	1	118	1.06992303571	norm	227
T	60	1	113	0.317415730337	raw	227
T	60	1	113	1.02818643667	norm	227
C	60	1	76	0.213483146067	raw	227
C	60	1	76	1.11833767539	norm	227
G	60	1	49	0.137640449438	raw	227
G	60	1	49	0.722165970787	norm	227
T	61	1	149	0.418539325843	raw	227
T	61	1	149	1.35575025721	norm	227
C	61	1	75	0.210674157303	raw	227
C	61	1	75	1.10362270597	norm	227
A	61	1	67	0.188202247191	raw	227
A	61	1	67	0.607498672818	norm	227
G	61	1	65	0.182584269663	raw	227
G	61	1	65	0.957975267371	norm	227
A	62	1	133	0.373595505618	raw	227
A	62	1	133	1.20593020127	norm	227
T	62	1	101	0.283707865169	raw	227
T	62	1	101	0.918998496495	norm	227
G	62	1	75	0.210674157303	raw	227
G	62	1	75	1.10535607774	norm	227
C	62	1	47	0.13202247191	raw	227
C	62	1	47	0.691603562411	norm	227
T	63	1	117	0.328651685393	raw	227
T	63	1	117	1.06458241673	norm	227
A	63	1	106	0.297752808989	raw	227
A	63	1	106	0.961117303265	norm	227
G	63	1	67	0.188202247191	raw	227
G	63	1	67	0.987451429444	norm	227
C	63	1	66	0.185393258427	raw	227
C	63	1	66	0.971187981258	norm	227
A	64	1	141	0.39606741573	raw	227
A	64	1	141	1.27846735623	norm	227
T	64	1	104	0.292134831461	raw	227
T	64	1	104	0.946295481539	norm	227
C	64	1	60	0.168539325843	raw	227
C	64	1	60	0.88289816478	norm	227
G	64	1	51	0.143258426966	raw	227
G	64	1	51	0.75164213286	norm	227
A	65	1	143	0.401685393258	raw	227
A	65	1	143	1.29660164497	norm	227
T	65	1	80	0.224719101124	raw	227
T	65	1	80	0.727919601184	norm	227
C	65	1	68	0.191011235955	raw	227
C	65	1	68	1.00061792008	norm	227
G	65	1	65	0.182584269663	raw	227
G	65	1	65	0.957975267371	norm	227
T	66	1	142	0.398876404494	raw	227
T	66	1	142	1.2920572921	norm	227
A	66	1	96	0.269662921348	raw	227
A	66	1	96	0.870445859561	norm	227
G	66	1	73	0.205056179775	raw	227
G	66	1	73	1.07587991566	norm	227
C	66	1	45	0.126404494382	raw	227
C	66	1	45	0.662173623585	norm	227
A	67	1	123	0.345505617978	raw	227
A	67	1	123	1.11525875756	norm	227
T	67	1	113	0.317415730337	raw	227
T	67	1	113	1.02818643667	norm	227
G	67	1	61	0.171348314607	raw	227
G	67	1	61	0.899022943225	norm	227
C	67	1	59	0.165730337079	raw	227
C	67	1	59	0.868183195367	norm	227
A	68	1	151	0.424157303371	raw	227
A	68	1	151	1.36913879993	norm	227
T	68	1	106	0.297752808989	raw	227
T	68	1	106	0.964493471569	norm	227
G	68	1	55	0.154494382022	raw	227
G	68	1	55	0.810594457006	norm	227
C	68	1	44	0.123595505618	raw	227
C	68	1	44	0.647458654172	norm	227
T	69	1	109	0.306179775281	raw	227
T	69	1	109	0.991790456613	norm	227
A	69	1	107	0.300561797753	raw	227
A	69	1	107	0.970184447635	norm	227
C	69	1	78	0.219101123596	raw	227
C	69	1	78	1.14776761421	norm	227
G	69	1	62	0.174157303371	raw	227
G	69	1	62	0.913761024262	norm	227
A	70	1	127	0.356741573034	raw	227
A	70	1	127	1.15152733504	norm	227
T	70	1	108	0.303370786517	raw	227
T	70	1	108	0.982691461598	norm	227
G	70	1	63	0.176966292135	raw	227
G	70	1	63	0.928499105298	norm	227
C	70	1	58	0.162921348315	raw	227
C	70	1	58	0.853468225954	norm	227
A	71	1	137	0.384831460674	raw	227
A	71	1	137	1.24219877875	norm	227
T	71	1	88	0.247191011236	raw	227
T	71	1	88	0.800711561302	norm	227
G	71	1	72	0.202247191011	raw	227
G	71	1	72	1.06114183463	norm	227
C	71	1	59	0.165730337079	raw	227
C	71	1	59	0.868183195367	norm	227
A	72	1	133	0.373595505618	raw	227
A	72	1	133	1.20593020127	norm	227
T	72	1	128	0.359550561798	raw	227
T	72	1	128	1.16467136189	norm	227
C	72	1	48	0.134831460674	raw	227
C	72	1	48	0.706318531824	norm	227
G	72	1	47	0.13202247191	raw	227
G	72	1	47	0.692689808714	norm	227
T	73	1	125	0.351123595506	raw	227
T	73	1	125	1.13737437685	norm	227
A	73	1	112	0.314606741573	raw	227
A	73	1	112	1.01552016949	norm	227
C	73	1	65	0.182584269663	raw	227
C	73	1	65	0.956473011845	norm	227
G	73	1	54	0.151685393258	raw	227
G	73	1	54	0.79585637597	norm	227
T	74	1	121	0.339887640449	raw	227
T	74	1	121	1.10097839679	norm	227
A	74	1	110	0.308988764045	raw	227
A	74	1	110	0.997385880746	norm	227
G	74	1	66	0.185393258427	raw	227
G	74	1	66	0.972713348407	norm	227
C	74	1	59	0.165730337079	raw	227
C	74	1	59	0.868183195367	norm	227
T	75	1	149	0.418539325843	raw	227
T	75	1	149	1.35575025721	norm	227
A	75	1	99	0.27808988764	raw	227
A	75	1	99	0.897647292672	norm	227
G	75	1	55	0.154494382022	raw	227
G	75	1	55	0.810594457006	norm	227
C	75	1	53	0.148876404494	raw	227
C	75	1	53	0.779893378889	norm	227
C	76	1	92	0.258426966292	raw	227
C	76	1	92	1.353777186	norm	227
T	76	1	91	0.255617977528	raw	227
T	76	1	91	0.828008546347	norm	227
G	76	1	87	0.244382022472	raw	227
G	76	1	87	1.28221305017	norm	227
A	76	1	86	0.241573033708	raw	227
A	76	1	86	0.779774415856	norm	227
A	77	1	114	0.320224719101	raw	227
A	77	1	114	1.03365445823	norm	227
G	77	1	106	0.297752808989	raw	227
G	77	1	106	1.56223658987	norm	227
T	77	1	83	0.233146067416	raw	227
T	77	1	83	0.755216586228	norm	227
C	77	1	53	0.148876404494	raw	227
C	77	1	53	0.779893378889	norm	227
A	78	1	120	0.337078651685	raw	227
A	78	1	120	1.08805732445	norm	227
T	78	1	118	0.331460674157	raw	227
T	78	1	118	1.07368141175	norm	227
G	78	1	76	0.213483146067	raw	227
G	78	1	76	1.12009415877	norm	227
C	78	1	42	0.11797752809	raw	227
C	78	1	42	0.618028715346	norm	227
A	79	1	132	0.370786516854	raw	227
A	79	1	132	1.1968630569	norm	227
T	79	1	125	0.351123595506	raw	227
T	79	1	125	1.13737437685	norm	227
C	79	1	52	0.14606741573	raw	227
C	79	1	52	0.765178409476	norm	227
G	79	1	47	0.13202247191	raw	227
G	79	1	47	0.692689808714	norm	227
A	80	1	114	0.320224719101	raw	227
A	80	1	114	1.03365445823	norm	227
C	80	1	97	0.272471910112	raw	227
C	80	1	97	1.42735203306	norm	227
T	80	1	82	0.230337078652	raw	227
T	80	1	82	0.746117591214	norm	227
G	80	1	63	0.176966292135	raw	227
G	80	1	63	0.928499105298	norm	227
A	81	1	96	0.269662921348	raw	227
A	81	1	96	0.870445859561	norm	227
G	81	1	91	0.255617977528	raw	227
G	81	1	91	1.34116537432	norm	227
T	81	1	90	0.252808988764	raw	227
T	81	1	90	0.818909551332	norm	227
C	81	1	79	0.22191011236	raw	227
C	81	1	79	1.16248258363	norm	227
T	82	1	119	0.334269662921	raw	227
T	82	1	119	1.08278040676	norm	227
A	82	1	118	0.331460674157	raw	227
A	82	1	118	1.06992303571	norm	227
G	82	1	65	0.182584269663	raw	227
G	82	1	65	0.957975267371	norm	227
C	82	1	54	0.151685393258	raw	227
C	82	1	54	0.794608348302	norm	227
A	83	1	136	0.38202247191	raw	227
A	83	1	136	1.23313163438	norm	227
T	83	1	103	0.289325842697	raw	227
T	83	1	103	0.937196486524	norm	227
G	83	1	81	0.227528089888	raw	227
G	83	1	81	1.19378456395	norm	227
C	83	1	36	0.101123595506	raw	227
C	83	1	36	0.529738898868	norm	227
A	84	1	107	0.300561797753	raw	227
A	84	1	107	0.970184447635	norm	227
T	84	1	102	0.286516853933	raw	227
T	84	1	102	0.92809749151	norm	227
C	84	1	92	0.258426966292	raw	227
C	84	1	92	1.353777186	norm	227
G	84	1	55	0.154494382022	raw	227
G	84	1	55	0.810594457006	norm	227
A	85	1	100	0.280898876404	raw	227
A	85	1	100	0.906714437042	norm	227
C	85	1	99	0.27808988764	raw	227
C	85	1	99	1.45678197189	norm	227
T	85	1	94	0.26404494382	raw	227
T	85	1	94	0.855305531391	norm	227
G	85	1	63	0.176966292135	raw	227
G	85	1	63	0.928499105298	norm	227
T	86	1	123	0.345505617978	raw	227
T	86	1	123	1.11917638682	norm	227
A	86	1	113	0.317415730337	raw	227
A	86	1	113	1.02458731386	norm	227
C	86	1	61	0.171348314607	raw	227
C	86	1	61	0.897613134193	norm	227
G	86	1	59	0.165730337079	raw	227
G	86	1	59	0.869546781152	norm	227
A	87	1	128	0.359550561798	raw	227
A	87	1	128	1.16059447941	norm	227
T	87	1	122	0.342696629213	raw	227
T	87	1	122	1.11007739181	norm	227
C	87	1	59	0.165730337079	raw	227
C	87	1	59	0.868183195367	norm	227
G	87	1	47	0.13202247191	raw	227
G	87	1	47	0.692689808714	norm	227
T	88	1	150	0.421348314607	raw	227
T	88	1	150	1.36484925222	norm	227
A	88	1	97	0.272471910112	raw	227
A	88	1	97	0.879513003931	norm	227
C	88	1	69	0.193820224719	raw	227
C	88	1	69	1.0153328895	norm	227
G	88	1	40	0.112359550562	raw	227
G	88	1	40	0.589523241459	norm	227
T	89	1	113	0.317415730337	raw	227
T	89	1	113	1.02818643667	norm	227
A	89	1	105	0.294943820225	raw	227
A	89	1	105	0.952050158894	norm	227
G	89	1	78	0.219101123596	raw	227
G	89	1	78	1.14957032085	norm	227
C	89	1	60	0.168539325843	raw	227
C	89	1	60	0.88289816478	norm	227
A	90	1	155	0.435393258427	raw	227
A	90	1	155	1.40540737742	norm	227
T	90	1	86	0.241573033708	raw	227
T	90	1	86	0.782513571273	norm	227
C	90	1	58	0.162921348315	raw	227
C	90	1	58	0.853468225954	norm	227
G	90	1	57	0.160112359551	raw	227
G	90	1	57	0.840070619079	norm	227
A	91	1	116	0.325842696629	raw	227
A	91	1	116	1.05178874697	norm	227
T	91	1	92	0.258426966292	raw	227
T	91	1	92	0.837107541362	norm	227
G	91	1	78	0.219101123596	raw	227
G	91	1	78	1.14957032085	norm	227
C	91	1	70	0.196629213483	raw	227
C	91	1	70	1.03004785891	norm	227
A	92	1	125	0.351123595506	raw	227
A	92	1	125	1.1333930463	norm	227
T	92	1	99	0.27808988764	raw	227
T	92	1	99	0.900800506465	norm	227
G	92	1	74	0.207865168539	raw	227
G	92	1	74	1.0906179967	norm	227
C	92	1	58	0.162921348315	raw	227
C	92	1	58	0.853468225954	norm	227
A	93	1	122	0.342696629213	raw	227
A	93	1	122	1.10619161319	norm	227
T	93	1	104	0.292134831461	raw	227
T	93	1	104	0.946295481539	norm	227
C	93	1	73	0.205056179775	raw	227
C	93	1	73	1.07419276715	norm	227
G	93	1	57	0.160112359551	raw	227
G	93	1	57	0.840070619079	norm	227
A	94	1	126	0.35393258427	raw	227
A	94	1	126	1.14246019067	norm	227
T	94	1	122	0.342696629213	raw	227
T	94	1	122	1.11007739181	norm	227
C	94	1	57	0.160112359551	raw	227
C	94	1	57	0.838753256541	norm	227
G	94	1	51	0.143258426966	raw	227
G	94	1	51	0.75164213286	norm	227
A	95	1	169	0.474719101124	raw	227
A	95	1	169	1.5323473986	norm	227
T	95	1	81	0.227528089888	raw	227
T	95	1	81	0.737018596199	norm	227
G	95	1	57	0.160112359551	raw	227
G	95	1	57	0.840070619079	norm	227
C	95	1	49	0.137640449438	raw	227
C	95	1	49	0.721033501237	norm	227
T	96	1	120	0.337078651685	raw	227
T	96	1	120	1.09187940178	norm	227
A	96	1	117	0.328651685393	raw	227
A	96	1	117	1.06085589134	norm	227
G	96	1	68	0.191011235955	raw	227
G	96	1	68	1.00218951048	norm	227
C	96	1	51	0.143258426966	raw	227
C	96	1	51	0.750463440063	norm	227
A	97	1	114	0.320224719101	raw	227
A	97	1	114	1.03365445823	norm	227
T	97	1	90	0.252808988764	raw	227
T	97	1	90	0.818909551332	norm	227
C	97	1	81	0.227528089888	raw	227
C	97	1	81	1.19191252245	norm	227
G	97	1	71	0.199438202247	raw	227
G	97	1	71	1.04640375359	norm	227
T	98	1	110	0.308988764045	raw	227
T	98	1	110	1.00088945163	norm	227
A	98	1	96	0.269662921348	raw	227
A	98	1	96	0.870445859561	norm	227
G	98	1	89	0.25	raw	227
G	98	1	89	1.31168921225	norm	227
C	98	1	61	0.171348314607	raw	227
C	98	1	61	0.897613134193	norm	227
A	99	1	124	0.348314606742	raw	227
A	99	1	124	1.12432590193	norm	227
T	99	1	95	0.266853932584	raw	227
T	99	1	95	0.864404526406	norm	227
G	99	1	77	0.216292134831	raw	227
G	99	1	77	1.13483223981	norm	227
C	99	1	60	0.168539325843	raw	227
C	99	1	60	0.88289816478	norm	227
A	100	1	152	0.426966292135	raw	227
A	100	1	152	1.3782059443	norm	227
T	100	1	83	0.233146067416	raw	227
T	100	1	83	0.755216586228	norm	227
C	100	1	64	0.179775280899	raw	227
C	100	1	64	0.941758042432	norm	227
G	100	1	57	0.160112359551	raw	227
G	100	1	57	0.840070619079	norm	227
