#nuc	offset	region.size	count	freq	norm.freq	total.sites
T	-100	1	1285	0.407031992398	raw	2094
T	-100	1	1285	1.31847521681	norm	2094
A	-100	1	1221	0.386759581882	raw	2094
A	-100	1	1221	1.24842256774	norm	2094
C	-100	1	330	0.104529616725	raw	2094
C	-100	1	330	0.547581440177	norm	2094
G	-100	1	321	0.101678808996	raw	2094
G	-100	1	321	0.533483987496	norm	2094
T	-99	1	1197	0.379157427938	raw	2094
T	-99	1	1197	1.2281827506	norm	2094
A	-99	1	1194	0.378207158695	raw	2094
A	-99	1	1194	1.22081617189	norm	2094
G	-99	1	397	0.125752296484	raw	2094
G	-99	1	397	0.659791722853	norm	2094
C	-99	1	369	0.116883116883	raw	2094
C	-99	1	369	0.61229561038	norm	2094
T	-98	1	1260	0.39911308204	raw	2094
T	-98	1	1260	1.292823948	norm	2094
A	-98	1	1233	0.390560658853	raw	2094
A	-98	1	1233	1.26069207701	norm	2094
C	-98	1	350	0.110864745011	raw	2094
C	-98	1	350	0.580768194127	norm	2094
G	-98	1	314	0.0994615140957	raw	2094
G	-98	1	314	0.521850380292	norm	2094
A	-97	1	1247	0.394995248654	raw	2094
A	-97	1	1247	1.27500650448	norm	2094
T	-97	1	1186	0.37567310738	raw	2094
T	-97	1	1186	1.21689619232	norm	2094
G	-97	1	367	0.116249604054	raw	2094
G	-97	1	367	0.609933406265	norm	2094
C	-97	1	357	0.113082039911	raw	2094
C	-97	1	357	0.59238355801	norm	2094
T	-96	1	1329	0.420969274628	raw	2094
T	-96	1	1329	1.36362144992	norm	2094
A	-96	1	1135	0.35951853025	raw	2094
A	-96	1	1135	1.16049108467	norm	2094
C	-96	1	377	0.119417168198	raw	2094
C	-96	1	377	0.62557031196	norm	2094
G	-96	1	316	0.100095026924	raw	2094
G	-96	1	316	0.525174268064	norm	2094
A	-95	1	1298	0.411149825784	raw	2094
A	-95	1	1298	1.32715191886	norm	2094
T	-95	1	1282	0.406081723155	raw	2094
T	-95	1	1282	1.31539706455	norm	2094
C	-95	1	296	0.0937598986379	raw	2094
C	-95	1	296	0.491163958462	norm	2094
G	-95	1	281	0.0890085524232	raw	2094
G	-95	1	281	0.467006232045	norm	2094
T	-94	1	1332	0.421919543871	raw	2094
T	-94	1	1332	1.36669960217	norm	2094
A	-94	1	1227	0.388660120367	raw	2094
A	-94	1	1227	1.25455732237	norm	2094
C	-94	1	333	0.105479885968	raw	2094
C	-94	1	333	0.55255945327	norm	2094
G	-94	1	265	0.0839404497941	raw	2094
G	-94	1	265	0.440415129864	norm	2094
A	-93	1	1284	0.406715235984	raw	2094
A	-93	1	1284	1.31283749138	norm	2094
T	-93	1	1169	0.370288248337	raw	2094
T	-93	1	1169	1.19945332953	norm	2094
C	-93	1	360	0.114032309154	raw	2094
C	-93	1	360	0.597361571102	norm	2094
G	-93	1	344	0.108964206525	raw	2094
G	-93	1	344	0.57170869688	norm	2094
A	-92	1	1295	0.410199556541	raw	2094
A	-92	1	1295	1.32408454154	norm	2094
T	-92	1	1259	0.398796325626	raw	2094
T	-92	1	1259	1.29179789725	norm	2094
C	-92	1	305	0.0966107063668	raw	2094
C	-92	1	305	0.506097997739	norm	2094
G	-92	1	298	0.0943934114666	raw	2094
G	-92	1	298	0.495259278111	norm	2094
A	-91	1	1284	0.406715235984	raw	2094
A	-91	1	1284	1.31283749138	norm	2094
T	-91	1	1216	0.38517579981	raw	2094
T	-91	1	1216	1.2476777149	norm	2094
G	-91	1	367	0.116249604054	raw	2094
G	-91	1	367	0.609933406265	norm	2094
C	-91	1	290	0.091859360152	raw	2094
C	-91	1	290	0.481207932277	norm	2094
T	-90	1	1218	0.385809312639	raw	2094
T	-90	1	1218	1.2497298164	norm	2094
A	-90	1	1217	0.385492556224	raw	2094
A	-90	1	1217	1.24433273132	norm	2094
G	-90	1	371	0.117516629712	raw	2094
G	-90	1	371	0.61658118181	norm	2094
C	-90	1	351	0.111181501425	raw	2094
C	-90	1	351	0.582427531825	norm	2094
A	-89	1	1290	0.408615774469	raw	2094
A	-89	1	1290	1.31897224602	norm	2094
T	-89	1	1238	0.392144440925	raw	2094
T	-89	1	1238	1.27025083145	norm	2094
G	-89	1	336	0.106430155211	raw	2094
G	-89	1	336	0.55841314579	norm	2094
C	-89	1	293	0.092809629395	raw	2094
C	-89	1	293	0.486185945369	norm	2094
T	-88	1	1255	0.397529299968	raw	2094
T	-88	1	1255	1.28769369424	norm	2094
A	-88	1	1222	0.387076338296	raw	2094
A	-88	1	1222	1.24944502685	norm	2094
C	-88	1	360	0.114032309154	raw	2094
C	-88	1	360	0.597361571102	norm	2094
G	-88	1	320	0.101362052582	raw	2094
G	-88	1	320	0.53182204361	norm	2094
A	-87	1	1264	0.400380107697	raw	2094
A	-87	1	1264	1.29238830927	norm	2094
T	-87	1	1192	0.377573645866	raw	2094
T	-87	1	1192	1.22305249684	norm	2094
C	-87	1	363	0.114982578397	raw	2094
C	-87	1	363	0.602339584195	norm	2094
G	-87	1	338	0.107063668039	raw	2094
G	-87	1	338	0.561737033563	norm	2094
T	-86	1	1324	0.419385492556	raw	2094
T	-86	1	1324	1.35849119615	norm	2094
A	-86	1	1242	0.393411466582	raw	2094
A	-86	1	1242	1.26989420896	norm	2094
G	-86	1	312	0.098828001267	raw	2094
G	-86	1	312	0.518526492519	norm	2094
C	-86	1	279	0.0883750395946	raw	2094
C	-86	1	279	0.462955217604	norm	2094
T	-85	1	1280	0.405448210326	raw	2094
T	-85	1	1280	1.31334496305	norm	2094
A	-85	1	1238	0.392144440925	raw	2094
A	-85	1	1238	1.26580437253	norm	2094
G	-85	1	327	0.103579347482	raw	2094
G	-85	1	327	0.543455650814	norm	2094
C	-85	1	312	0.098828001267	raw	2094
C	-85	1	312	0.517713361622	norm	2094
A	-84	1	1254	0.397212543554	raw	2094
A	-84	1	1254	1.28216371822	norm	2094
T	-84	1	1245	0.394361735825	raw	2094
T	-84	1	1245	1.27743318672	norm	2094
C	-84	1	332	0.105163129553	raw	2094
C	-84	1	332	0.550900115572	norm	2094
G	-84	1	326	0.103262591067	raw	2094
G	-84	1	326	0.541793706927	norm	2094
T	-83	1	1297	0.41083306937	raw	2094
T	-83	1	1297	1.33078782584	norm	2094
A	-83	1	1185	0.375356350966	raw	2094
A	-83	1	1185	1.21161403995	norm	2094
C	-83	1	338	0.107063668039	raw	2094
C	-83	1	338	0.560856141757	norm	2094
G	-83	1	337	0.106746911625	raw	2094
G	-83	1	337	0.560075089676	norm	2094
A	-82	1	1240	0.392777953754	raw	2094
A	-82	1	1240	1.26784929074	norm	2094
T	-82	1	1223	0.38739309471	raw	2094
T	-82	1	1223	1.25486007016	norm	2094
C	-82	1	381	0.120684193855	raw	2094
C	-82	1	381	0.63220766275	norm	2094
G	-82	1	313	0.0991447576813	raw	2094
G	-82	1	313	0.520188436406	norm	2094
T	-81	1	1255	0.397529299968	raw	2094
T	-81	1	1255	1.28769369424	norm	2094
A	-81	1	1177	0.372822299652	raw	2094
A	-81	1	1177	1.2034343671	norm	2094
G	-81	1	366	0.11593284764	raw	2094
G	-81	1	366	0.608271462378	norm	2094
C	-81	1	359	0.11371555274	raw	2094
C	-81	1	359	0.595702233405	norm	2094
T	-80	1	1279	0.405131453912	raw	2094
T	-80	1	1279	1.3123189123	norm	2094
A	-80	1	1248	0.395312005068	raw	2094
A	-80	1	1248	1.27602896359	norm	2094
G	-80	1	323	0.102312321825	raw	2094
G	-80	1	323	0.536807875268	norm	2094
C	-80	1	307	0.0972442191954	raw	2094
C	-80	1	307	0.509416673134	norm	2094
T	-79	1	1348	0.427122940431	raw	2094
T	-79	1	1348	1.38355466402	norm	2094
A	-79	1	1193	0.378010139417	raw	2094
A	-79	1	1193	1.2201802127	norm	2094
C	-79	1	316	0.100126742712	raw	2094
C	-79	1	316	0.524516856491	norm	2094
G	-79	1	299	0.0947401774398	raw	2094
G	-79	1	299	0.497078674856	norm	2094
T	-78	1	1252	0.396579030725	raw	2094
T	-78	1	1252	1.28461554198	norm	2094
A	-78	1	1170	0.370605004751	raw	2094
A	-78	1	1170	1.19627715336	norm	2094
C	-78	1	379	0.120050681026	raw	2094
C	-78	1	379	0.628888987355	norm	2094
G	-78	1	356	0.112765283497	raw	2094
G	-78	1	356	0.591652023516	norm	2094
T	-77	1	1233	0.390560658853	raw	2094
T	-77	1	1233	1.26512057769	norm	2094
A	-77	1	1231	0.389927146025	raw	2094
A	-77	1	1231	1.2586471588	norm	2094
C	-77	1	363	0.114982578397	raw	2094
C	-77	1	363	0.602339584195	norm	2094
G	-77	1	330	0.104529616725	raw	2094
G	-77	1	330	0.548441482472	norm	2094
T	-76	1	1331	0.421602787456	raw	2094
T	-76	1	1331	1.36567355142	norm	2094
A	-76	1	1179	0.37345581248	raw	2094
A	-76	1	1179	1.20547928531	norm	2094
C	-76	1	334	0.105796642382	raw	2094
C	-76	1	334	0.554218790967	norm	2094
G	-76	1	313	0.0991447576813	raw	2094
G	-76	1	313	0.520188436406	norm	2094
T	-75	1	1266	0.401013620526	raw	2094
T	-75	1	1266	1.29898025252	norm	2094
A	-75	1	1229	0.389293633196	raw	2094
A	-75	1	1229	1.25660224058	norm	2094
C	-75	1	336	0.106430155211	raw	2094
C	-75	1	336	0.557537466362	norm	2094
G	-75	1	326	0.103262591067	raw	2094
G	-75	1	326	0.541793706927	norm	2094
T	-74	1	1279	0.405131453912	raw	2094
T	-74	1	1279	1.3123189123	norm	2094
A	-74	1	1225	0.388026607539	raw	2094
A	-74	1	1225	1.25251240416	norm	2094
C	-74	1	343	0.108647450111	raw	2094
C	-74	1	343	0.569152830245	norm	2094
G	-74	1	310	0.0981944884384	raw	2094
G	-74	1	310	0.515202604747	norm	2094
A	-73	1	1286	0.407348748812	raw	2094
A	-73	1	1286	1.31488240959	norm	2094
T	-73	1	1184	0.375039594552	raw	2094
T	-73	1	1184	1.21484409082	norm	2094
G	-73	1	356	0.112765283497	raw	2094
G	-73	1	356	0.591652023516	norm	2094
C	-73	1	331	0.104846373139	raw	2094
C	-73	1	331	0.549240777875	norm	2094
T	-72	1	1260	0.39911308204	raw	2094
T	-72	1	1260	1.292823948	norm	2094
A	-72	1	1182	0.374406081723	raw	2094
A	-72	1	1182	1.20854666263	norm	2094
G	-72	1	368	0.116566360469	raw	2094
G	-72	1	368	0.611595350151	norm	2094
C	-72	1	347	0.109914475768	raw	2094
C	-72	1	347	0.575790181035	norm	2094
T	-71	1	1265	0.400696864111	raw	2094
T	-71	1	1265	1.29795420176	norm	2094
A	-71	1	1201	0.380424453595	raw	2094
A	-71	1	1201	1.22797338563	norm	2094
G	-71	1	387	0.122584732341	raw	2094
G	-71	1	387	0.64317228399	norm	2094
C	-71	1	304	0.0962939499525	raw	2094
C	-71	1	304	0.504438660042	norm	2094
A	-70	1	1302	0.412416851441	raw	2094
A	-70	1	1302	1.33124175528	norm	2094
T	-70	1	1217	0.385492556224	raw	2094
T	-70	1	1217	1.24870376565	norm	2094
C	-70	1	359	0.11371555274	raw	2094
C	-70	1	359	0.595702233405	norm	2094
G	-70	1	279	0.0883750395946	raw	2094
G	-70	1	279	0.463682344272	norm	2094
A	-69	1	1226	0.388343363953	raw	2094
A	-69	1	1226	1.25353486327	norm	2094
T	-69	1	1184	0.375039594552	raw	2094
T	-69	1	1184	1.21484409082	norm	2094
C	-69	1	400	0.126702565727	raw	2094
C	-69	1	400	0.663735079002	norm	2094
G	-69	1	347	0.109914475768	raw	2094
G	-69	1	347	0.576694528539	norm	2094
T	-68	1	1227	0.388660120367	raw	2094
T	-68	1	1227	1.25896427317	norm	2094
A	-68	1	1181	0.374089325309	raw	2094
A	-68	1	1181	1.20752420352	norm	2094
G	-68	1	381	0.120684193855	raw	2094
G	-68	1	381	0.633200620673	norm	2094
C	-68	1	368	0.116566360469	raw	2094
C	-68	1	368	0.610636272682	norm	2094
T	-67	1	1298	0.411149825784	raw	2094
T	-67	1	1298	1.33181387659	norm	2094
A	-67	1	1145	0.362686094393	raw	2094
A	-67	1	1145	1.17071567573	norm	2094
G	-67	1	363	0.114982578397	raw	2094
G	-67	1	363	0.60328563072	norm	2094
C	-67	1	351	0.111181501425	raw	2094
C	-67	1	351	0.582427531825	norm	2094
T	-66	1	1243	0.393728222997	raw	2094
T	-66	1	1243	1.27538108521	norm	2094
A	-66	1	1162	0.368070953437	raw	2094
A	-66	1	1162	1.18809748052	norm	2094
G	-66	1	443	0.140323091543	raw	2094
G	-66	1	443	0.736241141622	norm	2094
C	-66	1	309	0.0978777320241	raw	2094
C	-66	1	309	0.512735348529	norm	2094
T	-65	1	1225	0.388026607539	raw	2094
T	-65	1	1225	1.25691217167	norm	2094
A	-65	1	1205	0.381691479252	raw	2094
A	-65	1	1205	1.23206322205	norm	2094
G	-65	1	445	0.140956604371	raw	2094
G	-65	1	445	0.739565029395	norm	2094
C	-65	1	282	0.0893253088375	raw	2094
C	-65	1	282	0.467933230697	norm	2094
A	-64	1	1260	0.39911308204	raw	2094
A	-64	1	1260	1.28829847285	norm	2094
T	-64	1	1243	0.393728222997	raw	2094
T	-64	1	1243	1.27538108521	norm	2094
C	-64	1	400	0.126702565727	raw	2094
C	-64	1	400	0.663735079002	norm	2094
G	-64	1	254	0.0804561292366	raw	2094
G	-64	1	254	0.422133747115	norm	2094
A	-63	1	1262	0.399746594869	raw	2094
A	-63	1	1262	1.29034339106	norm	2094
T	-63	1	1182	0.374406081723	raw	2094
T	-63	1	1182	1.21279198932	norm	2094
C	-63	1	358	0.113398796326	raw	2094
C	-63	1	358	0.594042895707	norm	2094
G	-63	1	355	0.112448527083	raw	2094
G	-63	1	355	0.589990079629	norm	2094
T	-62	1	1290	0.408615774469	raw	2094
T	-62	1	1290	1.32360547057	norm	2094
A	-62	1	1185	0.375356350966	raw	2094
A	-62	1	1185	1.21161403995	norm	2094
C	-62	1	380	0.120367437441	raw	2094
C	-62	1	380	0.630548325052	norm	2094
G	-62	1	302	0.0956604371239	raw	2094
G	-62	1	302	0.501907053657	norm	2094
T	-61	1	1241	0.393094710168	raw	2094
T	-61	1	1241	1.27332898371	norm	2094
A	-61	1	1194	0.378207158695	raw	2094
A	-61	1	1194	1.22081617189	norm	2094
C	-61	1	376	0.119100411783	raw	2094
C	-61	1	376	0.623910974262	norm	2094
G	-61	1	346	0.109597719354	raw	2094
G	-61	1	346	0.575032584653	norm	2094
A	-60	1	1220	0.386442825467	raw	2094
A	-60	1	1220	1.24740010864	norm	2094
T	-60	1	1154	0.365536902122	raw	2094
T	-60	1	1154	1.18406256825	norm	2094
C	-60	1	396	0.12543554007	raw	2094
C	-60	1	396	0.657097728212	norm	2094
G	-60	1	387	0.122584732341	raw	2094
G	-60	1	387	0.64317228399	norm	2094
T	-59	1	1289	0.408299018055	raw	2094
T	-59	1	1289	1.32257941982	norm	2094
A	-59	1	1221	0.386759581882	raw	2094
A	-59	1	1221	1.24842256774	norm	2094
C	-59	1	328	0.103896103896	raw	2094
C	-59	1	328	0.544262764782	norm	2094
G	-59	1	319	0.101045296167	raw	2094
G	-59	1	319	0.530160099723	norm	2094
T	-58	1	1282	0.406081723155	raw	2094
T	-58	1	1282	1.31539706455	norm	2094
A	-58	1	1171	0.370921761166	raw	2094
A	-58	1	1171	1.19729961247	norm	2094
C	-58	1	390	0.123535001584	raw	2094
C	-58	1	390	0.647141702027	norm	2094
G	-58	1	314	0.0994615140957	raw	2094
G	-58	1	314	0.521850380292	norm	2094
A	-57	1	1198	0.379474184352	raw	2094
A	-57	1	1198	1.22490600832	norm	2094
T	-57	1	1171	0.370921761166	raw	2094
T	-57	1	1171	1.20150543104	norm	2094
C	-57	1	435	0.137789040228	raw	2094
C	-57	1	435	0.721811898415	norm	2094
G	-57	1	353	0.111815014254	raw	2094
G	-57	1	353	0.586666191857	norm	2094
T	-56	1	1326	0.420019005385	raw	2094
T	-56	1	1326	1.36054329766	norm	2094
A	-56	1	1181	0.374089325309	raw	2094
A	-56	1	1181	1.20752420352	norm	2094
C	-56	1	347	0.109914475768	raw	2094
C	-56	1	347	0.575790181035	norm	2094
G	-56	1	303	0.0959771935382	raw	2094
G	-56	1	303	0.503568997543	norm	2094
A	-55	1	1295	0.410199556541	raw	2094
A	-55	1	1295	1.32408454154	norm	2094
T	-55	1	1190	0.376940133038	raw	2094
T	-55	1	1190	1.22100039533	norm	2094
C	-55	1	391	0.123851757998	raw	2094
C	-55	1	391	0.648801039725	norm	2094
G	-55	1	281	0.0890085524232	raw	2094
G	-55	1	281	0.467006232045	norm	2094
T	-54	1	1276	0.404181184669	raw	2094
T	-54	1	1276	1.30924076004	norm	2094
A	-54	1	1177	0.372822299652	raw	2094
A	-54	1	1177	1.2034343671	norm	2094
C	-54	1	360	0.114032309154	raw	2094
C	-54	1	360	0.597361571102	norm	2094
G	-54	1	344	0.108964206525	raw	2094
G	-54	1	344	0.57170869688	norm	2094
A	-53	1	1259	0.398796325626	raw	2094
A	-53	1	1259	1.28727601375	norm	2094
T	-53	1	1229	0.389293633196	raw	2094
T	-53	1	1229	1.26101637468	norm	2094
G	-53	1	344	0.108964206525	raw	2094
G	-53	1	344	0.57170869688	norm	2094
C	-53	1	325	0.102945834653	raw	2094
C	-53	1	325	0.539284751689	norm	2094
T	-52	1	1285	0.407031992398	raw	2094
T	-52	1	1285	1.31847521681	norm	2094
A	-52	1	1204	0.381374722838	raw	2094
A	-52	1	1204	1.23104076295	norm	2094
C	-52	1	358	0.113398796326	raw	2094
C	-52	1	358	0.594042895707	norm	2094
G	-52	1	310	0.0981944884384	raw	2094
G	-52	1	310	0.515202604747	norm	2094
T	-51	1	1209	0.38295850491	raw	2094
T	-51	1	1209	1.24049535963	norm	2094
A	-51	1	1199	0.379790940767	raw	2094
A	-51	1	1199	1.22592846742	norm	2094
G	-51	1	401	0.127019322141	raw	2094
G	-51	1	401	0.666439498398	norm	2094
C	-51	1	348	0.110231232182	raw	2094
C	-51	1	348	0.577449518732	norm	2094
T	-50	1	1277	0.404497941083	raw	2094
T	-50	1	1277	1.31026681079	norm	2094
A	-50	1	1161	0.367754197022	raw	2094
A	-50	1	1161	1.18707502141	norm	2094
G	-50	1	365	0.115616091226	raw	2094
G	-50	1	365	0.606609518492	norm	2094
C	-50	1	354	0.112131770668	raw	2094
C	-50	1	354	0.587405544917	norm	2094
T	-49	1	1253	0.39689578714	raw	2094
T	-49	1	1253	1.28564159273	norm	2094
A	-49	1	1187	0.375989863795	raw	2094
A	-49	1	1187	1.21365895816	norm	2094
G	-49	1	359	0.11371555274	raw	2094
G	-49	1	359	0.596637855174	norm	2094
C	-49	1	358	0.113398796326	raw	2094
C	-49	1	358	0.594042895707	norm	2094
T	-48	1	1188	0.376306620209	raw	2094
T	-48	1	1188	1.21894829383	norm	2094
A	-48	1	1180	0.373772568895	raw	2094
A	-48	1	1180	1.20650174442	norm	2094
C	-48	1	432	0.136838770985	raw	2094
C	-48	1	432	0.716833885323	norm	2094
G	-48	1	357	0.113082039911	raw	2094
G	-48	1	357	0.593313967402	norm	2094
T	-47	1	1227	0.388660120367	raw	2094
T	-47	1	1227	1.25896427317	norm	2094
A	-47	1	1211	0.383592017738	raw	2094
A	-47	1	1211	1.23819797669	norm	2094
G	-47	1	396	0.12543554007	raw	2094
G	-47	1	396	0.658129778967	norm	2094
C	-47	1	323	0.102312321825	raw	2094
C	-47	1	323	0.535966076294	norm	2094
T	-46	1	1360	0.430788723472	raw	2094
T	-46	1	1360	1.39542902324	norm	2094
A	-46	1	1115	0.353183401964	raw	2094
A	-46	1	1115	1.14004190256	norm	2094
G	-46	1	348	0.110231232182	raw	2094
G	-46	1	348	0.578356472425	norm	2094
C	-46	1	334	0.105796642382	raw	2094
C	-46	1	334	0.554218790967	norm	2094
A	-45	1	1264	0.400380107697	raw	2094
A	-45	1	1264	1.29238830927	norm	2094
T	-45	1	1259	0.398796325626	raw	2094
T	-45	1	1259	1.29179789725	norm	2094
G	-45	1	333	0.105479885968	raw	2094
G	-45	1	333	0.553427314131	norm	2094
C	-45	1	301	0.0953436807095	raw	2094
C	-45	1	301	0.499460646949	norm	2094
T	-44	1	1311	0.41526765917	raw	2094
T	-44	1	1311	1.34515253637	norm	2094
A	-44	1	1198	0.379474184352	raw	2094
A	-44	1	1198	1.22490600832	norm	2094
C	-44	1	340	0.107697180868	raw	2094
C	-44	1	340	0.564174817152	norm	2094
G	-44	1	308	0.0975609756098	raw	2094
G	-44	1	308	0.511878716974	norm	2094
T	-43	1	1268	0.401647133354	raw	2094
T	-43	1	1268	1.30103235402	norm	2094
A	-43	1	1161	0.367754197022	raw	2094
A	-43	1	1161	1.18707502141	norm	2094
C	-43	1	373	0.11815014254	raw	2094
C	-43	1	373	0.61893296117	norm	2094
G	-43	1	355	0.112448527083	raw	2094
G	-43	1	355	0.589990079629	norm	2094
T	-42	1	1302	0.412416851441	raw	2094
T	-42	1	1302	1.3359180796	norm	2094
A	-42	1	1096	0.347165030092	raw	2094
A	-42	1	1096	1.12061517956	norm	2094
C	-42	1	402	0.127336078556	raw	2094
C	-42	1	402	0.667053754397	norm	2094
G	-42	1	357	0.113082039911	raw	2094
G	-42	1	357	0.593313967402	norm	2094
T	-41	1	1316	0.416851441242	raw	2094
T	-41	1	1316	1.35028279013	norm	2094
A	-41	1	1175	0.372188786823	raw	2094
A	-41	1	1175	1.20138944889	norm	2094
C	-41	1	345	0.109280962939	raw	2094
C	-41	1	345	0.57247150564	norm	2094
G	-41	1	321	0.101678808996	raw	2094
G	-41	1	321	0.533483987496	norm	2094
T	-40	1	1205	0.381691479252	raw	2094
T	-40	1	1205	1.23639115662	norm	2094
A	-40	1	1180	0.373772568895	raw	2094
A	-40	1	1180	1.20650174442	norm	2094
C	-40	1	400	0.126702565727	raw	2094
C	-40	1	400	0.663735079002	norm	2094
G	-40	1	372	0.117833386126	raw	2094
G	-40	1	372	0.618243125696	norm	2094
A	-39	1	1227	0.388660120367	raw	2094
A	-39	1	1227	1.25455732237	norm	2094
T	-39	1	1200	0.380107697181	raw	2094
T	-39	1	1200	1.23126090286	norm	2094
G	-39	1	416	0.131770668356	raw	2094
G	-39	1	416	0.691368656692	norm	2094
C	-39	1	314	0.0994615140957	raw	2094
C	-39	1	314	0.521032037017	norm	2094
A	-38	1	1256	0.397846056383	raw	2094
A	-38	1	1256	1.28420863643	norm	2094
T	-38	1	1186	0.37567310738	raw	2094
T	-38	1	1186	1.21689619232	norm	2094
C	-38	1	365	0.115616091226	raw	2094
C	-38	1	365	0.60565825959	norm	2094
G	-38	1	350	0.110864745011	raw	2094
G	-38	1	350	0.581680360198	norm	2094
T	-37	1	1275	0.403864428255	raw	2094
T	-37	1	1275	1.30821470929	norm	2094
A	-37	1	1156	0.366170414951	raw	2094
A	-37	1	1156	1.18196272589	norm	2094
C	-37	1	395	0.125118783655	raw	2094
C	-37	1	395	0.655438390515	norm	2094
G	-37	1	331	0.104846373139	raw	2094
G	-37	1	331	0.550103426359	norm	2094
A	-36	1	1187	0.375989863795	raw	2094
A	-36	1	1187	1.21365895816	norm	2094
T	-36	1	1139	0.360785555908	raw	2094
T	-36	1	1139	1.16867180696	norm	2094
G	-36	1	432	0.136838770985	raw	2094
G	-36	1	432	0.717959758873	norm	2094
C	-36	1	399	0.126385809313	raw	2094
C	-36	1	399	0.662075741305	norm	2094
A	-35	1	1256	0.397846056383	raw	2094
A	-35	1	1256	1.28420863643	norm	2094
T	-35	1	1187	0.375989863795	raw	2094
T	-35	1	1187	1.21792224308	norm	2094
C	-35	1	393	0.124485270827	raw	2094
C	-35	1	393	0.65211971512	norm	2094
G	-35	1	321	0.101678808996	raw	2094
G	-35	1	321	0.533483987496	norm	2094
T	-34	1	1275	0.403864428255	raw	2094
T	-34	1	1275	1.30821470929	norm	2094
A	-34	1	1157	0.366487171365	raw	2094
A	-34	1	1157	1.18298518499	norm	2094
C	-34	1	410	0.12987012987	raw	2094
C	-34	1	410	0.680328455978	norm	2094
G	-34	1	315	0.09977827051	raw	2094
G	-34	1	315	0.523512324178	norm	2094
T	-33	1	1200	0.380107697181	raw	2094
T	-33	1	1200	1.23126090286	norm	2094
A	-33	1	1152	0.364903389294	raw	2094
A	-33	1	1152	1.17787288947	norm	2094
C	-33	1	407	0.128919860627	raw	2094
C	-33	1	407	0.675350442885	norm	2094
G	-33	1	398	0.126069052898	raw	2094
G	-33	1	398	0.661453666739	norm	2094
A	-32	1	1237	0.391827684511	raw	2094
A	-32	1	1237	1.26478191343	norm	2094
T	-32	1	1180	0.373772568895	raw	2094
T	-32	1	1180	1.21073988781	norm	2094
C	-32	1	373	0.11815014254	raw	2094
C	-32	1	373	0.61893296117	norm	2094
G	-32	1	367	0.116249604054	raw	2094
G	-32	1	367	0.609933406265	norm	2094
T	-31	1	1244	0.394044979411	raw	2094
T	-31	1	1244	1.27640713596	norm	2094
A	-31	1	1192	0.377573645866	raw	2094
A	-31	1	1192	1.21877125368	norm	2094
C	-31	1	372	0.117833386126	raw	2094
C	-31	1	372	0.617273623472	norm	2094
G	-31	1	349	0.110547988597	raw	2094
G	-31	1	349	0.580018416312	norm	2094
A	-30	1	1252	0.396579030725	raw	2094
A	-30	1	1252	1.28011880001	norm	2094
T	-30	1	1160	0.367437440608	raw	2094
T	-30	1	1160	1.19021887276	norm	2094
G	-30	1	373	0.11815014254	raw	2094
G	-30	1	373	0.619905069582	norm	2094
C	-30	1	372	0.117833386126	raw	2094
C	-30	1	372	0.617273623472	norm	2094
T	-29	1	1291	0.408932530884	raw	2094
T	-29	1	1291	1.32463152132	norm	2094
A	-29	1	1197	0.379157427938	raw	2094
A	-29	1	1197	1.22388354921	norm	2094
C	-29	1	357	0.113082039911	raw	2094
C	-29	1	357	0.59238355801	norm	2094
G	-29	1	312	0.098828001267	raw	2094
G	-29	1	312	0.518526492519	norm	2094
T	-28	1	1265	0.400696864111	raw	2094
T	-28	1	1265	1.29795420176	norm	2094
A	-28	1	1181	0.374089325309	raw	2094
A	-28	1	1181	1.20752420352	norm	2094
C	-28	1	391	0.123851757998	raw	2094
C	-28	1	391	0.648801039725	norm	2094
G	-28	1	320	0.101362052582	raw	2094
G	-28	1	320	0.53182204361	norm	2094
A	-27	1	1213	0.384225530567	raw	2094
A	-27	1	1213	1.2402428949	norm	2094
T	-27	1	1072	0.339562876148	raw	2094
T	-27	1	1072	1.09992640655	norm	2094
C	-27	1	436	0.138105796642	raw	2094
C	-27	1	436	0.723471236113	norm	2094
G	-27	1	436	0.138105796642	raw	2094
G	-27	1	436	0.724607534418	norm	2094
T	-26	1	1259	0.398796325626	raw	2094
T	-26	1	1259	1.29179789725	norm	2094
A	-26	1	1141	0.361419068736	raw	2094
A	-26	1	1141	1.16662583931	norm	2094
C	-26	1	383	0.121317706684	raw	2094
C	-26	1	383	0.635526338145	norm	2094
G	-26	1	374	0.118466898955	raw	2094
G	-26	1	374	0.621567013469	norm	2094
A	-25	1	1247	0.394995248654	raw	2094
A	-25	1	1247	1.27500650448	norm	2094
T	-25	1	1132	0.358568261007	raw	2094
T	-25	1	1132	1.1614894517	norm	2094
C	-25	1	409	0.129553373456	raw	2094
C	-25	1	409	0.67866911828	norm	2094
G	-25	1	369	0.116883116883	raw	2094
G	-25	1	369	0.613257294037	norm	2094
A	-24	1	1235	0.391194171682	raw	2094
A	-24	1	1235	1.26273699522	norm	2094
T	-24	1	1103	0.349382324992	raw	2094
T	-24	1	1103	1.13173397988	norm	2094
C	-24	1	433	0.137155527399	raw	2094
C	-24	1	433	0.71849322302	norm	2094
G	-24	1	386	0.122267975927	raw	2094
G	-24	1	386	0.641510340104	norm	2094
T	-23	1	1260	0.39911308204	raw	2094
T	-23	1	1260	1.292823948	norm	2094
A	-23	1	1184	0.375039594552	raw	2094
A	-23	1	1184	1.21059158084	norm	2094
G	-23	1	375	0.118783655369	raw	2094
G	-23	1	375	0.623228957355	norm	2094
C	-23	1	338	0.107063668039	raw	2094
C	-23	1	338	0.560856141757	norm	2094
A	-22	1	1197	0.379157427938	raw	2094
A	-22	1	1197	1.22388354921	norm	2094
T	-22	1	1179	0.37345581248	raw	2094
T	-22	1	1179	1.20971383706	norm	2094
C	-22	1	396	0.12543554007	raw	2094
C	-22	1	396	0.657097728212	norm	2094
G	-22	1	385	0.121951219512	raw	2094
G	-22	1	385	0.639848396218	norm	2094
T	-21	1	1144	0.362369337979	raw	2094
T	-21	1	1144	1.17380206072	norm	2094
A	-21	1	1107	0.350649350649	raw	2094
A	-21	1	1107	1.13186222972	norm	2094
C	-21	1	485	0.153626860944	raw	2094
C	-21	1	485	0.80477878329	norm	2094
G	-21	1	421	0.133354450428	raw	2094
G	-21	1	421	0.699678376124	norm	2094
A	-20	1	1215	0.384859043396	raw	2094
A	-20	1	1215	1.24228781311	norm	2094
T	-20	1	1128	0.35730123535	raw	2094
T	-20	1	1128	1.15738524869	norm	2094
C	-20	1	407	0.128919860627	raw	2094
C	-20	1	407	0.675350442885	norm	2094
G	-20	1	407	0.128919860627	raw	2094
G	-20	1	407	0.676411161716	norm	2094
T	-19	1	1226	0.388343363953	raw	2094
T	-19	1	1226	1.25793822242	norm	2094
A	-19	1	1193	0.377890402281	raw	2094
A	-19	1	1193	1.21979371279	norm	2094
G	-19	1	371	0.117516629712	raw	2094
G	-19	1	371	0.61658118181	norm	2094
C	-19	1	367	0.116249604054	raw	2094
C	-19	1	367	0.608976934985	norm	2094
T	-18	1	1172	0.37123851758	raw	2094
T	-18	1	1172	1.20253148179	norm	2094
A	-18	1	1106	0.350332594235	raw	2094
A	-18	1	1106	1.13083977062	norm	2094
C	-18	1	445	0.140956604371	raw	2094
C	-18	1	445	0.73840527539	norm	2094
G	-18	1	434	0.137472283814	raw	2094
G	-18	1	434	0.721283646645	norm	2094
T	-17	1	1172	0.37123851758	raw	2094
T	-17	1	1172	1.20253148179	norm	2094
A	-17	1	1121	0.35508394045	raw	2094
A	-17	1	1121	1.1461766572	norm	2094
C	-17	1	452	0.143173899271	raw	2094
C	-17	1	452	0.750020639273	norm	2094
G	-17	1	412	0.130503642699	raw	2094
G	-17	1	412	0.684720881147	norm	2094
T	-16	1	1182	0.374406081723	raw	2094
T	-16	1	1182	1.21279198932	norm	2094
A	-16	1	1080	0.342096927463	raw	2094
A	-16	1	1080	1.10425583387	norm	2094
C	-16	1	467	0.147925245486	raw	2094
C	-16	1	467	0.774910704735	norm	2094
G	-16	1	428	0.135571745328	raw	2094
G	-16	1	428	0.711311983328	norm	2094
T	-15	1	1155	0.365853658537	raw	2094
T	-15	1	1155	1.185088619	norm	2094
A	-15	1	1109	0.351282863478	raw	2094
A	-15	1	1109	1.13390714793	norm	2094
C	-15	1	469	0.148558758315	raw	2094
C	-15	1	469	0.77822938013	norm	2094
G	-15	1	424	0.134304719671	raw	2094
G	-15	1	424	0.704664207783	norm	2094
T	-14	1	1201	0.380424453595	raw	2094
T	-14	1	1201	1.23228695361	norm	2094
A	-14	1	1156	0.366170414951	raw	2094
A	-14	1	1156	1.18196272589	norm	2094
C	-14	1	429	0.135888501742	raw	2094
C	-14	1	429	0.71185587223	norm	2094
G	-14	1	371	0.117516629712	raw	2094
G	-14	1	371	0.61658118181	norm	2094
T	-13	1	1219	0.386126069053	raw	2094
T	-13	1	1219	1.25075586715	norm	2094
A	-13	1	1094	0.346531517263	raw	2094
A	-13	1	1094	1.11857026135	norm	2094
C	-13	1	474	0.150142540386	raw	2094
C	-13	1	474	0.786526068618	norm	2094
G	-13	1	370	0.117199873297	raw	2094
G	-13	1	370	0.614919237924	norm	2094
T	-12	1	1172	0.37123851758	raw	2094
T	-12	1	1172	1.20253148179	norm	2094
A	-12	1	1093	0.346214760849	raw	2094
A	-12	1	1093	1.11754780224	norm	2094
C	-12	1	496	0.157111181501	raw	2094
C	-12	1	496	0.823031497963	norm	2094
G	-12	1	396	0.12543554007	raw	2094
G	-12	1	396	0.658129778967	norm	2094
T	-11	1	1188	0.376306620209	raw	2094
T	-11	1	1188	1.21894829383	norm	2094
A	-11	1	1150	0.364269876465	raw	2094
A	-11	1	1150	1.17582797125	norm	2094
C	-11	1	441	0.139689578714	raw	2094
C	-11	1	441	0.7317679246	norm	2094
G	-11	1	378	0.119733924612	raw	2094
G	-11	1	378	0.628214789014	norm	2094
A	-10	1	1151	0.364586632879	raw	2094
A	-10	1	1151	1.17685043036	norm	2094
T	-10	1	1138	0.360468799493	raw	2094
T	-10	1	1138	1.16764575621	norm	2094
C	-10	1	452	0.143173899271	raw	2094
C	-10	1	452	0.750020639273	norm	2094
G	-10	1	416	0.131770668356	raw	2094
G	-10	1	416	0.691368656692	norm	2094
A	-9	1	1135	0.35951853025	raw	2094
A	-9	1	1135	1.16049108467	norm	2094
T	-9	1	1122	0.355400696864	raw	2094
T	-9	1	1122	1.15122894417	norm	2094
G	-9	1	458	0.145074437757	raw	2094
G	-9	1	458	0.761170299916	norm	2094
C	-9	1	442	0.140006335128	raw	2094
C	-9	1	442	0.733427262298	norm	2094
T	-8	1	1194	0.378207158695	raw	2094
T	-8	1	1194	1.22510459834	norm	2094
A	-8	1	1123	0.355717453278	raw	2094
A	-8	1	1123	1.14822157541	norm	2094
C	-8	1	430	0.136205258156	raw	2094
C	-8	1	430	0.713515209928	norm	2094
G	-8	1	410	0.12987012987	raw	2094
G	-8	1	410	0.681396993375	norm	2094
T	-7	1	1178	0.373139056066	raw	2094
T	-7	1	1178	1.20868778631	norm	2094
A	-7	1	1042	0.330060183719	raw	2094
A	-7	1	1042	1.06540238787	norm	2094
C	-7	1	505	0.15996198923	raw	2094
C	-7	1	505	0.837965537241	norm	2094
G	-7	1	432	0.136838770985	raw	2094
G	-7	1	432	0.717959758873	norm	2094
T	-6	1	1111	0.351916376307	raw	2094
T	-6	1	1111	1.1399423859	norm	2094
A	-6	1	1030	0.326259106747	raw	2094
A	-6	1	1030	1.0531328786	norm	2094
G	-6	1	529	0.167564143174	raw	2094
G	-6	1	529	0.879168315842	norm	2094
C	-6	1	487	0.154260373773	raw	2094
C	-6	1	487	0.808097458685	norm	2094
T	-5	1	1113	0.352549889135	raw	2094
T	-5	1	1113	1.1419944874	norm	2094
A	-5	1	1093	0.346214760849	raw	2094
A	-5	1	1093	1.11754780224	norm	2094
G	-5	1	477	0.151092809629	raw	2094
G	-5	1	477	0.792747233755	norm	2094
C	-5	1	474	0.150142540386	raw	2094
C	-5	1	474	0.786526068618	norm	2094
T	-4	1	1124	0.356034209693	raw	2094
T	-4	1	1124	1.15328104568	norm	2094
A	-4	1	1120	0.354767184035	raw	2094
A	-4	1	1120	1.14515419809	norm	2094
C	-4	1	483	0.152993348115	raw	2094
C	-4	1	483	0.801460107895	norm	2094
G	-4	1	430	0.136205258156	raw	2094
G	-4	1	430	0.7146358711	norm	2094
T	-3	1	1164	0.368704466265	raw	2094
T	-3	1	1164	1.19432307577	norm	2094
A	-3	1	1063	0.336712068419	raw	2094
A	-3	1	1063	1.08687402908	norm	2094
C	-3	1	490	0.155210643016	raw	2094
C	-3	1	490	0.813075471778	norm	2094
G	-3	1	440	0.1393728223	raw	2094
G	-3	1	440	0.731255309963	norm	2094
T	-2	1	1302	0.412416851441	raw	2094
T	-2	1	1302	1.3359180796	norm	2094
A	-2	1	977	0.309471016788	raw	2094
A	-2	1	977	0.998942546014	norm	2094
C	-2	1	457	0.144757681343	raw	2094
C	-2	1	457	0.75831732776	norm	2094
G	-2	1	421	0.133354450428	raw	2094
G	-2	1	421	0.699678376124	norm	2094
T	-1	1	1189	0.376623376623	raw	2094
T	-1	1	1189	1.21997434458	norm	2094
A	-1	1	1037	0.328476401647	raw	2094
A	-1	1	1037	1.06029009234	norm	2094
C	-1	1	482	0.152676591701	raw	2094
C	-1	1	482	0.799800770198	norm	2094
G	-1	1	449	0.142223630029	raw	2094
G	-1	1	449	0.74621280494	norm	2094
C	0	1	1411	0.446943300602	raw	2094
C	0	1	1411	2.34132549118	norm	2094
A	0	1	889	0.281596452328	raw	2094
A	0	1	889	0.908966144735	norm	2094
T	0	1	432	0.136838770985	raw	2094
T	0	1	432	0.443253925029	norm	2094
G	0	1	425	0.134621476085	raw	2094
G	0	1	425	0.706326151669	norm	2094
A	1	1	1265	0.400696864111	raw	2094
A	1	1	1265	1.29341076838	norm	2094
T	1	1	1203	0.381057966424	raw	2094
T	1	1	1203	1.23433905512	norm	2094
C	1	1	455	0.144124168514	raw	2094
C	1	1	455	0.754998652365	norm	2094
G	1	1	234	0.0741210009503	raw	2094
G	1	1	234	0.388894869389	norm	2094
A	2	1	1114	0.35286664555	raw	2094
A	2	1	1114	1.13901944346	norm	2094
T	2	1	1053	0.333544504276	raw	2094
T	2	1	1053	1.08043144226	norm	2094
G	2	1	542	0.17168197656	raw	2094
G	2	1	542	0.900773586364	norm	2094
C	2	1	448	0.141906873614	raw	2094
C	2	1	448	0.743383288483	norm	2094
T	3	1	1191	0.377256889452	raw	2094
T	3	1	1191	1.22202644609	norm	2094
A	3	1	978	0.309787773202	raw	2094
A	3	1	978	0.999965005119	norm	2094
G	3	1	544	0.172315489389	raw	2094
G	3	1	544	0.904097474136	norm	2094
C	3	1	444	0.140639847957	raw	2094
C	3	1	444	0.736745937693	norm	2094
A	4	1	1187	0.375989863795	raw	2094
A	4	1	1187	1.21365895816	norm	2094
T	4	1	1023	0.324041811847	raw	2094
T	4	1	1023	1.04964991969	norm	2094
G	4	1	529	0.167564143174	raw	2094
G	4	1	529	0.879168315842	norm	2094
C	4	1	418	0.132404181185	raw	2094
C	4	1	418	0.693603157558	norm	2094
T	5	1	1087	0.344314222363	raw	2094
T	5	1	1087	1.11531716784	norm	2094
A	5	1	1054	0.333861260691	raw	2094
A	5	1	1054	1.07767189713	norm	2094
C	5	1	513	0.162496040545	raw	2094
C	5	1	513	0.851240238821	norm	2094
G	5	1	503	0.159328476402	raw	2094
G	5	1	503	0.835957774799	norm	2094
T	6	1	1091	0.34558124802	raw	2094
T	6	1	1091	1.11942137085	norm	2094
A	6	1	926	0.293316439658	raw	2094
A	6	1	926	0.946797131636	norm	2094
C	6	1	659	0.208742477035	raw	2094
C	6	1	659	1.09350354266	norm	2094
G	6	1	481	0.152359835287	raw	2094
G	6	1	481	0.799395009301	norm	2094
T	7	1	1140	0.361102312322	raw	2094
T	7	1	1140	1.16969785772	norm	2094
A	7	1	941	0.298067785873	raw	2094
A	7	1	941	0.962134018218	norm	2094
C	7	1	546	0.172949002217	raw	2094
C	7	1	546	0.905998382838	norm	2094
G	7	1	530	0.167880899588	raw	2094
G	7	1	530	0.880830259728	norm	2094
T	8	1	1201	0.380424453595	raw	2094
T	8	1	1201	1.23228695361	norm	2094
A	8	1	986	0.312321824517	raw	2094
A	8	1	986	1.00814467796	norm	2094
G	8	1	521	0.165030091859	raw	2094
G	8	1	521	0.865872764752	norm	2094
C	8	1	449	0.142223630029	raw	2094
C	8	1	449	0.74504262618	norm	2094
T	9	1	1052	0.333227747862	raw	2094
T	9	1	1052	1.07940539151	norm	2094
A	9	1	1045	0.331010452962	raw	2094
A	9	1	1045	1.06846976518	norm	2094
G	9	1	541	0.171365220146	raw	2094
G	9	1	541	0.899111642477	norm	2094
C	9	1	519	0.164396579031	raw	2094
C	9	1	519	0.861196265006	norm	2094
T	10	1	1105	0.350015837821	raw	2094
T	10	1	1105	1.13378608138	norm	2094
A	10	1	1036	0.328159645233	raw	2094
A	10	1	1036	1.05926763323	norm	2094
G	10	1	540	0.171048463731	raw	2094
G	10	1	540	0.897449698591	norm	2094
C	10	1	476	0.150776053215	raw	2094
C	10	1	476	0.789844744013	norm	2094
T	11	1	1051	0.332910991448	raw	2094
T	11	1	1051	1.07837934075	norm	2094
A	11	1	1044	0.330693696547	raw	2094
A	11	1	1044	1.06744730608	norm	2094
G	11	1	554	0.175483053532	raw	2094
G	11	1	554	0.920716912999	norm	2094
C	11	1	508	0.160912258473	raw	2094
C	11	1	508	0.842943550333	norm	2094
T	12	1	1202	0.38074121001	raw	2094
T	12	1	1202	1.23331300436	norm	2094
A	12	1	938	0.29711751663	raw	2094
A	12	1	938	0.959066640902	norm	2094
C	12	1	568	0.179917643332	raw	2094
C	12	1	568	0.942503812183	norm	2094
G	12	1	449	0.142223630029	raw	2094
G	12	1	449	0.74621280494	norm	2094
T	13	1	1135	0.35951853025	raw	2094
T	13	1	1135	1.16456760395	norm	2094
A	13	1	994	0.314855875831	raw	2094
A	13	1	994	1.01632435081	norm	2094
G	13	1	535	0.16946468166	raw	2094
G	13	1	535	0.88913997916	norm	2094
C	13	1	493	0.156160912258	raw	2094
C	13	1	493	0.818053484871	norm	2094
T	14	1	1041	0.329743427304	raw	2094
T	14	1	1041	1.06811883323	norm	2094
A	14	1	985	0.312005068103	raw	2094
A	14	1	985	1.00712221886	norm	2094
G	14	1	585	0.185302502376	raw	2094
G	14	1	585	0.972237173474	norm	2094
C	14	1	546	0.172949002217	raw	2094
C	14	1	546	0.905998382838	norm	2094
T	15	1	1116	0.353500158378	raw	2094
T	15	1	1116	1.14507263966	norm	2094
A	15	1	1007	0.318973709218	raw	2094
A	15	1	1007	1.02961631918	norm	2094
G	15	1	527	0.166930630345	raw	2094
G	15	1	527	0.875844428069	norm	2094
C	15	1	507	0.160595502059	raw	2094
C	15	1	507	0.841284212636	norm	2094
T	16	1	1127	0.356984478936	raw	2094
T	16	1	1127	1.15635919793	norm	2094
A	16	1	894	0.2831802344	raw	2094
A	16	1	894	0.914078440262	norm	2094
G	16	1	633	0.200506810263	raw	2094
G	16	1	633	1.05201048002	norm	2094
C	16	1	503	0.159328476402	raw	2094
C	16	1	503	0.834646861846	norm	2094
T	17	1	1185	0.375356350966	raw	2094
T	17	1	1185	1.21587014157	norm	2094
A	17	1	982	0.31105479886	raw	2094
A	17	1	982	1.00405484154	norm	2094
G	17	1	521	0.165030091859	raw	2094
G	17	1	521	0.865872764752	norm	2094
C	17	1	469	0.148558758315	raw	2094
C	17	1	469	0.77822938013	norm	2094
T	18	1	1127	0.356984478936	raw	2094
T	18	1	1127	1.15635919793	norm	2094
A	18	1	995	0.315172632246	raw	2094
A	18	1	995	1.01734680991	norm	2094
C	18	1	530	0.167880899588	raw	2094
C	18	1	530	0.879448979678	norm	2094
G	18	1	505	0.15996198923	raw	2094
G	18	1	505	0.839281662571	norm	2094
T	19	1	1083	0.343047196706	raw	2094
T	19	1	1083	1.11121296483	norm	2094
A	19	1	994	0.314855875831	raw	2094
A	19	1	994	1.01632435081	norm	2094
C	19	1	556	0.17611656636	raw	2094
C	19	1	556	0.922591759813	norm	2094
G	19	1	524	0.165980361102	raw	2094
G	19	1	524	0.870858596411	norm	2094
T	20	1	1173	0.371555273994	raw	2094
T	20	1	1173	1.20355753254	norm	2094
A	20	1	900	0.285080772886	raw	2094
A	20	1	900	0.920213194895	norm	2094
C	20	1	542	0.17168197656	raw	2094
C	20	1	542	0.899361032048	norm	2094
G	20	1	542	0.17168197656	raw	2094
G	20	1	542	0.900773586364	norm	2094
A	21	1	1081	0.342413683877	raw	2094
A	21	1	1081	1.10527829298	norm	2094
T	21	1	1031	0.326575863161	raw	2094
T	21	1	1031	1.05785832571	norm	2094
G	21	1	536	0.169781438074	raw	2094
G	21	1	536	0.890801923046	norm	2094
C	21	1	509	0.161229014888	raw	2094
C	21	1	509	0.844602888031	norm	2094
T	22	1	1137	0.360152043079	raw	2094
T	22	1	1137	1.16661970546	norm	2094
A	22	1	1030	0.326259106747	raw	2094
A	22	1	1030	1.0531328786	norm	2094
G	22	1	512	0.162179284131	raw	2094
G	22	1	512	0.850915269775	norm	2094
C	22	1	478	0.151409566044	raw	2094
C	22	1	478	0.793163419408	norm	2094
T	23	1	1150	0.364269876465	raw	2094
T	23	1	1150	1.17995836524	norm	2094
A	23	1	982	0.31105479886	raw	2094
A	23	1	982	1.00405484154	norm	2094
G	23	1	513	0.162496040545	raw	2094
G	23	1	513	0.852577213662	norm	2094
C	23	1	512	0.162179284131	raw	2094
C	23	1	512	0.849580901123	norm	2094
T	24	1	1076	0.340829901806	raw	2094
T	24	1	1076	1.10403060956	norm	2094
A	24	1	1014	0.321191004118	raw	2094
A	24	1	1014	1.03677353291	norm	2094
G	24	1	554	0.175483053532	raw	2094
G	24	1	554	0.920716912999	norm	2094
C	24	1	513	0.162496040545	raw	2094
C	24	1	513	0.851240238821	norm	2094
A	25	1	1100	0.348432055749	raw	2094
A	25	1	1100	1.12470501598	norm	2094
T	25	1	1023	0.324041811847	raw	2094
T	25	1	1023	1.04964991969	norm	2094
C	25	1	531	0.168197656003	raw	2094
C	25	1	531	0.881108317376	norm	2094
G	25	1	503	0.159328476402	raw	2094
G	25	1	503	0.835957774799	norm	2094
T	26	1	1208	0.382641748495	raw	2094
T	26	1	1208	1.23946930888	norm	2094
A	26	1	933	0.295533734558	raw	2094
A	26	1	933	0.953954345374	norm	2094
C	26	1	566	0.179284130504	raw	2094
C	26	1	566	0.939185136788	norm	2094
G	26	1	450	0.142540386443	raw	2094
G	26	1	450	0.747874748826	norm	2094
T	27	1	1182	0.374406081723	raw	2094
T	27	1	1182	1.21279198932	norm	2094
A	27	1	1016	0.321824516946	raw	2094
A	27	1	1016	1.03881845113	norm	2094
G	27	1	504	0.159645232816	raw	2094
G	27	1	504	0.837619718685	norm	2094
C	27	1	455	0.144124168514	raw	2094
C	27	1	455	0.754998652365	norm	2094
T	28	1	1250	0.395945517897	raw	2094
T	28	1	1250	1.28256344048	norm	2094
A	28	1	1010	0.319923978461	raw	2094
A	28	1	1010	1.03268369649	norm	2094
C	28	1	466	0.147608489072	raw	2094
C	28	1	466	0.773251367038	norm	2094
G	28	1	431	0.136522014571	raw	2094
G	28	1	431	0.716297814987	norm	2094
T	29	1	1167	0.369654735508	raw	2094
T	29	1	1167	1.19740122803	norm	2094
A	29	1	1048	0.331960722205	raw	2094
A	29	1	1048	1.0715371425	norm	2094
C	29	1	471	0.149192271143	raw	2094
C	29	1	471	0.781548055525	norm	2094
G	29	1	471	0.149192271143	raw	2094
G	29	1	471	0.782775570438	norm	2094
T	30	1	1181	0.374089325309	raw	2094
T	30	1	1181	1.21176593856	norm	2094
A	30	1	1030	0.326259106747	raw	2094
A	30	1	1030	1.0531328786	norm	2094
C	30	1	483	0.152993348115	raw	2094
C	30	1	483	0.801460107895	norm	2094
G	30	1	463	0.146658219829	raw	2094
G	30	1	463	0.769480019348	norm	2094
T	31	1	1148	0.363636363636	raw	2094
T	31	1	1148	1.17790626373	norm	2094
A	31	1	1075	0.340513145391	raw	2094
A	31	1	1075	1.09914353835	norm	2094
G	31	1	469	0.148558758315	raw	2094
G	31	1	469	0.779451682665	norm	2094
C	31	1	465	0.147291732658	raw	2094
C	31	1	465	0.77159202934	norm	2094
A	32	1	1098	0.34779854292	raw	2094
A	32	1	1098	1.12266009777	norm	2094
T	32	1	1052	0.333227747862	raw	2094
T	32	1	1052	1.07940539151	norm	2094
G	32	1	506	0.160278745645	raw	2094
G	32	1	506	0.840943606458	norm	2094
C	32	1	501	0.158694963573	raw	2094
C	32	1	501	0.831328186451	norm	2094
T	33	1	1147	0.363319607222	raw	2094
T	33	1	1147	1.17688021298	norm	2094
A	33	1	977	0.309471016788	raw	2094
A	33	1	977	0.998942546014	norm	2094
C	33	1	552	0.174849540703	raw	2094
C	33	1	552	0.915954409023	norm	2094
G	33	1	481	0.152359835287	raw	2094
G	33	1	481	0.799395009301	norm	2094
T	34	1	1192	0.377573645866	raw	2094
T	34	1	1192	1.22305249684	norm	2094
A	34	1	1068	0.338295850491	raw	2094
A	34	1	1068	1.09198632461	norm	2094
C	34	1	467	0.147925245486	raw	2094
C	34	1	467	0.774910704735	norm	2094
G	34	1	430	0.136205258156	raw	2094
G	34	1	430	0.7146358711	norm	2094
T	35	1	1208	0.382641748495	raw	2094
T	35	1	1208	1.23946930888	norm	2094
A	35	1	1034	0.327526132404	raw	2094
A	35	1	1034	1.05722271502	norm	2094
G	35	1	476	0.150776053215	raw	2094
G	35	1	476	0.791085289869	norm	2094
C	35	1	439	0.139056065885	raw	2094
C	35	1	439	0.728449249205	norm	2094
T	36	1	1169	0.370288248337	raw	2094
T	36	1	1169	1.19945332953	norm	2094
A	36	1	1033	0.32720937599	raw	2094
A	36	1	1033	1.05620025592	norm	2094
G	36	1	506	0.160278745645	raw	2094
G	36	1	506	0.840943606458	norm	2094
C	36	1	449	0.142223630029	raw	2094
C	36	1	449	0.74504262618	norm	2094
T	37	1	1244	0.394044979411	raw	2094
T	37	1	1244	1.27640713596	norm	2094
A	37	1	1057	0.334811529933	raw	2094
A	37	1	1057	1.08073927445	norm	2094
G	37	1	439	0.139056065885	raw	2094
G	37	1	439	0.729593366077	norm	2094
C	37	1	417	0.13208742477	raw	2094
C	37	1	417	0.69194381986	norm	2094
T	38	1	1205	0.381691479252	raw	2094
T	38	1	1205	1.23639115662	norm	2094
A	38	1	1097	0.347481786506	raw	2094
A	38	1	1097	1.12163763867	norm	2094
C	38	1	452	0.143173899271	raw	2094
C	38	1	452	0.750020639273	norm	2094
G	38	1	403	0.12765283497	raw	2094
G	38	1	403	0.669763386171	norm	2094
T	39	1	1280	0.405448210326	raw	2094
T	39	1	1280	1.31334496305	norm	2094
A	39	1	1060	0.335761799176	raw	2094
A	39	1	1060	1.08380665177	norm	2094
C	39	1	468	0.148242001901	raw	2094
C	39	1	468	0.776570042433	norm	2094
G	39	1	349	0.110547988597	raw	2094
G	39	1	349	0.580018416312	norm	2094
T	40	1	1315	0.416534684827	raw	2094
T	40	1	1315	1.34925673938	norm	2094
A	40	1	1024	0.324358568261	raw	2094
A	40	1	1024	1.04699812397	norm	2094
C	40	1	415	0.131453911942	raw	2094
C	40	1	415	0.688625144465	norm	2094
G	40	1	403	0.12765283497	raw	2094
G	40	1	403	0.669763386171	norm	2094
T	41	1	1264	0.400380107697	raw	2094
T	41	1	1264	1.29692815101	norm	2094
A	41	1	1127	0.356984478936	raw	2094
A	41	1	1127	1.15231141183	norm	2094
G	41	1	405	0.128286347799	raw	2094
G	41	1	405	0.673087273943	norm	2094
C	41	1	361	0.114349065569	raw	2094
C	41	1	361	0.5990209088	norm	2094
A	42	1	1185	0.375356350966	raw	2094
A	42	1	1185	1.21161403995	norm	2094
T	42	1	1177	0.372822299652	raw	2094
T	42	1	1177	1.20766173555	norm	2094
C	42	1	401	0.127019322141	raw	2094
C	42	1	401	0.6653944167	norm	2094
G	42	1	394	0.124802027241	raw	2094
G	42	1	394	0.654805891194	norm	2094
T	43	1	1260	0.39911308204	raw	2094
T	43	1	1260	1.292823948	norm	2094
A	43	1	1191	0.377256889452	raw	2094
A	43	1	1191	1.21774879458	norm	2094
G	43	1	359	0.11371555274	raw	2094
G	43	1	359	0.596637855174	norm	2094
C	43	1	347	0.109914475768	raw	2094
C	43	1	347	0.575790181035	norm	2094
T	44	1	1289	0.408299018055	raw	2094
T	44	1	1289	1.32257941982	norm	2094
A	44	1	1117	0.353816914793	raw	2094
A	44	1	1117	1.14208682078	norm	2094
C	44	1	393	0.124485270827	raw	2094
C	44	1	393	0.65211971512	norm	2094
G	44	1	358	0.113398796326	raw	2094
G	44	1	358	0.594975911288	norm	2094
T	45	1	1238	0.392144440925	raw	2094
T	45	1	1238	1.27025083145	norm	2094
A	45	1	1112	0.352233132721	raw	2094
A	45	1	1112	1.13697452525	norm	2094
G	45	1	406	0.128603104213	raw	2094
G	45	1	406	0.67474921783	norm	2094
C	45	1	401	0.127019322141	raw	2094
C	45	1	401	0.6653944167	norm	2094
T	46	1	1288	0.407982261641	raw	2094
T	46	1	1288	1.32155336907	norm	2094
A	46	1	1220	0.386442825467	raw	2094
A	46	1	1220	1.24740010864	norm	2094
G	46	1	329	0.10421286031	raw	2094
G	46	1	329	0.546779538586	norm	2094
C	46	1	320	0.101362052582	raw	2094
C	46	1	320	0.530988063202	norm	2094
T	47	1	1292	0.409249287298	raw	2094
T	47	1	1292	1.32565757208	norm	2094
A	47	1	1127	0.356984478936	raw	2094
A	47	1	1127	1.15231141183	norm	2094
G	47	1	395	0.125118783655	raw	2094
G	47	1	395	0.656467835081	norm	2094
C	47	1	343	0.108647450111	raw	2094
C	47	1	343	0.569152830245	norm	2094
A	48	1	1228	0.388976876782	raw	2094
A	48	1	1228	1.25557978148	norm	2094
T	48	1	1226	0.388343363953	raw	2094
T	48	1	1226	1.25793822242	norm	2094
G	48	1	373	0.11815014254	raw	2094
G	48	1	373	0.619905069582	norm	2094
C	48	1	330	0.104529616725	raw	2094
C	48	1	330	0.547581440177	norm	2094
A	49	1	1221	0.386759581882	raw	2094
A	49	1	1221	1.24842256774	norm	2094
T	49	1	1197	0.379157427938	raw	2094
T	49	1	1197	1.2281827506	norm	2094
C	49	1	380	0.120367437441	raw	2094
C	49	1	380	0.630548325052	norm	2094
G	49	1	359	0.11371555274	raw	2094
G	49	1	359	0.596637855174	norm	2094
T	50	1	1260	0.39911308204	raw	2094
T	50	1	1260	1.292823948	norm	2094
A	50	1	1147	0.363319607222	raw	2094
A	50	1	1147	1.17276059394	norm	2094
C	50	1	375	0.118783655369	raw	2094
C	50	1	375	0.622251636565	norm	2094
G	50	1	375	0.118783655369	raw	2094
G	50	1	375	0.623228957355	norm	2094
A	51	1	1199	0.379790940767	raw	2094
A	51	1	1199	1.22592846742	norm	2094
T	51	1	1194	0.378207158695	raw	2094
T	51	1	1194	1.22510459834	norm	2094
G	51	1	400	0.126702565727	raw	2094
G	51	1	400	0.664777554512	norm	2094
C	51	1	364	0.115299334812	raw	2094
C	51	1	364	0.603998921892	norm	2094
T	52	1	1224	0.387709851124	raw	2094
T	52	1	1224	1.25588612092	norm	2094
A	52	1	1198	0.379474184352	raw	2094
A	52	1	1198	1.22490600832	norm	2094
G	52	1	383	0.121317706684	raw	2094
G	52	1	383	0.636524508445	norm	2094
C	52	1	352	0.11149825784	raw	2094
C	52	1	352	0.584086869522	norm	2094
T	53	1	1255	0.397529299968	raw	2094
T	53	1	1255	1.28769369424	norm	2094
A	53	1	1187	0.375989863795	raw	2094
A	53	1	1187	1.21365895816	norm	2094
C	53	1	362	0.114665821983	raw	2094
C	53	1	362	0.600680246497	norm	2094
G	53	1	353	0.111815014254	raw	2094
G	53	1	353	0.586666191857	norm	2094
A	54	1	1177	0.372822299652	raw	2094
A	54	1	1177	1.2034343671	norm	2094
T	54	1	1161	0.367754197022	raw	2094
T	54	1	1161	1.19124492352	norm	2094
G	54	1	454	0.1438074121	raw	2094
G	54	1	454	0.754522524371	norm	2094
C	54	1	365	0.115616091226	raw	2094
C	54	1	365	0.60565825959	norm	2094
T	55	1	1261	0.399429838454	raw	2094
T	55	1	1261	1.29384999875	norm	2094
A	55	1	1198	0.379474184352	raw	2094
A	55	1	1198	1.22490600832	norm	2094
C	55	1	372	0.117833386126	raw	2094
C	55	1	372	0.617273623472	norm	2094
G	55	1	326	0.103262591067	raw	2094
G	55	1	326	0.541793706927	norm	2094
A	56	1	1236	0.391510928096	raw	2094
A	56	1	1236	1.26375945432	norm	2094
T	56	1	1201	0.380424453595	raw	2094
T	56	1	1201	1.23228695361	norm	2094
C	56	1	378	0.119733924612	raw	2094
C	56	1	378	0.627229649657	norm	2094
G	56	1	342	0.108330693697	raw	2094
G	56	1	342	0.568384809108	norm	2094
T	57	1	1269	0.401963889769	raw	2094
T	57	1	1269	1.30205840477	norm	2094
A	57	1	1195	0.378523915109	raw	2094
A	57	1	1195	1.221838631	norm	2094
G	57	1	379	0.120050681026	raw	2094
G	57	1	379	0.6298767329	norm	2094
C	57	1	314	0.0994615140957	raw	2094
C	57	1	314	0.521032037017	norm	2094
T	58	1	1284	0.406715235984	raw	2094
T	58	1	1284	1.31744916606	norm	2094
A	58	1	1184	0.375039594552	raw	2094
A	58	1	1184	1.21059158084	norm	2094
G	58	1	370	0.117199873297	raw	2094
G	58	1	370	0.614919237924	norm	2094
C	58	1	319	0.101045296167	raw	2094
C	58	1	319	0.529328725504	norm	2094
A	59	1	1256	0.397846056383	raw	2094
A	59	1	1256	1.28420863643	norm	2094
T	59	1	1224	0.387709851124	raw	2094
T	59	1	1224	1.25588612092	norm	2094
G	59	1	355	0.112448527083	raw	2094
G	59	1	355	0.589990079629	norm	2094
C	59	1	322	0.10199556541	raw	2094
C	59	1	322	0.534306738597	norm	2094
A	60	1	1281	0.405764966741	raw	2094
A	60	1	1281	1.30977011407	norm	2094
T	60	1	1139	0.360785555908	raw	2094
T	60	1	1139	1.16867180696	norm	2094
G	60	1	381	0.120684193855	raw	2094
G	60	1	381	0.633200620673	norm	2094
C	60	1	356	0.112765283497	raw	2094
C	60	1	356	0.590724220312	norm	2094
T	61	1	1343	0.425403864428	raw	2094
T	61	1	1343	1.37798616045	norm	2094
A	61	1	1139	0.360785555908	raw	2094
A	61	1	1139	1.16458092109	norm	2094
G	61	1	385	0.121951219512	raw	2094
G	61	1	385	0.639848396218	norm	2094
C	61	1	290	0.091859360152	raw	2094
C	61	1	290	0.481207932277	norm	2094
A	62	1	1319	0.417801710485	raw	2094
A	62	1	1319	1.34862356007	norm	2094
T	62	1	1209	0.38295850491	raw	2094
T	62	1	1209	1.24049535963	norm	2094
G	62	1	381	0.120684193855	raw	2094
G	62	1	381	0.633200620673	norm	2094
C	62	1	248	0.0785555907507	raw	2094
C	62	1	248	0.411515748982	norm	2094
T	63	1	1288	0.407982261641	raw	2094
T	63	1	1288	1.32155336907	norm	2094
A	63	1	1210	0.383275261324	raw	2094
A	63	1	1210	1.23717551758	norm	2094
G	63	1	369	0.116883116883	raw	2094
G	63	1	369	0.613257294037	norm	2094
C	63	1	290	0.091859360152	raw	2094
C	63	1	290	0.481207932277	norm	2094
A	64	1	1313	0.415901171999	raw	2094
A	64	1	1313	1.34248880544	norm	2094
T	64	1	1246	0.394678492239	raw	2094
T	64	1	1246	1.27845923747	norm	2094
C	64	1	308	0.0975609756098	raw	2094
C	64	1	308	0.511076010832	norm	2094
G	64	1	290	0.091859360152	raw	2094
G	64	1	290	0.481963727021	norm	2094
A	65	1	1258	0.398479569211	raw	2094
A	65	1	1258	1.28625355464	norm	2094
T	65	1	1246	0.394678492239	raw	2094
T	65	1	1246	1.27845923747	norm	2094
G	65	1	333	0.105479885968	raw	2094
G	65	1	333	0.553427314131	norm	2094
C	65	1	320	0.101362052582	raw	2094
C	65	1	320	0.530988063202	norm	2094
T	66	1	1314	0.416217928413	raw	2094
T	66	1	1314	1.34823068863	norm	2094
A	66	1	1268	0.401647133354	raw	2094
A	66	1	1268	1.2964781457	norm	2094
G	66	1	296	0.0937598986379	raw	2094
G	66	1	296	0.491935390339	norm	2094
C	66	1	279	0.0883750395946	raw	2094
C	66	1	279	0.462955217604	norm	2094
A	67	1	1326	0.420019005385	raw	2094
A	67	1	1326	1.35578077381	norm	2094
T	67	1	1214	0.384542286981	raw	2094
T	67	1	1214	1.24562561339	norm	2094
G	67	1	309	0.0978777320241	raw	2094
G	67	1	309	0.51354066086	norm	2094
C	67	1	308	0.0975609756098	raw	2094
C	67	1	308	0.511076010832	norm	2094
A	68	1	1301	0.412100095027	raw	2094
A	68	1	1301	1.33021929618	norm	2094
T	68	1	1245	0.394361735825	raw	2094
T	68	1	1245	1.27743318672	norm	2094
C	68	1	316	0.100095026924	raw	2094
C	68	1	316	0.524350712412	norm	2094
G	68	1	295	0.0934431422236	raw	2094
G	68	1	295	0.490273446453	norm	2094
T	69	1	1250	0.395945517897	raw	2094
T	69	1	1250	1.28256344048	norm	2094
A	69	1	1227	0.388660120367	raw	2094
A	69	1	1227	1.25455732237	norm	2094
G	69	1	364	0.115299334812	raw	2094
G	69	1	364	0.604947574606	norm	2094
C	69	1	316	0.100095026924	raw	2094
C	69	1	316	0.524350712412	norm	2094
A	70	1	1267	0.40133037694	raw	2094
A	70	1	1267	1.29545568659	norm	2094
T	70	1	1244	0.394044979411	raw	2094
T	70	1	1244	1.27640713596	norm	2094
C	70	1	330	0.104529616725	raw	2094
C	70	1	330	0.547581440177	norm	2094
G	70	1	316	0.100095026924	raw	2094
G	70	1	316	0.525174268064	norm	2094
A	71	1	1257	0.398162812797	raw	2094
A	71	1	1257	1.28523109554	norm	2094
T	71	1	1221	0.386759581882	raw	2094
T	71	1	1221	1.25280796866	norm	2094
G	71	1	374	0.118466898955	raw	2094
G	71	1	374	0.621567013469	norm	2094
C	71	1	305	0.0966107063668	raw	2094
C	71	1	305	0.506097997739	norm	2094
A	72	1	1300	0.411783338613	raw	2094
A	72	1	1300	1.32919683707	norm	2094
T	72	1	1266	0.401013620526	raw	2094
T	72	1	1266	1.29898025252	norm	2094
G	72	1	297	0.0940766550523	raw	2094
G	72	1	297	0.493597334225	norm	2094
C	72	1	294	0.0931263858093	raw	2094
C	72	1	294	0.487845283067	norm	2094
T	73	1	1330	0.421286031042	raw	2094
T	73	1	1330	1.36464750067	norm	2094
A	73	1	1251	0.396262274311	raw	2094
A	73	1	1251	1.2790963409	norm	2094
C	73	1	295	0.0934431422236	raw	2094
C	73	1	295	0.489504620764	norm	2094
G	73	1	281	0.0890085524232	raw	2094
G	73	1	281	0.467006232045	norm	2094
A	74	1	1328	0.420652518213	raw	2094
A	74	1	1328	1.35782569202	norm	2094
T	74	1	1272	0.402914159012	raw	2094
T	74	1	1272	1.30513655703	norm	2094
G	74	1	300	0.0950269242952	raw	2094
G	74	1	300	0.498583165884	norm	2094
C	74	1	257	0.0814063984796	raw	2094
C	74	1	257	0.426449788259	norm	2094
A	75	1	1294	0.409882800127	raw	2094
A	75	1	1294	1.32306208244	norm	2094
T	75	1	1239	0.392461197339	raw	2094
T	75	1	1239	1.2712768822	norm	2094
G	75	1	333	0.105479885968	raw	2094
G	75	1	333	0.553427314131	norm	2094
C	75	1	291	0.0921761165664	raw	2094
C	75	1	291	0.482867269974	norm	2094
T	76	1	1260	0.39911308204	raw	2094
T	76	1	1260	1.292823948	norm	2094
A	76	1	1211	0.383592017738	raw	2094
A	76	1	1211	1.23819797669	norm	2094
G	76	1	366	0.11593284764	raw	2094
G	76	1	366	0.608271462378	norm	2094
C	76	1	320	0.101362052582	raw	2094
C	76	1	320	0.530988063202	norm	2094
A	77	1	1236	0.391510928096	raw	2094
A	77	1	1236	1.26375945432	norm	2094
T	77	1	1184	0.375039594552	raw	2094
T	77	1	1184	1.21484409082	norm	2094
G	77	1	407	0.128919860627	raw	2094
G	77	1	407	0.676411161716	norm	2094
C	77	1	330	0.104529616725	raw	2094
C	77	1	330	0.547581440177	norm	2094
A	78	1	1263	0.400063351283	raw	2094
A	78	1	1263	1.29136585017	norm	2094
T	78	1	1254	0.397212543554	raw	2094
T	78	1	1254	1.28666764349	norm	2094
G	78	1	373	0.11815014254	raw	2094
G	78	1	373	0.619905069582	norm	2094
C	78	1	267	0.0845739626227	raw	2094
C	78	1	267	0.443043165234	norm	2094
T	79	1	1349	0.427304402914	raw	2094
T	79	1	1349	1.38414246496	norm	2094
A	79	1	1257	0.398162812797	raw	2094
A	79	1	1257	1.28523109554	norm	2094
G	79	1	282	0.0893253088375	raw	2094
G	79	1	282	0.468668175931	norm	2094
C	79	1	269	0.0852074754514	raw	2094
C	79	1	269	0.446361840629	norm	2094
T	80	1	1277	0.404497941083	raw	2094
T	80	1	1277	1.31026681079	norm	2094
A	80	1	1244	0.394044979411	raw	2094
A	80	1	1244	1.27193912717	norm	2094
C	80	1	332	0.105163129553	raw	2094
C	80	1	332	0.550900115572	norm	2094
G	80	1	304	0.0962939499525	raw	2094
G	80	1	304	0.505230941429	norm	2094
A	81	1	1291	0.408932530884	raw	2094
A	81	1	1291	1.31999470512	norm	2094
T	81	1	1181	0.374089325309	raw	2094
T	81	1	1181	1.21176593856	norm	2094
G	81	1	353	0.111815014254	raw	2094
G	81	1	353	0.586666191857	norm	2094
C	81	1	332	0.105163129553	raw	2094
C	81	1	332	0.550900115572	norm	2094
A	82	1	1382	0.437757364587	raw	2094
A	82	1	1382	1.41303848372	norm	2094
T	82	1	1179	0.37345581248	raw	2094
T	82	1	1179	1.20971383706	norm	2094
G	82	1	313	0.0991447576813	raw	2094
G	82	1	313	0.520188436406	norm	2094
C	82	1	283	0.0896420652518	raw	2094
C	82	1	283	0.469592568394	norm	2094
A	83	1	1252	0.396579030725	raw	2094
A	83	1	1252	1.28011880001	norm	2094
T	83	1	1212	0.383908774153	raw	2094
T	83	1	1212	1.24357351189	norm	2094
G	83	1	400	0.126702565727	raw	2094
G	83	1	400	0.664777554512	norm	2094
C	83	1	293	0.092809629395	raw	2094
C	83	1	293	0.486185945369	norm	2094
T	84	1	1233	0.390560658853	raw	2094
T	84	1	1233	1.26512057769	norm	2094
A	84	1	1198	0.379474184352	raw	2094
A	84	1	1198	1.22490600832	norm	2094
G	84	1	382	0.121000950269	raw	2094
G	84	1	382	0.634862564559	norm	2094
C	84	1	344	0.108964206525	raw	2094
C	84	1	344	0.570812167942	norm	2094
T	85	1	1247	0.394995248654	raw	2094
T	85	1	1247	1.27948528822	norm	2094
A	85	1	1237	0.391827684511	raw	2094
A	85	1	1237	1.26478191343	norm	2094
G	85	1	356	0.112765283497	raw	2094
G	85	1	356	0.591652023516	norm	2094
C	85	1	317	0.100411783339	raw	2094
C	85	1	317	0.526010050109	norm	2094
T	86	1	1327	0.420335761799	raw	2094
T	86	1	1327	1.36156934841	norm	2094
A	86	1	1201	0.380424453595	raw	2094
A	86	1	1201	1.22797338563	norm	2094
G	86	1	344	0.108964206525	raw	2094
G	86	1	344	0.57170869688	norm	2094
C	86	1	285	0.0902755780805	raw	2094
C	86	1	285	0.472911243789	norm	2094
A	87	1	1271	0.402597402597	raw	2094
A	87	1	1271	1.29954552301	norm	2094
T	87	1	1225	0.388026607539	raw	2094
T	87	1	1225	1.25691217167	norm	2094
C	87	1	335	0.106113398796	raw	2094
C	87	1	335	0.555878128665	norm	2094
G	87	1	326	0.103262591067	raw	2094
G	87	1	326	0.541793706927	norm	2094
A	88	1	1292	0.409249287298	raw	2094
A	88	1	1292	1.32101716423	norm	2094
T	88	1	1282	0.406081723155	raw	2094
T	88	1	1282	1.31539706455	norm	2094
G	88	1	315	0.09977827051	raw	2094
G	88	1	315	0.523512324178	norm	2094
C	88	1	268	0.0848907190371	raw	2094
C	88	1	268	0.444702502932	norm	2094
T	89	1	1308	0.414317389927	raw	2094
T	89	1	1308	1.34207438412	norm	2094
A	89	1	1211	0.383592017738	raw	2094
A	89	1	1211	1.23819797669	norm	2094
G	89	1	321	0.101678808996	raw	2094
G	89	1	321	0.533483987496	norm	2094
C	89	1	317	0.100411783339	raw	2094
C	89	1	317	0.526010050109	norm	2094
A	90	1	1297	0.41083306937	raw	2094
A	90	1	1297	1.32612945975	norm	2094
T	90	1	1201	0.380424453595	raw	2094
T	90	1	1201	1.23228695361	norm	2094
G	90	1	358	0.113398796326	raw	2094
G	90	1	358	0.594975911288	norm	2094
C	90	1	301	0.0953436807095	raw	2094
C	90	1	301	0.499460646949	norm	2094
T	91	1	1289	0.408299018055	raw	2094
T	91	1	1289	1.32257941982	norm	2094
A	91	1	1244	0.394044979411	raw	2094
A	91	1	1244	1.27193912717	norm	2094
G	91	1	330	0.104529616725	raw	2094
G	91	1	330	0.548441482472	norm	2094
C	91	1	294	0.0931263858093	raw	2094
C	91	1	294	0.487845283067	norm	2094
A	92	1	1333	0.422236300285	raw	2094
A	92	1	1333	1.36293798755	norm	2094
T	92	1	1161	0.367754197022	raw	2094
T	92	1	1161	1.19124492352	norm	2094
G	92	1	355	0.112448527083	raw	2094
G	92	1	355	0.589990079629	norm	2094
C	92	1	308	0.0975609756098	raw	2094
C	92	1	308	0.511076010832	norm	2094
A	93	1	1237	0.391827684511	raw	2094
A	93	1	1237	1.26478191343	norm	2094
T	93	1	1215	0.384859043396	raw	2094
T	93	1	1215	1.24665166414	norm	2094
G	93	1	374	0.118466898955	raw	2094
G	93	1	374	0.621567013469	norm	2094
C	93	1	331	0.104846373139	raw	2094
C	93	1	331	0.549240777875	norm	2094
T	94	1	1316	0.416851441242	raw	2094
T	94	1	1316	1.35028279013	norm	2094
A	94	1	1250	0.395945517897	raw	2094
A	94	1	1250	1.2780738818	norm	2094
G	94	1	338	0.107063668039	raw	2094
G	94	1	338	0.561737033563	norm	2094
C	94	1	253	0.0801393728223	raw	2094
C	94	1	253	0.419812437469	norm	2094
A	95	1	1446	0.458029775103	raw	2094
A	95	1	1446	1.47847586646	norm	2094
T	95	1	1145	0.362686094393	raw	2094
T	95	1	1145	1.17482811148	norm	2094
G	95	1	284	0.0899588216661	raw	2094
G	95	1	284	0.471992063703	norm	2094
C	95	1	282	0.0893253088375	raw	2094
C	95	1	282	0.467933230697	norm	2094
T	96	1	1254	0.397212543554	raw	2094
T	96	1	1254	1.28666764349	norm	2094
A	96	1	1209	0.38295850491	raw	2094
A	96	1	1209	1.23615305848	norm	2094
G	96	1	374	0.118466898955	raw	2094
G	96	1	374	0.621567013469	norm	2094
C	96	1	320	0.101362052582	raw	2094
C	96	1	320	0.530988063202	norm	2094
A	97	1	1293	0.409566043712	raw	2094
A	97	1	1293	1.32203962333	norm	2094
T	97	1	1163	0.368387709851	raw	2094
T	97	1	1163	1.19329702502	norm	2094
C	97	1	378	0.119733924612	raw	2094
C	97	1	378	0.627229649657	norm	2094
G	97	1	323	0.102312321825	raw	2094
G	97	1	323	0.536807875268	norm	2094
A	98	1	1299	0.411466582198	raw	2094
A	98	1	1299	1.32817437797	norm	2094
T	98	1	1228	0.388976876782	raw	2094
T	98	1	1228	1.25999032392	norm	2094
G	98	1	348	0.110231232182	raw	2094
G	98	1	348	0.578356472425	norm	2094
C	98	1	282	0.0893253088375	raw	2094
C	98	1	282	0.467933230697	norm	2094
A	99	1	1278	0.404814697498	raw	2094
A	99	1	1278	1.30670273675	norm	2094
T	99	1	1207	0.382324992081	raw	2094
T	99	1	1207	1.23844325812	norm	2094
G	99	1	351	0.111181501425	raw	2094
G	99	1	351	0.583342304084	norm	2094
C	99	1	321	0.101678808996	raw	2094
C	99	1	321	0.532647400899	norm	2094
A	100	1	1322	0.418751979728	raw	2094
A	100	1	1322	1.35169093739	norm	2094
T	100	1	1221	0.386759581882	raw	2094
T	100	1	1221	1.25280796866	norm	2094
G	100	1	312	0.098828001267	raw	2094
G	100	1	312	0.518526492519	norm	2094
C	100	1	302	0.0956604371239	raw	2094
C	100	1	302	0.501119984647	norm	2094
