#nuc	offset	region.size	count	freq	norm.freq	total.sites
A	-100	1	3	0.5	raw	6
A	-100	1	3	1.68390191897	norm	6
C	-100	1	1	0.166666666667	raw	6
C	-100	1	1	0.820093457942	norm	6
T	-100	1	1	0.166666666667	raw	6
T	-100	1	1	0.532086912583	norm	6
G	-100	1	1	0.166666666667	raw	6
G	-100	1	1	0.893129770991	norm	6
A	-99	1	3	0.5	raw	6
A	-99	1	3	1.68390191897	norm	6
T	-99	1	2	0.333333333333	raw	6
T	-99	1	2	1.06417382517	norm	6
G	-99	1	1	0.166666666667	raw	6
G	-99	1	1	0.893129770991	norm	6
A	-98	1	2	0.333333333333	raw	6
A	-98	1	2	1.12260127932	norm	6
C	-98	1	2	0.333333333333	raw	6
C	-98	1	2	1.64018691588	norm	6
T	-98	1	2	0.333333333333	raw	6
T	-98	1	2	1.06417382517	norm	6
T	-97	1	3	0.5	raw	6
T	-97	1	3	1.59626073775	norm	6
C	-97	1	2	0.333333333333	raw	6
C	-97	1	2	1.64018691588	norm	6
A	-97	1	1	0.166666666667	raw	6
A	-97	1	1	0.561300639658	norm	6
C	-96	1	3	0.5	raw	6
C	-96	1	3	2.46028037383	norm	6
T	-96	1	2	0.333333333333	raw	6
T	-96	1	2	1.06417382517	norm	6
G	-96	1	1	0.166666666667	raw	6
G	-96	1	1	0.893129770991	norm	6
C	-95	1	2	0.333333333333	raw	6
C	-95	1	2	1.64018691588	norm	6
T	-95	1	2	0.333333333333	raw	6
T	-95	1	2	1.06417382517	norm	6
A	-95	1	1	0.166666666667	raw	6
A	-95	1	1	0.561300639658	norm	6
G	-95	1	1	0.166666666667	raw	6
G	-95	1	1	0.893129770991	norm	6
A	-94	1	3	0.5	raw	6
A	-94	1	3	1.68390191897	norm	6
C	-94	1	1	0.166666666667	raw	6
C	-94	1	1	0.820093457942	norm	6
T	-94	1	1	0.166666666667	raw	6
T	-94	1	1	0.532086912583	norm	6
G	-94	1	1	0.166666666667	raw	6
G	-94	1	1	0.893129770991	norm	6
A	-93	1	3	0.5	raw	6
A	-93	1	3	1.68390191897	norm	6
T	-93	1	2	0.333333333333	raw	6
T	-93	1	2	1.06417382517	norm	6
G	-93	1	1	0.166666666667	raw	6
G	-93	1	1	0.893129770991	norm	6
T	-92	1	3	0.5	raw	6
T	-92	1	3	1.59626073775	norm	6
C	-92	1	2	0.333333333333	raw	6
C	-92	1	2	1.64018691588	norm	6
G	-92	1	1	0.166666666667	raw	6
G	-92	1	1	0.893129770991	norm	6
A	-91	1	4	0.666666666667	raw	6
A	-91	1	4	2.24520255863	norm	6
T	-91	1	2	0.333333333333	raw	6
T	-91	1	2	1.06417382517	norm	6
T	-90	1	4	0.666666666667	raw	6
T	-90	1	4	2.12834765033	norm	6
A	-90	1	1	0.166666666667	raw	6
A	-90	1	1	0.561300639658	norm	6
C	-90	1	1	0.166666666667	raw	6
C	-90	1	1	0.820093457942	norm	6
T	-89	1	3	0.5	raw	6
T	-89	1	3	1.59626073775	norm	6
G	-89	1	2	0.333333333333	raw	6
G	-89	1	2	1.78625954198	norm	6
A	-89	1	1	0.166666666667	raw	6
A	-89	1	1	0.561300639658	norm	6
A	-88	1	2	0.333333333333	raw	6
A	-88	1	2	1.12260127932	norm	6
T	-88	1	2	0.333333333333	raw	6
T	-88	1	2	1.06417382517	norm	6
C	-88	1	1	0.166666666667	raw	6
C	-88	1	1	0.820093457942	norm	6
G	-88	1	1	0.166666666667	raw	6
G	-88	1	1	0.893129770991	norm	6
T	-87	1	3	0.5	raw	6
T	-87	1	3	1.59626073775	norm	6
A	-87	1	1	0.166666666667	raw	6
A	-87	1	1	0.561300639658	norm	6
C	-87	1	1	0.166666666667	raw	6
C	-87	1	1	0.820093457942	norm	6
G	-87	1	1	0.166666666667	raw	6
G	-87	1	1	0.893129770991	norm	6
T	-86	1	3	0.5	raw	6
T	-86	1	3	1.59626073775	norm	6
G	-86	1	3	0.5	raw	6
G	-86	1	3	2.67938931297	norm	6
A	-85	1	3	0.5	raw	6
A	-85	1	3	1.68390191897	norm	6
T	-85	1	3	0.5	raw	6
T	-85	1	3	1.59626073775	norm	6
T	-84	1	4	0.666666666667	raw	6
T	-84	1	4	2.12834765033	norm	6
C	-84	1	1	0.166666666667	raw	6
C	-84	1	1	0.820093457942	norm	6
G	-84	1	1	0.166666666667	raw	6
G	-84	1	1	0.893129770991	norm	6
A	-83	1	3	0.5	raw	6
A	-83	1	3	1.68390191897	norm	6
T	-83	1	2	0.333333333333	raw	6
T	-83	1	2	1.06417382517	norm	6
C	-83	1	1	0.166666666667	raw	6
C	-83	1	1	0.820093457942	norm	6
T	-82	1	3	0.5	raw	6
T	-82	1	3	1.59626073775	norm	6
A	-82	1	1	0.166666666667	raw	6
A	-82	1	1	0.561300639658	norm	6
C	-82	1	1	0.166666666667	raw	6
C	-82	1	1	0.820093457942	norm	6
G	-82	1	1	0.166666666667	raw	6
G	-82	1	1	0.893129770991	norm	6
C	-81	1	2	0.333333333333	raw	6
C	-81	1	2	1.64018691588	norm	6
G	-81	1	2	0.333333333333	raw	6
G	-81	1	2	1.78625954198	norm	6
A	-81	1	1	0.166666666667	raw	6
A	-81	1	1	0.561300639658	norm	6
T	-81	1	1	0.166666666667	raw	6
T	-81	1	1	0.532086912583	norm	6
C	-80	1	3	0.5	raw	6
C	-80	1	3	2.46028037383	norm	6
A	-80	1	2	0.333333333333	raw	6
A	-80	1	2	1.12260127932	norm	6
T	-80	1	1	0.166666666667	raw	6
T	-80	1	1	0.532086912583	norm	6
T	-79	1	2	0.4	raw	6
T	-79	1	2	1.2770085902	norm	6
G	-79	1	2	0.4	raw	6
G	-79	1	2	2.14351145038	norm	6
A	-79	1	1	0.2	raw	6
A	-79	1	1	0.67356076759	norm	6
A	-78	1	2	0.333333333333	raw	6
A	-78	1	2	1.12260127932	norm	6
C	-78	1	2	0.333333333333	raw	6
C	-78	1	2	1.64018691588	norm	6
T	-78	1	2	0.333333333333	raw	6
T	-78	1	2	1.06417382517	norm	6
C	-77	1	2	0.333333333333	raw	6
C	-77	1	2	1.64018691588	norm	6
T	-77	1	2	0.333333333333	raw	6
T	-77	1	2	1.06417382517	norm	6
A	-77	1	1	0.166666666667	raw	6
A	-77	1	1	0.561300639658	norm	6
G	-77	1	1	0.166666666667	raw	6
G	-77	1	1	0.893129770991	norm	6
A	-76	1	2	0.333333333333	raw	6
A	-76	1	2	1.12260127932	norm	6
G	-76	1	2	0.333333333333	raw	6
G	-76	1	2	1.78625954198	norm	6
C	-76	1	1	0.166666666667	raw	6
C	-76	1	1	0.820093457942	norm	6
T	-76	1	1	0.166666666667	raw	6
T	-76	1	1	0.532086912583	norm	6
A	-75	1	4	0.666666666667	raw	6
A	-75	1	4	2.24520255863	norm	6
T	-75	1	1	0.166666666667	raw	6
T	-75	1	1	0.532086912583	norm	6
G	-75	1	1	0.166666666667	raw	6
G	-75	1	1	0.893129770991	norm	6
C	-74	1	2	0.333333333333	raw	6
C	-74	1	2	1.64018691588	norm	6
T	-74	1	2	0.333333333333	raw	6
T	-74	1	2	1.06417382517	norm	6
A	-74	1	1	0.166666666667	raw	6
A	-74	1	1	0.561300639658	norm	6
G	-74	1	1	0.166666666667	raw	6
G	-74	1	1	0.893129770991	norm	6
G	-73	1	3	0.5	raw	6
G	-73	1	3	2.67938931297	norm	6
T	-73	1	2	0.333333333333	raw	6
T	-73	1	2	1.06417382517	norm	6
A	-73	1	1	0.166666666667	raw	6
A	-73	1	1	0.561300639658	norm	6
T	-72	1	3	0.5	raw	6
T	-72	1	3	1.59626073775	norm	6
A	-72	1	2	0.333333333333	raw	6
A	-72	1	2	1.12260127932	norm	6
C	-72	1	1	0.166666666667	raw	6
C	-72	1	1	0.820093457942	norm	6
C	-71	1	3	0.5	raw	6
C	-71	1	3	2.46028037383	norm	6
G	-71	1	3	0.5	raw	6
G	-71	1	3	2.67938931297	norm	6
C	-70	1	3	0.5	raw	6
C	-70	1	3	2.46028037383	norm	6
A	-70	1	1	0.166666666667	raw	6
A	-70	1	1	0.561300639658	norm	6
T	-70	1	1	0.166666666667	raw	6
T	-70	1	1	0.532086912583	norm	6
G	-70	1	1	0.166666666667	raw	6
G	-70	1	1	0.893129770991	norm	6
A	-69	1	2	0.333333333333	raw	6
A	-69	1	2	1.12260127932	norm	6
G	-69	1	2	0.333333333333	raw	6
G	-69	1	2	1.78625954198	norm	6
C	-69	1	1	0.166666666667	raw	6
C	-69	1	1	0.820093457942	norm	6
T	-69	1	1	0.166666666667	raw	6
T	-69	1	1	0.532086912583	norm	6
A	-68	1	3	0.5	raw	6
A	-68	1	3	1.68390191897	norm	6
C	-68	1	1	0.166666666667	raw	6
C	-68	1	1	0.820093457942	norm	6
T	-68	1	1	0.166666666667	raw	6
T	-68	1	1	0.532086912583	norm	6
G	-68	1	1	0.166666666667	raw	6
G	-68	1	1	0.893129770991	norm	6
C	-67	1	3	0.5	raw	6
C	-67	1	3	2.46028037383	norm	6
G	-67	1	2	0.333333333333	raw	6
G	-67	1	2	1.78625954198	norm	6
T	-67	1	1	0.166666666667	raw	6
T	-67	1	1	0.532086912583	norm	6
A	-66	1	3	0.5	raw	6
A	-66	1	3	1.68390191897	norm	6
T	-66	1	3	0.5	raw	6
T	-66	1	3	1.59626073775	norm	6
T	-65	1	2	0.333333333333	raw	6
T	-65	1	2	1.06417382517	norm	6
G	-65	1	2	0.333333333333	raw	6
G	-65	1	2	1.78625954198	norm	6
A	-65	1	1	0.166666666667	raw	6
A	-65	1	1	0.561300639658	norm	6
C	-65	1	1	0.166666666667	raw	6
C	-65	1	1	0.820093457942	norm	6
A	-64	1	3	0.5	raw	6
A	-64	1	3	1.68390191897	norm	6
T	-64	1	2	0.333333333333	raw	6
T	-64	1	2	1.06417382517	norm	6
G	-64	1	1	0.166666666667	raw	6
G	-64	1	1	0.893129770991	norm	6
T	-63	1	3	0.5	raw	6
T	-63	1	3	1.59626073775	norm	6
A	-63	1	2	0.333333333333	raw	6
A	-63	1	2	1.12260127932	norm	6
C	-63	1	1	0.166666666667	raw	6
C	-63	1	1	0.820093457942	norm	6
T	-62	1	3	0.5	raw	6
T	-62	1	3	1.59626073775	norm	6
A	-62	1	2	0.333333333333	raw	6
A	-62	1	2	1.12260127932	norm	6
G	-62	1	1	0.166666666667	raw	6
G	-62	1	1	0.893129770991	norm	6
T	-61	1	3	0.5	raw	6
T	-61	1	3	1.59626073775	norm	6
G	-61	1	2	0.333333333333	raw	6
G	-61	1	2	1.78625954198	norm	6
A	-61	1	1	0.166666666667	raw	6
A	-61	1	1	0.561300639658	norm	6
A	-60	1	2	0.333333333333	raw	6
A	-60	1	2	1.12260127932	norm	6
C	-60	1	2	0.333333333333	raw	6
C	-60	1	2	1.64018691588	norm	6
T	-60	1	2	0.333333333333	raw	6
T	-60	1	2	1.06417382517	norm	6
T	-59	1	4	0.666666666667	raw	6
T	-59	1	4	2.12834765033	norm	6
C	-59	1	1	0.166666666667	raw	6
C	-59	1	1	0.820093457942	norm	6
G	-59	1	1	0.166666666667	raw	6
G	-59	1	1	0.893129770991	norm	6
A	-58	1	2	0.333333333333	raw	6
A	-58	1	2	1.12260127932	norm	6
T	-58	1	2	0.333333333333	raw	6
T	-58	1	2	1.06417382517	norm	6
C	-58	1	1	0.166666666667	raw	6
C	-58	1	1	0.820093457942	norm	6
G	-58	1	1	0.166666666667	raw	6
G	-58	1	1	0.893129770991	norm	6
A	-57	1	4	0.666666666667	raw	6
A	-57	1	4	2.24520255863	norm	6
T	-57	1	1	0.166666666667	raw	6
T	-57	1	1	0.532086912583	norm	6
G	-57	1	1	0.166666666667	raw	6
G	-57	1	1	0.893129770991	norm	6
A	-56	1	4	0.666666666667	raw	6
A	-56	1	4	2.24520255863	norm	6
T	-56	1	2	0.333333333333	raw	6
T	-56	1	2	1.06417382517	norm	6
A	-55	1	3	0.5	raw	6
A	-55	1	3	1.68390191897	norm	6
C	-55	1	1	0.166666666667	raw	6
C	-55	1	1	0.820093457942	norm	6
T	-55	1	1	0.166666666667	raw	6
T	-55	1	1	0.532086912583	norm	6
G	-55	1	1	0.166666666667	raw	6
G	-55	1	1	0.893129770991	norm	6
C	-54	1	3	0.5	raw	6
C	-54	1	3	2.46028037383	norm	6
A	-54	1	2	0.333333333333	raw	6
A	-54	1	2	1.12260127932	norm	6
T	-54	1	1	0.166666666667	raw	6
T	-54	1	1	0.532086912583	norm	6
A	-53	1	3	0.5	raw	6
A	-53	1	3	1.68390191897	norm	6
C	-53	1	2	0.333333333333	raw	6
C	-53	1	2	1.64018691588	norm	6
T	-53	1	1	0.166666666667	raw	6
T	-53	1	1	0.532086912583	norm	6
A	-52	1	3	0.5	raw	6
A	-52	1	3	1.68390191897	norm	6
T	-52	1	2	0.333333333333	raw	6
T	-52	1	2	1.06417382517	norm	6
G	-52	1	1	0.166666666667	raw	6
G	-52	1	1	0.893129770991	norm	6
T	-51	1	2	0.333333333333	raw	6
T	-51	1	2	1.06417382517	norm	6
G	-51	1	2	0.333333333333	raw	6
G	-51	1	2	1.78625954198	norm	6
A	-51	1	1	0.166666666667	raw	6
A	-51	1	1	0.561300639658	norm	6
C	-51	1	1	0.166666666667	raw	6
C	-51	1	1	0.820093457942	norm	6
A	-50	1	2	0.333333333333	raw	6
A	-50	1	2	1.12260127932	norm	6
C	-50	1	2	0.333333333333	raw	6
C	-50	1	2	1.64018691588	norm	6
T	-50	1	2	0.333333333333	raw	6
T	-50	1	2	1.06417382517	norm	6
A	-49	1	3	0.5	raw	6
A	-49	1	3	1.68390191897	norm	6
T	-49	1	2	0.333333333333	raw	6
T	-49	1	2	1.06417382517	norm	6
G	-49	1	1	0.166666666667	raw	6
G	-49	1	1	0.893129770991	norm	6
C	-48	1	2	0.333333333333	raw	6
C	-48	1	2	1.64018691588	norm	6
T	-48	1	2	0.333333333333	raw	6
T	-48	1	2	1.06417382517	norm	6
A	-48	1	1	0.166666666667	raw	6
A	-48	1	1	0.561300639658	norm	6
G	-48	1	1	0.166666666667	raw	6
G	-48	1	1	0.893129770991	norm	6
G	-47	1	4	0.666666666667	raw	6
G	-47	1	4	3.57251908396	norm	6
A	-47	1	1	0.166666666667	raw	6
A	-47	1	1	0.561300639658	norm	6
T	-47	1	1	0.166666666667	raw	6
T	-47	1	1	0.532086912583	norm	6
T	-46	1	4	0.666666666667	raw	6
T	-46	1	4	2.12834765033	norm	6
C	-46	1	1	0.166666666667	raw	6
C	-46	1	1	0.820093457942	norm	6
G	-46	1	1	0.166666666667	raw	6
G	-46	1	1	0.893129770991	norm	6
A	-45	1	3	0.5	raw	6
A	-45	1	3	1.68390191897	norm	6
G	-45	1	2	0.333333333333	raw	6
G	-45	1	2	1.78625954198	norm	6
C	-45	1	1	0.166666666667	raw	6
C	-45	1	1	0.820093457942	norm	6
G	-44	1	3	0.5	raw	6
G	-44	1	3	2.67938931297	norm	6
T	-44	1	2	0.333333333333	raw	6
T	-44	1	2	1.06417382517	norm	6
C	-44	1	1	0.166666666667	raw	6
C	-44	1	1	0.820093457942	norm	6
T	-43	1	5	0.833333333333	raw	6
T	-43	1	5	2.66043456291	norm	6
G	-43	1	1	0.166666666667	raw	6
G	-43	1	1	0.893129770991	norm	6
A	-42	1	3	0.5	raw	6
A	-42	1	3	1.68390191897	norm	6
T	-42	1	2	0.333333333333	raw	6
T	-42	1	2	1.06417382517	norm	6
G	-42	1	1	0.166666666667	raw	6
G	-42	1	1	0.893129770991	norm	6
A	-41	1	3	0.5	raw	6
A	-41	1	3	1.68390191897	norm	6
C	-41	1	1	0.166666666667	raw	6
C	-41	1	1	0.820093457942	norm	6
T	-41	1	1	0.166666666667	raw	6
T	-41	1	1	0.532086912583	norm	6
G	-41	1	1	0.166666666667	raw	6
G	-41	1	1	0.893129770991	norm	6
C	-40	1	3	0.5	raw	6
C	-40	1	3	2.46028037383	norm	6
G	-40	1	3	0.5	raw	6
G	-40	1	3	2.67938931297	norm	6
A	-39	1	2	0.333333333333	raw	6
A	-39	1	2	1.12260127932	norm	6
C	-39	1	2	0.333333333333	raw	6
C	-39	1	2	1.64018691588	norm	6
T	-39	1	1	0.166666666667	raw	6
T	-39	1	1	0.532086912583	norm	6
G	-39	1	1	0.166666666667	raw	6
G	-39	1	1	0.893129770991	norm	6
A	-38	1	2	0.333333333333	raw	6
A	-38	1	2	1.12260127932	norm	6
T	-38	1	2	0.333333333333	raw	6
T	-38	1	2	1.06417382517	norm	6
G	-38	1	2	0.333333333333	raw	6
G	-38	1	2	1.78625954198	norm	6
C	-37	1	4	0.666666666667	raw	6
C	-37	1	4	3.28037383177	norm	6
A	-37	1	2	0.333333333333	raw	6
A	-37	1	2	1.12260127932	norm	6
A	-36	1	2	0.333333333333	raw	6
A	-36	1	2	1.12260127932	norm	6
T	-36	1	2	0.333333333333	raw	6
T	-36	1	2	1.06417382517	norm	6
C	-36	1	1	0.166666666667	raw	6
C	-36	1	1	0.820093457942	norm	6
G	-36	1	1	0.166666666667	raw	6
G	-36	1	1	0.893129770991	norm	6
A	-35	1	3	0.5	raw	6
A	-35	1	3	1.68390191897	norm	6
T	-35	1	2	0.333333333333	raw	6
T	-35	1	2	1.06417382517	norm	6
C	-35	1	1	0.166666666667	raw	6
C	-35	1	1	0.820093457942	norm	6
A	-34	1	3	0.5	raw	6
A	-34	1	3	1.68390191897	norm	6
G	-34	1	2	0.333333333333	raw	6
G	-34	1	2	1.78625954198	norm	6
T	-34	1	1	0.166666666667	raw	6
T	-34	1	1	0.532086912583	norm	6
A	-33	1	3	0.5	raw	6
A	-33	1	3	1.68390191897	norm	6
T	-33	1	2	0.333333333333	raw	6
T	-33	1	2	1.06417382517	norm	6
C	-33	1	1	0.166666666667	raw	6
C	-33	1	1	0.820093457942	norm	6
T	-32	1	4	0.666666666667	raw	6
T	-32	1	4	2.12834765033	norm	6
A	-32	1	2	0.333333333333	raw	6
A	-32	1	2	1.12260127932	norm	6
T	-31	1	3	0.5	raw	6
T	-31	1	3	1.59626073775	norm	6
A	-31	1	2	0.333333333333	raw	6
A	-31	1	2	1.12260127932	norm	6
G	-31	1	1	0.166666666667	raw	6
G	-31	1	1	0.893129770991	norm	6
A	-30	1	3	0.5	raw	6
A	-30	1	3	1.68390191897	norm	6
C	-30	1	1	0.166666666667	raw	6
C	-30	1	1	0.820093457942	norm	6
T	-30	1	1	0.166666666667	raw	6
T	-30	1	1	0.532086912583	norm	6
G	-30	1	1	0.166666666667	raw	6
G	-30	1	1	0.893129770991	norm	6
T	-29	1	3	0.5	raw	6
T	-29	1	3	1.59626073775	norm	6
G	-29	1	2	0.333333333333	raw	6
G	-29	1	2	1.78625954198	norm	6
A	-29	1	1	0.166666666667	raw	6
A	-29	1	1	0.561300639658	norm	6
A	-28	1	2	0.333333333333	raw	6
A	-28	1	2	1.12260127932	norm	6
T	-28	1	2	0.333333333333	raw	6
T	-28	1	2	1.06417382517	norm	6
G	-28	1	2	0.333333333333	raw	6
G	-28	1	2	1.78625954198	norm	6
T	-27	1	4	0.666666666667	raw	6
T	-27	1	4	2.12834765033	norm	6
A	-27	1	1	0.166666666667	raw	6
A	-27	1	1	0.561300639658	norm	6
G	-27	1	1	0.166666666667	raw	6
G	-27	1	1	0.893129770991	norm	6
T	-26	1	4	0.666666666667	raw	6
T	-26	1	4	2.12834765033	norm	6
A	-26	1	1	0.166666666667	raw	6
A	-26	1	1	0.561300639658	norm	6
C	-26	1	1	0.166666666667	raw	6
C	-26	1	1	0.820093457942	norm	6
C	-25	1	2	0.333333333333	raw	6
C	-25	1	2	1.64018691588	norm	6
G	-25	1	2	0.333333333333	raw	6
G	-25	1	2	1.78625954198	norm	6
A	-25	1	1	0.166666666667	raw	6
A	-25	1	1	0.561300639658	norm	6
T	-25	1	1	0.166666666667	raw	6
T	-25	1	1	0.532086912583	norm	6
T	-24	1	4	0.666666666667	raw	6
T	-24	1	4	2.12834765033	norm	6
A	-24	1	1	0.166666666667	raw	6
A	-24	1	1	0.561300639658	norm	6
G	-24	1	1	0.166666666667	raw	6
G	-24	1	1	0.893129770991	norm	6
T	-23	1	3	0.5	raw	6
T	-23	1	3	1.59626073775	norm	6
A	-23	1	2	0.333333333333	raw	6
A	-23	1	2	1.12260127932	norm	6
G	-23	1	1	0.166666666667	raw	6
G	-23	1	1	0.893129770991	norm	6
C	-22	1	3	0.5	raw	6
C	-22	1	3	2.46028037383	norm	6
T	-22	1	2	0.333333333333	raw	6
T	-22	1	2	1.06417382517	norm	6
G	-22	1	1	0.166666666667	raw	6
G	-22	1	1	0.893129770991	norm	6
T	-21	1	4	0.666666666667	raw	6
T	-21	1	4	2.12834765033	norm	6
A	-21	1	1	0.166666666667	raw	6
A	-21	1	1	0.561300639658	norm	6
G	-21	1	1	0.166666666667	raw	6
G	-21	1	1	0.893129770991	norm	6
T	-20	1	4	0.666666666667	raw	6
T	-20	1	4	2.12834765033	norm	6
C	-20	1	1	0.166666666667	raw	6
C	-20	1	1	0.820093457942	norm	6
G	-20	1	1	0.166666666667	raw	6
G	-20	1	1	0.893129770991	norm	6
T	-19	1	3	0.5	raw	6
T	-19	1	3	1.59626073775	norm	6
G	-19	1	2	0.333333333333	raw	6
G	-19	1	2	1.78625954198	norm	6
C	-19	1	1	0.166666666667	raw	6
C	-19	1	1	0.820093457942	norm	6
A	-18	1	3	0.5	raw	6
A	-18	1	3	1.68390191897	norm	6
T	-18	1	2	0.333333333333	raw	6
T	-18	1	2	1.06417382517	norm	6
G	-18	1	1	0.166666666667	raw	6
G	-18	1	1	0.893129770991	norm	6
A	-17	1	2	0.333333333333	raw	6
A	-17	1	2	1.12260127932	norm	6
C	-17	1	2	0.333333333333	raw	6
C	-17	1	2	1.64018691588	norm	6
T	-17	1	2	0.333333333333	raw	6
T	-17	1	2	1.06417382517	norm	6
A	-16	1	3	0.5	raw	6
A	-16	1	3	1.68390191897	norm	6
T	-16	1	2	0.333333333333	raw	6
T	-16	1	2	1.06417382517	norm	6
C	-16	1	1	0.166666666667	raw	6
C	-16	1	1	0.820093457942	norm	6
T	-15	1	3	0.5	raw	6
T	-15	1	3	1.59626073775	norm	6
A	-15	1	1	0.166666666667	raw	6
A	-15	1	1	0.561300639658	norm	6
C	-15	1	1	0.166666666667	raw	6
C	-15	1	1	0.820093457942	norm	6
G	-15	1	1	0.166666666667	raw	6
G	-15	1	1	0.893129770991	norm	6
C	-14	1	3	0.5	raw	6
C	-14	1	3	2.46028037383	norm	6
G	-14	1	2	0.333333333333	raw	6
G	-14	1	2	1.78625954198	norm	6
A	-14	1	1	0.166666666667	raw	6
A	-14	1	1	0.561300639658	norm	6
C	-13	1	3	0.5	raw	6
C	-13	1	3	2.46028037383	norm	6
T	-13	1	3	0.5	raw	6
T	-13	1	3	1.59626073775	norm	6
A	-12	1	2	0.333333333333	raw	6
A	-12	1	2	1.12260127932	norm	6
T	-12	1	2	0.333333333333	raw	6
T	-12	1	2	1.06417382517	norm	6
G	-12	1	2	0.333333333333	raw	6
G	-12	1	2	1.78625954198	norm	6
T	-11	1	3	0.5	raw	6
T	-11	1	3	1.59626073775	norm	6
G	-11	1	2	0.333333333333	raw	6
G	-11	1	2	1.78625954198	norm	6
A	-11	1	1	0.166666666667	raw	6
A	-11	1	1	0.561300639658	norm	6
T	-10	1	3	0.5	raw	6
T	-10	1	3	1.59626073775	norm	6
G	-10	1	2	0.333333333333	raw	6
G	-10	1	2	1.78625954198	norm	6
A	-10	1	1	0.166666666667	raw	6
A	-10	1	1	0.561300639658	norm	6
T	-9	1	4	0.666666666667	raw	6
T	-9	1	4	2.12834765033	norm	6
A	-9	1	1	0.166666666667	raw	6
A	-9	1	1	0.561300639658	norm	6
G	-9	1	1	0.166666666667	raw	6
G	-9	1	1	0.893129770991	norm	6
A	-8	1	3	0.5	raw	6
A	-8	1	3	1.68390191897	norm	6
T	-8	1	2	0.333333333333	raw	6
T	-8	1	2	1.06417382517	norm	6
C	-8	1	1	0.166666666667	raw	6
C	-8	1	1	0.820093457942	norm	6
A	-7	1	2	0.333333333333	raw	6
A	-7	1	2	1.12260127932	norm	6
T	-7	1	2	0.333333333333	raw	6
T	-7	1	2	1.06417382517	norm	6
C	-7	1	1	0.166666666667	raw	6
C	-7	1	1	0.820093457942	norm	6
G	-7	1	1	0.166666666667	raw	6
G	-7	1	1	0.893129770991	norm	6
G	-6	1	3	0.5	raw	6
G	-6	1	3	2.67938931297	norm	6
A	-6	1	1	0.166666666667	raw	6
A	-6	1	1	0.561300639658	norm	6
C	-6	1	1	0.166666666667	raw	6
C	-6	1	1	0.820093457942	norm	6
T	-6	1	1	0.166666666667	raw	6
T	-6	1	1	0.532086912583	norm	6
A	-5	1	2	0.333333333333	raw	6
A	-5	1	2	1.12260127932	norm	6
G	-5	1	2	0.333333333333	raw	6
G	-5	1	2	1.78625954198	norm	6
C	-5	1	1	0.166666666667	raw	6
C	-5	1	1	0.820093457942	norm	6
T	-5	1	1	0.166666666667	raw	6
T	-5	1	1	0.532086912583	norm	6
A	-4	1	4	0.666666666667	raw	6
A	-4	1	4	2.24520255863	norm	6
C	-4	1	1	0.166666666667	raw	6
C	-4	1	1	0.820093457942	norm	6
G	-4	1	1	0.166666666667	raw	6
G	-4	1	1	0.893129770991	norm	6
G	-3	1	3	0.5	raw	6
G	-3	1	3	2.67938931297	norm	6
A	-3	1	1	0.166666666667	raw	6
A	-3	1	1	0.561300639658	norm	6
C	-3	1	1	0.166666666667	raw	6
C	-3	1	1	0.820093457942	norm	6
T	-3	1	1	0.166666666667	raw	6
T	-3	1	1	0.532086912583	norm	6
A	-2	1	3	0.5	raw	6
A	-2	1	3	1.68390191897	norm	6
G	-2	1	2	0.333333333333	raw	6
G	-2	1	2	1.78625954198	norm	6
T	-2	1	1	0.166666666667	raw	6
T	-2	1	1	0.532086912583	norm	6
A	-1	1	3	0.5	raw	6
A	-1	1	3	1.68390191897	norm	6
C	-1	1	1	0.166666666667	raw	6
C	-1	1	1	0.820093457942	norm	6
T	-1	1	1	0.166666666667	raw	6
T	-1	1	1	0.532086912583	norm	6
G	-1	1	1	0.166666666667	raw	6
G	-1	1	1	0.893129770991	norm	6
C	0	1	2	0.333333333333	raw	6
C	0	1	2	1.64018691588	norm	6
T	0	1	2	0.333333333333	raw	6
T	0	1	2	1.06417382517	norm	6
G	0	1	2	0.333333333333	raw	6
G	0	1	2	1.78625954198	norm	6
G	1	1	3	0.5	raw	6
G	1	1	3	2.67938931297	norm	6
A	1	1	1	0.166666666667	raw	6
A	1	1	1	0.561300639658	norm	6
C	1	1	1	0.166666666667	raw	6
C	1	1	1	0.820093457942	norm	6
T	1	1	1	0.166666666667	raw	6
T	1	1	1	0.532086912583	norm	6
A	2	1	4	0.666666666667	raw	6
A	2	1	4	2.24520255863	norm	6
C	2	1	1	0.166666666667	raw	6
C	2	1	1	0.820093457942	norm	6
G	2	1	1	0.166666666667	raw	6
G	2	1	1	0.893129770991	norm	6
A	3	1	4	0.666666666667	raw	6
A	3	1	4	2.24520255863	norm	6
T	3	1	1	0.166666666667	raw	6
T	3	1	1	0.532086912583	norm	6
G	3	1	1	0.166666666667	raw	6
G	3	1	1	0.893129770991	norm	6
C	4	1	2	0.333333333333	raw	6
C	4	1	2	1.64018691588	norm	6
T	4	1	2	0.333333333333	raw	6
T	4	1	2	1.06417382517	norm	6
A	4	1	1	0.166666666667	raw	6
A	4	1	1	0.561300639658	norm	6
G	4	1	1	0.166666666667	raw	6
G	4	1	1	0.893129770991	norm	6
A	5	1	2	0.333333333333	raw	6
A	5	1	2	1.12260127932	norm	6
C	5	1	2	0.333333333333	raw	6
C	5	1	2	1.64018691588	norm	6
T	5	1	1	0.166666666667	raw	6
T	5	1	1	0.532086912583	norm	6
G	5	1	1	0.166666666667	raw	6
G	5	1	1	0.893129770991	norm	6
A	6	1	5	0.833333333333	raw	6
A	6	1	5	2.80650319829	norm	6
C	6	1	1	0.166666666667	raw	6
C	6	1	1	0.820093457942	norm	6
A	7	1	4	0.666666666667	raw	6
A	7	1	4	2.24520255863	norm	6
C	7	1	1	0.166666666667	raw	6
C	7	1	1	0.820093457942	norm	6
T	7	1	1	0.166666666667	raw	6
T	7	1	1	0.532086912583	norm	6
A	8	1	3	0.5	raw	6
A	8	1	3	1.68390191897	norm	6
T	8	1	2	0.333333333333	raw	6
T	8	1	2	1.06417382517	norm	6
G	8	1	1	0.166666666667	raw	6
G	8	1	1	0.893129770991	norm	6
A	9	1	2	0.333333333333	raw	6
A	9	1	2	1.12260127932	norm	6
T	9	1	2	0.333333333333	raw	6
T	9	1	2	1.06417382517	norm	6
C	9	1	1	0.166666666667	raw	6
C	9	1	1	0.820093457942	norm	6
G	9	1	1	0.166666666667	raw	6
G	9	1	1	0.893129770991	norm	6
T	10	1	3	0.5	raw	6
T	10	1	3	1.59626073775	norm	6
A	10	1	2	0.333333333333	raw	6
A	10	1	2	1.12260127932	norm	6
C	10	1	1	0.166666666667	raw	6
C	10	1	1	0.820093457942	norm	6
A	11	1	4	0.666666666667	raw	6
A	11	1	4	2.24520255863	norm	6
C	11	1	1	0.166666666667	raw	6
C	11	1	1	0.820093457942	norm	6
G	11	1	1	0.166666666667	raw	6
G	11	1	1	0.893129770991	norm	6
T	12	1	3	0.5	raw	6
T	12	1	3	1.59626073775	norm	6
G	12	1	3	0.5	raw	6
G	12	1	3	2.67938931297	norm	6
A	13	1	2	0.333333333333	raw	6
A	13	1	2	1.12260127932	norm	6
T	13	1	2	0.333333333333	raw	6
T	13	1	2	1.06417382517	norm	6
C	13	1	1	0.166666666667	raw	6
C	13	1	1	0.820093457942	norm	6
G	13	1	1	0.166666666667	raw	6
G	13	1	1	0.893129770991	norm	6
A	14	1	3	0.5	raw	6
A	14	1	3	1.68390191897	norm	6
T	14	1	2	0.333333333333	raw	6
T	14	1	2	1.06417382517	norm	6
G	14	1	1	0.166666666667	raw	6
G	14	1	1	0.893129770991	norm	6
A	15	1	2	0.333333333333	raw	6
A	15	1	2	1.12260127932	norm	6
G	15	1	2	0.333333333333	raw	6
G	15	1	2	1.78625954198	norm	6
C	15	1	1	0.166666666667	raw	6
C	15	1	1	0.820093457942	norm	6
T	15	1	1	0.166666666667	raw	6
T	15	1	1	0.532086912583	norm	6
T	16	1	3	0.5	raw	6
T	16	1	3	1.59626073775	norm	6
G	16	1	2	0.333333333333	raw	6
G	16	1	2	1.78625954198	norm	6
A	16	1	1	0.166666666667	raw	6
A	16	1	1	0.561300639658	norm	6
T	17	1	4	0.666666666667	raw	6
T	17	1	4	2.12834765033	norm	6
C	17	1	2	0.333333333333	raw	6
C	17	1	2	1.64018691588	norm	6
A	18	1	2	0.333333333333	raw	6
A	18	1	2	1.12260127932	norm	6
T	18	1	2	0.333333333333	raw	6
T	18	1	2	1.06417382517	norm	6
C	18	1	1	0.166666666667	raw	6
C	18	1	1	0.820093457942	norm	6
G	18	1	1	0.166666666667	raw	6
G	18	1	1	0.893129770991	norm	6
A	19	1	4	0.666666666667	raw	6
A	19	1	4	2.24520255863	norm	6
T	19	1	2	0.333333333333	raw	6
T	19	1	2	1.06417382517	norm	6
A	20	1	4	0.666666666667	raw	6
A	20	1	4	2.24520255863	norm	6
C	20	1	1	0.166666666667	raw	6
C	20	1	1	0.820093457942	norm	6
T	20	1	1	0.166666666667	raw	6
T	20	1	1	0.532086912583	norm	6
A	21	1	2	0.333333333333	raw	6
A	21	1	2	1.12260127932	norm	6
T	21	1	2	0.333333333333	raw	6
T	21	1	2	1.06417382517	norm	6
G	21	1	2	0.333333333333	raw	6
G	21	1	2	1.78625954198	norm	6
T	22	1	3	0.5	raw	6
T	22	1	3	1.59626073775	norm	6
G	22	1	2	0.333333333333	raw	6
G	22	1	2	1.78625954198	norm	6
C	22	1	1	0.166666666667	raw	6
C	22	1	1	0.820093457942	norm	6
A	23	1	2	0.333333333333	raw	6
A	23	1	2	1.12260127932	norm	6
C	23	1	2	0.333333333333	raw	6
C	23	1	2	1.64018691588	norm	6
G	23	1	2	0.333333333333	raw	6
G	23	1	2	1.78625954198	norm	6
T	24	1	3	0.5	raw	6
T	24	1	3	1.59626073775	norm	6
C	24	1	2	0.333333333333	raw	6
C	24	1	2	1.64018691588	norm	6
A	24	1	1	0.166666666667	raw	6
A	24	1	1	0.561300639658	norm	6
G	25	1	4	0.666666666667	raw	6
G	25	1	4	3.57251908396	norm	6
T	25	1	2	0.333333333333	raw	6
T	25	1	2	1.06417382517	norm	6
A	26	1	2	0.333333333333	raw	6
A	26	1	2	1.12260127932	norm	6
C	26	1	2	0.333333333333	raw	6
C	26	1	2	1.64018691588	norm	6
T	26	1	2	0.333333333333	raw	6
T	26	1	2	1.06417382517	norm	6
A	27	1	2	0.333333333333	raw	6
A	27	1	2	1.12260127932	norm	6
T	27	1	2	0.333333333333	raw	6
T	27	1	2	1.06417382517	norm	6
C	27	1	1	0.166666666667	raw	6
C	27	1	1	0.820093457942	norm	6
G	27	1	1	0.166666666667	raw	6
G	27	1	1	0.893129770991	norm	6
A	28	1	2	0.333333333333	raw	6
A	28	1	2	1.12260127932	norm	6
C	28	1	2	0.333333333333	raw	6
C	28	1	2	1.64018691588	norm	6
T	28	1	1	0.166666666667	raw	6
T	28	1	1	0.532086912583	norm	6
G	28	1	1	0.166666666667	raw	6
G	28	1	1	0.893129770991	norm	6
C	29	1	3	0.5	raw	6
C	29	1	3	2.46028037383	norm	6
G	29	1	2	0.333333333333	raw	6
G	29	1	2	1.78625954198	norm	6
A	29	1	1	0.166666666667	raw	6
A	29	1	1	0.561300639658	norm	6
C	30	1	2	0.333333333333	raw	6
C	30	1	2	1.64018691588	norm	6
G	30	1	2	0.333333333333	raw	6
G	30	1	2	1.78625954198	norm	6
A	30	1	1	0.166666666667	raw	6
A	30	1	1	0.561300639658	norm	6
T	30	1	1	0.166666666667	raw	6
T	30	1	1	0.532086912583	norm	6
T	31	1	3	0.5	raw	6
T	31	1	3	1.59626073775	norm	6
A	31	1	1	0.166666666667	raw	6
A	31	1	1	0.561300639658	norm	6
C	31	1	1	0.166666666667	raw	6
C	31	1	1	0.820093457942	norm	6
G	31	1	1	0.166666666667	raw	6
G	31	1	1	0.893129770991	norm	6
C	32	1	3	0.5	raw	6
C	32	1	3	2.46028037383	norm	6
T	32	1	2	0.333333333333	raw	6
T	32	1	2	1.06417382517	norm	6
A	32	1	1	0.166666666667	raw	6
A	32	1	1	0.561300639658	norm	6
A	33	1	3	0.5	raw	6
A	33	1	3	1.68390191897	norm	6
G	33	1	2	0.333333333333	raw	6
G	33	1	2	1.78625954198	norm	6
C	33	1	1	0.166666666667	raw	6
C	33	1	1	0.820093457942	norm	6
A	34	1	4	0.666666666667	raw	6
A	34	1	4	2.24520255863	norm	6
C	34	1	1	0.166666666667	raw	6
C	34	1	1	0.820093457942	norm	6
T	34	1	1	0.166666666667	raw	6
T	34	1	1	0.532086912583	norm	6
A	35	1	4	0.666666666667	raw	6
A	35	1	4	2.24520255863	norm	6
C	35	1	1	0.166666666667	raw	6
C	35	1	1	0.820093457942	norm	6
T	35	1	1	0.166666666667	raw	6
T	35	1	1	0.532086912583	norm	6
T	36	1	2	0.333333333333	raw	6
T	36	1	2	1.06417382517	norm	6
G	36	1	2	0.333333333333	raw	6
G	36	1	2	1.78625954198	norm	6
A	36	1	1	0.166666666667	raw	6
A	36	1	1	0.561300639658	norm	6
C	36	1	1	0.166666666667	raw	6
C	36	1	1	0.820093457942	norm	6
T	37	1	3	0.5	raw	6
T	37	1	3	1.59626073775	norm	6
G	37	1	2	0.333333333333	raw	6
G	37	1	2	1.78625954198	norm	6
C	37	1	1	0.166666666667	raw	6
C	37	1	1	0.820093457942	norm	6
A	38	1	4	0.666666666667	raw	6
A	38	1	4	2.24520255863	norm	6
T	38	1	1	0.166666666667	raw	6
T	38	1	1	0.532086912583	norm	6
G	38	1	1	0.166666666667	raw	6
G	38	1	1	0.893129770991	norm	6
A	39	1	3	0.5	raw	6
A	39	1	3	1.68390191897	norm	6
T	39	1	3	0.5	raw	6
T	39	1	3	1.59626073775	norm	6
A	40	1	4	0.666666666667	raw	6
A	40	1	4	2.24520255863	norm	6
T	40	1	2	0.333333333333	raw	6
T	40	1	2	1.06417382517	norm	6
A	41	1	3	0.5	raw	6
A	41	1	3	1.68390191897	norm	6
T	41	1	2	0.333333333333	raw	6
T	41	1	2	1.06417382517	norm	6
C	41	1	1	0.166666666667	raw	6
C	41	1	1	0.820093457942	norm	6
A	42	1	2	0.333333333333	raw	6
A	42	1	2	1.12260127932	norm	6
T	42	1	2	0.333333333333	raw	6
T	42	1	2	1.06417382517	norm	6
C	42	1	1	0.166666666667	raw	6
C	42	1	1	0.820093457942	norm	6
G	42	1	1	0.166666666667	raw	6
G	42	1	1	0.893129770991	norm	6
A	43	1	3	0.5	raw	6
A	43	1	3	1.68390191897	norm	6
C	43	1	1	0.166666666667	raw	6
C	43	1	1	0.820093457942	norm	6
T	43	1	1	0.166666666667	raw	6
T	43	1	1	0.532086912583	norm	6
G	43	1	1	0.166666666667	raw	6
G	43	1	1	0.893129770991	norm	6
C	44	1	2	0.333333333333	raw	6
C	44	1	2	1.64018691588	norm	6
G	44	1	2	0.333333333333	raw	6
G	44	1	2	1.78625954198	norm	6
A	44	1	1	0.166666666667	raw	6
A	44	1	1	0.561300639658	norm	6
T	44	1	1	0.166666666667	raw	6
T	44	1	1	0.532086912583	norm	6
G	45	1	3	0.5	raw	6
G	45	1	3	2.67938931297	norm	6
T	45	1	2	0.333333333333	raw	6
T	45	1	2	1.06417382517	norm	6
A	45	1	1	0.166666666667	raw	6
A	45	1	1	0.561300639658	norm	6
C	46	1	2	0.333333333333	raw	6
C	46	1	2	1.64018691588	norm	6
T	46	1	2	0.333333333333	raw	6
T	46	1	2	1.06417382517	norm	6
G	46	1	2	0.333333333333	raw	6
G	46	1	2	1.78625954198	norm	6
A	47	1	3	0.5	raw	6
A	47	1	3	1.68390191897	norm	6
T	47	1	3	0.5	raw	6
T	47	1	3	1.59626073775	norm	6
A	48	1	3	0.5	raw	6
A	48	1	3	1.68390191897	norm	6
C	48	1	2	0.333333333333	raw	6
C	48	1	2	1.64018691588	norm	6
G	48	1	1	0.166666666667	raw	6
G	48	1	1	0.893129770991	norm	6
A	49	1	2	0.333333333333	raw	6
A	49	1	2	1.12260127932	norm	6
T	49	1	2	0.333333333333	raw	6
T	49	1	2	1.06417382517	norm	6
C	49	1	1	0.166666666667	raw	6
C	49	1	1	0.820093457942	norm	6
G	49	1	1	0.166666666667	raw	6
G	49	1	1	0.893129770991	norm	6
T	50	1	3	0.5	raw	6
T	50	1	3	1.59626073775	norm	6
A	50	1	1	0.166666666667	raw	6
A	50	1	1	0.561300639658	norm	6
C	50	1	1	0.166666666667	raw	6
C	50	1	1	0.820093457942	norm	6
G	50	1	1	0.166666666667	raw	6
G	50	1	1	0.893129770991	norm	6
A	51	1	4	0.666666666667	raw	6
A	51	1	4	2.24520255863	norm	6
T	51	1	1	0.166666666667	raw	6
T	51	1	1	0.532086912583	norm	6
G	51	1	1	0.166666666667	raw	6
G	51	1	1	0.893129770991	norm	6
A	52	1	2	0.333333333333	raw	6
A	52	1	2	1.12260127932	norm	6
C	52	1	2	0.333333333333	raw	6
C	52	1	2	1.64018691588	norm	6
T	52	1	1	0.166666666667	raw	6
T	52	1	1	0.532086912583	norm	6
G	52	1	1	0.166666666667	raw	6
G	52	1	1	0.893129770991	norm	6
A	53	1	3	0.5	raw	6
A	53	1	3	1.68390191897	norm	6
G	53	1	3	0.5	raw	6
G	53	1	3	2.67938931297	norm	6
C	54	1	4	0.666666666667	raw	6
C	54	1	4	3.28037383177	norm	6
A	54	1	1	0.166666666667	raw	6
A	54	1	1	0.561300639658	norm	6
G	54	1	1	0.166666666667	raw	6
G	54	1	1	0.893129770991	norm	6
T	55	1	3	0.5	raw	6
T	55	1	3	1.59626073775	norm	6
A	55	1	1	0.166666666667	raw	6
A	55	1	1	0.561300639658	norm	6
C	55	1	1	0.166666666667	raw	6
C	55	1	1	0.820093457942	norm	6
G	55	1	1	0.166666666667	raw	6
G	55	1	1	0.893129770991	norm	6
C	56	1	2	0.333333333333	raw	6
C	56	1	2	1.64018691588	norm	6
T	56	1	2	0.333333333333	raw	6
T	56	1	2	1.06417382517	norm	6
G	56	1	2	0.333333333333	raw	6
G	56	1	2	1.78625954198	norm	6
G	57	1	4	0.666666666667	raw	6
G	57	1	4	3.57251908396	norm	6
T	57	1	2	0.333333333333	raw	6
T	57	1	2	1.06417382517	norm	6
T	58	1	3	0.5	raw	6
T	58	1	3	1.59626073775	norm	6
G	58	1	2	0.333333333333	raw	6
G	58	1	2	1.78625954198	norm	6
A	58	1	1	0.166666666667	raw	6
A	58	1	1	0.561300639658	norm	6
T	59	1	3	0.5	raw	6
T	59	1	3	1.59626073775	norm	6
G	59	1	2	0.333333333333	raw	6
G	59	1	2	1.78625954198	norm	6
C	59	1	1	0.166666666667	raw	6
C	59	1	1	0.820093457942	norm	6
T	60	1	5	0.833333333333	raw	6
T	60	1	5	2.66043456291	norm	6
A	60	1	1	0.166666666667	raw	6
A	60	1	1	0.561300639658	norm	6
A	61	1	3	0.5	raw	6
A	61	1	3	1.68390191897	norm	6
T	61	1	2	0.333333333333	raw	6
T	61	1	2	1.06417382517	norm	6
G	61	1	1	0.166666666667	raw	6
G	61	1	1	0.893129770991	norm	6
C	62	1	2	0.333333333333	raw	6
C	62	1	2	1.64018691588	norm	6
T	62	1	2	0.333333333333	raw	6
T	62	1	2	1.06417382517	norm	6
A	62	1	1	0.166666666667	raw	6
A	62	1	1	0.561300639658	norm	6
G	62	1	1	0.166666666667	raw	6
G	62	1	1	0.893129770991	norm	6
T	63	1	3	0.5	raw	6
T	63	1	3	1.59626073775	norm	6
G	63	1	2	0.333333333333	raw	6
G	63	1	2	1.78625954198	norm	6
A	63	1	1	0.166666666667	raw	6
A	63	1	1	0.561300639658	norm	6
A	64	1	3	0.5	raw	6
A	64	1	3	1.68390191897	norm	6
T	64	1	2	0.333333333333	raw	6
T	64	1	2	1.06417382517	norm	6
C	64	1	1	0.166666666667	raw	6
C	64	1	1	0.820093457942	norm	6
A	65	1	2	0.333333333333	raw	6
A	65	1	2	1.12260127932	norm	6
T	65	1	2	0.333333333333	raw	6
T	65	1	2	1.06417382517	norm	6
C	65	1	1	0.166666666667	raw	6
C	65	1	1	0.820093457942	norm	6
G	65	1	1	0.166666666667	raw	6
G	65	1	1	0.893129770991	norm	6
A	66	1	2	0.333333333333	raw	6
A	66	1	2	1.12260127932	norm	6
T	66	1	2	0.333333333333	raw	6
T	66	1	2	1.06417382517	norm	6
G	66	1	2	0.333333333333	raw	6
G	66	1	2	1.78625954198	norm	6
G	67	1	3	0.5	raw	6
G	67	1	3	2.67938931297	norm	6
A	67	1	2	0.333333333333	raw	6
A	67	1	2	1.12260127932	norm	6
T	67	1	1	0.166666666667	raw	6
T	67	1	1	0.532086912583	norm	6
A	68	1	3	0.5	raw	6
A	68	1	3	1.68390191897	norm	6
T	68	1	3	0.5	raw	6
T	68	1	3	1.59626073775	norm	6
T	69	1	3	0.5	raw	6
T	69	1	3	1.59626073775	norm	6
G	69	1	2	0.333333333333	raw	6
G	69	1	2	1.78625954198	norm	6
A	69	1	1	0.166666666667	raw	6
A	69	1	1	0.561300639658	norm	6
C	70	1	2	0.333333333333	raw	6
C	70	1	2	1.64018691588	norm	6
G	70	1	2	0.333333333333	raw	6
G	70	1	2	1.78625954198	norm	6
A	70	1	1	0.166666666667	raw	6
A	70	1	1	0.561300639658	norm	6
T	70	1	1	0.166666666667	raw	6
T	70	1	1	0.532086912583	norm	6
A	71	1	5	0.833333333333	raw	6
A	71	1	5	2.80650319829	norm	6
G	71	1	1	0.166666666667	raw	6
G	71	1	1	0.893129770991	norm	6
A	72	1	2	0.333333333333	raw	6
A	72	1	2	1.12260127932	norm	6
G	72	1	2	0.333333333333	raw	6
G	72	1	2	1.78625954198	norm	6
C	72	1	1	0.166666666667	raw	6
C	72	1	1	0.820093457942	norm	6
T	72	1	1	0.166666666667	raw	6
T	72	1	1	0.532086912583	norm	6
G	73	1	3	0.5	raw	6
G	73	1	3	2.67938931297	norm	6
T	73	1	2	0.333333333333	raw	6
T	73	1	2	1.06417382517	norm	6
A	73	1	1	0.166666666667	raw	6
A	73	1	1	0.561300639658	norm	6
T	74	1	3	0.5	raw	6
T	74	1	3	1.59626073775	norm	6
A	74	1	1	0.166666666667	raw	6
A	74	1	1	0.561300639658	norm	6
C	74	1	1	0.166666666667	raw	6
C	74	1	1	0.820093457942	norm	6
G	74	1	1	0.166666666667	raw	6
G	74	1	1	0.893129770991	norm	6
T	75	1	3	0.5	raw	6
T	75	1	3	1.59626073775	norm	6
G	75	1	2	0.333333333333	raw	6
G	75	1	2	1.78625954198	norm	6
C	75	1	1	0.166666666667	raw	6
C	75	1	1	0.820093457942	norm	6
A	76	1	3	0.5	raw	6
A	76	1	3	1.68390191897	norm	6
T	76	1	2	0.333333333333	raw	6
T	76	1	2	1.06417382517	norm	6
G	76	1	1	0.166666666667	raw	6
G	76	1	1	0.893129770991	norm	6
A	77	1	3	0.5	raw	6
A	77	1	3	1.68390191897	norm	6
G	77	1	2	0.333333333333	raw	6
G	77	1	2	1.78625954198	norm	6
T	77	1	1	0.166666666667	raw	6
T	77	1	1	0.532086912583	norm	6
T	78	1	3	0.5	raw	6
T	78	1	3	1.59626073775	norm	6
A	78	1	2	0.333333333333	raw	6
A	78	1	2	1.12260127932	norm	6
G	78	1	1	0.166666666667	raw	6
G	78	1	1	0.893129770991	norm	6
C	79	1	2	0.333333333333	raw	6
C	79	1	2	1.64018691588	norm	6
T	79	1	2	0.333333333333	raw	6
T	79	1	2	1.06417382517	norm	6
G	79	1	2	0.333333333333	raw	6
G	79	1	2	1.78625954198	norm	6
A	80	1	2	0.333333333333	raw	6
A	80	1	2	1.12260127932	norm	6
T	80	1	2	0.333333333333	raw	6
T	80	1	2	1.06417382517	norm	6
C	80	1	1	0.166666666667	raw	6
C	80	1	1	0.820093457942	norm	6
G	80	1	1	0.166666666667	raw	6
G	80	1	1	0.893129770991	norm	6
A	81	1	2	0.333333333333	raw	6
A	81	1	2	1.12260127932	norm	6
C	81	1	2	0.333333333333	raw	6
C	81	1	2	1.64018691588	norm	6
T	81	1	1	0.166666666667	raw	6
T	81	1	1	0.532086912583	norm	6
G	81	1	1	0.166666666667	raw	6
G	81	1	1	0.893129770991	norm	6
A	82	1	2	0.333333333333	raw	6
A	82	1	2	1.12260127932	norm	6
T	82	1	2	0.333333333333	raw	6
T	82	1	2	1.06417382517	norm	6
C	82	1	1	0.166666666667	raw	6
C	82	1	1	0.820093457942	norm	6
G	82	1	1	0.166666666667	raw	6
G	82	1	1	0.893129770991	norm	6
A	83	1	5	0.833333333333	raw	6
A	83	1	5	2.80650319829	norm	6
T	83	1	1	0.166666666667	raw	6
T	83	1	1	0.532086912583	norm	6
A	84	1	2	0.333333333333	raw	6
A	84	1	2	1.12260127932	norm	6
T	84	1	2	0.333333333333	raw	6
T	84	1	2	1.06417382517	norm	6
C	84	1	1	0.166666666667	raw	6
C	84	1	1	0.820093457942	norm	6
G	84	1	1	0.166666666667	raw	6
G	84	1	1	0.893129770991	norm	6
A	85	1	3	0.5	raw	6
A	85	1	3	1.68390191897	norm	6
G	85	1	3	0.5	raw	6
G	85	1	3	2.67938931297	norm	6
A	86	1	5	0.833333333333	raw	6
A	86	1	5	2.80650319829	norm	6
C	86	1	1	0.166666666667	raw	6
C	86	1	1	0.820093457942	norm	6
C	87	1	3	0.5	raw	6
C	87	1	3	2.46028037383	norm	6
A	87	1	2	0.333333333333	raw	6
A	87	1	2	1.12260127932	norm	6
T	87	1	1	0.166666666667	raw	6
T	87	1	1	0.532086912583	norm	6
A	88	1	3	0.5	raw	6
A	88	1	3	1.68390191897	norm	6
C	88	1	2	0.333333333333	raw	6
C	88	1	2	1.64018691588	norm	6
T	88	1	1	0.166666666667	raw	6
T	88	1	1	0.532086912583	norm	6
A	89	1	3	0.5	raw	6
A	89	1	3	1.68390191897	norm	6
T	89	1	2	0.333333333333	raw	6
T	89	1	2	1.06417382517	norm	6
C	89	1	1	0.166666666667	raw	6
C	89	1	1	0.820093457942	norm	6
T	90	1	3	0.5	raw	6
T	90	1	3	1.59626073775	norm	6
G	90	1	2	0.333333333333	raw	6
G	90	1	2	1.78625954198	norm	6
A	90	1	1	0.166666666667	raw	6
A	90	1	1	0.561300639658	norm	6
C	91	1	3	0.5	raw	6
C	91	1	3	2.46028037383	norm	6
A	91	1	1	0.166666666667	raw	6
A	91	1	1	0.561300639658	norm	6
T	91	1	1	0.166666666667	raw	6
T	91	1	1	0.532086912583	norm	6
G	91	1	1	0.166666666667	raw	6
G	91	1	1	0.893129770991	norm	6
A	92	1	3	0.5	raw	6
A	92	1	3	1.68390191897	norm	6
C	92	1	2	0.333333333333	raw	6
C	92	1	2	1.64018691588	norm	6
G	92	1	1	0.166666666667	raw	6
G	92	1	1	0.893129770991	norm	6
T	93	1	3	0.5	raw	6
T	93	1	3	1.59626073775	norm	6
A	93	1	1	0.166666666667	raw	6
A	93	1	1	0.561300639658	norm	6
C	93	1	1	0.166666666667	raw	6
C	93	1	1	0.820093457942	norm	6
G	93	1	1	0.166666666667	raw	6
G	93	1	1	0.893129770991	norm	6
A	94	1	3	0.5	raw	6
A	94	1	3	1.68390191897	norm	6
C	94	1	2	0.333333333333	raw	6
C	94	1	2	1.64018691588	norm	6
T	94	1	1	0.166666666667	raw	6
T	94	1	1	0.532086912583	norm	6
A	95	1	4	0.666666666667	raw	6
A	95	1	4	2.24520255863	norm	6
T	95	1	2	0.333333333333	raw	6
T	95	1	2	1.06417382517	norm	6
A	96	1	3	0.5	raw	6
A	96	1	3	1.68390191897	norm	6
T	96	1	2	0.333333333333	raw	6
T	96	1	2	1.06417382517	norm	6
C	96	1	1	0.166666666667	raw	6
C	96	1	1	0.820093457942	norm	6
A	97	1	3	0.5	raw	6
A	97	1	3	1.68390191897	norm	6
T	97	1	2	0.333333333333	raw	6
T	97	1	2	1.06417382517	norm	6
G	97	1	1	0.166666666667	raw	6
G	97	1	1	0.893129770991	norm	6
A	98	1	4	0.666666666667	raw	6
A	98	1	4	2.24520255863	norm	6
C	98	1	1	0.166666666667	raw	6
C	98	1	1	0.820093457942	norm	6
G	98	1	1	0.166666666667	raw	6
G	98	1	1	0.893129770991	norm	6
A	99	1	4	0.666666666667	raw	6
A	99	1	4	2.24520255863	norm	6
G	99	1	2	0.333333333333	raw	6
G	99	1	2	1.78625954198	norm	6
C	100	1	2	0.333333333333	raw	6
C	100	1	2	1.64018691588	norm	6
T	100	1	2	0.333333333333	raw	6
T	100	1	2	1.06417382517	norm	6
A	100	1	1	0.166666666667	raw	6
A	100	1	1	0.561300639658	norm	6
G	100	1	1	0.166666666667	raw	6
G	100	1	1	0.893129770991	norm	6
