#nuc	offset	region.size	count	freq	norm.freq	total.sites
T	-100	1	4040	0.41826276012	raw	3679
T	-100	1	4040	1.02702700236	norm	3679
A	-100	1	3800	0.39341546744	raw	3679
A	-100	1	3800	0.933030644517	norm	3679
C	-100	1	1004	0.103944507713	raw	3679
C	-100	1	1004	1.2991776085	norm	3679
G	-100	1	815	0.0843772647272	raw	3679
G	-100	1	815	0.92637877781	norm	3679
T	-99	1	3979	0.411947406564	raw	3679
T	-99	1	3979	1.01151991148	norm	3679
A	-99	1	3719	0.38502950616	raw	3679
A	-99	1	3719	0.913142359726	norm	3679
C	-99	1	1011	0.104669220416	raw	3679
C	-99	1	1011	1.30823561971	norm	3679
G	-99	1	950	0.0983538668599	raw	3679
G	-99	1	950	1.07982802321	norm	3679
T	-98	1	4118	0.426338130241	raw	3679
T	-98	1	4118	1.04685574151	norm	3679
A	-98	1	3713	0.384408323843	raw	3679
A	-98	1	3713	0.911669153445	norm	3679
C	-98	1	1037	0.107361010457	raw	3679
C	-98	1	1037	1.34187966137	norm	3679
G	-98	1	791	0.0818925354592	raw	3679
G	-98	1	791	0.899098911961	norm	3679
T	-97	1	4050	0.419298063982	raw	3679
T	-97	1	4050	1.0295691484	norm	3679
A	-97	1	3880	0.401697898333	raw	3679
A	-97	1	3880	0.952673394928	norm	3679
C	-97	1	972	0.100631535356	raw	3679
C	-97	1	972	1.25776955723	norm	3679
G	-97	1	757	0.0783725023294	raw	3679
G	-97	1	757	0.86045243534	norm	3679
T	-96	1	4110	0.425509887152	raw	3679
T	-96	1	4110	1.04482202467	norm	3679
A	-96	1	3782	0.391551920489	raw	3679
A	-96	1	3782	0.928611025674	norm	3679
C	-96	1	945	0.0978362149291	raw	3679
C	-96	1	945	1.22283151397	norm	3679
G	-96	1	822	0.0851019774304	raw	3679
G	-96	1	822	0.93433540535	norm	3679
A	-95	1	4088	0.423232218656	raw	3679
A	-95	1	4088	1.003744546	norm	3679
T	-95	1	3958	0.409773268454	raw	3679
T	-95	1	3958	1.00618140478	norm	3679
C	-95	1	854	0.0884149497878	raw	3679
C	-95	1	854	1.10507736818	norm	3679
G	-95	1	759	0.0785795631018	raw	3679
G	-95	1	759	0.862725757494	norm	3679
A	-94	1	4084	0.422818097112	raw	3679
A	-94	1	4084	1.00276240848	norm	3679
T	-94	1	3848	0.398384925976	raw	3679
T	-94	1	3848	0.978217798284	norm	3679
C	-94	1	974	0.100838596128	raw	3679
C	-94	1	974	1.26035756043	norm	3679
G	-94	1	753	0.0779583807848	raw	3679
G	-94	1	753	0.855905791032	norm	3679
A	-93	1	3905	0.404286157987	raw	3679
A	-93	1	3905	0.958811754431	norm	3679
T	-93	1	3712	0.384304793457	raw	3679
T	-93	1	3712	0.943644612066	norm	3679
C	-93	1	1033	0.106946888912	raw	3679
C	-93	1	1033	1.33670365496	norm	3679
G	-93	1	1009	0.104462159644	raw	3679
G	-93	1	1009	1.14689102676	norm	3679
A	-92	1	4055	0.419815715913	raw	3679
A	-92	1	4055	0.995641911452	norm	3679
T	-92	1	3985	0.412568588881	raw	3679
T	-92	1	3985	1.01304519911	norm	3679
C	-92	1	814	0.084273734341	raw	3679
C	-92	1	814	1.0533173041	norm	3679
G	-92	1	805	0.0833419608655	raw	3679
G	-92	1	805	0.91501216704	norm	3679
T	-91	1	4094	0.423853400973	raw	3679
T	-91	1	4094	1.040754591	norm	3679
A	-91	1	3865	0.400144942541	raw	3679
A	-91	1	3865	0.948990379226	norm	3679
C	-91	1	911	0.0943161817994	raw	3679
C	-91	1	911	1.1788354595	norm	3679
G	-91	1	789	0.0816854746868	raw	3679
G	-91	1	789	0.896825589806	norm	3679
T	-90	1	3981	0.412154467336	raw	3679
T	-90	1	3981	1.01202834069	norm	3679
A	-90	1	3802	0.393622528212	raw	3679
A	-90	1	3802	0.933521713277	norm	3679
C	-90	1	955	0.0988715187908	raw	3679
C	-90	1	955	1.23577152999	norm	3679
G	-90	1	921	0.095351485661	raw	3679
G	-90	1	921	1.04686485198	norm	3679
A	-89	1	3963	0.410290920385	raw	3679
A	-89	1	3963	0.973052748479	norm	3679
T	-89	1	3880	0.401697898333	raw	3679
T	-89	1	3880	0.986352665629	norm	3679
G	-89	1	1042	0.107878662387	raw	3679
G	-89	1	1042	1.1844008423	norm	3679
C	-89	1	774	0.0801325188943	raw	3679
C	-89	1	774	1.00155724002	norm	3679
T	-88	1	4173	0.43203230148	raw	3679
T	-88	1	4173	1.06083754476	norm	3679
A	-88	1	3771	0.390413086241	raw	3679
A	-88	1	3771	0.925910147493	norm	3679
C	-88	1	862	0.0892431928771	raw	3679
C	-88	1	862	1.115429381	norm	3679
G	-88	1	853	0.0883114194016	raw	3679
G	-88	1	853	0.969571898739	norm	3679
A	-87	1	3903	0.404079097215	raw	3679
A	-87	1	3903	0.958320685671	norm	3679
T	-87	1	3846	0.398177865203	raw	3679
T	-87	1	3846	0.977709369075	norm	3679
C	-87	1	1025	0.106118645823	raw	3679
C	-87	1	1025	1.32635164214	norm	3679
G	-87	1	885	0.091624391759	raw	3679
G	-87	1	885	1.0059450532	norm	3679
T	-86	1	4156	0.430272284916	raw	3679
T	-86	1	4156	1.05651589648	norm	3679
A	-86	1	3862	0.399834351382	raw	3679
A	-86	1	3862	0.948253776085	norm	3679
C	-86	1	829	0.0858266901336	raw	3679
C	-86	1	829	1.07272732813	norm	3679
G	-86	1	812	0.0840666735687	raw	3679
G	-86	1	812	0.922968794579	norm	3679
T	-85	1	4143	0.428926389895	raw	3679
T	-85	1	4143	1.05321110662	norm	3679
A	-85	1	3721	0.385236566932	raw	3679
A	-85	1	3721	0.913633428486	norm	3679
C	-85	1	988	0.102288021534	raw	3679
C	-85	1	988	1.27847358286	norm	3679
G	-85	1	807	0.0835490216379	raw	3679
G	-85	1	807	0.917285489194	norm	3679
A	-84	1	3965	0.410497981157	raw	3679
A	-84	1	3965	0.973543817239	norm	3679
T	-84	1	3884	0.402112019878	raw	3679
T	-84	1	3884	0.987369524047	norm	3679
C	-84	1	995	0.103012734237	raw	3679
C	-84	1	995	1.28753159408	norm	3679
G	-84	1	815	0.0843772647272	raw	3679
G	-84	1	815	0.92637877781	norm	3679
T	-83	1	4170	0.431721710322	raw	3679
T	-83	1	4170	1.06007490095	norm	3679
A	-83	1	3780	0.391344859716	raw	3679
A	-83	1	3780	0.928119956914	norm	3679
C	-83	1	888	0.0919349829175	raw	3679
C	-83	1	888	1.14907342265	norm	3679
G	-83	1	821	0.0849984470442	raw	3679
G	-83	1	821	0.933198744273	norm	3679
T	-82	1	4056	0.419919246299	raw	3679
T	-82	1	4056	1.03109443603	norm	3679
A	-82	1	3798	0.393208406667	raw	3679
A	-82	1	3798	0.932539575757	norm	3679
C	-82	1	911	0.0943161817994	raw	3679
C	-82	1	911	1.1788354595	norm	3679
G	-82	1	894	0.0925561652345	raw	3679
G	-82	1	894	1.0161750029	norm	3679
T	-81	1	4040	0.41826276012	raw	3679
T	-81	1	4040	1.02702700236	norm	3679
A	-81	1	3775	0.390827207785	raw	3679
A	-81	1	3775	0.926892285013	norm	3679
G	-81	1	936	0.0969044414536	raw	3679
G	-81	1	936	1.06391476814	norm	3679
C	-81	1	908	0.0940055906409	raw	3679
C	-81	1	908	1.1749534547	norm	3679
T	-80	1	4028	0.417020395486	raw	3679
T	-80	1	4028	1.0239764271	norm	3679
A	-80	1	3821	0.395589605549	raw	3679
A	-80	1	3821	0.9381868665	norm	3679
G	-80	1	970	0.100424474583	raw	3679
G	-80	1	970	1.10256124476	norm	3679
C	-80	1	840	0.0869655243814	raw	3679
C	-80	1	840	1.08696134575	norm	3679
T	-79	1	4067	0.421058080547	raw	3679
T	-79	1	4067	1.03389079668	norm	3679
A	-79	1	3831	0.396624909411	raw	3679
A	-79	1	3831	0.940642210301	norm	3679
G	-79	1	890	0.0921420436898	raw	3679
G	-79	1	890	1.01162835859	norm	3679
C	-79	1	871	0.0901749663526	raw	3679
C	-79	1	871	1.12707539542	norm	3679
T	-78	1	4099	0.424371052904	raw	3679
T	-78	1	4099	1.04202566402	norm	3679
A	-78	1	3666	0.379542395693	raw	3679
A	-78	1	3666	0.900129037579	norm	3679
C	-78	1	954	0.0987679884046	raw	3679
C	-78	1	954	1.23447752839	norm	3679
G	-78	1	940	0.0973185629982	raw	3679
G	-78	1	940	1.06846141244	norm	3679
A	-77	1	3930	0.406874417642	raw	3679
A	-77	1	3930	0.964950113935	norm	3679
T	-77	1	3916	0.405424992235	raw	3679
T	-77	1	3916	0.995504391393	norm	3679
C	-77	1	931	0.0963867895227	raw	3679
C	-77	1	931	1.20471549154	norm	3679
G	-77	1	882	0.0913138006005	raw	3679
G	-77	1	882	1.00253506997	norm	3679
T	-76	1	4112	0.425716947924	raw	3679
T	-76	1	4112	1.04533045388	norm	3679
A	-76	1	3740	0.38720364427	raw	3679
A	-76	1	3740	0.918298581709	norm	3679
C	-76	1	913	0.0945232425717	raw	3679
C	-76	1	913	1.18142346271	norm	3679
G	-76	1	894	0.0925561652345	raw	3679
G	-76	1	894	1.0161750029	norm	3679
T	-75	1	4122	0.426752251786	raw	3679
T	-75	1	4122	1.04787259993	norm	3679
A	-75	1	3819	0.395382544777	raw	3679
A	-75	1	3819	0.937695797739	norm	3679
C	-75	1	876	0.0906926182835	raw	3679
C	-75	1	876	1.13354540343	norm	3679
G	-75	1	842	0.0871725851537	raw	3679
G	-75	1	842	0.957068626891	norm	3679
T	-74	1	4144	0.429029920282	raw	3679
T	-74	1	4144	1.05346532123	norm	3679
A	-74	1	3684	0.381405942644	raw	3679
A	-74	1	3684	0.904548656421	norm	3679
C	-74	1	986	0.102080960762	raw	3679
C	-74	1	986	1.27588557966	norm	3679
G	-74	1	845	0.0874831763122	raw	3679
G	-74	1	845	0.960478610122	norm	3679
T	-73	1	3909	0.404700279532	raw	3679
T	-73	1	3909	0.993724889161	norm	3679
A	-73	1	3891	0.402836732581	raw	3679
A	-73	1	3891	0.955374273109	norm	3679
G	-73	1	936	0.0969044414536	raw	3679
G	-73	1	936	1.06391476814	norm	3679
C	-73	1	923	0.0955585464334	raw	3679
C	-73	1	923	1.19436347873	norm	3679
T	-72	1	4053	0.41960865514	raw	3679
T	-72	1	4053	1.03033179222	norm	3679
A	-72	1	3699	0.382958898437	raw	3679
A	-72	1	3699	0.908231672123	norm	3679
G	-72	1	989	0.10239155192	raw	3679
G	-72	1	989	1.12415780522	norm	3679
C	-72	1	918	0.0950408945025	raw	3679
C	-72	1	918	1.18789347072	norm	3679
T	-71	1	4028	0.417020395486	raw	3679
T	-71	1	4028	1.0239764271	norm	3679
A	-71	1	3720	0.385133036546	raw	3679
A	-71	1	3720	0.913387894106	norm	3679
G	-71	1	1006	0.104151568485	raw	3679
G	-71	1	1006	1.14348104353	norm	3679
C	-71	1	905	0.0936949994823	raw	3679
C	-71	1	905	1.17107144989	norm	3679
T	-70	1	4134	0.42799461642	raw	3679
T	-70	1	4134	1.05092317518	norm	3679
A	-70	1	3870	0.400662594471	raw	3679
A	-70	1	3870	0.950218051126	norm	3679
C	-70	1	903	0.09348793871	raw	3679
C	-70	1	903	1.16848344669	norm	3679
G	-70	1	752	0.0778548503986	raw	3679
G	-70	1	752	0.854769129955	norm	3679
T	-69	1	3922	0.406046174552	raw	3679
T	-69	1	3922	0.99702967902	norm	3679
A	-69	1	3803	0.393726058598	raw	3679
A	-69	1	3803	0.933767247657	norm	3679
C	-69	1	997	0.10321979501	raw	3679
C	-69	1	997	1.29011959728	norm	3679
G	-69	1	937	0.0970079718397	raw	3679
G	-69	1	937	1.06505142921	norm	3679
A	-68	1	3894	0.40314732374	raw	3679
A	-68	1	3894	0.95611087625	norm	3679
T	-68	1	3828	0.396314318252	raw	3679
T	-68	1	3828	0.973133506193	norm	3679
G	-68	1	983	0.101770369603	raw	3679
G	-68	1	983	1.11733783876	norm	3679
C	-68	1	954	0.0987679884046	raw	3679
C	-68	1	954	1.23447752839	norm	3679
T	-67	1	4021	0.416295682783	raw	3679
T	-67	1	4021	1.02219692487	norm	3679
A	-67	1	3739	0.387100113883	raw	3679
A	-67	1	3739	0.918053047329	norm	3679
C	-67	1	1036	0.10725748007	raw	3679
C	-67	1	1036	1.34058565976	norm	3679
G	-67	1	863	0.0893467232633	raw	3679
G	-67	1	863	0.980938509509	norm	3679
T	-66	1	3902	0.403975566829	raw	3679
T	-66	1	3902	0.991945386929	norm	3679
A	-66	1	3840	0.397556682886	raw	3679
A	-66	1	3840	0.942852019722	norm	3679
G	-66	1	964	0.0998032922663	raw	3679
G	-66	1	964	1.09574127829	norm	3679
C	-66	1	953	0.0986644580184	raw	3679
C	-66	1	953	1.23318352679	norm	3679
A	-65	1	3838	0.397349622114	raw	3679
A	-65	1	3838	0.942360950962	norm	3679
T	-65	1	3803	0.393726058598	raw	3679
T	-65	1	3803	0.966778141079	norm	3679
G	-65	1	1062	0.109949270111	raw	3679
G	-65	1	1062	1.20713406385	norm	3679
C	-65	1	956	0.0989750491769	raw	3679
C	-65	1	956	1.2370655316	norm	3679
A	-64	1	4014	0.41557097008	raw	3679
A	-64	1	4014	0.985575001866	norm	3679
T	-64	1	3971	0.411119163474	raw	3679
T	-64	1	3971	1.00948619464	norm	3679
C	-64	1	910	0.0942126514132	raw	3679
C	-64	1	910	1.1775414579	norm	3679
G	-64	1	764	0.0790972150326	raw	3679
G	-64	1	764	0.86840906288	norm	3679
T	-63	1	3985	0.412568588881	raw	3679
T	-63	1	3985	1.01304519911	norm	3679
A	-63	1	3685	0.38150947303	raw	3679
A	-63	1	3685	0.904794190801	norm	3679
C	-63	1	1034	0.107050419298	raw	3679
C	-63	1	1034	1.33799765656	norm	3679
G	-63	1	955	0.0988715187908	raw	3679
G	-63	1	955	1.0855113286	norm	3679
T	-62	1	3821	0.395589605549	raw	3679
T	-62	1	3821	0.971354003961	norm	3679
A	-62	1	3815	0.394968423232	raw	3679
A	-62	1	3815	0.936713660219	norm	3679
C	-62	1	1072	0.110984573972	raw	3679
C	-62	1	1072	1.38716971744	norm	3679
G	-62	1	951	0.0984573972461	raw	3679
G	-62	1	951	1.08096468429	norm	3679
T	-61	1	3972	0.411222693861	raw	3679
T	-61	1	3972	1.00974040925	norm	3679
A	-61	1	3891	0.402836732581	raw	3679
A	-61	1	3891	0.955374273109	norm	3679
C	-61	1	1001	0.103633916555	raw	3679
C	-61	1	1001	1.29529560369	norm	3679
G	-61	1	795	0.0823066570038	raw	3679
G	-61	1	795	0.903645556269	norm	3679
T	-60	1	4030	0.417227456258	raw	3679
T	-60	1	4030	1.02448485631	norm	3679
A	-60	1	3629	0.375711771405	raw	3679
A	-60	1	3629	0.891044265514	norm	3679
C	-60	1	1047	0.108396314318	raw	3679
C	-60	1	1047	1.35481967739	norm	3679
G	-60	1	953	0.0986644580184	raw	3679
G	-60	1	953	1.08323800645	norm	3679
T	-59	1	3910	0.404803809918	raw	3679
T	-59	1	3910	0.993979103766	norm	3679
A	-59	1	3887	0.402422611036	raw	3679
A	-59	1	3887	0.954392135589	norm	3679
G	-59	1	934	0.0966973806812	raw	3679
G	-59	1	934	1.06164144598	norm	3679
C	-59	1	928	0.0960761983642	raw	3679
C	-59	1	928	1.20083348674	norm	3679
T	-58	1	4010	0.415156848535	raw	3679
T	-58	1	4010	1.01940056422	norm	3679
A	-58	1	3615	0.374262345999	raw	3679
A	-58	1	3615	0.887606784192	norm	3679
C	-58	1	1045	0.108189253546	raw	3679
C	-58	1	1045	1.35223167418	norm	3679
G	-58	1	989	0.10239155192	raw	3679
G	-58	1	989	1.12415780522	norm	3679
T	-57	1	3943	0.408220312662	raw	3679
T	-57	1	3943	1.00236818572	norm	3679
A	-57	1	3640	0.376850605653	raw	3679
A	-57	1	3640	0.893745143695	norm	3679
C	-57	1	1095	0.113365772854	raw	3679
C	-57	1	1095	1.41693175429	norm	3679
G	-57	1	981	0.101563308831	raw	3679
G	-57	1	981	1.1150645166	norm	3679
T	-56	1	3875	0.401180246402	raw	3679
T	-56	1	3875	0.985081592607	norm	3679
A	-56	1	3826	0.39610725748	raw	3679
A	-56	1	3826	0.9394145384	norm	3679
G	-56	1	999	0.103426855782	raw	3679
G	-56	1	999	1.13552441599	norm	3679
C	-56	1	959	0.0992856403354	raw	3679
C	-56	1	959	1.2409475364	norm	3679
T	-55	1	4054	0.419712185526	raw	3679
T	-55	1	4054	1.03058600682	norm	3679
A	-55	1	3738	0.386996583497	raw	3679
A	-55	1	3738	0.917807512948	norm	3679
C	-55	1	940	0.0973185629982	raw	3679
C	-55	1	940	1.21636150596	norm	3679
G	-55	1	927	0.0959726679781	raw	3679
G	-55	1	927	1.05368481844	norm	3679
T	-54	1	3980	0.41205093695	raw	3679
T	-54	1	3980	1.01177412608	norm	3679
A	-54	1	3753	0.38854953929	raw	3679
A	-54	1	3753	0.92149052865	norm	3679
G	-54	1	1000	0.103530386168	raw	3679
G	-54	1	1000	1.13666107707	norm	3679
C	-54	1	926	0.0958691375919	raw	3679
C	-54	1	926	1.19824548353	norm	3679
T	-53	1	3943	0.408220312662	raw	3679
T	-53	1	3943	1.00236818572	norm	3679
A	-53	1	3785	0.391862511647	raw	3679
A	-53	1	3785	0.929347628815	norm	3679
G	-53	1	1003	0.103840977327	raw	3679
G	-53	1	1003	1.1400710603	norm	3679
C	-53	1	928	0.0960761983642	raw	3679
C	-53	1	928	1.20083348674	norm	3679
T	-52	1	3944	0.408323843048	raw	3679
T	-52	1	3944	1.00262240032	norm	3679
A	-52	1	3811	0.394554301688	raw	3679
A	-52	1	3811	0.935731522698	norm	3679
C	-52	1	1015	0.105083341961	raw	3679
C	-52	1	1015	1.31341162612	norm	3679
G	-52	1	889	0.0920385133037	raw	3679
G	-52	1	889	1.01049169751	norm	3679
T	-51	1	3893	0.403043793353	raw	3679
T	-51	1	3893	0.989657455488	norm	3679
A	-51	1	3709	0.383994202298	raw	3679
A	-51	1	3709	0.910687015924	norm	3679
C	-51	1	1076	0.111398695517	raw	3679
C	-51	1	1076	1.39234572385	norm	3679
G	-51	1	981	0.101563308831	raw	3679
G	-51	1	981	1.1150645166	norm	3679
T	-50	1	3927	0.406563826483	raw	3679
T	-50	1	3927	0.998300752043	norm	3679
A	-50	1	3710	0.384097732685	raw	3679
A	-50	1	3710	0.910932550305	norm	3679
C	-50	1	1055	0.109224557408	raw	3679
C	-50	1	1055	1.3651716902	norm	3679
G	-50	1	967	0.100113883425	raw	3679
G	-50	1	967	1.09915126152	norm	3679
A	-49	1	3917	0.405528522621	raw	3679
A	-49	1	3917	0.961758166993	norm	3679
T	-49	1	3825	0.396003727094	raw	3679
T	-49	1	3825	0.972370862379	norm	3679
C	-49	1	1037	0.107361010457	raw	3679
C	-49	1	1037	1.34187966137	norm	3679
G	-49	1	880	0.0911067398281	raw	3679
G	-49	1	880	1.00026174782	norm	3679
T	-48	1	3931	0.406977948028	raw	3679
T	-48	1	3931	0.999317610461	norm	3679
A	-48	1	3684	0.381405942644	raw	3679
A	-48	1	3684	0.904548656421	norm	3679
C	-48	1	1120	0.115954032509	raw	3679
C	-48	1	1120	1.44928179434	norm	3679
G	-48	1	924	0.0956620768195	raw	3679
G	-48	1	924	1.05027483521	norm	3679
A	-47	1	3936	0.407495599959	raw	3679
A	-47	1	3936	0.966423320215	norm	3679
T	-47	1	3909	0.404700279532	raw	3679
T	-47	1	3909	0.993724889161	norm	3679
C	-47	1	949	0.0982503364738	raw	3679
C	-47	1	949	1.22800752038	norm	3679
G	-47	1	865	0.0895537840356	raw	3679
G	-47	1	865	0.983211831664	norm	3679
T	-46	1	4189	0.433688787659	raw	3679
T	-46	1	4189	1.06490497843	norm	3679
A	-46	1	3612	0.37395175484	raw	3679
A	-46	1	3612	0.886870181051	norm	3679
C	-46	1	954	0.0987679884046	raw	3679
C	-46	1	954	1.23447752839	norm	3679
G	-46	1	904	0.0935914690962	raw	3679
G	-46	1	904	1.02754161367	norm	3679
A	-45	1	3802	0.393622528212	raw	3679
A	-45	1	3802	0.933521713277	norm	3679
T	-45	1	3766	0.38989543431	raw	3679
T	-45	1	3766	0.957372200711	norm	3679
C	-45	1	1071	0.110881043586	raw	3679
C	-45	1	1071	1.38587571584	norm	3679
G	-45	1	1020	0.105600993892	raw	3679
G	-45	1	1020	1.15939429861	norm	3679
A	-44	1	3963	0.410290920385	raw	3679
A	-44	1	3963	0.973052748479	norm	3679
T	-44	1	3937	0.407599130345	raw	3679
T	-44	1	3937	1.00084289809	norm	3679
C	-44	1	930	0.0962832591366	raw	3679
C	-44	1	930	1.20342148994	norm	3679
G	-44	1	829	0.0858266901336	raw	3679
G	-44	1	829	0.942292032889	norm	3679
T	-43	1	3926	0.406460296097	raw	3679
T	-43	1	3926	0.998046537438	norm	3679
A	-43	1	3747	0.387928356973	raw	3679
A	-43	1	3747	0.92001732237	norm	3679
G	-43	1	1025	0.106118645823	raw	3679
G	-43	1	1025	1.16507760399	norm	3679
C	-43	1	961	0.0994927011078	raw	3679
C	-43	1	961	1.24353553961	norm	3679
T	-42	1	3907	0.40449321876	raw	3679
T	-42	1	3907	0.993216459952	norm	3679
A	-42	1	3704	0.383476550368	raw	3679
A	-42	1	3704	0.909459344024	norm	3679
C	-42	1	1051	0.108810435863	raw	3679
C	-42	1	1051	1.35999568379	norm	3679
G	-42	1	997	0.10321979501	raw	3679
G	-42	1	997	1.13325109384	norm	3679
T	-41	1	3939	0.407806191117	raw	3679
T	-41	1	3939	1.0013513273	norm	3679
A	-41	1	3869	0.400559064085	raw	3679
A	-41	1	3869	0.949972516746	norm	3679
C	-41	1	944	0.0977326845429	raw	3679
C	-41	1	944	1.22153751237	norm	3679
G	-41	1	907	0.0939020602547	raw	3679
G	-41	1	907	1.0309515969	norm	3679
A	-40	1	3877	0.401387307175	raw	3679
A	-40	1	3877	0.951936791787	norm	3679
T	-40	1	3843	0.397867274045	raw	3679
T	-40	1	3843	0.976946725261	norm	3679
C	-40	1	999	0.103426855782	raw	3679
C	-40	1	999	1.29270760049	norm	3679
G	-40	1	940	0.0973185629982	raw	3679
G	-40	1	940	1.06846141244	norm	3679
T	-39	1	3867	0.400352003313	raw	3679
T	-39	1	3867	0.98304787577	norm	3679
A	-39	1	3763	0.389584843151	raw	3679
A	-39	1	3763	0.923945872452	norm	3679
G	-39	1	1106	0.114504607102	raw	3679
G	-39	1	1106	1.25714715124	norm	3679
C	-39	1	923	0.0955585464334	raw	3679
C	-39	1	923	1.19436347873	norm	3679
T	-38	1	3901	0.403872036443	raw	3679
T	-38	1	3901	0.991691172325	norm	3679
A	-38	1	3647	0.377575318356	raw	3679
A	-38	1	3647	0.895463884356	norm	3679
G	-38	1	1135	0.117506988301	raw	3679
G	-38	1	1135	1.29011032247	norm	3679
C	-38	1	976	0.1010456569	raw	3679
C	-38	1	976	1.26294556364	norm	3679
T	-37	1	3847	0.39828139559	raw	3679
T	-37	1	3847	0.977963583679	norm	3679
A	-37	1	3663	0.379231804535	raw	3679
A	-37	1	3663	0.899392434438	norm	3679
C	-37	1	1154	0.119474065638	raw	3679
C	-37	1	1154	1.49327784881	norm	3679
G	-37	1	995	0.103012734237	raw	3679
G	-37	1	995	1.13097777168	norm	3679
A	-36	1	3764	0.389688373538	raw	3679
A	-36	1	3764	0.924191406832	norm	3679
T	-36	1	3655	0.378403561445	raw	3679
T	-36	1	3655	0.929154379607	norm	3679
C	-36	1	1148	0.118852883321	raw	3679
C	-36	1	1148	1.4855138392	norm	3679
G	-36	1	1092	0.113055181696	raw	3679
G	-36	1	1092	1.24123389616	norm	3679
T	-35	1	3872	0.400869655244	raw	3679
T	-35	1	3872	0.984318948793	norm	3679
A	-35	1	3842	0.397763743659	raw	3679
A	-35	1	3842	0.943343088483	norm	3679
C	-35	1	975	0.100942126514	raw	3679
C	-35	1	975	1.26165156204	norm	3679
G	-35	1	970	0.100424474583	raw	3679
G	-35	1	970	1.10256124476	norm	3679
T	-34	1	3886	0.40231908065	raw	3679
T	-34	1	3886	0.987877953257	norm	3679
A	-34	1	3759	0.389170721607	raw	3679
A	-34	1	3759	0.922963734931	norm	3679
C	-34	1	1091	0.11295165131	raw	3679
C	-34	1	1091	1.41175574788	norm	3679
G	-34	1	923	0.0955585464334	raw	3679
G	-34	1	923	1.04913817413	norm	3679
T	-33	1	3829	0.396417848639	raw	3679
T	-33	1	3829	0.973387720798	norm	3679
A	-33	1	3512	0.363598716223	raw	3679
A	-33	1	3512	0.862316743038	norm	3679
C	-33	1	1198	0.12402940263	raw	3679
C	-33	1	1198	1.5502139193	norm	3679
G	-33	1	1120	0.115954032509	raw	3679
G	-33	1	1120	1.27306040632	norm	3679
T	-32	1	3887	0.402422611036	raw	3679
T	-32	1	3887	0.988132167861	norm	3679
A	-32	1	3667	0.379645926079	raw	3679
A	-32	1	3667	0.900374571959	norm	3679
C	-32	1	1062	0.109949270111	raw	3679
C	-32	1	1062	1.37422970142	norm	3679
G	-32	1	1043	0.107982192774	raw	3679
G	-32	1	1043	1.18553750338	norm	3679
T	-31	1	3912	0.405010870691	raw	3679
T	-31	1	3912	0.994487532975	norm	3679
A	-31	1	3823	0.395796666322	raw	3679
A	-31	1	3823	0.93867793526	norm	3679
C	-31	1	1041	0.107775132001	raw	3679
C	-31	1	1041	1.34705566777	norm	3679
G	-31	1	883	0.0914173309866	raw	3679
G	-31	1	883	1.00367173105	norm	3679
A	-30	1	3834	0.396935500569	raw	3679
A	-30	1	3834	0.941378813441	norm	3679
T	-30	1	3614	0.374158815612	raw	3679
T	-30	1	3614	0.918731580821	norm	3679
C	-30	1	1130	0.11698933637	raw	3679
C	-30	1	1130	1.46222181036	norm	3679
G	-30	1	1081	0.111916347448	raw	3679
G	-30	1	1081	1.22873062431	norm	3679
A	-29	1	3823	0.395796666322	raw	3679
A	-29	1	3823	0.93867793526	norm	3679
T	-29	1	3698	0.382855368051	raw	3679
T	-29	1	3698	0.940085607602	norm	3679
C	-29	1	1101	0.113986955171	raw	3679
C	-29	1	1101	1.4246957639	norm	3679
G	-29	1	1037	0.107361010457	raw	3679
G	-29	1	1037	1.17871753692	norm	3679
T	-28	1	3876	0.401283776788	raw	3679
T	-28	1	3876	0.985335807211	norm	3679
A	-28	1	3744	0.387617765814	raw	3679
A	-28	1	3744	0.919280719229	norm	3679
C	-28	1	1110	0.114918728647	raw	3679
C	-28	1	1110	1.43634177832	norm	3679
G	-28	1	929	0.0961797287504	raw	3679
G	-28	1	929	1.0559581406	norm	3679
A	-27	1	3687	0.381716533803	raw	3679
A	-27	1	3687	0.905285259562	norm	3679
T	-27	1	3533	0.365772854333	raw	3679
T	-27	1	3533	0.898140197853	norm	3679
C	-27	1	1242	0.128584739621	raw	3679
C	-27	1	1242	1.60714998979	norm	3679
G	-27	1	1197	0.123925872244	raw	3679
G	-27	1	1197	1.36058330925	norm	3679
T	-26	1	3883	0.402008489492	raw	3679
T	-26	1	3883	0.987115309443	norm	3679
A	-26	1	3551	0.367636401284	raw	3679
A	-26	1	3551	0.871892583863	norm	3679
C	-26	1	1242	0.128584739621	raw	3679
C	-26	1	1242	1.60714998979	norm	3679
G	-26	1	983	0.101770369603	raw	3679
G	-26	1	983	1.11733783876	norm	3679
T	-25	1	3910	0.404803809918	raw	3679
T	-25	1	3910	0.993979103766	norm	3679
A	-25	1	3662	0.379128274148	raw	3679
A	-25	1	3662	0.899146900058	norm	3679
C	-25	1	1148	0.118852883321	raw	3679
C	-25	1	1148	1.4855138392	norm	3679
G	-25	1	939	0.0972150326121	raw	3679
G	-25	1	939	1.06732475137	norm	3679
T	-24	1	3669	0.379852986852	raw	3679
T	-24	1	3669	0.932713384071	norm	3679
A	-24	1	3633	0.37612589295	raw	3679
A	-24	1	3633	0.892026403034	norm	3679
C	-24	1	1223	0.126617662284	raw	3679
C	-24	1	1223	1.58256395935	norm	3679
G	-24	1	1134	0.117403457915	raw	3679
G	-24	1	1134	1.28897366139	norm	3679
T	-23	1	3751	0.388342478517	raw	3679
T	-23	1	3751	0.953558981643	norm	3679
A	-23	1	3696	0.382648307278	raw	3679
A	-23	1	3696	0.907495068983	norm	3679
C	-23	1	1156	0.119681126411	raw	3679
C	-23	1	1156	1.49586585201	norm	3679
G	-23	1	1056	0.109328087794	raw	3679
G	-23	1	1056	1.20031409738	norm	3679
T	-22	1	3831	0.396624909411	raw	3679
T	-22	1	3831	0.973896150007	norm	3679
A	-22	1	3495	0.361838699658	raw	3679
A	-22	1	3495	0.858142658575	norm	3679
C	-22	1	1280	0.132518894295	raw	3679
C	-22	1	1280	1.65632205067	norm	3679
G	-22	1	1053	0.109017496635	raw	3679
G	-22	1	1053	1.19690411415	norm	3679
T	-21	1	3667	0.379645926079	raw	3679
T	-21	1	3667	0.932204954861	norm	3679
A	-21	1	3438	0.355937467647	raw	3679
A	-21	1	3438	0.844147198908	norm	3679
C	-21	1	1355	0.140283673258	raw	3679
C	-21	1	1355	1.75337217083	norm	3679
G	-21	1	1199	0.124132933016	raw	3679
G	-21	1	1199	1.3628566314	norm	3679
A	-20	1	3675	0.380474169169	raw	3679
A	-20	1	3675	0.902338847	norm	3679
T	-20	1	3675	0.380474169169	raw	3679
T	-20	1	3675	0.934238671698	norm	3679
C	-20	1	1217	0.125996479967	raw	3679
C	-20	1	1217	1.57479994974	norm	3679
G	-20	1	1092	0.113055181696	raw	3679
G	-20	1	1092	1.24123389616	norm	3679
A	-19	1	3736	0.386789522725	raw	3679
A	-19	1	3736	0.917316444188	norm	3679
T	-19	1	3653	0.378196500673	raw	3679
T	-19	1	3653	0.928645950398	norm	3679
C	-19	1	1240	0.128377678849	raw	3679
C	-19	1	1240	1.60456198659	norm	3679
G	-19	1	1030	0.106636297753	raw	3679
G	-19	1	1030	1.17076090938	norm	3679
T	-18	1	3610	0.373744694068	raw	3679
T	-18	1	3610	0.917714722403	norm	3679
A	-18	1	3493	0.361631638886	raw	3679
A	-18	1	3493	0.857651589815	norm	3679
C	-18	1	1327	0.137384822445	raw	3679
C	-18	1	1327	1.71714012597	norm	3679
G	-18	1	1229	0.127238844601	raw	3679
G	-18	1	1229	1.39695646372	norm	3679
T	-17	1	3675	0.380474169169	raw	3679
T	-17	1	3675	0.934238671698	norm	3679
A	-17	1	3468	0.359043379232	raw	3679
A	-17	1	3468	0.851513230312	norm	3679
C	-17	1	1283	0.132829485454	raw	3679
C	-17	1	1283	1.66020405548	norm	3679
G	-17	1	1233	0.127652966146	raw	3679
G	-17	1	1233	1.40150310802	norm	3679
T	-16	1	3677	0.380681229941	raw	3679
T	-16	1	3677	0.934747100907	norm	3679
A	-16	1	3524	0.364841080857	raw	3679
A	-16	1	3524	0.865263155599	norm	3679
C	-16	1	1296	0.134175380474	raw	3679
C	-16	1	1296	1.67702607631	norm	3679
G	-16	1	1162	0.120302308728	raw	3679
G	-16	1	1162	1.32080017155	norm	3679
A	-15	1	3613	0.374055285226	raw	3679
A	-15	1	3613	0.887115715431	norm	3679
T	-15	1	3556	0.368154053215	raw	3679
T	-15	1	3556	0.903987133757	norm	3679
C	-15	1	1303	0.134900093177	raw	3679
C	-15	1	1303	1.68608408752	norm	3679
G	-15	1	1187	0.122890568382	raw	3679
G	-15	1	1187	1.34921669848	norm	3679
T	-14	1	3590	0.371674086344	raw	3679
T	-14	1	3590	0.912630430312	norm	3679
A	-14	1	3558	0.368361113987	raw	3679
A	-14	1	3558	0.873611324524	norm	3679
C	-14	1	1338	0.138523656693	raw	3679
C	-14	1	1338	1.73137414359	norm	3679
G	-14	1	1173	0.121441142975	raw	3679
G	-14	1	1173	1.3333034434	norm	3679
A	-13	1	3514	0.363805776996	raw	3679
A	-13	1	3514	0.862807811798	norm	3679
T	-13	1	3501	0.362459881975	raw	3679
T	-13	1	3501	0.890005330507	norm	3679
C	-13	1	1381	0.142975463298	raw	3679
C	-13	1	1381	1.78701621248	norm	3679
G	-13	1	1263	0.130758877731	raw	3679
G	-13	1	1263	1.43560294034	norm	3679
T	-12	1	3623	0.375090589088	raw	3679
T	-12	1	3623	0.921019512262	norm	3679
A	-12	1	3278	0.33937260586	raw	3679
A	-12	1	3278	0.804861698086	norm	3679
C	-12	1	1466	0.151775546123	raw	3679
C	-12	1	1466	1.89700634866	norm	3679
G	-12	1	1292	0.133761258929	raw	3679
G	-12	1	1292	1.46856611157	norm	3679
A	-11	1	3564	0.368982296304	raw	3679
A	-11	1	3564	0.875084530805	norm	3679
T	-11	1	3436	0.355730406874	raw	3679
T	-11	1	3436	0.873481381212	norm	3679
C	-11	1	1384	0.143286054457	raw	3679
C	-11	1	1384	1.79089821729	norm	3679
G	-11	1	1275	0.132001242365	raw	3679
G	-11	1	1275	1.44924287326	norm	3679
T	-10	1	3620	0.374779997929	raw	3679
T	-10	1	3620	0.920256868448	norm	3679
A	-10	1	3527	0.365151672016	raw	3679
A	-10	1	3527	0.86599975874	norm	3679
C	-10	1	1285	0.133036546226	raw	3679
C	-10	1	1285	1.66279205868	norm	3679
G	-10	1	1227	0.127031783829	raw	3679
G	-10	1	1227	1.39468314156	norm	3679
T	-9	1	3817	0.395175484005	raw	3679
T	-9	1	3817	0.970337145543	norm	3679
A	-9	1	3256	0.337094937364	raw	3679
A	-9	1	3256	0.799459941723	norm	3679
G	-9	1	1304	0.135003623564	raw	3679
G	-9	1	1304	1.4822060445	norm	3679
C	-9	1	1282	0.132725955068	raw	3679
C	-9	1	1282	1.65891005388	norm	3679
T	-8	1	3581	0.370742312869	raw	3679
T	-8	1	3581	0.910342498871	norm	3679
A	-8	1	3440	0.356144528419	raw	3679
A	-8	1	3440	0.844638267668	norm	3679
C	-8	1	1328	0.137488352832	raw	3679
C	-8	1	1328	1.71843412757	norm	3679
G	-8	1	1310	0.135624805881	raw	3679
G	-8	1	1310	1.48902601096	norm	3679
A	-7	1	3496	0.361942230045	raw	3679
A	-7	1	3496	0.858388192956	norm	3679
T	-7	1	3380	0.349932705249	raw	3679
T	-7	1	3380	0.859245363357	norm	3679
C	-7	1	1526	0.157987369293	raw	3679
C	-7	1	1526	1.97464644479	norm	3679
G	-7	1	1257	0.130137695414	raw	3679
G	-7	1	1257	1.42878297387	norm	3679
T	-6	1	3587	0.371363495186	raw	3679
T	-6	1	3587	0.911867786498	norm	3679
A	-6	1	3193	0.330572523036	raw	3679
A	-6	1	3193	0.783991275774	norm	3679
G	-6	1	1444	0.149497877627	raw	3679
G	-6	1	1444	1.64133859529	norm	3679
C	-6	1	1435	0.148566104152	raw	3679
C	-6	1	1435	1.856892299	norm	3679
T	-5	1	3575	0.370121130552	raw	3679
T	-5	1	3575	0.908817211243	norm	3679
A	-5	1	3447	0.356869241122	raw	3679
A	-5	1	3447	0.846357008329	norm	3679
C	-5	1	1359	0.140697794803	raw	3679
C	-5	1	1359	1.75854817724	norm	3679
G	-5	1	1278	0.132311833523	raw	3679
G	-5	1	1278	1.45265285649	norm	3679
T	-4	1	3704	0.383476550368	raw	3679
T	-4	1	3704	0.94161089523	norm	3679
A	-4	1	3483	0.360596335024	raw	3679
A	-4	1	3483	0.855196246014	norm	3679
C	-4	1	1450	0.150119059944	raw	3679
C	-4	1	1450	1.87630232303	norm	3679
G	-4	1	1022	0.105808054664	raw	3679
G	-4	1	1022	1.16166762076	norm	3679
T	-3	1	3456	0.357801014598	raw	3679
T	-3	1	3456	0.878565673303	norm	3679
A	-3	1	3345	0.346309141733	raw	3679
A	-3	1	3345	0.821312501555	norm	3679
C	-3	1	1459	0.15105083342	raw	3679
C	-3	1	1459	1.88794833745	norm	3679
G	-3	1	1399	0.14483901025	raw	3679
G	-3	1	1399	1.59018884682	norm	3679
T	-2	1	4151	0.429754632985	raw	3679
T	-2	1	4151	1.05524482346	norm	3679
A	-2	1	2986	0.309141733099	raw	3679
A	-2	1	2986	0.733165659086	norm	3679
C	-2	1	1393	0.144217827932	raw	3679
C	-2	1	1393	1.80254423171	norm	3679
G	-2	1	1129	0.116885805984	raw	3679
G	-2	1	1129	1.28329035601	norm	3679
T	-1	1	3599	0.37260585982	raw	3679
T	-1	1	3599	0.914918361753	norm	3679
A	-1	1	3298	0.341443213583	raw	3679
A	-1	1	3298	0.809772385689	norm	3679
C	-1	1	1660	0.171860441039	raw	3679
C	-1	1	1660	2.14804265947	norm	3679
G	-1	1	1102	0.114090485558	raw	3679
G	-1	1	1102	1.25260050693	norm	3679
C	0	1	4669	0.48338337302	raw	3679
C	0	1	4669	6.04169348015	norm	3679
A	0	1	2347	0.242985816337	raw	3679
A	0	1	2347	0.576269190179	norm	3679
G	0	1	1436	0.148669634538	raw	3679
G	0	1	1436	1.63224530667	norm	3679
T	0	1	1207	0.124961176105	raw	3679
T	0	1	1207	0.306837027684	norm	3679
A	1	1	4002	0.414328605446	raw	3679
A	1	1	4002	0.982628589304	norm	3679
T	1	1	3344	0.346205611347	raw	3679
T	1	1	3344	0.850093637594	norm	3679
C	1	1	1571	0.16264623667	raw	3679
C	1	1	1571	2.03287651688	norm	3679
G	1	1	742	0.0768195465369	raw	3679
G	1	1	742	0.843402519184	norm	3679
T	2	1	3354	0.347240915209	raw	3679
T	2	1	3354	0.852635783639	norm	3679
A	2	1	3244	0.33585257273	raw	3679
A	2	1	3244	0.796513529161	norm	3679
C	2	1	1556	0.161093280878	raw	3679
C	2	1	1556	2.01346649285	norm	3679
G	2	1	1505	0.155813231183	raw	3679
G	2	1	1505	1.71067492099	norm	3679
T	3	1	3683	0.381302412258	raw	3679
T	3	1	3683	0.936272388534	norm	3679
A	3	1	2958	0.306242882286	raw	3679
A	3	1	2958	0.726290696442	norm	3679
G	3	1	1634	0.169168650999	raw	3679
G	3	1	1634	1.85730419993	norm	3679
C	3	1	1384	0.143286054457	raw	3679
C	3	1	1384	1.79089821729	norm	3679
A	4	1	3692	0.382234185734	raw	3679
A	4	1	3692	0.906512931462	norm	3679
T	4	1	3079	0.318770059012	raw	3679
T	4	1	3079	0.78272676739	norm	3679
G	4	1	1632	0.168961590227	raw	3679
G	4	1	1632	1.85503087777	norm	3679
C	4	1	1256	0.130034165027	raw	3679
C	4	1	1256	1.62526601222	norm	3679
T	5	1	3476	0.359871622321	raw	3679
T	5	1	3476	0.883649965394	norm	3679
A	5	1	2967	0.307174655761	raw	3679
A	5	1	2967	0.728500505864	norm	3679
C	5	1	1627	0.168443938296	raw	3679
C	5	1	1627	2.1053406066	norm	3679
G	5	1	1589	0.164509783621	raw	3679
G	5	1	1589	1.80615445146	norm	3679
T	6	1	3429	0.355005694171	raw	3679
T	6	1	3429	0.87170187898	norm	3679
A	6	1	2788	0.288642716637	raw	3679
A	6	1	2788	0.684549851819	norm	3679
C	6	1	1811	0.187493529351	raw	3679
C	6	1	1811	2.34343690138	norm	3679
G	6	1	1631	0.168858059841	raw	3679
G	6	1	1631	1.8538942167	norm	3679
T	7	1	3540	0.366497567036	raw	3679
T	7	1	3540	0.899919700084	norm	3679
A	7	1	3096	0.320530075577	raw	3679
A	7	1	3096	0.760174440901	norm	3679
C	7	1	1577	0.163267418987	raw	3679
C	7	1	1577	2.04064052649	norm	3679
G	7	1	1446	0.149704938399	raw	3679
G	7	1	1446	1.64361191744	norm	3679
T	8	1	3587	0.371363495186	raw	3679
T	8	1	3587	0.911867786498	norm	3679
A	8	1	2955	0.305932291127	raw	3679
A	8	1	2955	0.725554093302	norm	3679
C	8	1	1635	0.169272181385	raw	3679
C	8	1	1635	2.11569261941	norm	3679
G	8	1	1482	0.153432032301	raw	3679
G	8	1	1482	1.68453171621	norm	3679
T	9	1	3452	0.357386893053	raw	3679
T	9	1	3452	0.877548814885	norm	3679
A	9	1	3059	0.316699451289	raw	3679
A	9	1	3059	0.751089668836	norm	3679
G	9	1	1678	0.17372398799	raw	3679
G	9	1	1678	1.90731728732	norm	3679
C	9	1	1470	0.152189667667	raw	3679
C	9	1	1470	1.90218235507	norm	3679
A	10	1	3310	0.342685578217	raw	3679
A	10	1	3310	0.81271879825	norm	3679
T	10	1	3258	0.337301998136	raw	3679
T	10	1	3258	0.828231181603	norm	3679
G	10	1	1612	0.166890982503	raw	3679
G	10	1	1612	1.83229765623	norm	3679
C	10	1	1479	0.153121441143	raw	3679
C	10	1	1479	1.91382836949	norm	3679
T	11	1	3296	0.341236152811	raw	3679
T	11	1	3296	0.837891336576	norm	3679
A	11	1	3200	0.331297235739	raw	3679
A	11	1	3200	0.785710016435	norm	3679
C	11	1	1599	0.165545087483	raw	3679
C	11	1	1599	2.06910856174	norm	3679
G	11	1	1564	0.161921523967	raw	3679
G	11	1	1564	1.77773792453	norm	3679
T	12	1	3465	0.358732788073	raw	3679
T	12	1	3465	0.880853604744	norm	3679
A	12	1	3041	0.314835904338	raw	3679
A	12	1	3041	0.746670049994	norm	3679
C	12	1	1598	0.165441557097	raw	3679
C	12	1	1598	2.06781456014	norm	3679
G	12	1	1555	0.160989750492	raw	3679
G	12	1	1555	1.76750797484	norm	3679
T	13	1	3483	0.360596335024	raw	3679
T	13	1	3483	0.885429467625	norm	3679
A	13	1	3211	0.332436069987	raw	3679
A	13	1	3211	0.788410894617	norm	3679
G	13	1	1538	0.159229733927	raw	3679
G	13	1	1538	1.74818473653	norm	3679
C	13	1	1427	0.147737861062	raw	3679
C	13	1	1427	1.84654028618	norm	3679
T	14	1	3333	0.345066777099	raw	3679
T	14	1	3333	0.847297276944	norm	3679
A	14	1	3249	0.336370224661	raw	3679
A	14	1	3249	0.797741201062	norm	3679
C	14	1	1615	0.167201573662	raw	3679
C	14	1	1615	2.08981258737	norm	3679
G	14	1	1462	0.151361424578	raw	3679
G	14	1	1462	1.66179849467	norm	3679
T	15	1	3366	0.348483279843	raw	3679
T	15	1	3366	0.855686358894	norm	3679
A	15	1	3014	0.312040583911	raw	3679
A	15	1	3014	0.74004062173	norm	3679
G	15	1	1649	0.170721606792	raw	3679
G	15	1	1649	1.87435411608	norm	3679
C	15	1	1630	0.168754529454	raw	3679
C	15	1	1630	2.1092226114	norm	3679
T	16	1	3543	0.366808158194	raw	3679
T	16	1	3543	0.900682343898	norm	3679
A	16	1	2898	0.300031059116	raw	3679
A	16	1	2898	0.711558633634	norm	3679
G	16	1	1723	0.178382855368	raw	3679
G	16	1	1723	1.95846703579	norm	3679
C	16	1	1495	0.154777927322	raw	3679
C	16	1	1495	1.93453239512	norm	3679
T	17	1	3597	0.372398799048	raw	3679
T	17	1	3597	0.914409932543	norm	3679
A	17	1	3174	0.328605445698	raw	3679
A	17	1	3174	0.779326122552	norm	3679
C	17	1	1449	0.150015529558	raw	3679
C	17	1	1449	1.87500832143	norm	3679
G	17	1	1439	0.148980225696	raw	3679
G	17	1	1439	1.6356552899	norm	3679
T	18	1	3340	0.345791489802	raw	3679
T	18	1	3340	0.849076779176	norm	3679
A	18	1	3025	0.313179418159	raw	3679
A	18	1	3025	0.742741499911	norm	3679
C	18	1	1685	0.174448700694	raw	3679
C	18	1	1685	2.18039269952	norm	3679
G	18	1	1609	0.166580391345	raw	3679
G	18	1	1609	1.828887673	norm	3679
T	19	1	3474	0.359664561549	raw	3679
T	19	1	3474	0.883141536185	norm	3679
A	19	1	2951	0.305518169583	raw	3679
A	19	1	2951	0.724571955781	norm	3679
C	19	1	1653	0.171135728336	raw	3679
C	19	1	1653	2.13898464825	norm	3679
G	19	1	1581	0.163681540532	raw	3679
G	19	1	1581	1.79706116284	norm	3679
T	20	1	3690	0.382027124961	raw	3679
T	20	1	3690	0.938051890766	norm	3679
A	20	1	2941	0.304482865721	raw	3679
A	20	1	2941	0.72211661198	norm	3679
C	20	1	1554	0.160886220106	raw	3679
C	20	1	1554	2.01087848965	norm	3679
G	20	1	1474	0.152603789212	raw	3679
G	20	1	1474	1.6754384276	norm	3679
T	21	1	3286	0.340200848949	raw	3679
T	21	1	3286	0.83534919053	norm	3679
A	21	1	3178	0.329019567243	raw	3679
A	21	1	3178	0.780308260072	norm	3679
C	21	1	1628	0.168547468682	raw	3679
C	21	1	1628	2.1066346082	norm	3679
G	21	1	1567	0.162232115126	raw	3679
G	21	1	1567	1.78114790777	norm	3679
T	22	1	3459	0.358111605756	raw	3679
T	22	1	3459	0.879328317116	norm	3679
A	22	1	3095	0.320426545191	raw	3679
A	22	1	3095	0.759928906521	norm	3679
C	22	1	1581	0.163681540532	raw	3679
C	22	1	1581	2.0458165329	norm	3679
G	22	1	1524	0.157780308521	raw	3679
G	22	1	1524	1.73227148145	norm	3679
T	23	1	3673	0.380267108396	raw	3679
T	23	1	3673	0.933730242489	norm	3679
A	23	1	2921	0.302412257998	raw	3679
A	23	1	2921	0.717205924377	norm	3679
C	23	1	1575	0.163060358215	raw	3679
C	23	1	1575	2.03805252329	norm	3679
G	23	1	1490	0.154260275391	raw	3679
G	23	1	1490	1.69362500483	norm	3679
T	24	1	3426	0.354695103013	raw	3679
T	24	1	3426	0.870939235166	norm	3679
A	24	1	3030	0.31369707009	raw	3679
A	24	1	3030	0.743969171812	norm	3679
C	24	1	1678	0.17372398799	raw	3679
C	24	1	1678	2.1713346883	norm	3679
G	24	1	1525	0.157883838907	raw	3679
G	24	1	1525	1.73340814253	norm	3679
A	25	1	3524	0.364841080857	raw	3679
A	25	1	3524	0.865263155599	norm	3679
T	25	1	3317	0.34341029092	raw	3679
T	25	1	3317	0.843229843271	norm	3679
C	25	1	1482	0.153432032301	raw	3679
C	25	1	1482	1.91771037429	norm	3679
G	25	1	1336	0.138316595921	raw	3679
G	25	1	1336	1.51857919896	norm	3679
T	26	1	3691	0.382130655347	raw	3679
T	26	1	3691	0.938306105371	norm	3679
A	26	1	2970	0.30748524692	raw	3679
A	26	1	2970	0.729237109004	norm	3679
C	26	1	1554	0.160886220106	raw	3679
C	26	1	1554	2.01087848965	norm	3679
G	26	1	1444	0.149497877627	raw	3679
G	26	1	1444	1.64133859529	norm	3679
T	27	1	3447	0.356869241122	raw	3679
T	27	1	3447	0.876277741862	norm	3679
A	27	1	3092	0.320115954033	raw	3679
A	27	1	3092	0.759192303381	norm	3679
C	27	1	1585	0.164095662077	raw	3679
C	27	1	1585	2.05099253931	norm	3679
G	27	1	1535	0.158919142768	raw	3679
G	27	1	1535	1.7447747533	norm	3679
T	28	1	3577	0.370328191324	raw	3679
T	28	1	3577	0.909325640453	norm	3679
A	28	1	3254	0.336887876592	raw	3679
A	28	1	3254	0.798968872963	norm	3679
G	28	1	1464	0.15156848535	raw	3679
G	28	1	1464	1.66407181683	norm	3679
C	28	1	1364	0.141215446734	raw	3679
C	28	1	1364	1.76501818525	norm	3679
T	29	1	3642	0.377057666425	raw	3679
T	29	1	3642	0.925849589748	norm	3679
A	29	1	3031	0.313800600476	raw	3679
A	29	1	3031	0.744214706192	norm	3679
C	29	1	1524	0.157780308521	raw	3679
C	29	1	1524	1.97205844158	norm	3679
G	29	1	1462	0.151361424578	raw	3679
G	29	1	1462	1.66179849467	norm	3679
T	30	1	3554	0.367946992442	raw	3679
T	30	1	3554	0.903478704548	norm	3679
A	30	1	3161	0.327259550678	raw	3679
A	30	1	3161	0.77613417561	norm	3679
C	30	1	1497	0.154984988094	raw	3679
C	30	1	1497	1.93712039833	norm	3679
G	30	1	1447	0.149808468786	raw	3679
G	30	1	1447	1.64474857852	norm	3679
T	31	1	3555	0.368050522828	raw	3679
T	31	1	3555	0.903732919153	norm	3679
A	31	1	3292	0.340822031266	raw	3679
A	31	1	3292	0.808299179408	norm	3679
C	31	1	1438	0.14887669531	raw	3679
C	31	1	1438	1.8607743038	norm	3679
G	31	1	1374	0.142250750595	raw	3679
G	31	1	1374	1.56177231989	norm	3679
T	32	1	3690	0.382027124961	raw	3679
T	32	1	3690	0.938051890766	norm	3679
A	32	1	3236	0.335024329641	raw	3679
A	32	1	3236	0.79454925412	norm	3679
C	32	1	1434	0.148462573765	raw	3679
C	32	1	1434	1.85559829739	norm	3679
G	32	1	1299	0.134485971633	raw	3679
G	32	1	1299	1.47652273911	norm	3679
T	33	1	3748	0.388031887359	raw	3679
T	33	1	3748	0.95279633783	norm	3679
A	33	1	3006	0.311212340822	raw	3679
A	33	1	3006	0.738076346689	norm	3679
C	33	1	1480	0.153224971529	raw	3679
C	33	1	1480	1.91512237109	norm	3679
G	33	1	1425	0.14753080029	raw	3679
G	33	1	1425	1.61974203482	norm	3679
T	34	1	3682	0.381198881872	raw	3679
T	34	1	3682	0.93601817393	norm	3679
A	34	1	3161	0.327259550678	raw	3679
A	34	1	3161	0.77613417561	norm	3679
G	34	1	1465	0.151672015737	raw	3679
G	34	1	1465	1.6652084779	norm	3679
C	34	1	1351	0.139869551713	raw	3679
C	34	1	1351	1.74819616442	norm	3679
T	35	1	3833	0.396831970183	raw	3679
T	35	1	3833	0.974404579216	norm	3679
A	35	1	3175	0.328708976084	raw	3679
A	35	1	3175	0.779571656932	norm	3679
C	35	1	1433	0.148359043379	raw	3679
C	35	1	1433	1.85430429579	norm	3679
G	35	1	1218	0.126100010353	raw	3679
G	35	1	1218	1.38445319187	norm	3679
T	36	1	3795	0.392897815509	raw	3679
T	36	1	3795	0.964744424243	norm	3679
A	36	1	3132	0.324257169479	raw	3679
A	36	1	3132	0.769013678586	norm	3679
G	36	1	1461	0.151257894192	raw	3679
G	36	1	1461	1.6606618336	norm	3679
C	36	1	1271	0.13158712082	raw	3679
C	36	1	1271	1.64467603625	norm	3679
T	37	1	3655	0.378403561445	raw	3679
T	37	1	3655	0.929154379607	norm	3679
A	37	1	3448	0.356972771508	raw	3679
A	37	1	3448	0.846602542709	norm	3679
G	37	1	1288	0.133347137385	raw	3679
G	37	1	1288	1.46401946726	norm	3679
C	37	1	1268	0.131276529661	raw	3679
C	37	1	1268	1.64079403145	norm	3679
T	38	1	3868	0.400455533699	raw	3679
T	38	1	3868	0.983302090375	norm	3679
A	38	1	3226	0.333989025779	raw	3679
A	38	1	3226	0.792093910319	norm	3679
C	38	1	1306	0.135210684336	raw	3679
C	38	1	1306	1.68996609233	norm	3679
G	38	1	1259	0.130344756186	raw	3679
G	38	1	1259	1.43105629603	norm	3679
T	39	1	3803	0.393726058598	raw	3679
T	39	1	3803	0.966778141079	norm	3679
A	39	1	3411	0.35314214722	raw	3679
A	39	1	3411	0.837517770644	norm	3679
C	39	1	1265	0.130965938503	raw	3679
C	39	1	1265	1.63691202664	norm	3679
G	39	1	1180	0.122165855679	raw	3679
G	39	1	1180	1.34126007094	norm	3679
T	40	1	3975	0.411533285019	raw	3679
T	40	1	3975	1.01050305306	norm	3679
A	40	1	3340	0.345791489802	raw	3679
A	40	1	3340	0.820084829654	norm	3679
G	40	1	1181	0.122269386065	raw	3679
G	40	1	1181	1.34239673202	norm	3679
C	40	1	1163	0.120405839114	raw	3679
C	40	1	1163	1.50492386323	norm	3679
T	41	1	3838	0.397349622114	raw	3679
T	41	1	3838	0.975675652238	norm	3679
A	41	1	3605	0.373227042137	raw	3679
A	41	1	3605	0.88515144039	norm	3679
C	41	1	1114	0.115332850192	raw	3679
C	41	1	1114	1.44151778473	norm	3679
G	41	1	1102	0.114090485558	raw	3679
G	41	1	1102	1.25260050693	norm	3679
T	42	1	3878	0.401490837561	raw	3679
T	42	1	3878	0.98584423642	norm	3679
A	42	1	3434	0.355523346102	raw	3679
A	42	1	3434	0.843165061387	norm	3679
G	42	1	1205	0.124754115333	raw	3679
G	42	1	1205	1.36967659787	norm	3679
C	42	1	1142	0.118231701004	raw	3679
C	42	1	1142	1.47774982958	norm	3679
T	43	1	3860	0.39962729061	raw	3679
T	43	1	3860	0.981268373538	norm	3679
A	43	1	3600	0.372709390206	raw	3679
A	43	1	3600	0.88392376849	norm	3679
G	43	1	1172	0.121337612589	raw	3679
G	43	1	1172	1.33216678232	norm	3679
C	43	1	1027	0.106325706595	raw	3679
C	43	1	1027	1.32893964534	norm	3679
T	44	1	3945	0.408427373434	raw	3679
T	44	1	3945	1.00287661492	norm	3679
A	44	1	3563	0.368878765918	raw	3679
A	44	1	3563	0.874838996425	norm	3679
G	44	1	1090	0.112848120923	raw	3679
G	44	1	1090	1.238960574	norm	3679
C	44	1	1061	0.109845739725	raw	3679
C	44	1	1061	1.37293569982	norm	3679
T	45	1	3903	0.404079097215	raw	3679
T	45	1	3903	0.992199601534	norm	3679
A	45	1	3521	0.364530489699	raw	3679
A	45	1	3521	0.864526552459	norm	3679
G	45	1	1129	0.116885805984	raw	3679
G	45	1	1129	1.28329035601	norm	3679
C	45	1	1106	0.114504607102	raw	3679
C	45	1	1106	1.43116577191	norm	3679
T	46	1	3894	0.40314732374	raw	3679
T	46	1	3894	0.989911670093	norm	3679
A	46	1	3601	0.372812920592	raw	3679
A	46	1	3601	0.88416930287	norm	3679
G	46	1	1139	0.117921109846	raw	3679
G	46	1	1139	1.29465696678	norm	3679
C	46	1	1025	0.106118645823	raw	3679
C	46	1	1025	1.32635164214	norm	3679
T	47	1	4098	0.424267522518	raw	3679
T	47	1	4098	1.04177144942	norm	3679
A	47	1	3458	0.35800807537	raw	3679
A	47	1	3458	0.84905788651	norm	3679
C	47	1	1055	0.109224557408	raw	3679
C	47	1	1055	1.3651716902	norm	3679
G	47	1	1048	0.108499844704	raw	3679
G	47	1	1048	1.19122080877	norm	3679
T	48	1	3723	0.385443627705	raw	3679
T	48	1	3723	0.946440972716	norm	3679
A	48	1	3674	0.380370638782	raw	3679
A	48	1	3674	0.90209331262	norm	3679
G	48	1	1163	0.120405839114	raw	3679
G	48	1	1163	1.32193683263	norm	3679
C	48	1	1099	0.113779894399	raw	3679
C	48	1	1099	1.4221077607	norm	3679
T	49	1	4015	0.415674500466	raw	3679
T	49	1	4015	1.02067163724	norm	3679
A	49	1	3624	0.375194119474	raw	3679
A	49	1	3624	0.889816593613	norm	3679
C	49	1	1022	0.105808054664	raw	3679
C	49	1	1022	1.32246963733	norm	3679
G	49	1	998	0.103323325396	raw	3679
G	49	1	998	1.13438775491	norm	3679
T	50	1	3946	0.40853090382	raw	3679
T	50	1	3946	1.00313082953	norm	3679
A	50	1	3658	0.378714152604	raw	3679
A	50	1	3658	0.898164762538	norm	3679
G	50	1	1071	0.110881043586	raw	3679
G	50	1	1071	1.21736401354	norm	3679
C	50	1	984	0.10187389999	raw	3679
C	50	1	984	1.27329757645	norm	3679
T	51	1	3798	0.393208406667	raw	3679
T	51	1	3798	0.965507068057	norm	3679
A	51	1	3666	0.379542395693	raw	3679
A	51	1	3666	0.900129037579	norm	3679
G	51	1	1142	0.118231701004	raw	3679
G	51	1	1142	1.29806695001	norm	3679
C	51	1	1053	0.109017496635	raw	3679
C	51	1	1053	1.362583687	norm	3679
T	52	1	3762	0.389481312765	raw	3679
T	52	1	3762	0.956355342293	norm	3679
A	52	1	3739	0.387100113883	raw	3679
A	52	1	3739	0.918053047329	norm	3679
C	52	1	1079	0.111709286676	raw	3679
C	52	1	1079	1.39622772865	norm	3679
G	52	1	1079	0.111709286676	raw	3679
G	52	1	1079	1.22645730216	norm	3679
T	53	1	4003	0.414432135832	raw	3679
T	53	1	4003	1.01762106199	norm	3679
A	53	1	3702	0.383269489595	raw	3679
A	53	1	3702	0.908968275264	norm	3679
G	53	1	994	0.102909203851	raw	3679
G	53	1	994	1.12984111061	norm	3679
C	53	1	960	0.0993891707216	raw	3679
C	53	1	960	1.242241538	norm	3679
T	54	1	3999	0.414018014287	raw	3679
T	54	1	3999	1.01660420357	norm	3679
A	54	1	3492	0.3615281085	raw	3679
A	54	1	3492	0.857406055435	norm	3679
C	54	1	1137	0.117714049073	raw	3679
C	54	1	1137	1.47127982157	norm	3679
G	54	1	1031	0.10673982814	raw	3679
G	54	1	1031	1.17189757046	norm	3679
T	55	1	4100	0.42447458329	raw	3679
T	55	1	4100	1.04227987863	norm	3679
A	55	1	3734	0.386582461953	raw	3679
A	55	1	3734	0.916825375428	norm	3679
G	55	1	935	0.0968009110674	raw	3679
G	55	1	935	1.06277810706	norm	3679
C	55	1	890	0.0921420436898	raw	3679
C	55	1	890	1.15166142586	norm	3679
T	56	1	3955	0.409462677296	raw	3679
T	56	1	3955	1.00541876097	norm	3679
A	56	1	3812	0.394657832074	raw	3679
A	56	1	3812	0.935977057079	norm	3679
C	56	1	1027	0.106325706595	raw	3679
C	56	1	1027	1.32893964534	norm	3679
G	56	1	865	0.0895537840356	raw	3679
G	56	1	865	0.983211831664	norm	3679
T	57	1	3919	0.405735583394	raw	3679
T	57	1	3919	0.996267035206	norm	3679
A	57	1	3707	0.383787141526	raw	3679
A	57	1	3707	0.910195947164	norm	3679
G	57	1	1058	0.109535148566	raw	3679
G	57	1	1058	1.20258741954	norm	3679
C	57	1	975	0.100942126514	raw	3679
C	57	1	975	1.26165156204	norm	3679
T	58	1	3966	0.410601511544	raw	3679
T	58	1	3966	1.00821512162	norm	3679
A	58	1	3717	0.384822445388	raw	3679
A	58	1	3717	0.912651290966	norm	3679
G	58	1	1018	0.105393933119	raw	3679
G	58	1	1018	1.15712097645	norm	3679
C	58	1	958	0.0991821099493	raw	3679
C	58	1	958	1.2396535348	norm	3679
T	59	1	3939	0.407806191117	raw	3679
T	59	1	3939	1.0013513273	norm	3679
A	59	1	3783	0.391655450875	raw	3679
A	59	1	3783	0.928856560055	norm	3679
G	59	1	1028	0.106429236981	raw	3679
G	59	1	1028	1.16848758723	norm	3679
C	59	1	909	0.094109121027	raw	3679
C	59	1	909	1.1762474563	norm	3679
A	60	1	3854	0.399006108293	raw	3679
A	60	1	3854	0.946289501044	norm	3679
T	60	1	3691	0.382130655347	raw	3679
T	60	1	3691	0.938306105371	norm	3679
G	60	1	1115	0.115436380578	raw	3679
G	60	1	1115	1.26737710093	norm	3679
C	60	1	999	0.103426855782	raw	3679
C	60	1	999	1.29270760049	norm	3679
T	61	1	4120	0.426545191014	raw	3679
T	61	1	4120	1.04736417072	norm	3679
A	61	1	3685	0.38150947303	raw	3679
A	61	1	3685	0.904794190801	norm	3679
G	61	1	1044	0.10808572316	raw	3679
G	61	1	1044	1.18667416446	norm	3679
C	61	1	810	0.0838596127964	raw	3679
C	61	1	810	1.04814129769	norm	3679
A	62	1	4057	0.420022776685	raw	3679
A	62	1	4057	0.996132980212	norm	3679
T	62	1	3764	0.389688373538	raw	3679
T	62	1	3764	0.956863771502	norm	3679
G	62	1	960	0.0993891707216	raw	3679
G	62	1	960	1.09119463399	norm	3679
C	62	1	878	0.0908996790558	raw	3679
C	62	1	878	1.13613340663	norm	3679
T	63	1	3947	0.408634434206	raw	3679
T	63	1	3947	1.00338504413	norm	3679
A	63	1	3835	0.397039030956	raw	3679
A	63	1	3835	0.941624347822	norm	3679
G	63	1	1069	0.110673982814	raw	3679
G	63	1	1069	1.21509069139	norm	3679
C	63	1	808	0.083652552024	raw	3679
C	63	1	808	1.04555329449	norm	3679
A	64	1	3949	0.408841494979	raw	3679
A	64	1	3949	0.969615267157	norm	3679
T	64	1	3919	0.405735583394	raw	3679
T	64	1	3919	0.996267035206	norm	3679
G	64	1	993	0.102805673465	raw	3679
G	64	1	993	1.12870444953	norm	3679
C	64	1	798	0.0826172481623	raw	3679
C	64	1	798	1.03261327847	norm	3679
A	65	1	3942	0.408116782276	raw	3679
A	65	1	3942	0.967896526496	norm	3679
T	65	1	3941	0.408013251889	raw	3679
T	65	1	3941	1.00185975651	norm	3679
G	65	1	922	0.0954550160472	raw	3679
G	65	1	922	1.04800151306	norm	3679
C	65	1	854	0.0884149497878	raw	3679
C	65	1	854	1.10507736818	norm	3679
A	66	1	4001	0.41422507506	raw	3679
A	66	1	4001	0.982383054924	norm	3679
T	66	1	3936	0.407495599959	raw	3679
T	66	1	3936	1.00058868348	norm	3679
G	66	1	903	0.09348793871	raw	3679
G	66	1	903	1.02640495259	norm	3679
C	66	1	819	0.0847913862719	raw	3679
C	66	1	819	1.05978731211	norm	3679
T	67	1	3994	0.413500362356	raw	3679
T	67	1	3994	1.01533313055	norm	3679
A	67	1	3836	0.397142561342	raw	3679
A	67	1	3836	0.941869882202	norm	3679
G	67	1	929	0.0961797287504	raw	3679
G	67	1	929	1.0559581406	norm	3679
C	67	1	900	0.0931773475515	raw	3679
C	67	1	900	1.16460144188	norm	3679
T	68	1	4055	0.419815715913	raw	3679
T	68	1	4055	1.03084022142	norm	3679
A	68	1	3748	0.388031887359	raw	3679
A	68	1	3748	0.92026285675	norm	3679
C	68	1	967	0.100113883425	raw	3679
C	68	1	967	1.25129954922	norm	3679
G	68	1	889	0.0920385133037	raw	3679
G	68	1	889	1.01049169751	norm	3679
A	69	1	3954	0.40935914691	raw	3679
A	69	1	3954	0.970842939058	norm	3679
T	69	1	3712	0.384304793457	raw	3679
T	69	1	3712	0.943644612066	norm	3679
G	69	1	1107	0.114608137488	raw	3679
G	69	1	1107	1.25828381231	norm	3679
C	69	1	886	0.0917279221451	raw	3679
C	69	1	886	1.14648541945	norm	3679
T	70	1	4053	0.41960865514	raw	3679
T	70	1	4053	1.03033179222	norm	3679
A	70	1	3851	0.398695517134	raw	3679
A	70	1	3851	0.945552897904	norm	3679
C	70	1	944	0.0977326845429	raw	3679
C	70	1	944	1.22153751237	norm	3679
G	70	1	811	0.0839631431825	raw	3679
G	70	1	811	0.921832133502	norm	3679
A	71	1	4046	0.418883942437	raw	3679
A	71	1	4046	0.99343210203	norm	3679
T	71	1	3904	0.404182627601	raw	3679
T	71	1	3904	0.992453816138	norm	3679
G	71	1	887	0.0918314525313	raw	3679
G	71	1	887	1.00821837536	norm	3679
C	71	1	822	0.0851019774304	raw	3679
C	71	1	822	1.06366931692	norm	3679
T	72	1	4038	0.418055699348	raw	3679
T	72	1	4038	1.02651857315	norm	3679
A	72	1	3904	0.404182627601	raw	3679
A	72	1	3904	0.958566220051	norm	3679
C	72	1	917	0.0949373641164	raw	3679
C	72	1	917	1.18659946912	norm	3679
G	72	1	800	0.0828243089347	raw	3679
G	72	1	800	0.909328861654	norm	3679
T	73	1	4099	0.424371052904	raw	3679
T	73	1	4099	1.04202566402	norm	3679
A	73	1	3904	0.404182627601	raw	3679
A	73	1	3904	0.958566220051	norm	3679
G	73	1	851	0.0881043586293	raw	3679
G	73	1	851	0.967298576585	norm	3679
C	73	1	805	0.0833419608655	raw	3679
C	73	1	805	1.04167128968	norm	3679
T	74	1	4145	0.429133450668	raw	3679
T	74	1	4145	1.05371953583	norm	3679
A	74	1	3997	0.413810953515	raw	3679
A	74	1	3997	0.981400917404	norm	3679
C	74	1	774	0.0801325188943	raw	3679
C	74	1	774	1.00155724002	norm	3679
G	74	1	743	0.0769230769231	raw	3679
G	74	1	743	0.844539180261	norm	3679
A	75	1	3925	0.406356765711	raw	3679
A	75	1	3925	0.963722442034	norm	3679
T	75	1	3914	0.405217931463	raw	3679
T	75	1	3914	0.994995962184	norm	3679
G	75	1	916	0.0948338337302	raw	3679
G	75	1	916	1.04118154659	norm	3679
C	75	1	904	0.0935914690962	raw	3679
C	75	1	904	1.16977744829	norm	3679
T	76	1	4117	0.426234599855	raw	3679
T	76	1	4117	1.04660152691	norm	3679
A	76	1	3886	0.40231908065	raw	3679
A	76	1	3886	0.954146601209	norm	3679
G	76	1	937	0.0970079718397	raw	3679
G	76	1	937	1.06505142921	norm	3679
C	76	1	719	0.074438347655	raw	3679
C	76	1	719	0.930387151902	norm	3679
A	77	1	4015	0.415674500466	raw	3679
A	77	1	4015	0.985820536246	norm	3679
T	77	1	3904	0.404182627601	raw	3679
T	77	1	3904	0.992453816138	norm	3679
G	77	1	879	0.091003209442	raw	3679
G	77	1	879	0.999125086743	norm	3679
C	77	1	861	0.0891396624909	raw	3679
C	77	1	861	1.1141353794	norm	3679
A	78	1	3993	0.41339683197	raw	3679
A	78	1	3993	0.980418779883	norm	3679
T	78	1	3820	0.395486075163	raw	3679
T	78	1	3820	0.971099789357	norm	3679
G	78	1	952	0.0985609276323	raw	3679
G	78	1	952	1.08210134537	norm	3679
C	78	1	894	0.0925561652345	raw	3679
C	78	1	894	1.15683743227	norm	3679
A	79	1	4049	0.419194533596	raw	3679
A	79	1	4049	0.994168705171	norm	3679
T	79	1	3955	0.409462677296	raw	3679
T	79	1	3955	1.00541876097	norm	3679
G	79	1	929	0.0961797287504	raw	3679
G	79	1	929	1.0559581406	norm	3679
C	79	1	726	0.0751630603582	raw	3679
C	79	1	726	0.939445163116	norm	3679
T	80	1	4066	0.42095455016	raw	3679
T	80	1	4066	1.03363658207	norm	3679
A	80	1	4009	0.415053318149	raw	3679
A	80	1	4009	0.984347329965	norm	3679
G	80	1	847	0.0876902370846	raw	3679
G	80	1	847	0.962751932276	norm	3679
C	80	1	737	0.0763018946061	raw	3679
C	80	1	737	0.953679180739	norm	3679
A	81	1	3923	0.406149704938	raw	3679
A	81	1	3923	0.963231373274	norm	3679
T	81	1	3800	0.39341546744	raw	3679
T	81	1	3800	0.966015497266	norm	3679
G	81	1	1006	0.104151568485	raw	3679
G	81	1	1006	1.14348104353	norm	3679
C	81	1	930	0.0962832591366	raw	3679
C	81	1	930	1.20342148994	norm	3679
A	82	1	4201	0.434931152293	raw	3679
A	82	1	4201	1.03148993095	norm	3679
T	82	1	3704	0.383476550368	raw	3679
T	82	1	3704	0.94161089523	norm	3679
G	82	1	984	0.10187389999	raw	3679
G	82	1	984	1.11847449983	norm	3679
C	82	1	770	0.0797183973496	raw	3679
C	82	1	770	0.996381233608	norm	3679
A	83	1	4099	0.424371052904	raw	3679
A	83	1	4099	1.00644542418	norm	3679
T	83	1	3906	0.404389688374	raw	3679
T	83	1	3906	0.992962245347	norm	3679
G	83	1	844	0.0873796459261	raw	3679
G	83	1	844	0.959341949045	norm	3679
C	83	1	810	0.0838596127964	raw	3679
C	83	1	810	1.04814129769	norm	3679
T	84	1	3986	0.412672119267	raw	3679
T	84	1	3986	1.01329941371	norm	3679
A	84	1	3881	0.401801428719	raw	3679
A	84	1	3881	0.952918929308	norm	3679
G	84	1	934	0.0966973806812	raw	3679
G	84	1	934	1.06164144598	norm	3679
C	84	1	858	0.0888290713324	raw	3679
C	84	1	858	1.11025337459	norm	3679
A	85	1	4046	0.418883942437	raw	3679
A	85	1	4046	0.99343210203	norm	3679
T	85	1	3897	0.403457914898	raw	3679
T	85	1	3897	0.990674313907	norm	3679
G	85	1	952	0.0985609276323	raw	3679
G	85	1	952	1.08210134537	norm	3679
C	85	1	764	0.0790972150326	raw	3679
C	85	1	764	0.988617223996	norm	3679
A	86	1	4045	0.418780412051	raw	3679
A	86	1	4045	0.99318656765	norm	3679
T	86	1	3986	0.412672119267	raw	3679
T	86	1	3986	1.01329941371	norm	3679
G	86	1	830	0.0859302205197	raw	3679
G	86	1	830	0.943428693966	norm	3679
C	86	1	798	0.0826172481623	raw	3679
C	86	1	798	1.03261327847	norm	3679
A	87	1	4084	0.422818097112	raw	3679
A	87	1	4084	1.00276240848	norm	3679
T	87	1	3670	0.379956517238	raw	3679
T	87	1	3670	0.932967598675	norm	3679
G	87	1	1013	0.104876281189	raw	3679
G	87	1	1013	1.15143767107	norm	3679
C	87	1	892	0.0923491044622	raw	3679
C	87	1	892	1.15424942906	norm	3679
T	88	1	4106	0.425095765607	raw	3679
T	88	1	4106	1.04380516626	norm	3679
A	88	1	3876	0.401283776788	raw	3679
A	88	1	3876	0.951691257407	norm	3679
G	88	1	1020	0.105600993892	raw	3679
G	88	1	1020	1.15939429861	norm	3679
C	88	1	657	0.0680194637126	raw	3679
C	88	1	657	0.850159052572	norm	3679
T	89	1	4060	0.420333367843	raw	3679
T	89	1	4060	1.03211129445	norm	3679
A	89	1	3793	0.392690754737	raw	3679
A	89	1	3793	0.931311903856	norm	3679
C	89	1	903	0.09348793871	raw	3679
C	89	1	903	1.16848344669	norm	3679
G	89	1	903	0.09348793871	raw	3679
G	89	1	903	1.02640495259	norm	3679
T	90	1	4095	0.423956931359	raw	3679
T	90	1	4095	1.04100880561	norm	3679
A	90	1	3804	0.393829588984	raw	3679
A	90	1	3804	0.934012782037	norm	3679
G	90	1	889	0.0920385133037	raw	3679
G	90	1	889	1.01049169751	norm	3679
C	90	1	871	0.0901749663526	raw	3679
C	90	1	871	1.12707539542	norm	3679
A	91	1	4014	0.41557097008	raw	3679
A	91	1	4014	0.985575001866	norm	3679
T	91	1	3932	0.407081478414	raw	3679
T	91	1	3932	0.999571825066	norm	3679
G	91	1	1002	0.103737446941	raw	3679
G	91	1	1002	1.13893439922	norm	3679
C	91	1	711	0.0736101045657	raw	3679
C	91	1	711	0.920035139085	norm	3679
A	92	1	4058	0.420126307071	raw	3679
A	92	1	4058	0.996378514592	norm	3679
T	92	1	3908	0.404596749146	raw	3679
T	92	1	3908	0.993470674557	norm	3679
G	92	1	923	0.0955585464334	raw	3679
G	92	1	923	1.04913817413	norm	3679
C	92	1	770	0.0797183973496	raw	3679
C	92	1	770	0.996381233608	norm	3679
A	93	1	3975	0.411533285019	raw	3679
A	93	1	3975	0.975999161041	norm	3679
T	93	1	3802	0.393622528212	raw	3679
T	93	1	3802	0.966523926475	norm	3679
G	93	1	963	0.0996997618801	raw	3679
G	93	1	963	1.09460461722	norm	3679
C	93	1	919	0.0951444248887	raw	3679
C	93	1	919	1.18918747232	norm	3679
A	94	1	4028	0.417020395486	raw	3679
A	94	1	4028	0.989012483188	norm	3679
T	94	1	4006	0.41474272699	raw	3679
T	94	1	4006	1.0183837058	norm	3679
G	94	1	950	0.0983538668599	raw	3679
G	94	1	950	1.07982802321	norm	3679
C	94	1	675	0.0698830106636	raw	3679
C	94	1	675	0.87345108141	norm	3679
A	95	1	4171	0.431825240708	raw	3679
A	95	1	4171	1.02412389955	norm	3679
T	95	1	3809	0.394347240915	raw	3679
T	95	1	3809	0.968303428707	norm	3679
C	95	1	861	0.0891396624909	raw	3679
C	95	1	861	1.1141353794	norm	3679
G	95	1	818	0.0846878558857	raw	3679
G	95	1	818	0.929788761041	norm	3679
T	96	1	4074	0.42178279325	raw	3679
T	96	1	4074	1.03567029891	norm	3679
A	96	1	3715	0.384615384615	raw	3679
A	96	1	3715	0.912160222205	norm	3679
G	96	1	965	0.0999068226524	raw	3679
G	96	1	965	1.09687793937	norm	3679
C	96	1	905	0.0936949994823	raw	3679
C	96	1	905	1.17107144989	norm	3679
A	97	1	4087	0.42312868827	raw	3679
A	97	1	4087	1.00349901162	norm	3679
T	97	1	3848	0.398384925976	raw	3679
T	97	1	3848	0.978217798284	norm	3679
C	97	1	888	0.0919349829175	raw	3679
C	97	1	888	1.14907342265	norm	3679
G	97	1	836	0.0865514028367	raw	3679
G	97	1	836	0.950248660429	norm	3679
T	98	1	4094	0.423853400973	raw	3679
T	98	1	4094	1.040754591	norm	3679
A	98	1	3955	0.409462677296	raw	3679
A	98	1	3955	0.971088473438	norm	3679
G	98	1	845	0.0874831763122	raw	3679
G	98	1	845	0.960478610122	norm	3679
C	98	1	765	0.0792007454188	raw	3679
C	98	1	765	0.989911225598	norm	3679
A	99	1	4037	0.417952168962	raw	3679
A	99	1	4037	0.991222292609	norm	3679
T	99	1	3749	0.388135417745	raw	3679
T	99	1	3749	0.953050552434	norm	3679
C	99	1	963	0.0996997618801	raw	3679
C	99	1	963	1.24612354281	norm	3679
G	99	1	910	0.0942126514132	raw	3679
G	99	1	910	1.03436158013	norm	3679
T	100	1	4118	0.426338130241	raw	3679
T	100	1	4118	1.04685574151	norm	3679
A	100	1	3837	0.397246091728	raw	3679
A	100	1	3837	0.942115416582	norm	3679
G	100	1	899	0.0930738171653	raw	3679
G	100	1	899	1.02185830828	norm	3679
C	100	1	805	0.0833419608655	raw	3679
C	100	1	805	1.04167128968	norm	3679
