#nuc	offset	region.size	count	freq	norm.freq	total.sites
T	-100	1	130	0.306603773585	raw	378
T	-100	1	130	0.993163889823	norm	378
A	-100	1	118	0.278301886792	raw	378
A	-100	1	118	0.898331605455	norm	378
C	-100	1	94	0.221698113208	raw	378
C	-100	1	94	1.1613720199	norm	378
G	-100	1	82	0.193396226415	raw	378
G	-100	1	82	1.01470297551	norm	378
T	-99	1	139	0.327830188679	raw	378
T	-99	1	139	1.06192138989	norm	378
A	-99	1	137	0.323113207547	raw	378
A	-99	1	137	1.04297821989	norm	378
G	-99	1	75	0.176886792453	raw	378
G	-99	1	75	0.928081989797	norm	378
C	-99	1	73	0.172169811321	raw	378
C	-99	1	73	0.901916568644	norm	378
T	-98	1	134	0.316037735849	raw	378
T	-98	1	134	1.02372277874	norm	378
A	-98	1	129	0.304245283019	raw	378
A	-98	1	129	0.982074382234	norm	378
G	-98	1	82	0.193396226415	raw	378
G	-98	1	82	1.01470297551	norm	378
C	-98	1	79	0.186320754717	raw	378
C	-98	1	79	0.976046697573	norm	378
T	-97	1	140	0.330188679245	raw	378
T	-97	1	140	1.06956111212	norm	378
A	-97	1	131	0.308962264151	raw	378
A	-97	1	131	0.997300341649	norm	378
G	-97	1	77	0.181603773585	raw	378
G	-97	1	77	0.952830842858	norm	378
C	-97	1	76	0.179245283019	raw	378
C	-97	1	76	0.938981633109	norm	378
A	-96	1	130	0.306603773585	raw	378
A	-96	1	130	0.989687361941	norm	378
T	-96	1	125	0.294811320755	raw	378
T	-96	1	125	0.954965278676	norm	378
C	-96	1	87	0.205188679245	raw	378
C	-96	1	87	1.07488686948	norm	378
G	-96	1	82	0.193396226415	raw	378
G	-96	1	82	1.01470297551	norm	378
T	-95	1	138	0.325471698113	raw	378
T	-95	1	138	1.05428166766	norm	378
A	-95	1	133	0.313679245283	raw	378
A	-95	1	133	1.01252630106	norm	378
C	-95	1	88	0.207547169811	raw	378
C	-95	1	88	1.08724189097	norm	378
G	-95	1	65	0.153301886792	raw	378
G	-95	1	65	0.804337724491	norm	378
T	-94	1	140	0.330188679245	raw	378
T	-94	1	140	1.06956111212	norm	378
A	-94	1	130	0.306603773585	raw	378
A	-94	1	130	0.989687361941	norm	378
C	-94	1	86	0.202830188679	raw	378
C	-94	1	86	1.06253184799	norm	378
G	-94	1	68	0.160377358491	raw	378
G	-94	1	68	0.841461004083	norm	378
A	-93	1	138	0.325471698113	raw	378
A	-93	1	138	1.0505911996	norm	378
T	-93	1	114	0.268867924528	raw	378
T	-93	1	114	0.870928334152	norm	378
C	-93	1	87	0.205188679245	raw	378
C	-93	1	87	1.07488686948	norm	378
G	-93	1	85	0.200471698113	raw	378
G	-93	1	85	1.0518262551	norm	378
A	-92	1	142	0.335697399527	raw	378
A	-92	1	142	1.08359877592	norm	378
T	-92	1	121	0.286052009456	raw	378
T	-92	1	121	0.926591747654	norm	378
C	-92	1	81	0.191489361702	raw	378
C	-92	1	81	1.00312259573	norm	378
G	-92	1	79	0.186761229314	raw	378
G	-92	1	79	0.97989075903	norm	378
A	-91	1	149	0.35141509434	raw	378
A	-91	1	149	1.13433397638	norm	378
T	-91	1	121	0.285377358491	raw	378
T	-91	1	121	0.924406389758	norm	378
G	-91	1	88	0.207547169811	raw	378
G	-91	1	88	1.0889495347	norm	378
C	-91	1	66	0.155660377358	raw	378
C	-91	1	66	0.815431418226	norm	378
T	-90	1	139	0.327830188679	raw	378
T	-90	1	139	1.06192138989	norm	378
A	-90	1	131	0.308962264151	raw	378
A	-90	1	131	0.997300341649	norm	378
C	-90	1	79	0.186320754717	raw	378
C	-90	1	79	0.976046697573	norm	378
G	-90	1	75	0.176886792453	raw	378
G	-90	1	75	0.928081989797	norm	378
T	-89	1	144	0.339622641509	raw	378
T	-89	1	144	1.10012000103	norm	378
A	-89	1	126	0.297169811321	raw	378
A	-89	1	126	0.959235443112	norm	378
G	-89	1	78	0.183962264151	raw	378
G	-89	1	78	0.965205269389	norm	378
C	-89	1	76	0.179245283019	raw	378
C	-89	1	76	0.938981633109	norm	378
A	-88	1	145	0.341981132075	raw	378
A	-88	1	145	1.10388205755	norm	378
T	-88	1	144	0.339622641509	raw	378
T	-88	1	144	1.10012000103	norm	378
C	-88	1	68	0.160377358491	raw	378
C	-88	1	68	0.840141461202	norm	378
G	-88	1	67	0.158018867925	raw	378
G	-88	1	67	0.829086577552	norm	378
A	-87	1	143	0.337264150943	raw	378
A	-87	1	143	1.08865609814	norm	378
T	-87	1	133	0.313679245283	raw	378
T	-87	1	133	1.01608305651	norm	378
G	-87	1	78	0.183962264151	raw	378
G	-87	1	78	0.965205269389	norm	378
C	-87	1	70	0.165094339623	raw	378
C	-87	1	70	0.864851504179	norm	378
A	-86	1	131	0.308962264151	raw	378
A	-86	1	131	0.997300341649	norm	378
T	-86	1	115	0.271226415094	raw	378
T	-86	1	115	0.878568056382	norm	378
C	-86	1	97	0.228773584906	raw	378
C	-86	1	97	1.19843708436	norm	378
G	-86	1	81	0.191037735849	raw	378
G	-86	1	81	1.00232854898	norm	378
A	-85	1	133	0.313679245283	raw	378
A	-85	1	133	1.01252630106	norm	378
T	-85	1	126	0.297169811321	raw	378
T	-85	1	126	0.962605000905	norm	378
C	-85	1	83	0.195754716981	raw	378
C	-85	1	83	1.02546678353	norm	378
G	-85	1	82	0.193396226415	raw	378
G	-85	1	82	1.01470297551	norm	378
A	-84	1	140	0.330188679245	raw	378
A	-84	1	140	1.06581715901	norm	378
T	-84	1	110	0.259433962264	raw	378
T	-84	1	110	0.840369445235	norm	378
C	-84	1	89	0.209905660377	raw	378
C	-84	1	89	1.09959691246	norm	378
G	-84	1	85	0.200471698113	raw	378
G	-84	1	85	1.0518262551	norm	378
T	-83	1	142	0.334905660377	raw	378
T	-83	1	142	1.08484055658	norm	378
A	-83	1	133	0.313679245283	raw	378
A	-83	1	133	1.01252630106	norm	378
G	-83	1	77	0.181603773585	raw	378
G	-83	1	77	0.952830842858	norm	378
C	-83	1	72	0.169811320755	raw	378
C	-83	1	72	0.889561547156	norm	378
T	-82	1	139	0.327830188679	raw	378
T	-82	1	139	1.06192138989	norm	378
A	-82	1	126	0.297169811321	raw	378
A	-82	1	126	0.959235443112	norm	378
C	-82	1	87	0.205188679245	raw	378
C	-82	1	87	1.07488686948	norm	378
G	-82	1	72	0.169811320755	raw	378
G	-82	1	72	0.890958710205	norm	378
T	-81	1	147	0.346698113208	raw	378
T	-81	1	147	1.12303916772	norm	378
A	-81	1	121	0.285377358491	raw	378
A	-81	1	121	0.921170544576	norm	378
C	-81	1	81	0.191037735849	raw	378
C	-81	1	81	1.00075674055	norm	378
G	-81	1	75	0.176886792453	raw	378
G	-81	1	75	0.928081989797	norm	378
T	-80	1	139	0.327830188679	raw	378
T	-80	1	139	1.06192138989	norm	378
A	-80	1	138	0.325471698113	raw	378
A	-80	1	138	1.0505911996	norm	378
G	-80	1	77	0.181603773585	raw	378
G	-80	1	77	0.952830842858	norm	378
C	-80	1	70	0.165094339623	raw	378
C	-80	1	70	0.864851504179	norm	378
T	-79	1	135	0.318396226415	raw	378
T	-79	1	135	1.03136250097	norm	378
A	-79	1	130	0.306603773585	raw	378
A	-79	1	130	0.989687361941	norm	378
C	-79	1	83	0.195754716981	raw	378
C	-79	1	83	1.02546678353	norm	378
G	-79	1	76	0.179245283019	raw	378
G	-79	1	76	0.940456416328	norm	378
A	-78	1	132	0.311320754717	raw	378
A	-78	1	132	1.00491332136	norm	378
T	-78	1	126	0.297169811321	raw	378
T	-78	1	126	0.962605000905	norm	378
G	-78	1	87	0.205188679245	raw	378
G	-78	1	87	1.07657510816	norm	378
C	-78	1	79	0.186320754717	raw	378
C	-78	1	79	0.976046697573	norm	378
A	-77	1	137	0.323113207547	raw	378
A	-77	1	137	1.04297821989	norm	378
T	-77	1	123	0.290094339623	raw	378
T	-77	1	123	0.939685834217	norm	378
G	-77	1	83	0.195754716981	raw	378
G	-77	1	83	1.02707740204	norm	378
C	-77	1	81	0.191037735849	raw	378
C	-77	1	81	1.00075674055	norm	378
A	-76	1	138	0.325471698113	raw	378
A	-76	1	138	1.0505911996	norm	378
T	-76	1	128	0.301886792453	raw	378
T	-76	1	128	0.977884445364	norm	378
C	-76	1	81	0.191037735849	raw	378
C	-76	1	81	1.00075674055	norm	378
G	-76	1	77	0.181603773585	raw	378
G	-76	1	77	0.952830842858	norm	378
A	-75	1	144	0.339622641509	raw	378
A	-75	1	144	1.09626907784	norm	378
T	-75	1	133	0.313679245283	raw	378
T	-75	1	133	1.01608305651	norm	378
C	-75	1	87	0.205188679245	raw	378
C	-75	1	87	1.07488686948	norm	378
G	-75	1	60	0.141509433962	raw	378
G	-75	1	60	0.742465591838	norm	378
T	-74	1	147	0.346698113208	raw	378
T	-74	1	147	1.12303916772	norm	378
A	-74	1	134	0.316037735849	raw	378
A	-74	1	134	1.02013928077	norm	378
G	-74	1	76	0.179245283019	raw	378
G	-74	1	76	0.940456416328	norm	378
C	-74	1	67	0.158018867925	raw	378
C	-74	1	67	0.827786439714	norm	378
T	-73	1	143	0.337264150943	raw	378
T	-73	1	143	1.09248027881	norm	378
A	-73	1	131	0.308962264151	raw	378
A	-73	1	131	0.997300341649	norm	378
G	-73	1	78	0.183962264151	raw	378
G	-73	1	78	0.965205269389	norm	378
C	-73	1	72	0.169811320755	raw	378
C	-73	1	72	0.889561547156	norm	378
A	-72	1	145	0.341981132075	raw	378
A	-72	1	145	1.10388205755	norm	378
T	-72	1	118	0.278301886792	raw	378
T	-72	1	118	0.90148722307	norm	378
C	-72	1	84	0.198113207547	raw	378
C	-72	1	84	1.03782180501	norm	378
G	-72	1	77	0.181603773585	raw	378
G	-72	1	77	0.952830842858	norm	378
A	-71	1	131	0.308962264151	raw	378
A	-71	1	131	0.997300341649	norm	378
T	-71	1	128	0.301886792453	raw	378
T	-71	1	128	0.977884445364	norm	378
C	-71	1	86	0.202830188679	raw	378
C	-71	1	86	1.06253184799	norm	378
G	-71	1	79	0.186320754717	raw	378
G	-71	1	79	0.977579695919	norm	378
T	-70	1	137	0.323113207547	raw	378
T	-70	1	137	1.04664194543	norm	378
A	-70	1	131	0.308962264151	raw	378
A	-70	1	131	0.997300341649	norm	378
C	-70	1	78	0.183962264151	raw	378
C	-70	1	78	0.963691676085	norm	378
G	-70	1	78	0.183962264151	raw	378
G	-70	1	78	0.965205269389	norm	378
A	-69	1	135	0.318396226415	raw	378
A	-69	1	135	1.02775226048	norm	378
T	-69	1	123	0.290094339623	raw	378
T	-69	1	123	0.939685834217	norm	378
C	-69	1	85	0.200471698113	raw	378
C	-69	1	85	1.0501768265	norm	378
G	-69	1	81	0.191037735849	raw	378
G	-69	1	81	1.00232854898	norm	378
A	-68	1	128	0.301886792453	raw	378
A	-68	1	128	0.974461402527	norm	378
T	-68	1	125	0.294811320755	raw	378
T	-68	1	125	0.954965278676	norm	378
C	-68	1	104	0.245283018868	raw	378
C	-68	1	104	1.28492223478	norm	378
G	-68	1	67	0.158018867925	raw	378
G	-68	1	67	0.829086577552	norm	378
A	-67	1	138	0.325471698113	raw	378
A	-67	1	138	1.0505911996	norm	378
T	-67	1	131	0.308962264151	raw	378
T	-67	1	131	1.00080361205	norm	378
G	-67	1	83	0.195754716981	raw	378
G	-67	1	83	1.02707740204	norm	378
C	-67	1	72	0.169811320755	raw	378
C	-67	1	72	0.889561547156	norm	378
A	-66	1	144	0.339622641509	raw	378
A	-66	1	144	1.09626907784	norm	378
T	-66	1	112	0.264150943396	raw	378
T	-66	1	112	0.855648889694	norm	378
C	-66	1	90	0.212264150943	raw	378
C	-66	1	90	1.11195193394	norm	378
G	-66	1	78	0.183962264151	raw	378
G	-66	1	78	0.965205269389	norm	378
A	-65	1	157	0.370283018868	raw	378
A	-65	1	157	1.19523781404	norm	378
T	-65	1	133	0.313679245283	raw	378
T	-65	1	133	1.01608305651	norm	378
C	-65	1	68	0.160377358491	raw	378
C	-65	1	68	0.840141461202	norm	378
G	-65	1	66	0.155660377358	raw	378
G	-65	1	66	0.816712151021	norm	378
A	-64	1	133	0.313679245283	raw	378
A	-64	1	133	1.01252630106	norm	378
T	-64	1	124	0.292452830189	raw	378
T	-64	1	124	0.947325556446	norm	378
G	-64	1	92	0.216981132075	raw	378
G	-64	1	92	1.13844724082	norm	378
C	-64	1	75	0.176886792453	raw	378
C	-64	1	75	0.92662661162	norm	378
T	-63	1	148	0.349056603774	raw	378
T	-63	1	148	1.13067888995	norm	378
A	-63	1	131	0.308962264151	raw	378
A	-63	1	131	0.997300341649	norm	378
C	-63	1	80	0.188679245283	raw	378
C	-63	1	80	0.988401719062	norm	378
G	-63	1	65	0.153301886792	raw	378
G	-63	1	65	0.804337724491	norm	378
A	-62	1	141	0.332547169811	raw	378
A	-62	1	141	1.07343013872	norm	378
T	-62	1	118	0.278301886792	raw	378
T	-62	1	118	0.90148722307	norm	378
G	-62	1	89	0.209905660377	raw	378
G	-62	1	89	1.10132396123	norm	378
C	-62	1	76	0.179245283019	raw	378
C	-62	1	76	0.938981633109	norm	378
A	-61	1	141	0.332547169811	raw	378
A	-61	1	141	1.07343013872	norm	378
T	-61	1	138	0.325471698113	raw	378
T	-61	1	138	1.05428166766	norm	378
G	-61	1	82	0.193396226415	raw	378
G	-61	1	82	1.01470297551	norm	378
C	-61	1	63	0.14858490566	raw	378
C	-61	1	63	0.778366353761	norm	378
A	-60	1	143	0.337264150943	raw	378
A	-60	1	143	1.08865609814	norm	378
T	-60	1	115	0.271226415094	raw	378
T	-60	1	115	0.878568056382	norm	378
C	-60	1	87	0.205188679245	raw	378
C	-60	1	87	1.07488686948	norm	378
G	-60	1	79	0.186320754717	raw	378
G	-60	1	79	0.977579695919	norm	378
A	-59	1	144	0.339622641509	raw	378
A	-59	1	144	1.09626907784	norm	378
T	-59	1	144	0.339622641509	raw	378
T	-59	1	144	1.10012000103	norm	378
C	-59	1	68	0.160377358491	raw	378
C	-59	1	68	0.840141461202	norm	378
G	-59	1	68	0.160377358491	raw	378
G	-59	1	68	0.841461004083	norm	378
T	-58	1	148	0.349056603774	raw	378
T	-58	1	148	1.13067888995	norm	378
A	-58	1	127	0.299528301887	raw	378
A	-58	1	127	0.96684842282	norm	378
G	-58	1	76	0.179245283019	raw	378
G	-58	1	76	0.940456416328	norm	378
C	-58	1	73	0.172169811321	raw	378
C	-58	1	73	0.901916568644	norm	378
T	-57	1	127	0.299528301887	raw	378
T	-57	1	127	0.970244723135	norm	378
A	-57	1	119	0.280660377358	raw	378
A	-57	1	119	0.905944585162	norm	378
G	-57	1	112	0.264150943396	raw	378
G	-57	1	112	1.38593577143	norm	378
C	-57	1	66	0.155660377358	raw	378
C	-57	1	66	0.815431418226	norm	378
A	-56	1	134	0.316037735849	raw	378
A	-56	1	134	1.02013928077	norm	378
T	-56	1	127	0.299528301887	raw	378
T	-56	1	127	0.970244723135	norm	378
C	-56	1	93	0.219339622642	raw	378
C	-56	1	93	1.14901699841	norm	378
G	-56	1	70	0.165094339623	raw	378
G	-56	1	70	0.866209857144	norm	378
T	-55	1	133	0.313679245283	raw	378
T	-55	1	133	1.01608305651	norm	378
A	-55	1	124	0.292452830189	raw	378
A	-55	1	124	0.944009483698	norm	378
C	-55	1	93	0.219339622642	raw	378
C	-55	1	93	1.14901699841	norm	378
G	-55	1	74	0.174528301887	raw	378
G	-55	1	74	0.915707563266	norm	378
T	-54	1	141	0.332547169811	raw	378
T	-54	1	141	1.07720083435	norm	378
A	-54	1	115	0.271226415094	raw	378
A	-54	1	115	0.875492666333	norm	378
C	-54	1	101	0.23820754717	raw	378
C	-54	1	101	1.24785717032	norm	378
G	-54	1	67	0.158018867925	raw	378
G	-54	1	67	0.829086577552	norm	378
A	-53	1	141	0.332547169811	raw	378
A	-53	1	141	1.07343013872	norm	378
T	-53	1	137	0.323113207547	raw	378
T	-53	1	137	1.04664194543	norm	378
G	-53	1	83	0.195754716981	raw	378
G	-53	1	83	1.02707740204	norm	378
C	-53	1	63	0.14858490566	raw	378
C	-53	1	63	0.778366353761	norm	378
T	-52	1	134	0.316037735849	raw	378
T	-52	1	134	1.02372277874	norm	378
A	-52	1	118	0.278301886792	raw	378
A	-52	1	118	0.898331605455	norm	378
C	-52	1	91	0.214622641509	raw	378
C	-52	1	91	1.12430695543	norm	378
G	-52	1	81	0.191037735849	raw	378
G	-52	1	81	1.00232854898	norm	378
A	-51	1	127	0.299528301887	raw	378
A	-51	1	127	0.96684842282	norm	378
T	-51	1	114	0.268867924528	raw	378
T	-51	1	114	0.870928334152	norm	378
G	-51	1	111	0.26179245283	raw	378
G	-51	1	111	1.3735613449	norm	378
C	-51	1	72	0.169811320755	raw	378
C	-51	1	72	0.889561547156	norm	378
A	-50	1	154	0.36320754717	raw	378
A	-50	1	154	1.17239887492	norm	378
T	-50	1	114	0.268867924528	raw	378
T	-50	1	114	0.870928334152	norm	378
C	-50	1	79	0.186320754717	raw	378
C	-50	1	79	0.976046697573	norm	378
G	-50	1	77	0.181603773585	raw	378
G	-50	1	77	0.952830842858	norm	378
A	-49	1	132	0.311320754717	raw	378
A	-49	1	132	1.00491332136	norm	378
T	-49	1	116	0.27358490566	raw	378
T	-49	1	116	0.886207778611	norm	378
G	-49	1	99	0.233490566038	raw	378
G	-49	1	99	1.22506822653	norm	378
C	-49	1	77	0.181603773585	raw	378
C	-49	1	77	0.951336654597	norm	378
T	-48	1	142	0.334905660377	raw	378
T	-48	1	142	1.08484055658	norm	378
A	-48	1	133	0.313679245283	raw	378
A	-48	1	133	1.01252630106	norm	378
C	-48	1	75	0.176886792453	raw	378
C	-48	1	75	0.92662661162	norm	378
G	-48	1	74	0.174528301887	raw	378
G	-48	1	74	0.915707563266	norm	378
T	-47	1	140	0.330188679245	raw	378
T	-47	1	140	1.06956111212	norm	378
A	-47	1	118	0.278301886792	raw	378
A	-47	1	118	0.898331605455	norm	378
G	-47	1	97	0.228773584906	raw	378
G	-47	1	97	1.20031937347	norm	378
C	-47	1	69	0.162735849057	raw	378
C	-47	1	69	0.852496482691	norm	378
T	-46	1	150	0.353773584906	raw	378
T	-46	1	150	1.14595833441	norm	378
A	-46	1	126	0.297169811321	raw	378
A	-46	1	126	0.959235443112	norm	378
C	-46	1	86	0.202830188679	raw	378
C	-46	1	86	1.06253184799	norm	378
G	-46	1	62	0.146226415094	raw	378
G	-46	1	62	0.767214444899	norm	378
A	-45	1	137	0.323113207547	raw	378
A	-45	1	137	1.04297821989	norm	378
T	-45	1	126	0.297169811321	raw	378
T	-45	1	126	0.962605000905	norm	378
G	-45	1	83	0.195754716981	raw	378
G	-45	1	83	1.02707740204	norm	378
C	-45	1	78	0.183962264151	raw	378
C	-45	1	78	0.963691676085	norm	378
T	-44	1	136	0.320754716981	raw	378
T	-44	1	136	1.0390022232	norm	378
A	-44	1	121	0.285377358491	raw	378
A	-44	1	121	0.921170544576	norm	378
G	-44	1	89	0.209905660377	raw	378
G	-44	1	89	1.10132396123	norm	378
C	-44	1	78	0.183962264151	raw	378
C	-44	1	78	0.963691676085	norm	378
T	-43	1	146	0.344339622642	raw	378
T	-43	1	146	1.11539944549	norm	378
A	-43	1	121	0.285377358491	raw	378
A	-43	1	121	0.921170544576	norm	378
G	-43	1	89	0.209905660377	raw	378
G	-43	1	89	1.10132396123	norm	378
C	-43	1	68	0.160377358491	raw	378
C	-43	1	68	0.840141461202	norm	378
A	-42	1	129	0.304245283019	raw	378
A	-42	1	129	0.982074382234	norm	378
T	-42	1	127	0.299528301887	raw	378
T	-42	1	127	0.970244723135	norm	378
C	-42	1	95	0.224056603774	raw	378
C	-42	1	95	1.17372704139	norm	378
G	-42	1	73	0.172169811321	raw	378
G	-42	1	73	0.903333136736	norm	378
T	-41	1	148	0.349056603774	raw	378
T	-41	1	148	1.13067888995	norm	378
A	-41	1	131	0.308962264151	raw	378
A	-41	1	131	0.997300341649	norm	378
C	-41	1	73	0.172169811321	raw	378
C	-41	1	73	0.901916568644	norm	378
G	-41	1	72	0.169811320755	raw	378
G	-41	1	72	0.890958710205	norm	378
A	-40	1	143	0.337264150943	raw	378
A	-40	1	143	1.08865609814	norm	378
T	-40	1	127	0.299528301887	raw	378
T	-40	1	127	0.970244723135	norm	378
C	-40	1	81	0.191037735849	raw	378
C	-40	1	81	1.00075674055	norm	378
G	-40	1	73	0.172169811321	raw	378
G	-40	1	73	0.903333136736	norm	378
T	-39	1	139	0.327830188679	raw	378
T	-39	1	139	1.06192138989	norm	378
A	-39	1	132	0.311320754717	raw	378
A	-39	1	132	1.00491332136	norm	378
G	-39	1	98	0.231132075472	raw	378
G	-39	1	98	1.2126938	norm	378
C	-39	1	55	0.129716981132	raw	378
C	-39	1	55	0.679526181855	norm	378
A	-38	1	139	0.327830188679	raw	378
A	-38	1	139	1.05820417931	norm	378
T	-38	1	127	0.299528301887	raw	378
T	-38	1	127	0.970244723135	norm	378
G	-38	1	88	0.207547169811	raw	378
G	-38	1	88	1.0889495347	norm	378
C	-38	1	70	0.165094339623	raw	378
C	-38	1	70	0.864851504179	norm	378
T	-37	1	153	0.360849056604	raw	378
T	-37	1	153	1.1688775011	norm	378
A	-37	1	106	0.25	raw	378
A	-37	1	106	0.806975848968	norm	378
C	-37	1	92	0.216981132075	raw	378
C	-37	1	92	1.13666197692	norm	378
G	-37	1	73	0.172169811321	raw	378
G	-37	1	73	0.903333136736	norm	378
T	-36	1	141	0.332547169811	raw	378
T	-36	1	141	1.07720083435	norm	378
A	-36	1	123	0.290094339623	raw	378
A	-36	1	123	0.936396503991	norm	378
C	-36	1	84	0.198113207547	raw	378
C	-36	1	84	1.03782180501	norm	378
G	-36	1	76	0.179245283019	raw	378
G	-36	1	76	0.940456416328	norm	378
A	-35	1	123	0.290094339623	raw	378
A	-35	1	123	0.936396503991	norm	378
T	-35	1	110	0.259433962264	raw	378
T	-35	1	110	0.840369445235	norm	378
G	-35	1	106	0.25	raw	378
G	-35	1	106	1.31168921225	norm	378
C	-35	1	85	0.200471698113	raw	378
C	-35	1	85	1.0501768265	norm	378
A	-34	1	129	0.304245283019	raw	378
A	-34	1	129	0.982074382234	norm	378
T	-34	1	120	0.283018867925	raw	378
T	-34	1	120	0.916766667529	norm	378
G	-34	1	89	0.209905660377	raw	378
G	-34	1	89	1.10132396123	norm	378
C	-34	1	86	0.202830188679	raw	378
C	-34	1	86	1.06253184799	norm	378
A	-33	1	145	0.341981132075	raw	378
A	-33	1	145	1.10388205755	norm	378
T	-33	1	119	0.280660377358	raw	378
T	-33	1	119	0.909126945299	norm	378
C	-33	1	84	0.198113207547	raw	378
C	-33	1	84	1.03782180501	norm	378
G	-33	1	76	0.179245283019	raw	378
G	-33	1	76	0.940456416328	norm	378
A	-32	1	137	0.323113207547	raw	378
A	-32	1	137	1.04297821989	norm	378
T	-32	1	131	0.308962264151	raw	378
T	-32	1	131	1.00080361205	norm	378
G	-32	1	80	0.188679245283	raw	378
G	-32	1	80	0.98995412245	norm	378
C	-32	1	76	0.179245283019	raw	378
C	-32	1	76	0.938981633109	norm	378
T	-31	1	132	0.311320754717	raw	378
T	-31	1	132	1.00844333428	norm	378
A	-31	1	128	0.301886792453	raw	378
A	-31	1	128	0.974461402527	norm	378
C	-31	1	90	0.212264150943	raw	378
C	-31	1	90	1.11195193394	norm	378
G	-31	1	74	0.174528301887	raw	378
G	-31	1	74	0.915707563266	norm	378
A	-30	1	144	0.339622641509	raw	378
A	-30	1	144	1.09626907784	norm	378
T	-30	1	137	0.323113207547	raw	378
T	-30	1	137	1.04664194543	norm	378
C	-30	1	81	0.191037735849	raw	378
C	-30	1	81	1.00075674055	norm	378
G	-30	1	62	0.146226415094	raw	378
G	-30	1	62	0.767214444899	norm	378
A	-29	1	136	0.320754716981	raw	378
A	-29	1	136	1.03536524018	norm	378
T	-29	1	132	0.311320754717	raw	378
T	-29	1	132	1.00844333428	norm	378
G	-29	1	83	0.195754716981	raw	378
G	-29	1	83	1.02707740204	norm	378
C	-29	1	73	0.172169811321	raw	378
C	-29	1	73	0.901916568644	norm	378
A	-28	1	136	0.320754716981	raw	378
A	-28	1	136	1.03536524018	norm	378
T	-28	1	125	0.294811320755	raw	378
T	-28	1	125	0.954965278676	norm	378
C	-28	1	84	0.198113207547	raw	378
C	-28	1	84	1.03782180501	norm	378
G	-28	1	79	0.186320754717	raw	378
G	-28	1	79	0.977579695919	norm	378
T	-27	1	128	0.301886792453	raw	378
T	-27	1	128	0.977884445364	norm	378
A	-27	1	120	0.283018867925	raw	378
A	-27	1	120	0.913557564869	norm	378
G	-27	1	106	0.25	raw	378
G	-27	1	106	1.31168921225	norm	378
C	-27	1	70	0.165094339623	raw	378
C	-27	1	70	0.864851504179	norm	378
T	-26	1	143	0.337264150943	raw	378
T	-26	1	143	1.09248027881	norm	378
A	-26	1	115	0.271226415094	raw	378
A	-26	1	115	0.875492666333	norm	378
G	-26	1	89	0.209905660377	raw	378
G	-26	1	89	1.10132396123	norm	378
C	-26	1	77	0.181603773585	raw	378
C	-26	1	77	0.951336654597	norm	378
T	-25	1	140	0.330188679245	raw	378
T	-25	1	140	1.06956111212	norm	378
A	-25	1	139	0.327830188679	raw	378
A	-25	1	139	1.05820417931	norm	378
G	-25	1	74	0.174528301887	raw	378
G	-25	1	74	0.915707563266	norm	378
C	-25	1	71	0.167452830189	raw	378
C	-25	1	71	0.877206525667	norm	378
A	-24	1	138	0.325471698113	raw	378
A	-24	1	138	1.0505911996	norm	378
T	-24	1	112	0.264150943396	raw	378
T	-24	1	112	0.855648889694	norm	378
C	-24	1	94	0.221698113208	raw	378
C	-24	1	94	1.1613720199	norm	378
G	-24	1	80	0.188679245283	raw	378
G	-24	1	80	0.98995412245	norm	378
A	-23	1	136	0.320754716981	raw	378
A	-23	1	136	1.03536524018	norm	378
T	-23	1	118	0.278301886792	raw	378
T	-23	1	118	0.90148722307	norm	378
C	-23	1	93	0.219339622642	raw	378
C	-23	1	93	1.14901699841	norm	378
G	-23	1	77	0.181603773585	raw	378
G	-23	1	77	0.952830842858	norm	378
T	-22	1	126	0.297169811321	raw	378
T	-22	1	126	0.962605000905	norm	378
A	-22	1	121	0.285377358491	raw	378
A	-22	1	121	0.921170544576	norm	378
C	-22	1	89	0.209905660377	raw	378
C	-22	1	89	1.09959691246	norm	378
G	-22	1	88	0.207547169811	raw	378
G	-22	1	88	1.0889495347	norm	378
A	-21	1	121	0.285377358491	raw	378
A	-21	1	121	0.921170544576	norm	378
T	-21	1	121	0.285377358491	raw	378
T	-21	1	121	0.924406389758	norm	378
C	-21	1	104	0.245283018868	raw	378
C	-21	1	104	1.28492223478	norm	378
G	-21	1	78	0.183962264151	raw	378
G	-21	1	78	0.965205269389	norm	378
A	-20	1	135	0.318396226415	raw	378
A	-20	1	135	1.02775226048	norm	378
T	-20	1	134	0.316037735849	raw	378
T	-20	1	134	1.02372277874	norm	378
G	-20	1	83	0.195754716981	raw	378
G	-20	1	83	1.02707740204	norm	378
C	-20	1	72	0.169811320755	raw	378
C	-20	1	72	0.889561547156	norm	378
A	-19	1	134	0.316037735849	raw	378
A	-19	1	134	1.02013928077	norm	378
T	-19	1	130	0.306603773585	raw	378
T	-19	1	130	0.993163889823	norm	378
G	-19	1	84	0.198113207547	raw	378
G	-19	1	84	1.03945182857	norm	378
C	-19	1	76	0.179245283019	raw	378
C	-19	1	76	0.938981633109	norm	378
A	-18	1	129	0.304245283019	raw	378
A	-18	1	129	0.982074382234	norm	378
T	-18	1	122	0.287735849057	raw	378
T	-18	1	122	0.932046111988	norm	378
G	-18	1	91	0.214622641509	raw	378
G	-18	1	91	1.12607281429	norm	378
C	-18	1	82	0.193396226415	raw	378
C	-18	1	82	1.01311176204	norm	378
T	-17	1	132	0.311320754717	raw	378
T	-17	1	132	1.00844333428	norm	378
A	-17	1	122	0.287735849057	raw	378
A	-17	1	122	0.928783524283	norm	378
C	-17	1	86	0.202830188679	raw	378
C	-17	1	86	1.06253184799	norm	378
G	-17	1	84	0.198113207547	raw	378
G	-17	1	84	1.03945182857	norm	378
A	-16	1	138	0.325471698113	raw	378
A	-16	1	138	1.0505911996	norm	378
T	-16	1	114	0.268867924528	raw	378
T	-16	1	114	0.870928334152	norm	378
C	-16	1	87	0.205188679245	raw	378
C	-16	1	87	1.07488686948	norm	378
G	-16	1	85	0.200471698113	raw	378
G	-16	1	85	1.0518262551	norm	378
A	-15	1	139	0.327830188679	raw	378
A	-15	1	139	1.05820417931	norm	378
T	-15	1	133	0.313679245283	raw	378
T	-15	1	133	1.01608305651	norm	378
C	-15	1	82	0.193396226415	raw	378
C	-15	1	82	1.01311176204	norm	378
G	-15	1	70	0.165094339623	raw	378
G	-15	1	70	0.866209857144	norm	378
A	-14	1	148	0.349056603774	raw	378
A	-14	1	148	1.12672099667	norm	378
T	-14	1	114	0.268867924528	raw	378
T	-14	1	114	0.870928334152	norm	378
C	-14	1	87	0.205188679245	raw	378
C	-14	1	87	1.07488686948	norm	378
G	-14	1	75	0.176886792453	raw	378
G	-14	1	75	0.928081989797	norm	378
T	-13	1	146	0.344339622642	raw	378
T	-13	1	146	1.11539944549	norm	378
A	-13	1	137	0.323113207547	raw	378
A	-13	1	137	1.04297821989	norm	378
C	-13	1	72	0.169811320755	raw	378
C	-13	1	72	0.889561547156	norm	378
G	-13	1	69	0.162735849057	raw	378
G	-13	1	69	0.853835430613	norm	378
T	-12	1	156	0.367924528302	raw	378
T	-12	1	156	1.19179666779	norm	378
A	-12	1	122	0.287735849057	raw	378
A	-12	1	122	0.928783524283	norm	378
G	-12	1	80	0.188679245283	raw	378
G	-12	1	80	0.98995412245	norm	378
C	-12	1	66	0.155660377358	raw	378
C	-12	1	66	0.815431418226	norm	378
A	-11	1	142	0.334905660377	raw	378
A	-11	1	142	1.08104311843	norm	378
T	-11	1	131	0.308962264151	raw	378
T	-11	1	131	1.00080361205	norm	378
G	-11	1	77	0.181603773585	raw	378
G	-11	1	77	0.952830842858	norm	378
C	-11	1	74	0.174528301887	raw	378
C	-11	1	74	0.914271590132	norm	378
T	-10	1	160	0.377358490566	raw	378
T	-10	1	160	1.22235555671	norm	378
A	-10	1	135	0.318396226415	raw	378
A	-10	1	135	1.02775226048	norm	378
C	-10	1	71	0.167452830189	raw	378
C	-10	1	71	0.877206525667	norm	378
G	-10	1	58	0.13679245283	raw	378
G	-10	1	58	0.717716738776	norm	378
A	-9	1	142	0.334905660377	raw	378
A	-9	1	142	1.08104311843	norm	378
T	-9	1	118	0.278301886792	raw	378
T	-9	1	118	0.90148722307	norm	378
G	-9	1	89	0.209905660377	raw	378
G	-9	1	89	1.10132396123	norm	378
C	-9	1	75	0.176886792453	raw	378
C	-9	1	75	0.92662661162	norm	378
T	-8	1	144	0.339622641509	raw	378
T	-8	1	144	1.10012000103	norm	378
A	-8	1	139	0.327830188679	raw	378
A	-8	1	139	1.05820417931	norm	378
C	-8	1	77	0.181603773585	raw	378
C	-8	1	77	0.951336654597	norm	378
G	-8	1	64	0.150943396226	raw	378
G	-8	1	64	0.79196329796	norm	378
T	-7	1	148	0.349056603774	raw	378
T	-7	1	148	1.13067888995	norm	378
A	-7	1	131	0.308962264151	raw	378
A	-7	1	131	0.997300341649	norm	378
C	-7	1	88	0.207547169811	raw	378
C	-7	1	88	1.08724189097	norm	378
G	-7	1	57	0.134433962264	raw	378
G	-7	1	57	0.705342312246	norm	378
T	-6	1	142	0.334905660377	raw	378
T	-6	1	142	1.08484055658	norm	378
A	-6	1	113	0.266509433962	raw	378
A	-6	1	113	0.860266706918	norm	378
G	-6	1	91	0.214622641509	raw	378
G	-6	1	91	1.12607281429	norm	378
C	-6	1	78	0.183962264151	raw	378
C	-6	1	78	0.963691676085	norm	378
T	-5	1	145	0.341981132075	raw	378
T	-5	1	145	1.10775972326	norm	378
A	-5	1	126	0.297169811321	raw	378
A	-5	1	126	0.959235443112	norm	378
G	-5	1	84	0.198113207547	raw	378
G	-5	1	84	1.03945182857	norm	378
C	-5	1	69	0.162735849057	raw	378
C	-5	1	69	0.852496482691	norm	378
T	-4	1	157	0.370283018868	raw	378
T	-4	1	157	1.19943639002	norm	378
A	-4	1	113	0.266509433962	raw	378
A	-4	1	113	0.860266706918	norm	378
G	-4	1	83	0.195754716981	raw	378
G	-4	1	83	1.02707740204	norm	378
C	-4	1	71	0.167452830189	raw	378
C	-4	1	71	0.877206525667	norm	378
T	-3	1	149	0.35141509434	raw	378
T	-3	1	149	1.13831861218	norm	378
A	-3	1	132	0.311320754717	raw	378
A	-3	1	132	1.00491332136	norm	378
C	-3	1	84	0.198113207547	raw	378
C	-3	1	84	1.03782180501	norm	378
G	-3	1	59	0.139150943396	raw	378
G	-3	1	59	0.730091165307	norm	378
T	-2	1	145	0.341981132075	raw	378
T	-2	1	145	1.10775972326	norm	378
A	-2	1	121	0.285377358491	raw	378
A	-2	1	121	0.921170544576	norm	378
G	-2	1	80	0.188679245283	raw	378
G	-2	1	80	0.98995412245	norm	378
C	-2	1	78	0.183962264151	raw	378
C	-2	1	78	0.963691676085	norm	378
T	-1	1	150	0.353773584906	raw	378
T	-1	1	150	1.14595833441	norm	378
A	-1	1	123	0.290094339623	raw	378
A	-1	1	123	0.936396503991	norm	378
G	-1	1	81	0.191037735849	raw	378
G	-1	1	81	1.00232854898	norm	378
C	-1	1	70	0.165094339623	raw	378
C	-1	1	70	0.864851504179	norm	378
C	0	1	165	0.389150943396	raw	378
C	0	1	165	2.03857854556	norm	378
A	0	1	109	0.257075471698	raw	378
A	0	1	109	0.829814788089	norm	378
T	0	1	75	0.176886792453	raw	378
T	0	1	75	0.572979167206	norm	378
G	0	1	75	0.176886792453	raw	378
G	0	1	75	0.928081989797	norm	378
A	1	1	192	0.452830188679	raw	378
A	1	1	192	1.46169210379	norm	378
T	1	1	117	0.275943396226	raw	378
T	1	1	117	0.893847500841	norm	378
C	1	1	68	0.160377358491	raw	378
C	1	1	68	0.840141461202	norm	378
G	1	1	47	0.110849056604	raw	378
G	1	1	47	0.581598046939	norm	378
A	2	1	144	0.339622641509	raw	378
A	2	1	144	1.09626907784	norm	378
T	2	1	112	0.264150943396	raw	378
T	2	1	112	0.855648889694	norm	378
G	2	1	85	0.200471698113	raw	378
G	2	1	85	1.0518262551	norm	378
C	2	1	83	0.195754716981	raw	378
C	2	1	83	1.02546678353	norm	378
T	3	1	129	0.304245283019	raw	378
T	3	1	129	0.985524167594	norm	378
A	3	1	128	0.301886792453	raw	378
A	3	1	128	0.974461402527	norm	378
G	3	1	89	0.209905660377	raw	378
G	3	1	89	1.10132396123	norm	378
C	3	1	78	0.183962264151	raw	378
C	3	1	78	0.963691676085	norm	378
A	4	1	147	0.346698113208	raw	378
A	4	1	147	1.11910801696	norm	378
T	4	1	124	0.292452830189	raw	378
T	4	1	124	0.947325556446	norm	378
C	4	1	78	0.183962264151	raw	378
C	4	1	78	0.963691676085	norm	378
G	4	1	75	0.176886792453	raw	378
G	4	1	75	0.928081989797	norm	378
A	5	1	163	0.384433962264	raw	378
A	5	1	163	1.24091569228	norm	378
T	5	1	119	0.280660377358	raw	378
T	5	1	119	0.909126945299	norm	378
C	5	1	93	0.219339622642	raw	378
C	5	1	93	1.14901699841	norm	378
G	5	1	49	0.115566037736	raw	378
G	5	1	49	0.606346900001	norm	378
A	6	1	141	0.332547169811	raw	378
A	6	1	141	1.07343013872	norm	378
T	6	1	129	0.304245283019	raw	378
T	6	1	129	0.985524167594	norm	378
C	6	1	83	0.195754716981	raw	378
C	6	1	83	1.02546678353	norm	378
G	6	1	71	0.167452830189	raw	378
G	6	1	71	0.878584283674	norm	378
A	7	1	135	0.318396226415	raw	378
A	7	1	135	1.02775226048	norm	378
T	7	1	128	0.301886792453	raw	378
T	7	1	128	0.977884445364	norm	378
C	7	1	81	0.191037735849	raw	378
C	7	1	81	1.00075674055	norm	378
G	7	1	80	0.188679245283	raw	378
G	7	1	80	0.98995412245	norm	378
T	8	1	124	0.292452830189	raw	378
T	8	1	124	0.947325556446	norm	378
A	8	1	117	0.275943396226	raw	378
A	8	1	117	0.890718625747	norm	378
G	8	1	95	0.224056603774	raw	378
G	8	1	95	1.17557052041	norm	378
C	8	1	88	0.207547169811	raw	378
C	8	1	88	1.08724189097	norm	378
T	9	1	133	0.313679245283	raw	378
T	9	1	133	1.01608305651	norm	378
A	9	1	114	0.268867924528	raw	378
A	9	1	114	0.867879686626	norm	378
G	9	1	92	0.216981132075	raw	378
G	9	1	92	1.13844724082	norm	378
C	9	1	85	0.200471698113	raw	378
C	9	1	85	1.0501768265	norm	378
A	10	1	137	0.323113207547	raw	378
A	10	1	137	1.04297821989	norm	378
T	10	1	132	0.311320754717	raw	378
T	10	1	132	1.00844333428	norm	378
C	10	1	85	0.200471698113	raw	378
C	10	1	85	1.0501768265	norm	378
G	10	1	70	0.165094339623	raw	378
G	10	1	70	0.866209857144	norm	378
T	11	1	147	0.346698113208	raw	378
T	11	1	147	1.12303916772	norm	378
A	11	1	128	0.301886792453	raw	378
A	11	1	128	0.974461402527	norm	378
C	11	1	76	0.179245283019	raw	378
C	11	1	76	0.938981633109	norm	378
G	11	1	73	0.172169811321	raw	378
G	11	1	73	0.903333136736	norm	378
T	12	1	138	0.325471698113	raw	378
T	12	1	138	1.05428166766	norm	378
A	12	1	115	0.271226415094	raw	378
A	12	1	115	0.875492666333	norm	378
C	12	1	95	0.224056603774	raw	378
C	12	1	95	1.17372704139	norm	378
G	12	1	76	0.179245283019	raw	378
G	12	1	76	0.940456416328	norm	378
A	13	1	127	0.299528301887	raw	378
A	13	1	127	0.96684842282	norm	378
T	13	1	127	0.299528301887	raw	378
T	13	1	127	0.970244723135	norm	378
C	13	1	88	0.207547169811	raw	378
C	13	1	88	1.08724189097	norm	378
G	13	1	82	0.193396226415	raw	378
G	13	1	82	1.01470297551	norm	378
A	14	1	123	0.290094339623	raw	378
A	14	1	123	0.936396503991	norm	378
T	14	1	106	0.25	raw	378
T	14	1	106	0.809810556317	norm	378
G	14	1	105	0.247641509434	raw	378
G	14	1	105	1.29931478572	norm	378
C	14	1	90	0.212264150943	raw	378
C	14	1	90	1.11195193394	norm	378
T	15	1	149	0.35141509434	raw	378
T	15	1	149	1.13831861218	norm	378
A	15	1	137	0.323113207547	raw	378
A	15	1	137	1.04297821989	norm	378
C	15	1	73	0.172169811321	raw	378
C	15	1	73	0.901916568644	norm	378
G	15	1	65	0.153301886792	raw	378
G	15	1	65	0.804337724491	norm	378
A	16	1	135	0.318396226415	raw	378
A	16	1	135	1.02775226048	norm	378
T	16	1	129	0.304245283019	raw	378
T	16	1	129	0.985524167594	norm	378
G	16	1	83	0.195754716981	raw	378
G	16	1	83	1.02707740204	norm	378
C	16	1	77	0.181603773585	raw	378
C	16	1	77	0.951336654597	norm	378
A	17	1	148	0.349056603774	raw	378
A	17	1	148	1.12672099667	norm	378
T	17	1	114	0.268867924528	raw	378
T	17	1	114	0.870928334152	norm	378
C	17	1	86	0.202830188679	raw	378
C	17	1	86	1.06253184799	norm	378
G	17	1	76	0.179245283019	raw	378
G	17	1	76	0.940456416328	norm	378
A	18	1	139	0.327830188679	raw	378
A	18	1	139	1.05820417931	norm	378
T	18	1	137	0.323113207547	raw	378
T	18	1	137	1.04664194543	norm	378
C	18	1	85	0.200471698113	raw	378
C	18	1	85	1.0501768265	norm	378
G	18	1	63	0.14858490566	raw	378
G	18	1	63	0.779588871429	norm	378
A	19	1	143	0.337264150943	raw	378
A	19	1	143	1.08865609814	norm	378
T	19	1	121	0.285377358491	raw	378
T	19	1	121	0.924406389758	norm	378
G	19	1	88	0.207547169811	raw	378
G	19	1	88	1.0889495347	norm	378
C	19	1	72	0.169811320755	raw	378
C	19	1	72	0.889561547156	norm	378
T	20	1	123	0.290094339623	raw	378
T	20	1	123	0.939685834217	norm	378
A	20	1	118	0.278301886792	raw	378
A	20	1	118	0.898331605455	norm	378
G	20	1	101	0.23820754717	raw	378
G	20	1	101	1.24981707959	norm	378
C	20	1	82	0.193396226415	raw	378
C	20	1	82	1.01311176204	norm	378
A	21	1	136	0.320754716981	raw	378
A	21	1	136	1.03536524018	norm	378
T	21	1	110	0.259433962264	raw	378
T	21	1	110	0.840369445235	norm	378
C	21	1	93	0.219339622642	raw	378
C	21	1	93	1.14901699841	norm	378
G	21	1	85	0.200471698113	raw	378
G	21	1	85	1.0518262551	norm	378
A	22	1	129	0.304245283019	raw	378
A	22	1	129	0.982074382234	norm	378
T	22	1	120	0.283018867925	raw	378
T	22	1	120	0.916766667529	norm	378
C	22	1	96	0.22641509434	raw	378
C	22	1	96	1.18608206287	norm	378
G	22	1	79	0.186320754717	raw	378
G	22	1	79	0.977579695919	norm	378
T	23	1	133	0.313679245283	raw	378
T	23	1	133	1.01608305651	norm	378
A	23	1	123	0.290094339623	raw	378
A	23	1	123	0.936396503991	norm	378
G	23	1	86	0.202830188679	raw	378
G	23	1	86	1.06420068163	norm	378
C	23	1	82	0.193396226415	raw	378
C	23	1	82	1.01311176204	norm	378
T	24	1	144	0.339622641509	raw	378
T	24	1	144	1.10012000103	norm	378
A	24	1	113	0.266509433962	raw	378
A	24	1	113	0.860266706918	norm	378
G	24	1	86	0.202830188679	raw	378
G	24	1	86	1.06420068163	norm	378
C	24	1	81	0.191037735849	raw	378
C	24	1	81	1.00075674055	norm	378
T	25	1	136	0.320754716981	raw	378
T	25	1	136	1.0390022232	norm	378
A	25	1	118	0.278301886792	raw	378
A	25	1	118	0.898331605455	norm	378
C	25	1	86	0.202830188679	raw	378
C	25	1	86	1.06253184799	norm	378
G	25	1	84	0.198113207547	raw	378
G	25	1	84	1.03945182857	norm	378
T	26	1	143	0.337264150943	raw	378
T	26	1	143	1.09248027881	norm	378
A	26	1	129	0.304245283019	raw	378
A	26	1	129	0.982074382234	norm	378
C	26	1	81	0.191037735849	raw	378
C	26	1	81	1.00075674055	norm	378
G	26	1	71	0.167452830189	raw	378
G	26	1	71	0.878584283674	norm	378
A	27	1	146	0.344339622642	raw	378
A	27	1	146	1.11149503726	norm	378
T	27	1	133	0.313679245283	raw	378
T	27	1	133	1.01608305651	norm	378
C	27	1	78	0.183962264151	raw	378
C	27	1	78	0.963691676085	norm	378
G	27	1	67	0.158018867925	raw	378
G	27	1	67	0.829086577552	norm	378
T	28	1	157	0.370283018868	raw	378
T	28	1	157	1.19943639002	norm	378
A	28	1	115	0.271226415094	raw	378
A	28	1	115	0.875492666333	norm	378
G	28	1	85	0.200471698113	raw	378
G	28	1	85	1.0518262551	norm	378
C	28	1	67	0.158018867925	raw	378
C	28	1	67	0.827786439714	norm	378
A	29	1	137	0.323113207547	raw	378
A	29	1	137	1.04297821989	norm	378
T	29	1	127	0.299528301887	raw	378
T	29	1	127	0.970244723135	norm	378
G	29	1	88	0.207547169811	raw	378
G	29	1	88	1.0889495347	norm	378
C	29	1	72	0.169811320755	raw	378
C	29	1	72	0.889561547156	norm	378
T	30	1	145	0.341981132075	raw	378
T	30	1	145	1.10775972326	norm	378
A	30	1	132	0.311320754717	raw	378
A	30	1	132	1.00491332136	norm	378
C	30	1	78	0.183962264151	raw	378
C	30	1	78	0.963691676085	norm	378
G	30	1	69	0.162735849057	raw	378
G	30	1	69	0.853835430613	norm	378
T	31	1	133	0.313679245283	raw	378
T	31	1	133	1.01608305651	norm	378
A	31	1	122	0.287735849057	raw	378
A	31	1	122	0.928783524283	norm	378
C	31	1	88	0.207547169811	raw	378
C	31	1	88	1.08724189097	norm	378
G	31	1	81	0.191037735849	raw	378
G	31	1	81	1.00232854898	norm	378
A	32	1	146	0.344339622642	raw	378
A	32	1	146	1.11149503726	norm	378
T	32	1	110	0.259433962264	raw	378
T	32	1	110	0.840369445235	norm	378
C	32	1	91	0.214622641509	raw	378
C	32	1	91	1.12430695543	norm	378
G	32	1	77	0.181603773585	raw	378
G	32	1	77	0.952830842858	norm	378
A	33	1	138	0.325471698113	raw	378
A	33	1	138	1.0505911996	norm	378
T	33	1	136	0.320754716981	raw	378
T	33	1	136	1.0390022232	norm	378
C	33	1	75	0.176886792453	raw	378
C	33	1	75	0.92662661162	norm	378
G	33	1	75	0.176886792453	raw	378
G	33	1	75	0.928081989797	norm	378
A	34	1	146	0.344339622642	raw	378
A	34	1	146	1.11149503726	norm	378
T	34	1	117	0.275943396226	raw	378
T	34	1	117	0.893847500841	norm	378
G	34	1	83	0.195754716981	raw	378
G	34	1	83	1.02707740204	norm	378
C	34	1	78	0.183962264151	raw	378
C	34	1	78	0.963691676085	norm	378
A	35	1	143	0.337264150943	raw	378
A	35	1	143	1.08865609814	norm	378
T	35	1	129	0.304245283019	raw	378
T	35	1	129	0.985524167594	norm	378
G	35	1	86	0.202830188679	raw	378
G	35	1	86	1.06420068163	norm	378
C	35	1	66	0.155660377358	raw	378
C	35	1	66	0.815431418226	norm	378
T	36	1	143	0.337264150943	raw	378
T	36	1	143	1.09248027881	norm	378
A	36	1	102	0.240566037736	raw	378
A	36	1	102	0.776523930139	norm	378
C	36	1	91	0.214622641509	raw	378
C	36	1	91	1.12430695543	norm	378
G	36	1	88	0.207547169811	raw	378
G	36	1	88	1.0889495347	norm	378
T	37	1	127	0.299528301887	raw	378
T	37	1	127	0.970244723135	norm	378
A	37	1	123	0.290094339623	raw	378
A	37	1	123	0.936396503991	norm	378
C	37	1	91	0.214622641509	raw	378
C	37	1	91	1.12430695543	norm	378
G	37	1	83	0.195754716981	raw	378
G	37	1	83	1.02707740204	norm	378
A	38	1	165	0.389150943396	raw	378
A	38	1	165	1.25614165169	norm	378
T	38	1	114	0.268867924528	raw	378
T	38	1	114	0.870928334152	norm	378
G	38	1	77	0.181603773585	raw	378
G	38	1	77	0.952830842858	norm	378
C	38	1	68	0.160377358491	raw	378
C	38	1	68	0.840141461202	norm	378
A	39	1	127	0.299528301887	raw	378
A	39	1	127	0.96684842282	norm	378
T	39	1	123	0.290094339623	raw	378
T	39	1	123	0.939685834217	norm	378
C	39	1	91	0.214622641509	raw	378
C	39	1	91	1.12430695543	norm	378
G	39	1	83	0.195754716981	raw	378
G	39	1	83	1.02707740204	norm	378
T	40	1	127	0.299528301887	raw	378
T	40	1	127	0.970244723135	norm	378
A	40	1	118	0.278301886792	raw	378
A	40	1	118	0.898331605455	norm	378
G	40	1	96	0.22641509434	raw	378
G	40	1	96	1.18794494694	norm	378
C	40	1	83	0.195754716981	raw	378
C	40	1	83	1.02546678353	norm	378
T	41	1	149	0.35141509434	raw	378
T	41	1	149	1.13831861218	norm	378
A	41	1	148	0.349056603774	raw	378
A	41	1	148	1.12672099667	norm	378
G	41	1	66	0.155660377358	raw	378
G	41	1	66	0.816712151021	norm	378
C	41	1	61	0.143867924528	raw	378
C	41	1	61	0.753656310785	norm	378
T	42	1	152	0.358490566038	raw	378
T	42	1	152	1.16123777887	norm	378
A	42	1	126	0.297169811321	raw	378
A	42	1	126	0.959235443112	norm	378
C	42	1	73	0.172169811321	raw	378
C	42	1	73	0.901916568644	norm	378
G	42	1	73	0.172169811321	raw	378
G	42	1	73	0.903333136736	norm	378
A	43	1	142	0.334905660377	raw	378
A	43	1	142	1.08104311843	norm	378
T	43	1	124	0.292452830189	raw	378
T	43	1	124	0.947325556446	norm	378
C	43	1	81	0.191037735849	raw	378
C	43	1	81	1.00075674055	norm	378
G	43	1	77	0.181603773585	raw	378
G	43	1	77	0.952830842858	norm	378
A	44	1	139	0.327830188679	raw	378
A	44	1	139	1.05820417931	norm	378
T	44	1	133	0.313679245283	raw	378
T	44	1	133	1.01608305651	norm	378
G	44	1	81	0.191037735849	raw	378
G	44	1	81	1.00232854898	norm	378
C	44	1	71	0.167452830189	raw	378
C	44	1	71	0.877206525667	norm	378
A	45	1	158	0.372641509434	raw	378
A	45	1	158	1.20285079374	norm	378
T	45	1	111	0.26179245283	raw	378
T	45	1	111	0.848009167464	norm	378
G	45	1	83	0.195754716981	raw	378
G	45	1	83	1.02707740204	norm	378
C	45	1	72	0.169811320755	raw	378
C	45	1	72	0.889561547156	norm	378
T	46	1	153	0.360849056604	raw	378
T	46	1	153	1.1688775011	norm	378
A	46	1	134	0.316037735849	raw	378
A	46	1	134	1.02013928077	norm	378
G	46	1	73	0.172169811321	raw	378
G	46	1	73	0.903333136736	norm	378
C	46	1	64	0.150943396226	raw	378
C	46	1	64	0.790721375249	norm	378
T	47	1	129	0.304245283019	raw	378
T	47	1	129	0.985524167594	norm	378
A	47	1	124	0.292452830189	raw	378
A	47	1	124	0.944009483698	norm	378
G	47	1	87	0.205188679245	raw	378
G	47	1	87	1.07657510816	norm	378
C	47	1	84	0.198113207547	raw	378
C	47	1	84	1.03782180501	norm	378
T	48	1	135	0.318396226415	raw	378
T	48	1	135	1.03136250097	norm	378
A	48	1	132	0.311320754717	raw	378
A	48	1	132	1.00491332136	norm	378
G	48	1	95	0.224056603774	raw	378
G	48	1	95	1.17557052041	norm	378
C	48	1	62	0.146226415094	raw	378
C	48	1	62	0.766011332273	norm	378
T	49	1	159	0.375	raw	378
T	49	1	159	1.21471583448	norm	378
A	49	1	139	0.327830188679	raw	378
A	49	1	139	1.05820417931	norm	378
G	49	1	64	0.150943396226	raw	378
G	49	1	64	0.79196329796	norm	378
C	49	1	62	0.146226415094	raw	378
C	49	1	62	0.766011332273	norm	378
A	50	1	120	0.283018867925	raw	378
A	50	1	120	0.913557564869	norm	378
T	50	1	119	0.280660377358	raw	378
T	50	1	119	0.909126945299	norm	378
G	50	1	110	0.259433962264	raw	378
G	50	1	110	1.36118691837	norm	378
C	50	1	75	0.176886792453	raw	378
C	50	1	75	0.92662661162	norm	378
A	51	1	143	0.337264150943	raw	378
A	51	1	143	1.08865609814	norm	378
T	51	1	136	0.320754716981	raw	378
T	51	1	136	1.0390022232	norm	378
G	51	1	74	0.174528301887	raw	378
G	51	1	74	0.915707563266	norm	378
C	51	1	71	0.167452830189	raw	378
C	51	1	71	0.877206525667	norm	378
A	52	1	139	0.327830188679	raw	378
A	52	1	139	1.05820417931	norm	378
T	52	1	133	0.313679245283	raw	378
T	52	1	133	1.01608305651	norm	378
G	52	1	80	0.188679245283	raw	378
G	52	1	80	0.98995412245	norm	378
C	52	1	72	0.169811320755	raw	378
C	52	1	72	0.889561547156	norm	378
T	53	1	128	0.301886792453	raw	378
T	53	1	128	0.977884445364	norm	378
A	53	1	122	0.287735849057	raw	378
A	53	1	122	0.928783524283	norm	378
G	53	1	92	0.216981132075	raw	378
G	53	1	92	1.13844724082	norm	378
C	53	1	82	0.193396226415	raw	378
C	53	1	82	1.01311176204	norm	378
A	54	1	142	0.334905660377	raw	378
A	54	1	142	1.08104311843	norm	378
T	54	1	116	0.27358490566	raw	378
T	54	1	116	0.886207778611	norm	378
G	54	1	87	0.205188679245	raw	378
G	54	1	87	1.07657510816	norm	378
C	54	1	79	0.186320754717	raw	378
C	54	1	79	0.976046697573	norm	378
T	55	1	148	0.349056603774	raw	378
T	55	1	148	1.13067888995	norm	378
A	55	1	134	0.316037735849	raw	378
A	55	1	134	1.02013928077	norm	378
C	55	1	75	0.176886792453	raw	378
C	55	1	75	0.92662661162	norm	378
G	55	1	67	0.158018867925	raw	378
G	55	1	67	0.829086577552	norm	378
A	56	1	152	0.358490566038	raw	378
A	56	1	152	1.1571729155	norm	378
T	56	1	127	0.299528301887	raw	378
T	56	1	127	0.970244723135	norm	378
G	56	1	76	0.179245283019	raw	378
G	56	1	76	0.940456416328	norm	378
C	56	1	69	0.162735849057	raw	378
C	56	1	69	0.852496482691	norm	378
T	57	1	136	0.320754716981	raw	378
T	57	1	136	1.0390022232	norm	378
A	57	1	130	0.306603773585	raw	378
A	57	1	130	0.989687361941	norm	378
C	57	1	93	0.219339622642	raw	378
C	57	1	93	1.14901699841	norm	378
G	57	1	65	0.153301886792	raw	378
G	57	1	65	0.804337724491	norm	378
T	58	1	133	0.313679245283	raw	378
T	58	1	133	1.01608305651	norm	378
A	58	1	127	0.299528301887	raw	378
A	58	1	127	0.96684842282	norm	378
C	58	1	83	0.195754716981	raw	378
C	58	1	83	1.02546678353	norm	378
G	58	1	81	0.191037735849	raw	378
G	58	1	81	1.00232854898	norm	378
A	59	1	141	0.332547169811	raw	378
A	59	1	141	1.07343013872	norm	378
T	59	1	125	0.294811320755	raw	378
T	59	1	125	0.954965278676	norm	378
G	59	1	90	0.212264150943	raw	378
G	59	1	90	1.11369838776	norm	378
C	59	1	68	0.160377358491	raw	378
C	59	1	68	0.840141461202	norm	378
A	60	1	153	0.360849056604	raw	378
A	60	1	153	1.16478589521	norm	378
T	60	1	115	0.271226415094	raw	378
T	60	1	115	0.878568056382	norm	378
C	60	1	81	0.191037735849	raw	378
C	60	1	81	1.00075674055	norm	378
G	60	1	75	0.176886792453	raw	378
G	60	1	75	0.928081989797	norm	378
A	61	1	148	0.349056603774	raw	378
A	61	1	148	1.12672099667	norm	378
T	61	1	144	0.339622641509	raw	378
T	61	1	144	1.10012000103	norm	378
G	61	1	73	0.172169811321	raw	378
G	61	1	73	0.903333136736	norm	378
C	61	1	59	0.139150943396	raw	378
C	61	1	59	0.728946267808	norm	378
A	62	1	142	0.334905660377	raw	378
A	62	1	142	1.08104311843	norm	378
T	62	1	122	0.287735849057	raw	378
T	62	1	122	0.932046111988	norm	378
G	62	1	92	0.216981132075	raw	378
G	62	1	92	1.13844724082	norm	378
C	62	1	68	0.160377358491	raw	378
C	62	1	68	0.840141461202	norm	378
A	63	1	134	0.316037735849	raw	378
A	63	1	134	1.02013928077	norm	378
T	63	1	128	0.301886792453	raw	378
T	63	1	128	0.977884445364	norm	378
G	63	1	87	0.205188679245	raw	378
G	63	1	87	1.07657510816	norm	378
C	63	1	75	0.176886792453	raw	378
C	63	1	75	0.92662661162	norm	378
T	64	1	147	0.346698113208	raw	378
T	64	1	147	1.12303916772	norm	378
A	64	1	139	0.327830188679	raw	378
A	64	1	139	1.05820417931	norm	378
C	64	1	80	0.188679245283	raw	378
C	64	1	80	0.988401719062	norm	378
G	64	1	58	0.13679245283	raw	378
G	64	1	58	0.717716738776	norm	378
A	65	1	145	0.341981132075	raw	378
A	65	1	145	1.10388205755	norm	378
T	65	1	130	0.306603773585	raw	378
T	65	1	130	0.993163889823	norm	378
C	65	1	78	0.183962264151	raw	378
C	65	1	78	0.963691676085	norm	378
G	65	1	71	0.167452830189	raw	378
G	65	1	71	0.878584283674	norm	378
A	66	1	155	0.365566037736	raw	378
A	66	1	155	1.18001185462	norm	378
T	66	1	117	0.275943396226	raw	378
T	66	1	117	0.893847500841	norm	378
G	66	1	79	0.186320754717	raw	378
G	66	1	79	0.977579695919	norm	378
C	66	1	73	0.172169811321	raw	378
C	66	1	73	0.901916568644	norm	378
A	67	1	167	0.393867924528	raw	378
A	67	1	167	1.27136761111	norm	378
T	67	1	122	0.287735849057	raw	378
T	67	1	122	0.932046111988	norm	378
G	67	1	69	0.162735849057	raw	378
G	67	1	69	0.853835430613	norm	378
C	67	1	66	0.155660377358	raw	378
C	67	1	66	0.815431418226	norm	378
A	68	1	139	0.327830188679	raw	378
A	68	1	139	1.05820417931	norm	378
T	68	1	137	0.323113207547	raw	378
T	68	1	137	1.04664194543	norm	378
G	68	1	75	0.176886792453	raw	378
G	68	1	75	0.928081989797	norm	378
C	68	1	73	0.172169811321	raw	378
C	68	1	73	0.901916568644	norm	378
A	69	1	147	0.346698113208	raw	378
A	69	1	147	1.11910801696	norm	378
T	69	1	130	0.306603773585	raw	378
T	69	1	130	0.993163889823	norm	378
G	69	1	75	0.176886792453	raw	378
G	69	1	75	0.928081989797	norm	378
C	69	1	72	0.169811320755	raw	378
C	69	1	72	0.889561547156	norm	378
A	70	1	158	0.372641509434	raw	378
A	70	1	158	1.20285079374	norm	378
T	70	1	115	0.271226415094	raw	378
T	70	1	115	0.878568056382	norm	378
C	70	1	84	0.198113207547	raw	378
C	70	1	84	1.03782180501	norm	378
G	70	1	67	0.158018867925	raw	378
G	70	1	67	0.829086577552	norm	378
T	71	1	135	0.318396226415	raw	378
T	71	1	135	1.03136250097	norm	378
A	71	1	129	0.304245283019	raw	378
A	71	1	129	0.982074382234	norm	378
C	71	1	85	0.200471698113	raw	378
C	71	1	85	1.0501768265	norm	378
G	71	1	75	0.176886792453	raw	378
G	71	1	75	0.928081989797	norm	378
T	72	1	137	0.323113207547	raw	378
T	72	1	137	1.04664194543	norm	378
A	72	1	131	0.308962264151	raw	378
A	72	1	131	0.997300341649	norm	378
G	72	1	82	0.193396226415	raw	378
G	72	1	82	1.01470297551	norm	378
C	72	1	74	0.174528301887	raw	378
C	72	1	74	0.914271590132	norm	378
T	73	1	150	0.353773584906	raw	378
T	73	1	150	1.14595833441	norm	378
A	73	1	124	0.292452830189	raw	378
A	73	1	124	0.944009483698	norm	378
C	73	1	82	0.193396226415	raw	378
C	73	1	82	1.01311176204	norm	378
G	73	1	68	0.160377358491	raw	378
G	73	1	68	0.841461004083	norm	378
T	74	1	139	0.327830188679	raw	378
T	74	1	139	1.06192138989	norm	378
A	74	1	126	0.297169811321	raw	378
A	74	1	126	0.959235443112	norm	378
C	74	1	83	0.195754716981	raw	378
C	74	1	83	1.02546678353	norm	378
G	74	1	76	0.179245283019	raw	378
G	74	1	76	0.940456416328	norm	378
T	75	1	161	0.379716981132	raw	378
T	75	1	161	1.22999527893	norm	378
A	75	1	130	0.306603773585	raw	378
A	75	1	130	0.989687361941	norm	378
C	75	1	73	0.172169811321	raw	378
C	75	1	73	0.901916568644	norm	378
G	75	1	60	0.141509433962	raw	378
G	75	1	60	0.742465591838	norm	378
A	76	1	158	0.372641509434	raw	378
A	76	1	158	1.20285079374	norm	378
T	76	1	102	0.240566037736	raw	378
T	76	1	102	0.7792516674	norm	378
C	76	1	82	0.193396226415	raw	378
C	76	1	82	1.01311176204	norm	378
G	76	1	82	0.193396226415	raw	378
G	76	1	82	1.01470297551	norm	378
A	77	1	129	0.304245283019	raw	378
A	77	1	129	0.982074382234	norm	378
T	77	1	124	0.292452830189	raw	378
T	77	1	124	0.947325556446	norm	378
G	77	1	97	0.228773584906	raw	378
G	77	1	97	1.20031937347	norm	378
C	77	1	74	0.174528301887	raw	378
C	77	1	74	0.914271590132	norm	378
A	78	1	140	0.330188679245	raw	378
A	78	1	140	1.06581715901	norm	378
T	78	1	132	0.311320754717	raw	378
T	78	1	132	1.00844333428	norm	378
G	78	1	77	0.181603773585	raw	378
G	78	1	77	0.952830842858	norm	378
C	78	1	75	0.176886792453	raw	378
C	78	1	75	0.92662661162	norm	378
A	79	1	145	0.341981132075	raw	378
A	79	1	145	1.10388205755	norm	378
T	79	1	138	0.325471698113	raw	378
T	79	1	138	1.05428166766	norm	378
G	79	1	74	0.174528301887	raw	378
G	79	1	74	0.915707563266	norm	378
C	79	1	67	0.158018867925	raw	378
C	79	1	67	0.827786439714	norm	378
A	80	1	154	0.36320754717	raw	378
A	80	1	154	1.17239887492	norm	378
T	80	1	108	0.254716981132	raw	378
T	80	1	108	0.825090000776	norm	378
G	80	1	88	0.207547169811	raw	378
G	80	1	88	1.0889495347	norm	378
C	80	1	74	0.174528301887	raw	378
C	80	1	74	0.914271590132	norm	378
T	81	1	134	0.316037735849	raw	378
T	81	1	134	1.02372277874	norm	378
A	81	1	122	0.287735849057	raw	378
A	81	1	122	0.928783524283	norm	378
G	81	1	94	0.221698113208	raw	378
G	81	1	94	1.16319609388	norm	378
C	81	1	74	0.174528301887	raw	378
C	81	1	74	0.914271590132	norm	378
T	82	1	133	0.313679245283	raw	378
T	82	1	133	1.01608305651	norm	378
A	82	1	132	0.311320754717	raw	378
A	82	1	132	1.00491332136	norm	378
G	82	1	94	0.221698113208	raw	378
G	82	1	94	1.16319609388	norm	378
C	82	1	65	0.153301886792	raw	378
C	82	1	65	0.803076396738	norm	378
A	83	1	155	0.365566037736	raw	378
A	83	1	155	1.18001185462	norm	378
T	83	1	124	0.292452830189	raw	378
T	83	1	124	0.947325556446	norm	378
G	83	1	77	0.181603773585	raw	378
G	83	1	77	0.952830842858	norm	378
C	83	1	68	0.160377358491	raw	378
C	83	1	68	0.840141461202	norm	378
A	84	1	139	0.327830188679	raw	378
A	84	1	139	1.05820417931	norm	378
T	84	1	113	0.266509433962	raw	378
T	84	1	113	0.863288611923	norm	378
C	84	1	90	0.212264150943	raw	378
C	84	1	90	1.11195193394	norm	378
G	84	1	82	0.193396226415	raw	378
G	84	1	82	1.01470297551	norm	378
A	85	1	133	0.313679245283	raw	378
A	85	1	133	1.01252630106	norm	378
T	85	1	123	0.290094339623	raw	378
T	85	1	123	0.939685834217	norm	378
G	85	1	91	0.214622641509	raw	378
G	85	1	91	1.12607281429	norm	378
C	85	1	77	0.181603773585	raw	378
C	85	1	77	0.951336654597	norm	378
T	86	1	135	0.318396226415	raw	378
T	86	1	135	1.03136250097	norm	378
A	86	1	121	0.285377358491	raw	378
A	86	1	121	0.921170544576	norm	378
C	86	1	85	0.200471698113	raw	378
C	86	1	85	1.0501768265	norm	378
G	86	1	83	0.195754716981	raw	378
G	86	1	83	1.02707740204	norm	378
A	87	1	146	0.344339622642	raw	378
A	87	1	146	1.11149503726	norm	378
T	87	1	124	0.292452830189	raw	378
T	87	1	124	0.947325556446	norm	378
G	87	1	78	0.183962264151	raw	378
G	87	1	78	0.965205269389	norm	378
C	87	1	76	0.179245283019	raw	378
C	87	1	76	0.938981633109	norm	378
A	88	1	138	0.325471698113	raw	378
A	88	1	138	1.0505911996	norm	378
T	88	1	136	0.320754716981	raw	378
T	88	1	136	1.0390022232	norm	378
G	88	1	84	0.198113207547	raw	378
G	88	1	84	1.03945182857	norm	378
C	88	1	66	0.155660377358	raw	378
C	88	1	66	0.815431418226	norm	378
A	89	1	127	0.299528301887	raw	378
A	89	1	127	0.96684842282	norm	378
T	89	1	127	0.299528301887	raw	378
T	89	1	127	0.970244723135	norm	378
G	89	1	93	0.219339622642	raw	378
G	89	1	93	1.15082166735	norm	378
C	89	1	77	0.181603773585	raw	378
C	89	1	77	0.951336654597	norm	378
A	90	1	127	0.299528301887	raw	378
A	90	1	127	0.96684842282	norm	378
T	90	1	117	0.275943396226	raw	378
T	90	1	117	0.893847500841	norm	378
C	90	1	92	0.216981132075	raw	378
C	90	1	92	1.13666197692	norm	378
G	90	1	88	0.207547169811	raw	378
G	90	1	88	1.0889495347	norm	378
A	91	1	132	0.311320754717	raw	378
A	91	1	132	1.00491332136	norm	378
T	91	1	128	0.301886792453	raw	378
T	91	1	128	0.977884445364	norm	378
G	91	1	90	0.212264150943	raw	378
G	91	1	90	1.11369838776	norm	378
C	91	1	74	0.174528301887	raw	378
C	91	1	74	0.914271590132	norm	378
A	92	1	134	0.316037735849	raw	378
A	92	1	134	1.02013928077	norm	378
T	92	1	119	0.280660377358	raw	378
T	92	1	119	0.909126945299	norm	378
C	92	1	87	0.205188679245	raw	378
C	92	1	87	1.07488686948	norm	378
G	92	1	84	0.198113207547	raw	378
G	92	1	84	1.03945182857	norm	378
A	93	1	171	0.403301886792	raw	378
A	93	1	171	1.30181952994	norm	378
T	93	1	110	0.259433962264	raw	378
T	93	1	110	0.840369445235	norm	378
C	93	1	87	0.205188679245	raw	378
C	93	1	87	1.07488686948	norm	378
G	93	1	56	0.132075471698	raw	378
G	93	1	56	0.692967885715	norm	378
T	94	1	135	0.318396226415	raw	378
T	94	1	135	1.03136250097	norm	378
A	94	1	110	0.259433962264	raw	378
A	94	1	110	0.837427767797	norm	378
C	94	1	101	0.23820754717	raw	378
C	94	1	101	1.24785717032	norm	378
G	94	1	78	0.183962264151	raw	378
G	94	1	78	0.965205269389	norm	378
A	95	1	132	0.311320754717	raw	378
A	95	1	132	1.00491332136	norm	378
T	95	1	127	0.299528301887	raw	378
T	95	1	127	0.970244723135	norm	378
C	95	1	93	0.219339622642	raw	378
C	95	1	93	1.14901699841	norm	378
G	95	1	72	0.169811320755	raw	378
G	95	1	72	0.890958710205	norm	378
T	96	1	142	0.334905660377	raw	378
T	96	1	142	1.08484055658	norm	378
A	96	1	132	0.311320754717	raw	378
A	96	1	132	1.00491332136	norm	378
G	96	1	80	0.188679245283	raw	378
G	96	1	80	0.98995412245	norm	378
C	96	1	70	0.165094339623	raw	378
C	96	1	70	0.864851504179	norm	378
T	97	1	157	0.370283018868	raw	378
T	97	1	157	1.19943639002	norm	378
A	97	1	112	0.264150943396	raw	378
A	97	1	112	0.852653727211	norm	378
G	97	1	84	0.198113207547	raw	378
G	97	1	84	1.03945182857	norm	378
C	97	1	71	0.167452830189	raw	378
C	97	1	71	0.877206525667	norm	378
A	98	1	150	0.353773584906	raw	378
A	98	1	150	1.14194695609	norm	378
T	98	1	150	0.353773584906	raw	378
T	98	1	150	1.14595833441	norm	378
G	98	1	63	0.14858490566	raw	378
G	98	1	63	0.779588871429	norm	378
C	98	1	61	0.143867924528	raw	378
C	98	1	61	0.753656310785	norm	378
T	99	1	142	0.334905660377	raw	378
T	99	1	142	1.08484055658	norm	378
A	99	1	134	0.316037735849	raw	378
A	99	1	134	1.02013928077	norm	378
G	99	1	78	0.183962264151	raw	378
G	99	1	78	0.965205269389	norm	378
C	99	1	70	0.165094339623	raw	378
C	99	1	70	0.864851504179	norm	378
T	100	1	140	0.330188679245	raw	378
T	100	1	140	1.06956111212	norm	378
A	100	1	121	0.285377358491	raw	378
A	100	1	121	0.921170544576	norm	378
G	100	1	84	0.198113207547	raw	378
G	100	1	84	1.03945182857	norm	378
C	100	1	79	0.186320754717	raw	378
C	100	1	79	0.976046697573	norm	378
