#nuc	offset	region.size	count	freq	norm.freq	total.sites
C	-100	1	4	0.8	raw	5
C	-100	1	4	3.93644859812	norm	5
G	-100	1	1	0.2	raw	5
G	-100	1	1	1.07175572519	norm	5
A	-99	1	2	0.4	raw	5
A	-99	1	2	1.34712153518	norm	5
T	-99	1	2	0.4	raw	5
T	-99	1	2	1.2770085902	norm	5
G	-99	1	1	0.2	raw	5
G	-99	1	1	1.07175572519	norm	5
C	-98	1	2	0.4	raw	5
C	-98	1	2	1.96822429906	norm	5
A	-98	1	1	0.2	raw	5
A	-98	1	1	0.67356076759	norm	5
T	-98	1	1	0.2	raw	5
T	-98	1	1	0.638504295099	norm	5
G	-98	1	1	0.2	raw	5
G	-98	1	1	1.07175572519	norm	5
T	-97	1	3	0.6	raw	5
T	-97	1	3	1.9155128853	norm	5
A	-97	1	1	0.2	raw	5
A	-97	1	1	0.67356076759	norm	5
G	-97	1	1	0.2	raw	5
G	-97	1	1	1.07175572519	norm	5
A	-96	1	2	0.4	raw	5
A	-96	1	2	1.34712153518	norm	5
T	-96	1	2	0.4	raw	5
T	-96	1	2	1.2770085902	norm	5
C	-96	1	1	0.2	raw	5
C	-96	1	1	0.98411214953	norm	5
A	-95	1	2	0.4	raw	5
A	-95	1	2	1.34712153518	norm	5
T	-95	1	2	0.4	raw	5
T	-95	1	2	1.2770085902	norm	5
C	-95	1	1	0.2	raw	5
C	-95	1	1	0.98411214953	norm	5
T	-94	1	2	0.4	raw	5
T	-94	1	2	1.2770085902	norm	5
A	-94	1	1	0.2	raw	5
A	-94	1	1	0.67356076759	norm	5
C	-94	1	1	0.2	raw	5
C	-94	1	1	0.98411214953	norm	5
G	-94	1	1	0.2	raw	5
G	-94	1	1	1.07175572519	norm	5
C	-93	1	3	0.6	raw	5
C	-93	1	3	2.95233644859	norm	5
A	-93	1	2	0.4	raw	5
A	-93	1	2	1.34712153518	norm	5
C	-92	1	2	0.5	raw	5
C	-92	1	2	2.46028037383	norm	5
A	-92	1	1	0.25	raw	5
A	-92	1	1	0.841950959487	norm	5
T	-92	1	1	0.25	raw	5
T	-92	1	1	0.798130368874	norm	5
C	-91	1	2	0.4	raw	5
C	-91	1	2	1.96822429906	norm	5
T	-91	1	2	0.4	raw	5
T	-91	1	2	1.2770085902	norm	5
G	-91	1	1	0.2	raw	5
G	-91	1	1	1.07175572519	norm	5
T	-90	1	2	0.4	raw	5
T	-90	1	2	1.2770085902	norm	5
A	-90	1	1	0.2	raw	5
A	-90	1	1	0.67356076759	norm	5
C	-90	1	1	0.2	raw	5
C	-90	1	1	0.98411214953	norm	5
G	-90	1	1	0.2	raw	5
G	-90	1	1	1.07175572519	norm	5
T	-89	1	2	0.4	raw	5
T	-89	1	2	1.2770085902	norm	5
G	-89	1	2	0.4	raw	5
G	-89	1	2	2.14351145038	norm	5
C	-89	1	1	0.2	raw	5
C	-89	1	1	0.98411214953	norm	5
A	-88	1	2	0.4	raw	5
A	-88	1	2	1.34712153518	norm	5
C	-88	1	2	0.4	raw	5
C	-88	1	2	1.96822429906	norm	5
G	-88	1	1	0.2	raw	5
G	-88	1	1	1.07175572519	norm	5
C	-87	1	2	0.4	raw	5
C	-87	1	2	1.96822429906	norm	5
T	-87	1	2	0.4	raw	5
T	-87	1	2	1.2770085902	norm	5
G	-87	1	1	0.2	raw	5
G	-87	1	1	1.07175572519	norm	5
A	-86	1	2	0.4	raw	5
A	-86	1	2	1.34712153518	norm	5
G	-86	1	2	0.4	raw	5
G	-86	1	2	2.14351145038	norm	5
T	-86	1	1	0.2	raw	5
T	-86	1	1	0.638504295099	norm	5
A	-85	1	3	0.6	raw	5
A	-85	1	3	2.02068230277	norm	5
C	-85	1	2	0.4	raw	5
C	-85	1	2	1.96822429906	norm	5
T	-84	1	2	0.4	raw	5
T	-84	1	2	1.2770085902	norm	5
A	-84	1	1	0.2	raw	5
A	-84	1	1	0.67356076759	norm	5
C	-84	1	1	0.2	raw	5
C	-84	1	1	0.98411214953	norm	5
G	-84	1	1	0.2	raw	5
G	-84	1	1	1.07175572519	norm	5
A	-83	1	2	0.4	raw	5
A	-83	1	2	1.34712153518	norm	5
C	-83	1	2	0.4	raw	5
C	-83	1	2	1.96822429906	norm	5
T	-83	1	1	0.2	raw	5
T	-83	1	1	0.638504295099	norm	5
A	-82	1	2	0.4	raw	5
A	-82	1	2	1.34712153518	norm	5
C	-82	1	1	0.2	raw	5
C	-82	1	1	0.98411214953	norm	5
T	-82	1	1	0.2	raw	5
T	-82	1	1	0.638504295099	norm	5
G	-82	1	1	0.2	raw	5
G	-82	1	1	1.07175572519	norm	5
C	-81	1	2	0.4	raw	5
C	-81	1	2	1.96822429906	norm	5
A	-81	1	1	0.2	raw	5
A	-81	1	1	0.67356076759	norm	5
T	-81	1	1	0.2	raw	5
T	-81	1	1	0.638504295099	norm	5
G	-81	1	1	0.2	raw	5
G	-81	1	1	1.07175572519	norm	5
C	-80	1	2	0.4	raw	5
C	-80	1	2	1.96822429906	norm	5
A	-80	1	1	0.2	raw	5
A	-80	1	1	0.67356076759	norm	5
T	-80	1	1	0.2	raw	5
T	-80	1	1	0.638504295099	norm	5
G	-80	1	1	0.2	raw	5
G	-80	1	1	1.07175572519	norm	5
T	-79	1	3	0.6	raw	5
T	-79	1	3	1.9155128853	norm	5
A	-79	1	2	0.4	raw	5
A	-79	1	2	1.34712153518	norm	5
G	-78	1	2	0.4	raw	5
G	-78	1	2	2.14351145038	norm	5
A	-78	1	1	0.2	raw	5
A	-78	1	1	0.67356076759	norm	5
C	-78	1	1	0.2	raw	5
C	-78	1	1	0.98411214953	norm	5
T	-78	1	1	0.2	raw	5
T	-78	1	1	0.638504295099	norm	5
A	-77	1	2	0.4	raw	5
A	-77	1	2	1.34712153518	norm	5
C	-77	1	1	0.2	raw	5
C	-77	1	1	0.98411214953	norm	5
T	-77	1	1	0.2	raw	5
T	-77	1	1	0.638504295099	norm	5
G	-77	1	1	0.2	raw	5
G	-77	1	1	1.07175572519	norm	5
A	-76	1	2	0.4	raw	5
A	-76	1	2	1.34712153518	norm	5
G	-76	1	2	0.4	raw	5
G	-76	1	2	2.14351145038	norm	5
T	-76	1	1	0.2	raw	5
T	-76	1	1	0.638504295099	norm	5
T	-75	1	2	0.4	raw	5
T	-75	1	2	1.2770085902	norm	5
G	-75	1	2	0.4	raw	5
G	-75	1	2	2.14351145038	norm	5
C	-75	1	1	0.2	raw	5
C	-75	1	1	0.98411214953	norm	5
T	-74	1	3	0.6	raw	5
T	-74	1	3	1.9155128853	norm	5
C	-74	1	2	0.4	raw	5
C	-74	1	2	1.96822429906	norm	5
T	-73	1	2	0.4	raw	5
T	-73	1	2	1.2770085902	norm	5
A	-73	1	1	0.2	raw	5
A	-73	1	1	0.67356076759	norm	5
C	-73	1	1	0.2	raw	5
C	-73	1	1	0.98411214953	norm	5
G	-73	1	1	0.2	raw	5
G	-73	1	1	1.07175572519	norm	5
T	-72	1	2	0.4	raw	5
T	-72	1	2	1.2770085902	norm	5
A	-72	1	1	0.2	raw	5
A	-72	1	1	0.67356076759	norm	5
C	-72	1	1	0.2	raw	5
C	-72	1	1	0.98411214953	norm	5
G	-72	1	1	0.2	raw	5
G	-72	1	1	1.07175572519	norm	5
A	-71	1	2	0.4	raw	5
A	-71	1	2	1.34712153518	norm	5
C	-71	1	2	0.4	raw	5
C	-71	1	2	1.96822429906	norm	5
T	-71	1	1	0.2	raw	5
T	-71	1	1	0.638504295099	norm	5
T	-70	1	3	0.6	raw	5
T	-70	1	3	1.9155128853	norm	5
A	-70	1	2	0.4	raw	5
A	-70	1	2	1.34712153518	norm	5
A	-69	1	2	0.4	raw	5
A	-69	1	2	1.34712153518	norm	5
C	-69	1	1	0.2	raw	5
C	-69	1	1	0.98411214953	norm	5
T	-69	1	1	0.2	raw	5
T	-69	1	1	0.638504295099	norm	5
G	-69	1	1	0.2	raw	5
G	-69	1	1	1.07175572519	norm	5
T	-68	1	2	0.4	raw	5
T	-68	1	2	1.2770085902	norm	5
A	-68	1	1	0.2	raw	5
A	-68	1	1	0.67356076759	norm	5
C	-68	1	1	0.2	raw	5
C	-68	1	1	0.98411214953	norm	5
G	-68	1	1	0.2	raw	5
G	-68	1	1	1.07175572519	norm	5
T	-67	1	3	0.6	raw	5
T	-67	1	3	1.9155128853	norm	5
C	-67	1	2	0.4	raw	5
C	-67	1	2	1.96822429906	norm	5
T	-66	1	2	0.4	raw	5
T	-66	1	2	1.2770085902	norm	5
A	-66	1	1	0.2	raw	5
A	-66	1	1	0.67356076759	norm	5
C	-66	1	1	0.2	raw	5
C	-66	1	1	0.98411214953	norm	5
G	-66	1	1	0.2	raw	5
G	-66	1	1	1.07175572519	norm	5
T	-65	1	3	0.6	raw	5
T	-65	1	3	1.9155128853	norm	5
A	-65	1	2	0.4	raw	5
A	-65	1	2	1.34712153518	norm	5
T	-64	1	2	0.4	raw	5
T	-64	1	2	1.2770085902	norm	5
A	-64	1	1	0.2	raw	5
A	-64	1	1	0.67356076759	norm	5
C	-64	1	1	0.2	raw	5
C	-64	1	1	0.98411214953	norm	5
G	-64	1	1	0.2	raw	5
G	-64	1	1	1.07175572519	norm	5
T	-63	1	4	0.8	raw	5
T	-63	1	4	2.5540171804	norm	5
C	-63	1	1	0.2	raw	5
C	-63	1	1	0.98411214953	norm	5
C	-62	1	2	0.4	raw	5
C	-62	1	2	1.96822429906	norm	5
T	-62	1	2	0.4	raw	5
T	-62	1	2	1.2770085902	norm	5
G	-62	1	1	0.2	raw	5
G	-62	1	1	1.07175572519	norm	5
A	-61	1	2	0.4	raw	5
A	-61	1	2	1.34712153518	norm	5
C	-61	1	2	0.4	raw	5
C	-61	1	2	1.96822429906	norm	5
T	-61	1	1	0.2	raw	5
T	-61	1	1	0.638504295099	norm	5
T	-60	1	3	0.6	raw	5
T	-60	1	3	1.9155128853	norm	5
G	-60	1	2	0.4	raw	5
G	-60	1	2	2.14351145038	norm	5
T	-59	1	3	0.6	raw	5
T	-59	1	3	1.9155128853	norm	5
C	-59	1	1	0.2	raw	5
C	-59	1	1	0.98411214953	norm	5
G	-59	1	1	0.2	raw	5
G	-59	1	1	1.07175572519	norm	5
T	-58	1	3	0.6	raw	5
T	-58	1	3	1.9155128853	norm	5
C	-58	1	1	0.2	raw	5
C	-58	1	1	0.98411214953	norm	5
G	-58	1	1	0.2	raw	5
G	-58	1	1	1.07175572519	norm	5
A	-57	1	2	0.4	raw	5
A	-57	1	2	1.34712153518	norm	5
G	-57	1	2	0.4	raw	5
G	-57	1	2	2.14351145038	norm	5
T	-57	1	1	0.2	raw	5
T	-57	1	1	0.638504295099	norm	5
A	-56	1	3	0.6	raw	5
A	-56	1	3	2.02068230277	norm	5
T	-56	1	2	0.4	raw	5
T	-56	1	2	1.2770085902	norm	5
A	-55	1	2	0.4	raw	5
A	-55	1	2	1.34712153518	norm	5
G	-55	1	2	0.4	raw	5
G	-55	1	2	2.14351145038	norm	5
T	-55	1	1	0.2	raw	5
T	-55	1	1	0.638504295099	norm	5
A	-54	1	2	0.4	raw	5
A	-54	1	2	1.34712153518	norm	5
C	-54	1	1	0.2	raw	5
C	-54	1	1	0.98411214953	norm	5
T	-54	1	1	0.2	raw	5
T	-54	1	1	0.638504295099	norm	5
G	-54	1	1	0.2	raw	5
G	-54	1	1	1.07175572519	norm	5
A	-53	1	2	0.4	raw	5
A	-53	1	2	1.34712153518	norm	5
C	-53	1	1	0.2	raw	5
C	-53	1	1	0.98411214953	norm	5
T	-53	1	1	0.2	raw	5
T	-53	1	1	0.638504295099	norm	5
G	-53	1	1	0.2	raw	5
G	-53	1	1	1.07175572519	norm	5
A	-52	1	2	0.4	raw	5
A	-52	1	2	1.34712153518	norm	5
C	-52	1	2	0.4	raw	5
C	-52	1	2	1.96822429906	norm	5
T	-52	1	1	0.2	raw	5
T	-52	1	1	0.638504295099	norm	5
A	-51	1	2	0.4	raw	5
A	-51	1	2	1.34712153518	norm	5
G	-51	1	2	0.4	raw	5
G	-51	1	2	2.14351145038	norm	5
T	-51	1	1	0.2	raw	5
T	-51	1	1	0.638504295099	norm	5
A	-50	1	3	0.6	raw	5
A	-50	1	3	2.02068230277	norm	5
C	-50	1	2	0.4	raw	5
C	-50	1	2	1.96822429906	norm	5
A	-49	1	2	0.4	raw	5
A	-49	1	2	1.34712153518	norm	5
G	-49	1	2	0.4	raw	5
G	-49	1	2	2.14351145038	norm	5
T	-49	1	1	0.2	raw	5
T	-49	1	1	0.638504295099	norm	5
T	-48	1	2	0.4	raw	5
T	-48	1	2	1.2770085902	norm	5
G	-48	1	2	0.4	raw	5
G	-48	1	2	2.14351145038	norm	5
C	-48	1	1	0.2	raw	5
C	-48	1	1	0.98411214953	norm	5
A	-47	1	2	0.4	raw	5
A	-47	1	2	1.34712153518	norm	5
C	-47	1	2	0.4	raw	5
C	-47	1	2	1.96822429906	norm	5
T	-47	1	1	0.2	raw	5
T	-47	1	1	0.638504295099	norm	5
A	-46	1	2	0.4	raw	5
A	-46	1	2	1.34712153518	norm	5
T	-46	1	2	0.4	raw	5
T	-46	1	2	1.2770085902	norm	5
C	-46	1	1	0.2	raw	5
C	-46	1	1	0.98411214953	norm	5
A	-45	1	4	0.8	raw	5
A	-45	1	4	2.69424307036	norm	5
T	-45	1	1	0.2	raw	5
T	-45	1	1	0.638504295099	norm	5
A	-44	1	2	0.4	raw	5
A	-44	1	2	1.34712153518	norm	5
C	-44	1	1	0.2	raw	5
C	-44	1	1	0.98411214953	norm	5
T	-44	1	1	0.2	raw	5
T	-44	1	1	0.638504295099	norm	5
G	-44	1	1	0.2	raw	5
G	-44	1	1	1.07175572519	norm	5
G	-43	1	3	0.6	raw	5
G	-43	1	3	3.21526717557	norm	5
A	-43	1	1	0.2	raw	5
A	-43	1	1	0.67356076759	norm	5
C	-43	1	1	0.2	raw	5
C	-43	1	1	0.98411214953	norm	5
A	-42	1	3	0.6	raw	5
A	-42	1	3	2.02068230277	norm	5
T	-42	1	2	0.4	raw	5
T	-42	1	2	1.2770085902	norm	5
A	-41	1	3	0.6	raw	5
A	-41	1	3	2.02068230277	norm	5
C	-41	1	1	0.2	raw	5
C	-41	1	1	0.98411214953	norm	5
T	-41	1	1	0.2	raw	5
T	-41	1	1	0.638504295099	norm	5
A	-40	1	2	0.4	raw	5
A	-40	1	2	1.34712153518	norm	5
C	-40	1	1	0.2	raw	5
C	-40	1	1	0.98411214953	norm	5
T	-40	1	1	0.2	raw	5
T	-40	1	1	0.638504295099	norm	5
G	-40	1	1	0.2	raw	5
G	-40	1	1	1.07175572519	norm	5
T	-39	1	3	0.6	raw	5
T	-39	1	3	1.9155128853	norm	5
A	-39	1	1	0.2	raw	5
A	-39	1	1	0.67356076759	norm	5
C	-39	1	1	0.2	raw	5
C	-39	1	1	0.98411214953	norm	5
A	-38	1	3	0.6	raw	5
A	-38	1	3	2.02068230277	norm	5
T	-38	1	1	0.2	raw	5
T	-38	1	1	0.638504295099	norm	5
G	-38	1	1	0.2	raw	5
G	-38	1	1	1.07175572519	norm	5
T	-37	1	2	0.4	raw	5
T	-37	1	2	1.2770085902	norm	5
A	-37	1	1	0.2	raw	5
A	-37	1	1	0.67356076759	norm	5
C	-37	1	1	0.2	raw	5
C	-37	1	1	0.98411214953	norm	5
G	-37	1	1	0.2	raw	5
G	-37	1	1	1.07175572519	norm	5
A	-36	1	2	0.4	raw	5
A	-36	1	2	1.34712153518	norm	5
C	-36	1	1	0.2	raw	5
C	-36	1	1	0.98411214953	norm	5
T	-36	1	1	0.2	raw	5
T	-36	1	1	0.638504295099	norm	5
G	-36	1	1	0.2	raw	5
G	-36	1	1	1.07175572519	norm	5
A	-35	1	4	0.8	raw	5
A	-35	1	4	2.69424307036	norm	5
C	-35	1	1	0.2	raw	5
C	-35	1	1	0.98411214953	norm	5
A	-34	1	3	0.6	raw	5
A	-34	1	3	2.02068230277	norm	5
T	-34	1	2	0.4	raw	5
T	-34	1	2	1.2770085902	norm	5
T	-33	1	2	0.4	raw	5
T	-33	1	2	1.2770085902	norm	5
G	-33	1	2	0.4	raw	5
G	-33	1	2	2.14351145038	norm	5
A	-33	1	1	0.2	raw	5
A	-33	1	1	0.67356076759	norm	5
T	-32	1	3	0.6	raw	5
T	-32	1	3	1.9155128853	norm	5
C	-32	1	2	0.4	raw	5
C	-32	1	2	1.96822429906	norm	5
T	-31	1	2	0.4	raw	5
T	-31	1	2	1.2770085902	norm	5
G	-31	1	2	0.4	raw	5
G	-31	1	2	2.14351145038	norm	5
A	-31	1	1	0.2	raw	5
A	-31	1	1	0.67356076759	norm	5
C	-30	1	3	0.6	raw	5
C	-30	1	3	2.95233644859	norm	5
A	-30	1	1	0.2	raw	5
A	-30	1	1	0.67356076759	norm	5
T	-30	1	1	0.2	raw	5
T	-30	1	1	0.638504295099	norm	5
T	-29	1	4	0.8	raw	5
T	-29	1	4	2.5540171804	norm	5
G	-29	1	1	0.2	raw	5
G	-29	1	1	1.07175572519	norm	5
A	-28	1	2	0.4	raw	5
A	-28	1	2	1.34712153518	norm	5
T	-28	1	2	0.4	raw	5
T	-28	1	2	1.2770085902	norm	5
C	-28	1	1	0.2	raw	5
C	-28	1	1	0.98411214953	norm	5
C	-27	1	3	0.6	raw	5
C	-27	1	3	2.95233644859	norm	5
A	-27	1	1	0.2	raw	5
A	-27	1	1	0.67356076759	norm	5
T	-27	1	1	0.2	raw	5
T	-27	1	1	0.638504295099	norm	5
T	-26	1	3	0.6	raw	5
T	-26	1	3	1.9155128853	norm	5
A	-26	1	1	0.2	raw	5
A	-26	1	1	0.67356076759	norm	5
G	-26	1	1	0.2	raw	5
G	-26	1	1	1.07175572519	norm	5
G	-25	1	3	0.6	raw	5
G	-25	1	3	3.21526717557	norm	5
A	-25	1	1	0.2	raw	5
A	-25	1	1	0.67356076759	norm	5
T	-25	1	1	0.2	raw	5
T	-25	1	1	0.638504295099	norm	5
A	-24	1	2	0.4	raw	5
A	-24	1	2	1.34712153518	norm	5
T	-24	1	2	0.4	raw	5
T	-24	1	2	1.2770085902	norm	5
G	-24	1	1	0.2	raw	5
G	-24	1	1	1.07175572519	norm	5
T	-23	1	3	0.6	raw	5
T	-23	1	3	1.9155128853	norm	5
A	-23	1	1	0.2	raw	5
A	-23	1	1	0.67356076759	norm	5
G	-23	1	1	0.2	raw	5
G	-23	1	1	1.07175572519	norm	5
T	-22	1	4	0.8	raw	5
T	-22	1	4	2.5540171804	norm	5
G	-22	1	1	0.2	raw	5
G	-22	1	1	1.07175572519	norm	5
C	-21	1	2	0.4	raw	5
C	-21	1	2	1.96822429906	norm	5
T	-21	1	2	0.4	raw	5
T	-21	1	2	1.2770085902	norm	5
G	-21	1	1	0.2	raw	5
G	-21	1	1	1.07175572519	norm	5
T	-20	1	2	0.4	raw	5
T	-20	1	2	1.2770085902	norm	5
G	-20	1	2	0.4	raw	5
G	-20	1	2	2.14351145038	norm	5
A	-20	1	1	0.2	raw	5
A	-20	1	1	0.67356076759	norm	5
T	-19	1	3	0.6	raw	5
T	-19	1	3	1.9155128853	norm	5
A	-19	1	1	0.2	raw	5
A	-19	1	1	0.67356076759	norm	5
G	-19	1	1	0.2	raw	5
G	-19	1	1	1.07175572519	norm	5
G	-18	1	2	0.4	raw	5
G	-18	1	2	2.14351145038	norm	5
A	-18	1	1	0.2	raw	5
A	-18	1	1	0.67356076759	norm	5
C	-18	1	1	0.2	raw	5
C	-18	1	1	0.98411214953	norm	5
T	-18	1	1	0.2	raw	5
T	-18	1	1	0.638504295099	norm	5
A	-17	1	4	0.8	raw	5
A	-17	1	4	2.69424307036	norm	5
T	-17	1	1	0.2	raw	5
T	-17	1	1	0.638504295099	norm	5
T	-16	1	2	0.4	raw	5
T	-16	1	2	1.2770085902	norm	5
G	-16	1	2	0.4	raw	5
G	-16	1	2	2.14351145038	norm	5
A	-16	1	1	0.2	raw	5
A	-16	1	1	0.67356076759	norm	5
A	-15	1	2	0.4	raw	5
A	-15	1	2	1.34712153518	norm	5
T	-15	1	2	0.4	raw	5
T	-15	1	2	1.2770085902	norm	5
G	-15	1	1	0.2	raw	5
G	-15	1	1	1.07175572519	norm	5
A	-14	1	3	0.6	raw	5
A	-14	1	3	2.02068230277	norm	5
T	-14	1	1	0.2	raw	5
T	-14	1	1	0.638504295099	norm	5
G	-14	1	1	0.2	raw	5
G	-14	1	1	1.07175572519	norm	5
T	-13	1	3	0.6	raw	5
T	-13	1	3	1.9155128853	norm	5
A	-13	1	2	0.4	raw	5
A	-13	1	2	1.34712153518	norm	5
A	-12	1	2	0.4	raw	5
A	-12	1	2	1.34712153518	norm	5
G	-12	1	2	0.4	raw	5
G	-12	1	2	2.14351145038	norm	5
T	-12	1	1	0.2	raw	5
T	-12	1	1	0.638504295099	norm	5
A	-11	1	2	0.4	raw	5
A	-11	1	2	1.34712153518	norm	5
C	-11	1	1	0.2	raw	5
C	-11	1	1	0.98411214953	norm	5
T	-11	1	1	0.2	raw	5
T	-11	1	1	0.638504295099	norm	5
G	-11	1	1	0.2	raw	5
G	-11	1	1	1.07175572519	norm	5
A	-10	1	3	0.6	raw	5
A	-10	1	3	2.02068230277	norm	5
T	-10	1	2	0.4	raw	5
T	-10	1	2	1.2770085902	norm	5
A	-9	1	3	0.6	raw	5
A	-9	1	3	2.02068230277	norm	5
T	-9	1	2	0.4	raw	5
T	-9	1	2	1.2770085902	norm	5
T	-8	1	3	0.6	raw	5
T	-8	1	3	1.9155128853	norm	5
A	-8	1	2	0.4	raw	5
A	-8	1	2	1.34712153518	norm	5
A	-7	1	3	0.6	raw	5
A	-7	1	3	2.02068230277	norm	5
T	-7	1	1	0.2	raw	5
T	-7	1	1	0.638504295099	norm	5
G	-7	1	1	0.2	raw	5
G	-7	1	1	1.07175572519	norm	5
A	-6	1	3	0.6	raw	5
A	-6	1	3	2.02068230277	norm	5
T	-6	1	1	0.2	raw	5
T	-6	1	1	0.638504295099	norm	5
G	-6	1	1	0.2	raw	5
G	-6	1	1	1.07175572519	norm	5
G	-5	1	3	0.6	raw	5
G	-5	1	3	3.21526717557	norm	5
A	-5	1	2	0.4	raw	5
A	-5	1	2	1.34712153518	norm	5
A	-4	1	2	0.4	raw	5
A	-4	1	2	1.34712153518	norm	5
G	-4	1	2	0.4	raw	5
G	-4	1	2	2.14351145038	norm	5
C	-4	1	1	0.2	raw	5
C	-4	1	1	0.98411214953	norm	5
C	-3	1	2	0.4	raw	5
C	-3	1	2	1.96822429906	norm	5
T	-3	1	2	0.4	raw	5
T	-3	1	2	1.2770085902	norm	5
G	-3	1	1	0.2	raw	5
G	-3	1	1	1.07175572519	norm	5
A	-2	1	3	0.6	raw	5
A	-2	1	3	2.02068230277	norm	5
T	-2	1	1	0.2	raw	5
T	-2	1	1	0.638504295099	norm	5
G	-2	1	1	0.2	raw	5
G	-2	1	1	1.07175572519	norm	5
A	-1	1	3	0.6	raw	5
A	-1	1	3	2.02068230277	norm	5
T	-1	1	2	0.4	raw	5
T	-1	1	2	1.2770085902	norm	5
A	0	1	2	0.4	raw	5
A	0	1	2	1.34712153518	norm	5
C	0	1	2	0.4	raw	5
C	0	1	2	1.96822429906	norm	5
G	0	1	1	0.2	raw	5
G	0	1	1	1.07175572519	norm	5
A	1	1	2	0.4	raw	5
A	1	1	2	1.34712153518	norm	5
G	1	1	2	0.4	raw	5
G	1	1	2	2.14351145038	norm	5
T	1	1	1	0.2	raw	5
T	1	1	1	0.638504295099	norm	5
A	2	1	2	0.4	raw	5
A	2	1	2	1.34712153518	norm	5
G	2	1	2	0.4	raw	5
G	2	1	2	2.14351145038	norm	5
T	2	1	1	0.2	raw	5
T	2	1	1	0.638504295099	norm	5
G	3	1	3	0.6	raw	5
G	3	1	3	3.21526717557	norm	5
A	3	1	1	0.2	raw	5
A	3	1	1	0.67356076759	norm	5
T	3	1	1	0.2	raw	5
T	3	1	1	0.638504295099	norm	5
G	4	1	2	0.4	raw	5
G	4	1	2	2.14351145038	norm	5
A	4	1	1	0.2	raw	5
A	4	1	1	0.67356076759	norm	5
C	4	1	1	0.2	raw	5
C	4	1	1	0.98411214953	norm	5
T	4	1	1	0.2	raw	5
T	4	1	1	0.638504295099	norm	5
T	5	1	2	0.4	raw	5
T	5	1	2	1.2770085902	norm	5
A	5	1	1	0.2	raw	5
A	5	1	1	0.67356076759	norm	5
C	5	1	1	0.2	raw	5
C	5	1	1	0.98411214953	norm	5
G	5	1	1	0.2	raw	5
G	5	1	1	1.07175572519	norm	5
A	6	1	3	0.6	raw	5
A	6	1	3	2.02068230277	norm	5
C	6	1	1	0.2	raw	5
C	6	1	1	0.98411214953	norm	5
T	6	1	1	0.2	raw	5
T	6	1	1	0.638504295099	norm	5
A	7	1	2	0.4	raw	5
A	7	1	2	1.34712153518	norm	5
G	7	1	2	0.4	raw	5
G	7	1	2	2.14351145038	norm	5
T	7	1	1	0.2	raw	5
T	7	1	1	0.638504295099	norm	5
A	8	1	2	0.4	raw	5
A	8	1	2	1.34712153518	norm	5
G	8	1	2	0.4	raw	5
G	8	1	2	2.14351145038	norm	5
T	8	1	1	0.2	raw	5
T	8	1	1	0.638504295099	norm	5
A	9	1	2	0.4	raw	5
A	9	1	2	1.34712153518	norm	5
T	9	1	2	0.4	raw	5
T	9	1	2	1.2770085902	norm	5
G	9	1	1	0.2	raw	5
G	9	1	1	1.07175572519	norm	5
A	10	1	3	0.6	raw	5
A	10	1	3	2.02068230277	norm	5
T	10	1	2	0.4	raw	5
T	10	1	2	1.2770085902	norm	5
C	11	1	3	0.6	raw	5
C	11	1	3	2.95233644859	norm	5
A	11	1	2	0.4	raw	5
A	11	1	2	1.34712153518	norm	5
G	12	1	4	0.8	raw	5
G	12	1	4	4.28702290076	norm	5
C	12	1	1	0.2	raw	5
C	12	1	1	0.98411214953	norm	5
T	13	1	2	0.4	raw	5
T	13	1	2	1.2770085902	norm	5
A	13	1	1	0.2	raw	5
A	13	1	1	0.67356076759	norm	5
C	13	1	1	0.2	raw	5
C	13	1	1	0.98411214953	norm	5
G	13	1	1	0.2	raw	5
G	13	1	1	1.07175572519	norm	5
A	14	1	2	0.4	raw	5
A	14	1	2	1.34712153518	norm	5
T	14	1	2	0.4	raw	5
T	14	1	2	1.2770085902	norm	5
G	14	1	1	0.2	raw	5
G	14	1	1	1.07175572519	norm	5
G	15	1	2	0.4	raw	5
G	15	1	2	2.14351145038	norm	5
A	15	1	1	0.2	raw	5
A	15	1	1	0.67356076759	norm	5
C	15	1	1	0.2	raw	5
C	15	1	1	0.98411214953	norm	5
T	15	1	1	0.2	raw	5
T	15	1	1	0.638504295099	norm	5
C	16	1	3	0.6	raw	5
C	16	1	3	2.95233644859	norm	5
A	16	1	1	0.2	raw	5
A	16	1	1	0.67356076759	norm	5
T	16	1	1	0.2	raw	5
T	16	1	1	0.638504295099	norm	5
T	17	1	2	0.4	raw	5
T	17	1	2	1.2770085902	norm	5
A	17	1	1	0.2	raw	5
A	17	1	1	0.67356076759	norm	5
C	17	1	1	0.2	raw	5
C	17	1	1	0.98411214953	norm	5
G	17	1	1	0.2	raw	5
G	17	1	1	1.07175572519	norm	5
A	18	1	2	0.4	raw	5
A	18	1	2	1.34712153518	norm	5
G	18	1	2	0.4	raw	5
G	18	1	2	2.14351145038	norm	5
T	18	1	1	0.2	raw	5
T	18	1	1	0.638504295099	norm	5
C	19	1	2	0.4	raw	5
C	19	1	2	1.96822429906	norm	5
A	19	1	1	0.2	raw	5
A	19	1	1	0.67356076759	norm	5
T	19	1	1	0.2	raw	5
T	19	1	1	0.638504295099	norm	5
G	19	1	1	0.2	raw	5
G	19	1	1	1.07175572519	norm	5
C	20	1	3	0.6	raw	5
C	20	1	3	2.95233644859	norm	5
T	20	1	2	0.4	raw	5
T	20	1	2	1.2770085902	norm	5
A	21	1	4	0.8	raw	5
A	21	1	4	2.69424307036	norm	5
T	21	1	1	0.2	raw	5
T	21	1	1	0.638504295099	norm	5
C	22	1	3	0.6	raw	5
C	22	1	3	2.95233644859	norm	5
A	22	1	1	0.2	raw	5
A	22	1	1	0.67356076759	norm	5
G	22	1	1	0.2	raw	5
G	22	1	1	1.07175572519	norm	5
A	23	1	2	0.4	raw	5
A	23	1	2	1.34712153518	norm	5
C	23	1	1	0.2	raw	5
C	23	1	1	0.98411214953	norm	5
T	23	1	1	0.2	raw	5
T	23	1	1	0.638504295099	norm	5
G	23	1	1	0.2	raw	5
G	23	1	1	1.07175572519	norm	5
T	24	1	3	0.6	raw	5
T	24	1	3	1.9155128853	norm	5
C	24	1	2	0.4	raw	5
C	24	1	2	1.96822429906	norm	5
A	25	1	2	0.4	raw	5
A	25	1	2	1.34712153518	norm	5
T	25	1	2	0.4	raw	5
T	25	1	2	1.2770085902	norm	5
G	25	1	1	0.2	raw	5
G	25	1	1	1.07175572519	norm	5
A	26	1	3	0.6	raw	5
A	26	1	3	2.02068230277	norm	5
C	26	1	1	0.2	raw	5
C	26	1	1	0.98411214953	norm	5
G	26	1	1	0.2	raw	5
G	26	1	1	1.07175572519	norm	5
C	27	1	2	0.4	raw	5
C	27	1	2	1.96822429906	norm	5
A	27	1	1	0.2	raw	5
A	27	1	1	0.67356076759	norm	5
T	27	1	1	0.2	raw	5
T	27	1	1	0.638504295099	norm	5
G	27	1	1	0.2	raw	5
G	27	1	1	1.07175572519	norm	5
A	28	1	4	0.8	raw	5
A	28	1	4	2.69424307036	norm	5
C	28	1	1	0.2	raw	5
C	28	1	1	0.98411214953	norm	5
A	29	1	3	0.6	raw	5
A	29	1	3	2.02068230277	norm	5
C	29	1	1	0.2	raw	5
C	29	1	1	0.98411214953	norm	5
T	29	1	1	0.2	raw	5
T	29	1	1	0.638504295099	norm	5
G	30	1	3	0.6	raw	5
G	30	1	3	3.21526717557	norm	5
C	30	1	1	0.2	raw	5
C	30	1	1	0.98411214953	norm	5
T	30	1	1	0.2	raw	5
T	30	1	1	0.638504295099	norm	5
C	31	1	2	0.4	raw	5
C	31	1	2	1.96822429906	norm	5
T	31	1	2	0.4	raw	5
T	31	1	2	1.2770085902	norm	5
G	31	1	1	0.2	raw	5
G	31	1	1	1.07175572519	norm	5
T	32	1	3	0.6	raw	5
T	32	1	3	1.9155128853	norm	5
A	32	1	1	0.2	raw	5
A	32	1	1	0.67356076759	norm	5
C	32	1	1	0.2	raw	5
C	32	1	1	0.98411214953	norm	5
T	33	1	2	0.4	raw	5
T	33	1	2	1.2770085902	norm	5
A	33	1	1	0.2	raw	5
A	33	1	1	0.67356076759	norm	5
C	33	1	1	0.2	raw	5
C	33	1	1	0.98411214953	norm	5
G	33	1	1	0.2	raw	5
G	33	1	1	1.07175572519	norm	5
A	34	1	2	0.4	raw	5
A	34	1	2	1.34712153518	norm	5
T	34	1	2	0.4	raw	5
T	34	1	2	1.2770085902	norm	5
C	34	1	1	0.2	raw	5
C	34	1	1	0.98411214953	norm	5
A	35	1	2	0.4	raw	5
A	35	1	2	1.34712153518	norm	5
C	35	1	1	0.2	raw	5
C	35	1	1	0.98411214953	norm	5
T	35	1	1	0.2	raw	5
T	35	1	1	0.638504295099	norm	5
G	35	1	1	0.2	raw	5
G	35	1	1	1.07175572519	norm	5
A	36	1	4	0.8	raw	5
A	36	1	4	2.69424307036	norm	5
T	36	1	1	0.2	raw	5
T	36	1	1	0.638504295099	norm	5
T	37	1	4	0.8	raw	5
T	37	1	4	2.5540171804	norm	5
G	37	1	1	0.2	raw	5
G	37	1	1	1.07175572519	norm	5
A	38	1	2	0.4	raw	5
A	38	1	2	1.34712153518	norm	5
G	38	1	2	0.4	raw	5
G	38	1	2	2.14351145038	norm	5
T	38	1	1	0.2	raw	5
T	38	1	1	0.638504295099	norm	5
A	39	1	2	0.4	raw	5
A	39	1	2	1.34712153518	norm	5
C	39	1	2	0.4	raw	5
C	39	1	2	1.96822429906	norm	5
G	39	1	1	0.2	raw	5
G	39	1	1	1.07175572519	norm	5
G	40	1	3	0.6	raw	5
G	40	1	3	3.21526717557	norm	5
A	40	1	1	0.2	raw	5
A	40	1	1	0.67356076759	norm	5
T	40	1	1	0.2	raw	5
T	40	1	1	0.638504295099	norm	5
C	41	1	3	0.6	raw	5
C	41	1	3	2.95233644859	norm	5
A	41	1	1	0.2	raw	5
A	41	1	1	0.67356076759	norm	5
T	41	1	1	0.2	raw	5
T	41	1	1	0.638504295099	norm	5
T	42	1	2	0.4	raw	5
T	42	1	2	1.2770085902	norm	5
A	42	1	1	0.2	raw	5
A	42	1	1	0.67356076759	norm	5
C	42	1	1	0.2	raw	5
C	42	1	1	0.98411214953	norm	5
G	42	1	1	0.2	raw	5
G	42	1	1	1.07175572519	norm	5
A	43	1	2	0.4	raw	5
A	43	1	2	1.34712153518	norm	5
C	43	1	2	0.4	raw	5
C	43	1	2	1.96822429906	norm	5
T	43	1	1	0.2	raw	5
T	43	1	1	0.638504295099	norm	5
T	44	1	3	0.6	raw	5
T	44	1	3	1.9155128853	norm	5
A	44	1	1	0.2	raw	5
A	44	1	1	0.67356076759	norm	5
G	44	1	1	0.2	raw	5
G	44	1	1	1.07175572519	norm	5
A	45	1	2	0.4	raw	5
A	45	1	2	1.34712153518	norm	5
G	45	1	2	0.4	raw	5
G	45	1	2	2.14351145038	norm	5
C	45	1	1	0.2	raw	5
C	45	1	1	0.98411214953	norm	5
T	46	1	3	0.6	raw	5
T	46	1	3	1.9155128853	norm	5
A	46	1	1	0.2	raw	5
A	46	1	1	0.67356076759	norm	5
C	46	1	1	0.2	raw	5
C	46	1	1	0.98411214953	norm	5
A	47	1	2	0.4	raw	5
A	47	1	2	1.34712153518	norm	5
T	47	1	2	0.4	raw	5
T	47	1	2	1.2770085902	norm	5
C	47	1	1	0.2	raw	5
C	47	1	1	0.98411214953	norm	5
C	48	1	2	0.4	raw	5
C	48	1	2	1.96822429906	norm	5
T	48	1	2	0.4	raw	5
T	48	1	2	1.2770085902	norm	5
A	48	1	1	0.2	raw	5
A	48	1	1	0.67356076759	norm	5
C	49	1	2	0.4	raw	5
C	49	1	2	1.96822429906	norm	5
A	49	1	1	0.2	raw	5
A	49	1	1	0.67356076759	norm	5
T	49	1	1	0.2	raw	5
T	49	1	1	0.638504295099	norm	5
G	49	1	1	0.2	raw	5
G	49	1	1	1.07175572519	norm	5
T	50	1	4	0.8	raw	5
T	50	1	4	2.5540171804	norm	5
G	50	1	1	0.2	raw	5
G	50	1	1	1.07175572519	norm	5
A	51	1	2	0.4	raw	5
A	51	1	2	1.34712153518	norm	5
C	51	1	2	0.4	raw	5
C	51	1	2	1.96822429906	norm	5
T	51	1	1	0.2	raw	5
T	51	1	1	0.638504295099	norm	5
C	52	1	2	0.4	raw	5
C	52	1	2	1.96822429906	norm	5
G	52	1	2	0.4	raw	5
G	52	1	2	2.14351145038	norm	5
A	52	1	1	0.2	raw	5
A	52	1	1	0.67356076759	norm	5
C	53	1	2	0.4	raw	5
C	53	1	2	1.96822429906	norm	5
T	53	1	2	0.4	raw	5
T	53	1	2	1.2770085902	norm	5
G	53	1	1	0.2	raw	5
G	53	1	1	1.07175572519	norm	5
A	54	1	2	0.4	raw	5
A	54	1	2	1.34712153518	norm	5
C	54	1	1	0.2	raw	5
C	54	1	1	0.98411214953	norm	5
T	54	1	1	0.2	raw	5
T	54	1	1	0.638504295099	norm	5
G	54	1	1	0.2	raw	5
G	54	1	1	1.07175572519	norm	5
T	55	1	3	0.6	raw	5
T	55	1	3	1.9155128853	norm	5
A	55	1	2	0.4	raw	5
A	55	1	2	1.34712153518	norm	5
T	56	1	3	0.6	raw	5
T	56	1	3	1.9155128853	norm	5
C	56	1	1	0.2	raw	5
C	56	1	1	0.98411214953	norm	5
G	56	1	1	0.2	raw	5
G	56	1	1	1.07175572519	norm	5
T	57	1	3	0.6	raw	5
T	57	1	3	1.9155128853	norm	5
A	57	1	1	0.2	raw	5
A	57	1	1	0.67356076759	norm	5
G	57	1	1	0.2	raw	5
G	57	1	1	1.07175572519	norm	5
A	58	1	4	0.8	raw	5
A	58	1	4	2.69424307036	norm	5
C	58	1	1	0.2	raw	5
C	58	1	1	0.98411214953	norm	5
T	59	1	3	0.6	raw	5
T	59	1	3	1.9155128853	norm	5
G	59	1	2	0.4	raw	5
G	59	1	2	2.14351145038	norm	5
T	60	1	3	0.6	raw	5
T	60	1	3	1.9155128853	norm	5
C	60	1	1	0.2	raw	5
C	60	1	1	0.98411214953	norm	5
G	60	1	1	0.2	raw	5
G	60	1	1	1.07175572519	norm	5
A	61	1	2	0.4	raw	5
A	61	1	2	1.34712153518	norm	5
C	61	1	1	0.2	raw	5
C	61	1	1	0.98411214953	norm	5
T	61	1	1	0.2	raw	5
T	61	1	1	0.638504295099	norm	5
G	61	1	1	0.2	raw	5
G	61	1	1	1.07175572519	norm	5
A	62	1	3	0.6	raw	5
A	62	1	3	2.02068230277	norm	5
C	62	1	1	0.2	raw	5
C	62	1	1	0.98411214953	norm	5
T	62	1	1	0.2	raw	5
T	62	1	1	0.638504295099	norm	5
A	63	1	2	0.4	raw	5
A	63	1	2	1.34712153518	norm	5
T	63	1	2	0.4	raw	5
T	63	1	2	1.2770085902	norm	5
G	63	1	1	0.2	raw	5
G	63	1	1	1.07175572519	norm	5
T	64	1	2	0.4	raw	5
T	64	1	2	1.2770085902	norm	5
A	64	1	1	0.2	raw	5
A	64	1	1	0.67356076759	norm	5
C	64	1	1	0.2	raw	5
C	64	1	1	0.98411214953	norm	5
G	64	1	1	0.2	raw	5
G	64	1	1	1.07175572519	norm	5
T	65	1	3	0.6	raw	5
T	65	1	3	1.9155128853	norm	5
A	65	1	2	0.4	raw	5
A	65	1	2	1.34712153518	norm	5
G	66	1	3	0.6	raw	5
G	66	1	3	3.21526717557	norm	5
C	66	1	1	0.2	raw	5
C	66	1	1	0.98411214953	norm	5
T	66	1	1	0.2	raw	5
T	66	1	1	0.638504295099	norm	5
A	67	1	2	0.4	raw	5
A	67	1	2	1.34712153518	norm	5
T	67	1	2	0.4	raw	5
T	67	1	2	1.2770085902	norm	5
G	67	1	1	0.2	raw	5
G	67	1	1	1.07175572519	norm	5
A	68	1	3	0.6	raw	5
A	68	1	3	2.02068230277	norm	5
C	68	1	1	0.2	raw	5
C	68	1	1	0.98411214953	norm	5
T	68	1	1	0.2	raw	5
T	68	1	1	0.638504295099	norm	5
T	69	1	3	0.6	raw	5
T	69	1	3	1.9155128853	norm	5
A	69	1	2	0.4	raw	5
A	69	1	2	1.34712153518	norm	5
A	70	1	2	0.4	raw	5
A	70	1	2	1.34712153518	norm	5
C	70	1	2	0.4	raw	5
C	70	1	2	1.96822429906	norm	5
T	70	1	1	0.2	raw	5
T	70	1	1	0.638504295099	norm	5
T	71	1	3	0.6	raw	5
T	71	1	3	1.9155128853	norm	5
A	71	1	2	0.4	raw	5
A	71	1	2	1.34712153518	norm	5
T	72	1	2	0.4	raw	5
T	72	1	2	1.2770085902	norm	5
G	72	1	2	0.4	raw	5
G	72	1	2	2.14351145038	norm	5
A	72	1	1	0.2	raw	5
A	72	1	1	0.67356076759	norm	5
T	73	1	2	0.4	raw	5
T	73	1	2	1.2770085902	norm	5
A	73	1	1	0.2	raw	5
A	73	1	1	0.67356076759	norm	5
C	73	1	1	0.2	raw	5
C	73	1	1	0.98411214953	norm	5
G	73	1	1	0.2	raw	5
G	73	1	1	1.07175572519	norm	5
T	74	1	2	0.4	raw	5
T	74	1	2	1.2770085902	norm	5
A	74	1	1	0.2	raw	5
A	74	1	1	0.67356076759	norm	5
C	74	1	1	0.2	raw	5
C	74	1	1	0.98411214953	norm	5
G	74	1	1	0.2	raw	5
G	74	1	1	1.07175572519	norm	5
T	75	1	3	0.6	raw	5
T	75	1	3	1.9155128853	norm	5
A	75	1	1	0.2	raw	5
A	75	1	1	0.67356076759	norm	5
C	75	1	1	0.2	raw	5
C	75	1	1	0.98411214953	norm	5
A	76	1	2	0.4	raw	5
A	76	1	2	1.34712153518	norm	5
T	76	1	2	0.4	raw	5
T	76	1	2	1.2770085902	norm	5
C	76	1	1	0.2	raw	5
C	76	1	1	0.98411214953	norm	5
T	77	1	2	0.4	raw	5
T	77	1	2	1.2770085902	norm	5
A	77	1	1	0.2	raw	5
A	77	1	1	0.67356076759	norm	5
C	77	1	1	0.2	raw	5
C	77	1	1	0.98411214953	norm	5
G	77	1	1	0.2	raw	5
G	77	1	1	1.07175572519	norm	5
A	78	1	2	0.4	raw	5
A	78	1	2	1.34712153518	norm	5
G	78	1	2	0.4	raw	5
G	78	1	2	2.14351145038	norm	5
T	78	1	1	0.2	raw	5
T	78	1	1	0.638504295099	norm	5
T	79	1	2	0.4	raw	5
T	79	1	2	1.2770085902	norm	5
A	79	1	1	0.2	raw	5
A	79	1	1	0.67356076759	norm	5
C	79	1	1	0.2	raw	5
C	79	1	1	0.98411214953	norm	5
G	79	1	1	0.2	raw	5
G	79	1	1	1.07175572519	norm	5
T	80	1	3	0.6	raw	5
T	80	1	3	1.9155128853	norm	5
G	80	1	2	0.4	raw	5
G	80	1	2	2.14351145038	norm	5
C	81	1	3	0.6	raw	5
C	81	1	3	2.95233644859	norm	5
T	81	1	2	0.4	raw	5
T	81	1	2	1.2770085902	norm	5
A	82	1	3	0.6	raw	5
A	82	1	3	2.02068230277	norm	5
T	82	1	2	0.4	raw	5
T	82	1	2	1.2770085902	norm	5
T	83	1	4	0.8	raw	5
T	83	1	4	2.5540171804	norm	5
C	83	1	1	0.2	raw	5
C	83	1	1	0.98411214953	norm	5
A	84	1	3	0.6	raw	5
A	84	1	3	2.02068230277	norm	5
T	84	1	2	0.4	raw	5
T	84	1	2	1.2770085902	norm	5
A	85	1	3	0.6	raw	5
A	85	1	3	2.02068230277	norm	5
T	85	1	1	0.2	raw	5
T	85	1	1	0.638504295099	norm	5
G	85	1	1	0.2	raw	5
G	85	1	1	1.07175572519	norm	5
A	86	1	2	0.4	raw	5
A	86	1	2	1.34712153518	norm	5
C	86	1	1	0.2	raw	5
C	86	1	1	0.98411214953	norm	5
T	86	1	1	0.2	raw	5
T	86	1	1	0.638504295099	norm	5
G	86	1	1	0.2	raw	5
G	86	1	1	1.07175572519	norm	5
C	87	1	2	0.4	raw	5
C	87	1	2	1.96822429906	norm	5
T	87	1	2	0.4	raw	5
T	87	1	2	1.2770085902	norm	5
G	87	1	1	0.2	raw	5
G	87	1	1	1.07175572519	norm	5
T	88	1	3	0.6	raw	5
T	88	1	3	1.9155128853	norm	5
C	88	1	2	0.4	raw	5
C	88	1	2	1.96822429906	norm	5
C	89	1	2	0.4	raw	5
C	89	1	2	1.96822429906	norm	5
T	89	1	2	0.4	raw	5
T	89	1	2	1.2770085902	norm	5
A	89	1	1	0.2	raw	5
A	89	1	1	0.67356076759	norm	5
T	90	1	3	0.6	raw	5
T	90	1	3	1.9155128853	norm	5
A	90	1	2	0.4	raw	5
A	90	1	2	1.34712153518	norm	5
C	91	1	2	0.4	raw	5
C	91	1	2	1.96822429906	norm	5
T	91	1	2	0.4	raw	5
T	91	1	2	1.2770085902	norm	5
A	91	1	1	0.2	raw	5
A	91	1	1	0.67356076759	norm	5
C	92	1	2	0.4	raw	5
C	92	1	2	1.96822429906	norm	5
G	92	1	2	0.4	raw	5
G	92	1	2	2.14351145038	norm	5
A	92	1	1	0.2	raw	5
A	92	1	1	0.67356076759	norm	5
A	93	1	2	0.4	raw	5
A	93	1	2	1.34712153518	norm	5
T	93	1	2	0.4	raw	5
T	93	1	2	1.2770085902	norm	5
C	93	1	1	0.2	raw	5
C	93	1	1	0.98411214953	norm	5
C	94	1	2	0.4	raw	5
C	94	1	2	1.96822429906	norm	5
A	94	1	1	0.2	raw	5
A	94	1	1	0.67356076759	norm	5
T	94	1	1	0.2	raw	5
T	94	1	1	0.638504295099	norm	5
G	94	1	1	0.2	raw	5
G	94	1	1	1.07175572519	norm	5
G	95	1	2	0.4	raw	5
G	95	1	2	2.14351145038	norm	5
A	95	1	1	0.2	raw	5
A	95	1	1	0.67356076759	norm	5
C	95	1	1	0.2	raw	5
C	95	1	1	0.98411214953	norm	5
T	95	1	1	0.2	raw	5
T	95	1	1	0.638504295099	norm	5
C	96	1	2	0.4	raw	5
C	96	1	2	1.96822429906	norm	5
T	96	1	2	0.4	raw	5
T	96	1	2	1.2770085902	norm	5
G	96	1	1	0.2	raw	5
G	96	1	1	1.07175572519	norm	5
T	97	1	4	0.8	raw	5
T	97	1	4	2.5540171804	norm	5
A	97	1	1	0.2	raw	5
A	97	1	1	0.67356076759	norm	5
A	98	1	3	0.6	raw	5
A	98	1	3	2.02068230277	norm	5
C	98	1	2	0.4	raw	5
C	98	1	2	1.96822429906	norm	5
G	99	1	3	0.6	raw	5
G	99	1	3	3.21526717557	norm	5
A	99	1	1	0.2	raw	5
A	99	1	1	0.67356076759	norm	5
T	99	1	1	0.2	raw	5
T	99	1	1	0.638504295099	norm	5
A	100	1	2	0.4	raw	5
A	100	1	2	1.34712153518	norm	5
G	100	1	2	0.4	raw	5
G	100	1	2	2.14351145038	norm	5
T	100	1	1	0.2	raw	5
T	100	1	1	0.638504295099	norm	5
