#nuc	offset	region.size	count	freq	norm.freq	total.sites
T	-100	1	4170	0.413567390658	raw	4057
T	-100	1	4170	1.33964495481	norm	4057
A	-100	1	3918	0.38857482892	raw	4057
A	-100	1	3918	1.25428200982	norm	4057
C	-100	1	1098	0.108896161857	raw	4057
C	-100	1	1098	0.570455713965	norm	4057
G	-100	1	897	0.0889616185659	raw	4057
G	-100	1	897	0.466759981507	norm	4057
T	-99	1	4118	0.408410195378	raw	4057
T	-99	1	4118	1.3229395501	norm	4057
A	-99	1	3856	0.382425865318	raw	4057
A	-99	1	3856	1.23443374933	norm	4057
C	-99	1	1084	0.107507686205	raw	4057
C	-99	1	1084	0.563182143841	norm	4057
G	-99	1	1025	0.101656253099	raw	4057
G	-99	1	1025	0.533365642191	norm	4057
T	-98	1	4252	0.421699890905	raw	4057
T	-98	1	4252	1.36598809301	norm	4057
A	-98	1	3842	0.381037389666	raw	4057
A	-98	1	3842	1.22995188406	norm	4057
C	-98	1	1116	0.110681344838	raw	4057
C	-98	1	1116	0.579807446981	norm	4057
G	-98	1	873	0.0865813745909	raw	4057
G	-98	1	873	0.454271420129	norm	4057
T	-97	1	4190	0.415550927303	raw	4057
T	-97	1	4190	1.34607011047	norm	4057
A	-97	1	4011	0.397798274323	raw	4057
A	-97	1	4011	1.28405440056	norm	4057
C	-97	1	1048	0.103937320242	raw	4057
C	-97	1	1048	0.54447867781	norm	4057
G	-97	1	834	0.0827134781315	raw	4057
G	-97	1	834	0.43397750789	norm	4057
T	-96	1	4235	0.420013884757	raw	4057
T	-96	1	4235	1.3605267107	norm	4057
A	-96	1	3912	0.387979767926	raw	4057
A	-96	1	3912	1.25236121042	norm	4057
C	-96	1	1032	0.102350490925	raw	4057
C	-96	1	1032	0.53616602624	norm	4057
G	-96	1	904	0.0896558563919	raw	4057
G	-96	1	904	0.470402478576	norm	4057
A	-95	1	4221	0.418625409104	raw	4057
A	-95	1	4221	1.35128237965	norm	4057
T	-95	1	4096	0.406228305068	raw	4057
T	-95	1	4096	1.31587187888	norm	4057
C	-95	1	942	0.093424576019	raw	4057
C	-95	1	942	0.489407361161	norm	4057
G	-95	1	824	0.0817217098086	raw	4057
G	-95	1	824	0.428773940649	norm	4057
A	-94	1	4214	0.417931171278	raw	4057
A	-94	1	4214	1.34904144701	norm	4057
T	-94	1	3988	0.39551720718	raw	4057
T	-94	1	3988	1.28117603832	norm	4057
C	-94	1	1060	0.105127442229	raw	4057
C	-94	1	1060	0.550713166487	norm	4057
G	-94	1	821	0.0814241793117	raw	4057
G	-94	1	821	0.427212870477	norm	4057
A	-93	1	4043	0.400971932956	raw	4057
A	-93	1	4043	1.29429866404	norm	4057
T	-93	1	3826	0.379450560349	raw	4057
T	-93	1	3826	1.22913227748	norm	4057
C	-93	1	1120	0.111078052167	raw	4057
C	-93	1	1120	0.581885609873	norm	4057
G	-93	1	1094	0.108499454527	raw	4057
G	-93	1	1094	0.569270256153	norm	4057
A	-92	1	4197	0.416286451101	raw	4057
A	-92	1	4197	1.34373244916	norm	4057
T	-92	1	4106	0.407260464194	raw	4057
T	-92	1	4106	1.3192152923	norm	4057
C	-92	1	895	0.0887720690339	raw	4057
C	-92	1	895	0.46503506788	norm	4057
G	-92	1	884	0.0876810156715	raw	4057
G	-92	1	884	0.4600409695	norm	4057
T	-91	1	4215	0.418030348111	raw	4057
T	-91	1	4215	1.35410155504	norm	4057
A	-91	1	4014	0.39809580482	raw	4057
A	-91	1	4014	1.28501480026	norm	4057
C	-91	1	977	0.0968957651493	raw	4057
C	-91	1	977	0.50759128647	norm	4057
G	-91	1	877	0.0869780819201	raw	4057
G	-91	1	877	0.456352847026	norm	4057
T	-90	1	4120	0.408608549043	raw	4057
T	-90	1	4120	1.32358206567	norm	4057
A	-90	1	3933	0.390062481404	raw	4057
A	-90	1	3933	1.25908400833	norm	4057
C	-90	1	1034	0.10254884459	raw	4057
C	-90	1	1034	0.537205107686	norm	4057
G	-90	1	996	0.0987801249628	raw	4057
G	-90	1	996	0.518275297192	norm	4057
A	-89	1	4089	0.405534067242	raw	4057
A	-89	1	4089	1.30902479279	norm	4057
T	-89	1	4024	0.399087573143	raw	4057
T	-89	1	4024	1.2927413185	norm	4057
G	-89	1	1120	0.111078052167	raw	4057
G	-89	1	1120	0.582799530979	norm	4057
C	-89	1	850	0.0843003074482	raw	4057
C	-89	1	850	0.441609614636	norm	4057
T	-88	1	4317	0.428146385004	raw	4057
T	-88	1	4317	1.3868698489	norm	4057
A	-88	1	3916	0.388376475255	raw	4057
A	-88	1	3916	1.25364174335	norm	4057
C	-88	1	930	0.0922344540315	raw	4057
C	-88	1	930	0.483172872484	norm	4057
G	-88	1	920	0.0912426857086	raw	4057
G	-88	1	920	0.478728186162	norm	4057
A	-87	1	4046	0.401269463453	raw	4057
A	-87	1	4046	1.29525906374	norm	4057
T	-87	1	3979	0.39462461569	raw	4057
T	-87	1	3979	1.27828471827	norm	4057
C	-87	1	1095	0.10859863136	raw	4057
C	-87	1	1095	0.568897091796	norm	4057
G	-87	1	963	0.0955072894972	raw	4057
G	-87	1	963	0.501103525297	norm	4057
T	-86	1	4271	0.423584250719	raw	4057
T	-86	1	4271	1.37209199089	norm	4057
A	-86	1	3993	0.396013091342	raw	4057
A	-86	1	3993	1.27829200235	norm	4057
C	-86	1	926	0.0918377467024	raw	4057
C	-86	1	926	0.481094709591	norm	4057
G	-86	1	893	0.0885649112367	raw	4057
G	-86	1	893	0.464678554611	norm	4057
T	-85	1	4269	0.423385897054	raw	4057
T	-85	1	4269	1.37144947532	norm	4057
A	-85	1	3854	0.382227511653	raw	4057
A	-85	1	3854	1.23379348286	norm	4057
C	-85	1	1071	0.106218387385	raw	4057
C	-85	1	1071	0.556428114441	norm	4057
G	-85	1	889	0.0881682039076	raw	4057
G	-85	1	889	0.462597127715	norm	4057
A	-84	1	4105	0.407120896559	raw	4057
A	-84	1	4105	1.31414692453	norm	4057
T	-84	1	3994	0.396112268174	raw	4057
T	-84	1	3994	1.28310358502	norm	4057
C	-84	1	1084	0.107507686205	raw	4057
C	-84	1	1084	0.563182143841	norm	4057
G	-84	1	900	0.0892591490628	raw	4057
G	-84	1	900	0.46832105168	norm	4057
T	-83	1	4312	0.427650500843	raw	4057
T	-83	1	4312	1.38526355999	norm	4057
A	-83	1	3913	0.388078944759	raw	4057
A	-83	1	3913	1.25268134365	norm	4057
C	-83	1	960	0.0952097590003	raw	4057
C	-83	1	960	0.498759094177	norm	4057
G	-83	1	898	0.0890607953982	raw	4057
G	-83	1	898	0.467280338232	norm	4057
T	-82	1	4195	0.416046811465	raw	4057
T	-82	1	4195	1.34767639939	norm	4057
A	-82	1	3924	0.389169889914	raw	4057
A	-82	1	3924	1.25620280922	norm	4057
C	-82	1	998	0.0989784786274	raw	4057
C	-82	1	998	0.518501641655	norm	4057
G	-82	1	966	0.095804819994	raw	4057
G	-82	1	966	0.50266459547	norm	4057
T	-81	1	4187	0.415253396807	raw	4057
T	-81	1	4187	1.34510633712	norm	4057
A	-81	1	3896	0.38639293861	raw	4057
A	-81	1	3896	1.24723907868	norm	4057
G	-81	1	1011	0.100267777447	raw	4057
G	-81	1	1011	0.526080648054	norm	4057
C	-81	1	989	0.0980858871368	raw	4057
C	-81	1	989	0.513825775147	norm	4057
T	-80	1	4167	0.413269860161	raw	4057
T	-80	1	4167	1.33868118146	norm	4057
A	-80	1	3959	0.392641079044	raw	4057
A	-80	1	3959	1.2674074724	norm	4057
G	-80	1	1047	0.10383814341	raw	4057
G	-80	1	1047	0.544813490121	norm	4057
C	-80	1	910	0.0902509173857	raw	4057
C	-80	1	910	0.472782058022	norm	4057
T	-79	1	4202	0.416741049291	raw	4057
T	-79	1	4202	1.34992520387	norm	4057
A	-79	1	3961	0.392839432709	raw	4057
A	-79	1	3961	1.26804773887	norm	4057
G	-79	1	966	0.095804819994	raw	4057
G	-79	1	966	0.50266459547	norm	4057
C	-79	1	954	0.0946146980065	raw	4057
C	-79	1	954	0.495641849838	norm	4057
T	-78	1	4225	0.419022116434	raw	4057
T	-78	1	4225	1.35731413287	norm	4057
A	-78	1	3798	0.376673609045	raw	4057
A	-78	1	3798	1.21586602177	norm	4057
C	-78	1	1033	0.102449667758	raw	4057
C	-78	1	1033	0.536685566963	norm	4057
G	-78	1	1027	0.101854606764	raw	4057
G	-78	1	1027	0.534406355639	norm	4057
A	-77	1	4067	0.403352176931	raw	4057
A	-77	1	4067	1.30198186165	norm	4057
T	-77	1	4039	0.400575225627	raw	4057
T	-77	1	4039	1.29756018525	norm	4057
C	-77	1	1012	0.100366954279	raw	4057
C	-77	1	1012	0.525775211778	norm	4057
G	-77	1	965	0.0957056431618	raw	4057
G	-77	1	965	0.502144238746	norm	4057
T	-76	1	4240	0.420509768918	raw	4057
T	-76	1	4240	1.36213299962	norm	4057
A	-76	1	3878	0.384607755628	raw	4057
A	-76	1	3878	1.24147668047	norm	4057
C	-76	1	994	0.0985817712982	raw	4057
C	-76	1	994	0.516423478762	norm	4057
G	-76	1	971	0.0963007041555	raw	4057
G	-76	1	971	0.50526637909	norm	4057
T	-75	1	4255	0.421997421402	raw	4057
T	-75	1	4255	1.36695186636	norm	4057
A	-75	1	3963	0.393037786373	raw	4057
A	-75	1	3963	1.26868800534	norm	4057
C	-75	1	963	0.0955072894972	raw	4057
C	-75	1	963	0.500317716346	norm	4057
G	-75	1	902	0.0894575027274	raw	4057
G	-75	1	902	0.469361765128	norm	4057
T	-74	1	4291	0.425567787365	raw	4057
T	-74	1	4291	1.37851714655	norm	4057
A	-74	1	3818	0.378657145691	raw	4057
A	-74	1	3818	1.22226868645	norm	4057
C	-74	1	1053	0.104433204403	raw	4057
C	-74	1	1053	0.547076381425	norm	4057
G	-74	1	921	0.0913418625409	raw	4057
G	-74	1	921	0.479248542886	norm	4057
T	-73	1	4052	0.401864524447	raw	4057
T	-73	1	4052	1.30173653643	norm	4057
A	-73	1	4022	0.398889219478	raw	4057
A	-73	1	4022	1.28757586613	norm	4057
G	-73	1	1014	0.100565307944	raw	4057
G	-73	1	1014	0.527641718226	norm	4057
C	-73	1	995	0.0986809481305	raw	4057
C	-73	1	995	0.516943019485	norm	4057
T	-72	1	4171	0.41366656749	raw	4057
T	-72	1	4171	1.3399662126	norm	4057
A	-72	1	3844	0.38123574333	raw	4057
A	-72	1	3844	1.23059215052	norm	4057
G	-72	1	1066	0.105722503223	raw	4057
G	-72	1	1066	0.554700267878	norm	4057
C	-72	1	1002	0.0993751859566	raw	4057
C	-72	1	1002	0.520579804547	norm	4057
T	-71	1	4156	0.412178915005	raw	4057
T	-71	1	4156	1.33514734585	norm	4057
A	-71	1	3851	0.381929981156	raw	4057
A	-71	1	3851	1.23283308316	norm	4057
G	-71	1	1085	0.107606863037	raw	4057
G	-71	1	1085	0.564587045636	norm	4057
C	-71	1	991	0.0982842408013	raw	4057
C	-71	1	991	0.514864856593	norm	4057
T	-70	1	4271	0.423584250719	raw	4057
T	-70	1	4271	1.37209199089	norm	4057
A	-70	1	4001	0.396806506	raw	4057
A	-70	1	4001	1.28085306822	norm	4057
C	-70	1	981	0.0972924724784	raw	4057
C	-70	1	981	0.509669449362	norm	4057
G	-70	1	830	0.0823167708023	raw	4057
G	-70	1	830	0.431896080994	norm	4057
T	-69	1	4045	0.401170286621	raw	4057
T	-69	1	4045	1.29948773195	norm	4057
A	-69	1	3938	0.390558365566	raw	4057
A	-69	1	3938	1.2606846745	norm	4057
C	-69	1	1082	0.10730933254	raw	4057
C	-69	1	1082	0.562143062395	norm	4057
G	-69	1	1018	0.100962015273	raw	4057
G	-69	1	1018	0.529723145122	norm	4057
A	-68	1	4022	0.398889219478	raw	4057
A	-68	1	4022	1.28757586613	norm	4057
T	-68	1	3953	0.39204601805	raw	4057
T	-68	1	3953	1.26993201592	norm	4057
C	-68	1	1058	0.104929088565	raw	4057
C	-68	1	1058	0.549674085041	norm	4057
G	-68	1	1050	0.104135673907	raw	4057
G	-68	1	1050	0.546374560293	norm	4057
T	-67	1	4152	0.411782207676	raw	4057
T	-67	1	4152	1.33386231472	norm	4057
A	-67	1	3877	0.384508578796	raw	4057
A	-67	1	3877	1.24115654724	norm	4057
C	-67	1	1108	0.10988793018	raw	4057
C	-67	1	1108	0.575651121196	norm	4057
G	-67	1	946	0.0938212833482	raw	4057
G	-67	1	946	0.492257460988	norm	4057
T	-66	1	4014	0.39809580482	raw	4057
T	-66	1	4014	1.28952874068	norm	4057
A	-66	1	3984	0.395120499851	raw	4057
A	-66	1	3984	1.27541080325	norm	4057
C	-66	1	1043	0.103441436081	raw	4057
C	-66	1	1043	0.541880974194	norm	4057
G	-66	1	1042	0.103342259248	raw	4057
G	-66	1	1042	0.5422117065	norm	4057
A	-65	1	3995	0.396211445006	raw	4057
A	-65	1	3995	1.27893226882	norm	4057
T	-65	1	3936	0.390360011901	raw	4057
T	-65	1	3936	1.26447063361	norm	4057
G	-65	1	1128	0.111871466825	raw	4057
G	-65	1	1128	0.586962384772	norm	4057
C	-65	1	1024	0.101557076267	raw	4057
C	-65	1	1024	0.532009700455	norm	4057
A	-64	1	4147	0.411286323515	raw	4057
A	-64	1	4147	1.32759252035	norm	4057
T	-64	1	4095	0.406129128236	raw	4057
T	-64	1	4095	1.31555062109	norm	4057
C	-64	1	985	0.0976891798076	raw	4057
C	-64	1	985	0.511747612254	norm	4057
G	-64	1	856	0.0848953684419	raw	4057
G	-64	1	856	0.44542535582	norm	4057
T	-63	1	4133	0.409897847863	raw	4057
T	-63	1	4133	1.32775841684	norm	4057
A	-63	1	3816	0.378458792026	raw	4057
A	-63	1	3816	1.22162841998	norm	4057
C	-63	1	1114	0.110482991173	raw	4057
C	-63	1	1114	0.578768365534	norm	4057
G	-63	1	1020	0.101160368938	raw	4057
G	-63	1	1020	0.53076385857	norm	4057
A	-62	1	3956	0.392343548547	raw	4057
A	-62	1	3956	1.2664470727	norm	4057
T	-62	1	3939	0.390657542398	raw	4057
T	-62	1	3939	1.26543440696	norm	4057
C	-62	1	1148	0.113855003471	raw	4057
C	-62	1	1148	0.59643275012	norm	4057
G	-62	1	1040	0.103143905584	raw	4057
G	-62	1	1040	0.541170993052	norm	4057
T	-61	1	4110	0.40761678072	raw	4057
T	-61	1	4110	1.32036948784	norm	4057
A	-61	1	4032	0.399880987801	raw	4057
A	-61	1	4032	1.29077719847	norm	4057
C	-61	1	1064	0.105524149559	raw	4057
C	-61	1	1064	0.552791329379	norm	4057
G	-61	1	877	0.0869780819201	raw	4057
G	-61	1	877	0.456352847026	norm	4057
T	-60	1	4145	0.41108796985	raw	4057
T	-60	1	4145	1.33161351024	norm	4057
A	-60	1	3772	0.374095011405	raw	4057
A	-60	1	3772	1.20754255769	norm	4057
C	-60	1	1134	0.112466527819	raw	4057
C	-60	1	1134	0.589159179996	norm	4057
G	-60	1	1032	0.102350490925	raw	4057
G	-60	1	1032	0.537008139259	norm	4057
T	-59	1	4054	0.402062878112	raw	4057
T	-59	1	4054	1.30237905199	norm	4057
A	-59	1	4031	0.399781810969	raw	4057
A	-59	1	4031	1.29045706523	norm	4057
G	-59	1	1002	0.0993751859566	raw	4057
G	-59	1	1002	0.521397437537	norm	4057
C	-59	1	996	0.0987801249628	raw	4057
C	-59	1	996	0.517462560209	norm	4057
T	-58	1	4158	0.41237726867	raw	4057
T	-58	1	4158	1.33578986142	norm	4057
A	-58	1	3742	0.371119706437	raw	4057
A	-58	1	3742	1.19793856068	norm	4057
C	-58	1	1118	0.110879698502	raw	4057
C	-58	1	1118	0.580846528427	norm	4057
G	-58	1	1065	0.105623326391	raw	4057
G	-58	1	1065	0.554179911154	norm	4057
T	-57	1	4070	0.403649707428	raw	4057
T	-57	1	4070	1.30751917652	norm	4057
A	-57	1	3759	0.372805712586	raw	4057
A	-57	1	3759	1.20338082565	norm	4057
C	-57	1	1161	0.115144302291	raw	4057
C	-57	1	1161	0.60318677952	norm	4057
G	-57	1	1093	0.108400277695	raw	4057
G	-57	1	1093	0.568749899429	norm	4057
T	-56	1	4002	0.396905682832	raw	4057
T	-56	1	4002	1.28567364728	norm	4057
A	-56	1	3960	0.392740255876	raw	4057
A	-56	1	3960	1.26772760564	norm	4057
G	-56	1	1069	0.10602003372	raw	4057
G	-56	1	1069	0.556261338051	norm	4057
C	-56	1	1052	0.104334027571	raw	4057
C	-56	1	1052	0.546556840702	norm	4057
T	-55	1	4187	0.415253396807	raw	4057
T	-55	1	4187	1.34510633712	norm	4057
A	-55	1	3862	0.383020926312	raw	4057
A	-55	1	3862	1.23635454873	norm	4057
C	-55	1	1033	0.102449667758	raw	4057
C	-55	1	1033	0.536685566963	norm	4057
G	-55	1	1001	0.0992760091243	raw	4057
G	-55	1	1001	0.520877080813	norm	4057
T	-54	1	4121	0.408707725875	raw	4057
T	-54	1	4121	1.32390332345	norm	4057
A	-54	1	3868	0.383615987305	raw	4057
A	-54	1	3868	1.23827534813	norm	4057
G	-54	1	1067	0.105821680056	raw	4057
G	-54	1	1067	0.555220624603	norm	4057
C	-54	1	1027	0.101854606764	raw	4057
C	-54	1	1027	0.533568322625	norm	4057
T	-53	1	4080	0.404641475751	raw	4057
T	-53	1	4080	1.31073175435	norm	4057
A	-53	1	3926	0.389368243578	raw	4057
A	-53	1	3926	1.25684307569	norm	4057
G	-53	1	1086	0.107706039869	raw	4057
G	-53	1	1086	0.56510740236	norm	4057
C	-53	1	991	0.0982842408013	raw	4057
C	-53	1	991	0.514864856593	norm	4057
T	-52	1	4078	0.404443122087	raw	4057
T	-52	1	4078	1.31008923878	norm	4057
A	-52	1	3929	0.389665774075	raw	4057
A	-52	1	3929	1.25780347539	norm	4057
C	-52	1	1106	0.109689576515	raw	4057
C	-52	1	1106	0.57461203975	norm	4057
G	-52	1	970	0.0962015273232	raw	4057
G	-52	1	970	0.504746022366	norm	4057
T	-51	1	4007	0.397401566994	raw	4057
T	-51	1	4007	1.28727993619	norm	4057
A	-51	1	3836	0.380442328672	raw	4057
A	-51	1	3836	1.22803108465	norm	4057
C	-51	1	1148	0.113855003471	raw	4057
C	-51	1	1148	0.59643275012	norm	4057
G	-51	1	1092	0.108301100863	raw	4057
G	-51	1	1092	0.568229542705	norm	4057
T	-50	1	4041	0.400773579292	raw	4057
T	-50	1	4041	1.29820270081	norm	4057
A	-50	1	3864	0.383219279976	raw	4057
A	-50	1	3864	1.2369948152	norm	4057
C	-50	1	1134	0.112466527819	raw	4057
C	-50	1	1134	0.589159179996	norm	4057
G	-50	1	1044	0.103540612913	raw	4057
G	-50	1	1044	0.543252419949	norm	4057
A	-49	1	4049	0.40156699395	raw	4057
A	-49	1	4049	1.29621946344	norm	4057
T	-49	1	3941	0.390855896063	raw	4057
T	-49	1	3941	1.26607692252	norm	4057
C	-49	1	1114	0.110482991173	raw	4057
C	-49	1	1114	0.578768365534	norm	4057
G	-49	1	979	0.0970941188138	raw	4057
G	-49	1	979	0.509429232883	norm	4057
T	-48	1	4073	0.403947237925	raw	4057
T	-48	1	4073	1.30848294987	norm	4057
A	-48	1	3817	0.378557968858	raw	4057
A	-48	1	3817	1.22194855321	norm	4057
C	-48	1	1195	0.118516314589	raw	4057
C	-48	1	1195	0.620851164106	norm	4057
G	-48	1	998	0.0989784786274	raw	4057
G	-48	1	998	0.51931601064	norm	4057
A	-47	1	4054	0.402062878112	raw	4057
A	-47	1	4054	1.29782012961	norm	4057
T	-47	1	4049	0.40156699395	raw	4057
T	-47	1	4049	1.30077276308	norm	4057
C	-47	1	1018	0.100962015273	raw	4057
C	-47	1	1018	0.528892456117	norm	4057
G	-47	1	962	0.0954081126649	raw	4057
G	-47	1	962	0.500583168573	norm	4057
T	-46	1	4339	0.430328275315	raw	4057
T	-46	1	4339	1.39393752013	norm	4057
A	-46	1	3738	0.370722999107	raw	4057
A	-46	1	3738	1.19665802775	norm	4057
C	-46	1	1040	0.103143905584	raw	4057
C	-46	1	1040	0.540322352025	norm	4057
G	-46	1	966	0.095804819994	raw	4057
G	-46	1	966	0.50266459547	norm	4057
A	-45	1	3939	0.390657542398	raw	4057
A	-45	1	3939	1.26100480773	norm	4057
T	-45	1	3892	0.38599623128	raw	4057
T	-45	1	3892	1.25033529116	norm	4057
C	-45	1	1149	0.113954180303	raw	4057
C	-45	1	1149	0.596952290843	norm	4057
G	-45	1	1103	0.109392046018	raw	4057
G	-45	1	1103	0.57395346667	norm	4057
A	-44	1	4084	0.40503818308	raw	4057
A	-44	1	4084	1.30742412662	norm	4057
T	-44	1	4073	0.403947237925	raw	4057
T	-44	1	4073	1.30848294987	norm	4057
C	-44	1	1008	0.0999702469503	raw	4057
C	-44	1	1008	0.523697048886	norm	4057
G	-44	1	918	0.091044332044	raw	4057
G	-44	1	918	0.477687472713	norm	4057
T	-43	1	4072	0.403848061093	raw	4057
T	-43	1	4072	1.30816169209	norm	4057
A	-43	1	3868	0.383615987305	raw	4057
A	-43	1	3868	1.23827534813	norm	4057
G	-43	1	1114	0.110482991173	raw	4057
G	-43	1	1114	0.579677390635	norm	4057
C	-43	1	1029	0.102052960428	raw	4057
C	-43	1	1029	0.534607404071	norm	4057
T	-42	1	4034	0.400079341466	raw	4057
T	-42	1	4034	1.29595389633	norm	4057
A	-42	1	3833	0.380144798175	raw	4057
A	-42	1	3833	1.22707068495	norm	4057
C	-42	1	1146	0.113656649807	raw	4057
C	-42	1	1146	0.595393668674	norm	4057
G	-42	1	1070	0.106119210552	raw	4057
G	-42	1	1070	0.556781694775	norm	4057
T	-41	1	4087	0.405335713577	raw	4057
T	-41	1	4087	1.31298055883	norm	4057
A	-41	1	4000	0.396707329168	raw	4057
A	-41	1	4000	1.28053293499	norm	4057
C	-41	1	1017	0.100862838441	raw	4057
C	-41	1	1017	0.528372915394	norm	4057
G	-41	1	979	0.0970941188138	raw	4057
G	-41	1	979	0.509429232883	norm	4057
A	-40	1	4020	0.398690865814	raw	4057
A	-40	1	4020	1.28693559966	norm	4057
T	-40	1	3970	0.393732024199	raw	4057
T	-40	1	3970	1.27539339823	norm	4057
C	-40	1	1080	0.107110978875	raw	4057
C	-40	1	1080	0.561103980949	norm	4057
G	-40	1	1013	0.100466131112	raw	4057
G	-40	1	1013	0.527121361502	norm	4057
T	-39	1	4006	0.397302390162	raw	4057
T	-39	1	4006	1.28695867841	norm	4057
A	-39	1	3895	0.386293761777	raw	4057
A	-39	1	3895	1.24691894544	norm	4057
G	-39	1	1204	0.11940890608	raw	4057
G	-39	1	1204	0.626509495803	norm	4057
C	-39	1	978	0.0969949419816	raw	4057
C	-39	1	978	0.508110827193	norm	4057
T	-38	1	4028	0.399484280472	raw	4057
T	-38	1	4028	1.29402634964	norm	4057
A	-38	1	3786	0.375483487057	raw	4057
A	-38	1	3786	1.21202442297	norm	4057
G	-38	1	1223	0.121293265893	raw	4057
G	-38	1	1223	0.63639627356	norm	4057
C	-38	1	1046	0.103738966577	raw	4057
C	-38	1	1046	0.543439596364	norm	4057
T	-37	1	4000	0.396707329168	raw	4057
T	-37	1	4000	1.28503113171	norm	4057
A	-37	1	3769	0.373797480908	raw	4057
A	-37	1	3769	1.20658215799	norm	4057
C	-37	1	1246	0.123574333036	raw	4057
C	-37	1	1246	0.647347740984	norm	4057
G	-37	1	1068	0.105920856888	raw	4057
G	-37	1	1068	0.555740981327	norm	4057
A	-36	1	3887	0.385500347119	raw	4057
A	-36	1	3887	1.24435787957	norm	4057
T	-36	1	3796	0.37647525538	raw	4057
T	-36	1	3796	1.219494544	norm	4057
C	-36	1	1232	0.122185857384	raw	4057
C	-36	1	1232	0.64007417086	norm	4057
G	-36	1	1168	0.115838540117	raw	4057
G	-36	1	1168	0.607776653735	norm	4057
T	-35	1	3982	0.394922146187	raw	4057
T	-35	1	3982	1.27924849162	norm	4057
A	-35	1	3965	0.393236140038	raw	4057
A	-35	1	3965	1.26932827181	norm	4057
G	-35	1	1076	0.106714271546	raw	4057
G	-35	1	1076	0.559903835119	norm	4057
C	-35	1	1060	0.105127442229	raw	4057
C	-35	1	1060	0.550713166487	norm	4057
T	-34	1	4006	0.397302390162	raw	4057
T	-34	1	4006	1.28695867841	norm	4057
A	-34	1	3888	0.385599523951	raw	4057
A	-34	1	3888	1.24467801281	norm	4057
C	-34	1	1177	0.116731131608	raw	4057
C	-34	1	1177	0.61149943109	norm	4057
G	-34	1	1012	0.100366954279	raw	4057
G	-34	1	1012	0.526601004778	norm	4057
T	-33	1	3948	0.391550133889	raw	4057
T	-33	1	3948	1.268325727	norm	4057
A	-33	1	3657	0.362689675692	raw	4057
A	-33	1	3657	1.17072723581	norm	4057
C	-33	1	1282	0.127144698998	raw	4057
C	-33	1	1282	0.666051207015	norm	4057
G	-33	1	1196	0.118615491421	raw	4057
G	-33	1	1196	0.62234664201	norm	4057
T	-32	1	4018	0.398492512149	raw	4057
T	-32	1	4018	1.29081377181	norm	4057
A	-32	1	3804	0.377268670039	raw	4057
A	-32	1	3804	1.21778682117	norm	4057
C	-32	1	1138	0.112863235148	raw	4057
C	-32	1	1138	0.591237342889	norm	4057
G	-32	1	1123	0.111375582664	raw	4057
G	-32	1	1123	0.584360601152	norm	4057
T	-31	1	4044	0.401071109789	raw	4057
T	-31	1	4044	1.29916647416	norm	4057
A	-31	1	3951	0.391847664386	raw	4057
A	-31	1	3951	1.26484640653	norm	4057
C	-31	1	1131	0.112168997322	raw	4057
C	-31	1	1131	0.587600557827	norm	4057
G	-31	1	957	0.0949122285034	raw	4057
G	-31	1	957	0.497981384953	norm	4057
A	-30	1	3978	0.394525438857	raw	4057
A	-30	1	3978	1.27349000385	norm	4057
T	-30	1	3751	0.372012297927	raw	4057
T	-30	1	3751	1.20503794377	norm	4057
C	-30	1	1211	0.120103143906	raw	4057
C	-30	1	1211	0.629163815675	norm	4057
G	-30	1	1143	0.11335911931	raw	4057
G	-30	1	1143	0.594767735633	norm	4057
A	-29	1	3959	0.392641079044	raw	4057
A	-29	1	3959	1.2674074724	norm	4057
T	-29	1	3830	0.379847267678	raw	4057
T	-29	1	3830	1.23041730862	norm	4057
C	-29	1	1174	0.116433601111	raw	4057
C	-29	1	1174	0.609940808921	norm	4057
G	-29	1	1120	0.111078052167	raw	4057
G	-29	1	1120	0.582799530979	norm	4057
T	-28	1	4001	0.396806506	raw	4057
T	-28	1	4001	1.2853523895	norm	4057
A	-28	1	3880	0.384806109293	raw	4057
A	-28	1	3880	1.24211694694	norm	4057
C	-28	1	1194	0.118417137757	raw	4057
C	-28	1	1194	0.620331623383	norm	4057
G	-28	1	1008	0.0999702469503	raw	4057
G	-28	1	1008	0.524519577881	norm	4057
A	-27	1	3807	0.377566200536	raw	4057
A	-27	1	3807	1.21874722087	norm	4057
T	-27	1	3661	0.363086383021	raw	4057
T	-27	1	3661	1.1761247433	norm	4057
C	-27	1	1312	0.130120003967	raw	4057
C	-27	1	1312	0.681637428708	norm	4057
G	-27	1	1303	0.129227412476	raw	4057
G	-27	1	1303	0.678024811487	norm	4057
T	-26	1	4026	0.399285926807	raw	4057
T	-26	1	4026	1.29338383407	norm	4057
A	-26	1	3666	0.363582267182	raw	4057
A	-26	1	3666	1.17360843492	norm	4057
C	-26	1	1319	0.130814241793	raw	4057
C	-26	1	1319	0.68527421377	norm	4057
G	-26	1	1072	0.106317564217	raw	4057
G	-26	1	1072	0.557822408223	norm	4057
T	-25	1	4050	0.401666170783	raw	4057
T	-25	1	4050	1.30109402086	norm	4057
A	-25	1	3801	0.376971139542	raw	4057
A	-25	1	3801	1.21682642147	norm	4057
C	-25	1	1219	0.120896558564	raw	4057
C	-25	1	1219	0.63332014146	norm	4057
G	-25	1	1013	0.100466131112	raw	4057
G	-25	1	1013	0.527121361502	norm	4057
T	-24	1	3781	0.374987602896	raw	4057
T	-24	1	3781	1.21467567725	norm	4057
A	-24	1	3771	0.373995834573	raw	4057
A	-24	1	3771	1.20722242446	norm	4057
C	-24	1	1317	0.130615888129	raw	4057
C	-24	1	1317	0.684235132324	norm	4057
G	-24	1	1214	0.120400674402	raw	4057
G	-24	1	1214	0.631713063044	norm	4057
T	-23	1	3869	0.383715164138	raw	4057
T	-23	1	3869	1.24294636215	norm	4057
A	-23	1	3832	0.380045621343	raw	4057
A	-23	1	3832	1.22675055172	norm	4057
C	-23	1	1249	0.123871863533	raw	4057
C	-23	1	1249	0.648906363153	norm	4057
G	-23	1	1133	0.112367350987	raw	4057
G	-23	1	1133	0.589564168392	norm	4057
T	-22	1	3957	0.392442725379	raw	4057
T	-22	1	3957	1.27121704705	norm	4057
A	-22	1	3616	0.358623425568	raw	4057
A	-22	1	3616	1.15760177323	norm	4057
C	-22	1	1369	0.135773083408	raw	4057
C	-22	1	1369	0.711251249925	norm	4057
G	-22	1	1141	0.113160765645	raw	4057
G	-22	1	1141	0.593727022185	norm	4057
T	-21	1	3788	0.375681840722	raw	4057
T	-21	1	3788	1.21692448173	norm	4057
A	-21	1	3559	0.352970346127	raw	4057
A	-21	1	3559	1.13935417891	norm	4057
C	-21	1	1459	0.144698998314	raw	4057
C	-21	1	1459	0.758009915004	norm	4057
G	-21	1	1277	0.126648814837	raw	4057
G	-21	1	1277	0.664495536661	norm	4057
A	-20	1	3810	0.377863731032	raw	4057
A	-20	1	3810	1.21970762058	norm	4057
T	-20	1	3809	0.3777645542	raw	4057
T	-20	1	3809	1.22367089517	norm	4057
C	-20	1	1289	0.127838936824	raw	4057
C	-20	1	1289	0.669687992077	norm	4057
G	-20	1	1175	0.116532777943	raw	4057
G	-20	1	1175	0.611419150804	norm	4057
A	-19	1	3870	0.38381434097	raw	4057
A	-19	1	3870	1.2389156146	norm	4057
T	-19	1	3783	0.375185956561	raw	4057
T	-19	1	3783	1.21531819282	norm	4057
C	-19	1	1316	0.130516711296	raw	4057
C	-19	1	1316	0.683715591601	norm	4057
G	-19	1	1114	0.110482991173	raw	4057
G	-19	1	1114	0.579677390635	norm	4057
T	-18	1	3732	0.370127938114	raw	4057
T	-18	1	3732	1.19893404589	norm	4057
A	-18	1	3622	0.359218486562	raw	4057
A	-18	1	3622	1.15952257263	norm	4057
C	-18	1	1409	0.139740156699	raw	4057
C	-18	1	1409	0.732032878849	norm	4057
G	-18	1	1320	0.130913418625	raw	4057
G	-18	1	1320	0.686870875797	norm	4057
T	-17	1	3807	0.377566200536	raw	4057
T	-17	1	3807	1.22302837961	norm	4057
A	-17	1	3590	0.356044827928	raw	4057
A	-17	1	3590	1.14927830915	norm	4057
C	-17	1	1369	0.135773083408	raw	4057
C	-17	1	1369	0.711251249925	norm	4057
G	-17	1	1317	0.130615888129	raw	4057
G	-17	1	1317	0.685309805625	norm	4057
T	-16	1	3791	0.375979371219	raw	4057
T	-16	1	3791	1.21788825508	norm	4057
A	-16	1	3662	0.363185559853	raw	4057
A	-16	1	3662	1.17232790198	norm	4057
C	-16	1	1383	0.13716155906	raw	4057
C	-16	1	1383	0.718524820049	norm	4057
G	-16	1	1247	0.123673509868	raw	4057
G	-16	1	1247	0.648884834938	norm	4057
A	-15	1	3752	0.372111474759	raw	4057
A	-15	1	3752	1.20113989302	norm	4057
T	-15	1	3689	0.365863334325	raw	4057
T	-15	1	3689	1.18511996122	norm	4057
C	-15	1	1385	0.137359912724	raw	4057
C	-15	1	1385	0.719563901495	norm	4057
G	-15	1	1257	0.124665278191	raw	4057
G	-15	1	1257	0.654088402179	norm	4057
A	-14	1	3706	0.367549340474	raw	4057
A	-14	1	3706	1.18641376427	norm	4057
T	-14	1	3704	0.367350986809	raw	4057
T	-14	1	3704	1.18993882797	norm	4057
C	-14	1	1425	0.141326986016	raw	4057
C	-14	1	1425	0.740345530419	norm	4057
G	-14	1	1248	0.1237726867	raw	4057
G	-14	1	1248	0.649405191663	norm	4057
A	-13	1	3651	0.362094614698	raw	4057
A	-13	1	3651	1.16880643641	norm	4057
T	-13	1	3647	0.361697907369	raw	4057
T	-13	1	3647	1.17162713434	norm	4057
C	-13	1	1453	0.14410393732	raw	4057
C	-13	1	1453	0.754892670666	norm	4057
G	-13	1	1332	0.132103540613	raw	4057
G	-13	1	1332	0.693115156486	norm	4057
T	-12	1	3779	0.374789249231	raw	4057
T	-12	1	3779	1.21403316169	norm	4057
A	-12	1	3400	0.337201229793	raw	4057
A	-12	1	3400	1.08845299474	norm	4057
C	-12	1	1532	0.151938907071	raw	4057
C	-12	1	1532	0.795936387791	norm	4057
G	-12	1	1372	0.136070613905	raw	4057
G	-12	1	1372	0.71392942545	norm	4057
A	-11	1	3706	0.367549340474	raw	4057
A	-11	1	3706	1.18641376427	norm	4057
T	-11	1	3567	0.353763760785	raw	4057
T	-11	1	3567	1.14592651171	norm	4057
C	-11	1	1458	0.144599821482	raw	4057
C	-11	1	1458	0.757490374281	norm	4057
G	-11	1	1352	0.134087077259	raw	4057
G	-11	1	1352	0.703522290968	norm	4057
T	-10	1	3780	0.374888426064	raw	4057
T	-10	1	3780	1.21435441947	norm	4057
A	-10	1	3662	0.363185559853	raw	4057
A	-10	1	3662	1.17232790198	norm	4057
C	-10	1	1356	0.134483784588	raw	4057
C	-10	1	1356	0.704497220525	norm	4057
G	-10	1	1285	0.127442229495	raw	4057
G	-10	1	1285	0.668658390454	norm	4057
T	-9	1	3935	0.390260835069	raw	4057
T	-9	1	3935	1.26414937582	norm	4057
A	-9	1	3398	0.337002876128	raw	4057
A	-9	1	3398	1.08781272827	norm	4057
G	-9	1	1393	0.138153327383	raw	4057
G	-9	1	1393	0.724856916655	norm	4057
C	-9	1	1357	0.13458296142	raw	4057
C	-9	1	1357	0.705016761248	norm	4057
T	-8	1	3725	0.369433700288	raw	4057
T	-8	1	3725	1.19668524141	norm	4057
A	-8	1	3579	0.354953882773	raw	4057
A	-8	1	3579	1.14575684358	norm	4057
C	-8	1	1405	0.13934344937	raw	4057
C	-8	1	1405	0.729954715957	norm	4057
G	-8	1	1374	0.136268967569	raw	4057
G	-8	1	1374	0.714970138898	norm	4057
A	-7	1	3627	0.359714370723	raw	4057
A	-7	1	3627	1.1611232388	norm	4057
T	-7	1	3528	0.349895864326	raw	4057
T	-7	1	3528	1.13339745817	norm	4057
C	-7	1	1614	0.160071407319	raw	4057
C	-7	1	1614	0.838538727085	norm	4057
G	-7	1	1314	0.130318357632	raw	4057
G	-7	1	1314	0.683748735452	norm	4057
T	-6	1	3729	0.369830407617	raw	4057
T	-6	1	3729	1.19797027254	norm	4057
A	-6	1	3306	0.327878607557	raw	4057
A	-6	1	3306	1.05836047077	norm	4057
G	-6	1	1535	0.152236437568	raw	4057
G	-6	1	1535	0.798747571476	norm	4057
C	-6	1	1513	0.150054547258	raw	4057
C	-6	1	1513	0.786065114052	norm	4057
T	-5	1	3720	0.368937816126	raw	4057
T	-5	1	3720	1.19507895249	norm	4057
A	-5	1	3573	0.354358821779	raw	4057
A	-5	1	3573	1.14383604418	norm	4057
C	-5	1	1428	0.141624516513	raw	4057
C	-5	1	1428	0.741904152588	norm	4057
G	-5	1	1362	0.135078845582	raw	4057
G	-5	1	1362	0.708725858209	norm	4057
T	-4	1	3861	0.382921749479	raw	4057
T	-4	1	3861	1.24037629989	norm	4057
A	-4	1	3596	0.356639888922	raw	4057
A	-4	1	3596	1.15119910855	norm	4057
C	-4	1	1521	0.150847961916	raw	4057
C	-4	1	1521	0.790221439837	norm	4057
G	-4	1	1105	0.109590399683	raw	4057
G	-4	1	1105	0.574994180118	norm	4057
T	-3	1	3605	0.357532480413	raw	4057
T	-3	1	3605	1.15813430746	norm	4057
A	-3	1	3477	0.344837845879	raw	4057
A	-3	1	3477	1.11310325374	norm	4057
C	-3	1	1543	0.153029852227	raw	4057
C	-3	1	1543	0.801651335745	norm	4057
G	-3	1	1458	0.144599821482	raw	4057
G	-3	1	1458	0.758680103721	norm	4057
T	-2	1	4296	0.426063671526	raw	4057
T	-2	1	4296	1.38012343546	norm	4057
A	-2	1	3107	0.308142417931	raw	4057
A	-2	1	3107	0.994653957252	norm	4057
C	-2	1	1471	0.145889120301	raw	4057
C	-2	1	1471	0.764244403682	norm	4057
G	-2	1	1209	0.119904790241	raw	4057
G	-2	1	1209	0.629111279423	norm	4057
T	-1	1	3749	0.371813944263	raw	4057
T	-1	1	3749	1.2043954282	norm	4057
A	-1	1	3421	0.339283943271	raw	4057
A	-1	1	3421	1.09517579265	norm	4057
C	-1	1	1730	0.171575919865	raw	4057
C	-1	1	1730	0.898805450965	norm	4057
G	-1	1	1183	0.117326192601	raw	4057
G	-1	1	1183	0.615582004597	norm	4057
C	0	1	4834	0.479420807299	raw	4057
C	0	1	4834	2.51145985547	norm	4057
A	0	1	2456	0.243578300109	raw	4057
A	0	1	2456	0.786247222082	norm	4057
G	0	1	1511	0.149856193593	raw	4057
G	0	1	1511	0.786259010098	norm	4057
T	0	1	1282	0.127144698998	raw	4057
T	0	1	1282	0.411852477714	norm	4057
A	1	1	4194	0.415947634633	raw	4057
A	1	1	4194	1.34263878233	norm	4057
T	1	1	3461	0.343251016563	raw	4057
T	1	1	3461	1.11187318672	norm	4057
C	1	1	1639	0.162550828127	raw	4057
C	1	1	1639	0.851527245162	norm	4057
G	1	1	789	0.0782505206784	raw	4057
G	1	1	789	0.410561455306	norm	4057
T	2	1	3466	0.343746900724	raw	4057
T	2	1	3466	1.11347947563	norm	4057
A	2	1	3388	0.336011107805	raw	4057
A	2	1	3388	1.08461139593	norm	4057
C	2	1	1639	0.162550828127	raw	4057
C	2	1	1639	0.851527245162	norm	4057
G	2	1	1590	0.157691163344	raw	4057
G	2	1	1590	0.827367191301	norm	4057
T	3	1	3812	0.378062084697	raw	4057
T	3	1	3812	1.22463466852	norm	4057
A	3	1	3086	0.306059704453	raw	4057
A	3	1	3086	0.987931159343	norm	4057
G	3	1	1723	0.170881682039	raw	4057
G	3	1	1723	0.896574635605	norm	4057
C	3	1	1462	0.144996528811	raw	4057
C	3	1	1462	0.759568537174	norm	4057
A	4	1	3839	0.380739859169	raw	4057
A	4	1	3839	1.22899148435	norm	4057
T	4	1	3203	0.317663393831	raw	4057
T	4	1	3203	1.02898867872	norm	4057
G	4	1	1707	0.169294852722	raw	4057
G	4	1	1707	0.888248928019	norm	4057
C	4	1	1334	0.132301894277	raw	4057
C	4	1	1334	0.693067324617	norm	4057
T	5	1	3595	0.35654071209	raw	4057
T	5	1	3595	1.15492172963	norm	4057
A	5	1	3130	0.310423485074	raw	4057
A	5	1	3130	1.00201702163	norm	4057
C	5	1	1720	0.170584151542	raw	4057
C	5	1	1720	0.893610043734	norm	4057
G	5	1	1638	0.162451651294	raw	4057
G	5	1	1638	0.852344314057	norm	4057
T	6	1	3558	0.352871169295	raw	4057
T	6	1	3558	1.14303519166	norm	4057
A	6	1	2929	0.290488941783	raw	4057
A	6	1	2929	0.937670241645	norm	4057
C	6	1	1894	0.187840920361	raw	4057
C	6	1	1894	0.984010129553	norm	4057
G	6	1	1702	0.168798968561	raw	4057
G	6	1	1702	0.885647144399	norm	4057
T	7	1	3668	0.363780620847	raw	4057
T	7	1	3668	1.17837354778	norm	4057
A	7	1	3231	0.320440345135	raw	4057
A	7	1	3231	1.03435047824	norm	4057
C	7	1	1658	0.16443518794	raw	4057
C	7	1	1658	0.861398518901	norm	4057
G	7	1	1526	0.151343846078	raw	4057
G	7	1	1526	0.794064360959	norm	4057
T	8	1	3711	0.368045224636	raw	4057
T	8	1	3711	1.19218763245	norm	4057
A	8	1	3072	0.304671228801	raw	4057
A	8	1	3072	0.983449294071	norm	4057
C	8	1	1723	0.170881682039	raw	4057
C	8	1	1723	0.895168665903	norm	4057
G	8	1	1577	0.156401864524	raw	4057
G	8	1	1577	0.820602553888	norm	4057
T	9	1	3585	0.355548943767	raw	4057
T	9	1	3585	1.1517091518	norm	4057
A	9	1	3173	0.314688088862	raw	4057
A	9	1	3173	1.01578275068	norm	4057
G	9	1	1770	0.175542993157	raw	4057
G	9	1	1770	0.921031401637	norm	4057
C	9	1	1555	0.154219974214	raw	4057
C	9	1	1555	0.807885824422	norm	4057
A	10	1	3447	0.34186254091	raw	4057
A	10	1	3447	1.10349925673	norm	4057
T	10	1	3390	0.33620946147	raw	4057
T	10	1	3390	1.08906388413	norm	4057
G	10	1	1682	0.166815431915	raw	4057
G	10	1	1682	0.875240009917	norm	4057
C	10	1	1564	0.155112565705	raw	4057
C	10	1	1564	0.81256169093	norm	4057
T	11	1	3443	0.341465833581	raw	4057
T	11	1	3443	1.10609054662	norm	4057
A	11	1	3328	0.330060497868	raw	4057
A	11	1	3328	1.06540340191	norm	4057
C	11	1	1675	0.166121194089	raw	4057
C	11	1	1675	0.870230711194	norm	4057
G	11	1	1637	0.162352474462	raw	4057
G	11	1	1637	0.851823957333	norm	4057
T	12	1	3603	0.357334126748	raw	4057
T	12	1	3603	1.15749179189	norm	4057
A	12	1	3156	0.313002082713	raw	4057
A	12	1	3156	1.01034048571	norm	4057
C	12	1	1693	0.16790637707	raw	4057
C	12	1	1693	0.87958244421	norm	4057
G	12	1	1631	0.161757413468	raw	4057
G	12	1	1631	0.848701816989	norm	4057
T	13	1	3610	0.358028364574	raw	4057
T	13	1	3610	1.15974059637	norm	4057
A	13	1	3338	0.331052266191	raw	4057
A	13	1	3338	1.06860473425	norm	4057
G	13	1	1620	0.160666468313	raw	4057
G	13	1	1620	0.842977893024	norm	4057
C	13	1	1515	0.150252900922	raw	4057
C	13	1	1515	0.787104195498	norm	4057
T	14	1	3439	0.341069126252	raw	4057
T	14	1	3439	1.10480551549	norm	4057
A	14	1	3372	0.334424278489	raw	4057
A	14	1	3372	1.07948926419	norm	4057
C	14	1	1705	0.169096499058	raw	4057
C	14	1	1705	0.885816932887	norm	4057
G	14	1	1567	0.155410096202	raw	4057
G	14	1	1567	0.815398986647	norm	4057
T	15	1	3515	0.348606565506	raw	4057
T	15	1	3515	1.12922110699	norm	4057
A	15	1	3151	0.312506198552	raw	4057
A	15	1	3151	1.00873981954	norm	4057
G	15	1	1714	0.169989090548	raw	4057
G	15	1	1714	0.891891425088	norm	4057
C	15	1	1703	0.168898145393	raw	4057
C	15	1	1703	0.884777851441	norm	4057
T	16	1	3672	0.364177328176	raw	4057
T	16	1	3672	1.17965857891	norm	4057
A	16	1	3033	0.300803332342	raw	4057
A	16	1	3033	0.970964097954	norm	4057
G	16	1	1806	0.179113359119	raw	4057
G	16	1	1806	0.939764243704	norm	4057
C	16	1	1572	0.155905980363	raw	4057
C	16	1	1572	0.816718016715	norm	4057
T	17	1	3711	0.368045224636	raw	4057
T	17	1	3711	1.19218763245	norm	4057
A	17	1	3322	0.329465436874	raw	4057
A	17	1	3322	1.06348260251	norm	4057
C	17	1	1535	0.152236437568	raw	4057
C	17	1	1535	0.79749500996	norm	4057
G	17	1	1515	0.150252900922	raw	4057
G	17	1	1515	0.788340436994	norm	4057
T	18	1	3477	0.344837845879	raw	4057
T	18	1	3477	1.11701331124	norm	4057
A	18	1	3164	0.313795497372	raw	4057
A	18	1	3164	1.01290155158	norm	4057
C	18	1	1770	0.175542993157	raw	4057
C	18	1	1770	0.919587079889	norm	4057
G	18	1	1672	0.165823663592	raw	4057
G	18	1	1672	0.870036442676	norm	4057
T	19	1	3595	0.35654071209	raw	4057
T	19	1	3595	1.15492172963	norm	4057
A	19	1	3094	0.306853119111	raw	4057
A	19	1	3094	0.990492225213	norm	4057
C	19	1	1725	0.171080035704	raw	4057
C	19	1	1725	0.896207747349	norm	4057
G	19	1	1669	0.165526133095	raw	4057
G	19	1	1669	0.868475372504	norm	4057
T	20	1	3813	0.378161261529	raw	4057
T	20	1	3813	1.22495592631	norm	4057
A	20	1	3059	0.303381929981	raw	4057
A	20	1	3059	0.979287562032	norm	4057
C	20	1	1636	0.16225329763	raw	4057
C	20	1	1636	0.849968622993	norm	4057
G	20	1	1575	0.15620351086	raw	4057
G	20	1	1575	0.81956184044	norm	4057
T	21	1	3396	0.336804522464	raw	4057
T	21	1	3396	1.09099143083	norm	4057
A	21	1	3314	0.328672022216	raw	4057
A	21	1	3314	1.06092153664	norm	4057
C	21	1	1721	0.170683328374	raw	4057
C	21	1	1721	0.894129584457	norm	4057
G	21	1	1652	0.163840126946	raw	4057
G	21	1	1652	0.859629308194	norm	4057
T	22	1	3579	0.354953882773	raw	4057
T	22	1	3579	1.1497816051	norm	4057
A	22	1	3224	0.319746107309	raw	4057
A	22	1	3224	1.0321095456	norm	4057
C	22	1	1677	0.166319547754	raw	4057
C	22	1	1677	0.87126979264	norm	4057
G	22	1	1603	0.158980462164	raw	4057
G	22	1	1603	0.834131828714	norm	4057
T	23	1	3806	0.377467023703	raw	4057
T	23	1	3806	1.22270712183	norm	4057
A	23	1	3044	0.301894277497	raw	4057
A	23	1	3044	0.974485563526	norm	4057
C	23	1	1657	0.164336011108	raw	4057
C	23	1	1657	0.860878978178	norm	4057
G	23	1	1576	0.156302687692	raw	4057
G	23	1	1576	0.820082197164	norm	4057
T	24	1	3570	0.354061291282	raw	4057
T	24	1	3570	1.14689028505	norm	4057
A	24	1	3143	0.311712783894	raw	4057
A	24	1	3143	1.00617875367	norm	4057
C	24	1	1759	0.174452048002	raw	4057
C	24	1	1759	0.913872131935	norm	4057
G	24	1	1611	0.159773876822	raw	4057
G	24	1	1611	0.838294682507	norm	4057
A	25	1	3642	0.361202023207	raw	4057
A	25	1	3642	1.16592523731	norm	4057
T	25	1	3453	0.342457601904	raw	4057
T	25	1	3453	1.10930312445	norm	4057
C	25	1	1568	0.155509273034	raw	4057
C	25	1	1568	0.814639853822	norm	4057
G	25	1	1420	0.140831101855	raw	4057
G	25	1	1420	0.738906548206	norm	4057
T	26	1	3834	0.380243975007	raw	4057
T	26	1	3834	1.23170233975	norm	4057
A	26	1	3099	0.307349003273	raw	4057
A	26	1	3099	0.992092891382	norm	4057
C	26	1	1635	0.162154120797	raw	4057
C	26	1	1635	0.84944908227	norm	4057
G	26	1	1515	0.150252900922	raw	4057
G	26	1	1515	0.788340436994	norm	4057
T	27	1	3580	0.355053059605	raw	4057
T	27	1	3580	1.15010286288	norm	4057
A	27	1	3238	0.321134582961	raw	4057
A	27	1	3238	1.03659141087	norm	4057
C	27	1	1663	0.164931072102	raw	4057
C	27	1	1663	0.863996222517	norm	4057
G	27	1	1602	0.158881285332	raw	4057
G	27	1	1602	0.83361147199	norm	4057
T	28	1	3734	0.370326291778	raw	4057
T	28	1	3734	1.19957656146	norm	4057
A	28	1	3369	0.334126747992	raw	4057
A	28	1	3369	1.07852886449	norm	4057
G	28	1	1549	0.15362491322	raw	4057
G	28	1	1549	0.806032565613	norm	4057
C	28	1	1431	0.14192204701	raw	4057
C	28	1	1431	0.743462774757	norm	4057
T	29	1	3769	0.373797480908	raw	4057
T	29	1	3769	1.21082058386	norm	4057
A	29	1	3168	0.314192204701	raw	4057
A	29	1	3168	1.01418208451	norm	4057
C	29	1	1596	0.158286224338	raw	4057
C	29	1	1596	0.829186994069	norm	4057
G	29	1	1550	0.153724090053	raw	4057
G	29	1	1550	0.806552922337	norm	4057
T	30	1	3699	0.366855102648	raw	4057
T	30	1	3699	1.18833253905	norm	4057
A	30	1	3293	0.326589308737	raw	4057
A	30	1	3293	1.05419873873	norm	4057
C	30	1	1575	0.15620351086	raw	4057
C	30	1	1575	0.818276638884	norm	4057
G	30	1	1516	0.150352077755	raw	4057
G	30	1	1516	0.788860793718	norm	4057
T	31	1	3688	0.365764157493	raw	4057
T	31	1	3688	1.18479870344	norm	4057
A	31	1	3414	0.338589705445	raw	4057
A	31	1	3414	1.09293486001	norm	4057
C	31	1	1526	0.151343846078	raw	4057
C	31	1	1526	0.792819143452	norm	4057
G	31	1	1455	0.144302290985	raw	4057
G	31	1	1455	0.757119033549	norm	4057
T	32	1	3800	0.37687196271	raw	4057
T	32	1	3800	1.22077957513	norm	4057
A	32	1	3382	0.335416046811	raw	4057
A	32	1	3382	1.08269059653	norm	4057
C	32	1	1525	0.151244669245	raw	4057
C	32	1	1525	0.792299602729	norm	4057
G	32	1	1376	0.136467321234	raw	4057
G	32	1	1376	0.716010852346	norm	4057
T	33	1	3884	0.385202816622	raw	4057
T	33	1	3884	1.24776522889	norm	4057
A	33	1	3144	0.311811960726	raw	4057
A	33	1	3144	1.0064988869	norm	4057
C	33	1	1555	0.154219974214	raw	4057
C	33	1	1555	0.807885824422	norm	4057
G	33	1	1500	0.148765248438	raw	4057
G	33	1	1500	0.780535086133	norm	4057
T	34	1	3799	0.376772785877	raw	4057
T	34	1	3799	1.22045831735	norm	4057
A	34	1	3307	0.32797778439	raw	4057
A	34	1	3307	1.058680604	norm	4057
G	34	1	1548	0.153525736388	raw	4057
G	34	1	1548	0.805512208889	norm	4057
C	34	1	1429	0.141723693345	raw	4057
C	34	1	1429	0.742423693311	norm	4057
T	35	1	3962	0.392938609541	raw	4057
T	35	1	3962	1.27282333596	norm	4057
A	35	1	3318	0.329068729545	raw	4057
A	35	1	3318	1.06220206957	norm	4057
C	35	1	1499	0.148666071606	raw	4057
C	35	1	1499	0.778791543928	norm	4057
G	35	1	1304	0.129326589309	raw	4057
G	35	1	1304	0.678545168212	norm	4057
T	36	1	3938	0.390558365566	raw	4057
T	36	1	3938	1.26511314917	norm	4057
A	36	1	3234	0.320737875632	raw	4057
A	36	1	3234	1.03531087794	norm	4057
G	36	1	1549	0.15362491322	raw	4057
G	36	1	1549	0.806032565613	norm	4057
C	36	1	1362	0.135078845582	raw	4057
C	36	1	1362	0.707614464863	norm	4057
T	37	1	3782	0.375086779728	raw	4057
T	37	1	3782	1.21499693504	norm	4057
A	37	1	3571	0.354160468115	raw	4057
A	37	1	3571	1.14319577771	norm	4057
G	37	1	1371	0.135971437072	raw	4057
G	37	1	1371	0.713409068725	norm	4057
C	37	1	1359	0.134781315085	raw	4057
C	37	1	1359	0.706055842694	norm	4057
T	38	1	3982	0.394922146187	raw	4057
T	38	1	3982	1.27924849162	norm	4057
A	38	1	3391	0.336308638302	raw	4057
A	38	1	3391	1.08557179564	norm	4057
C	38	1	1374	0.136268967569	raw	4057
C	38	1	1374	0.713848953541	norm	4057
G	38	1	1336	0.132500247942	raw	4057
G	38	1	1336	0.695196583382	norm	4057
T	39	1	3926	0.389368243578	raw	4057
T	39	1	3926	1.26125805578	norm	4057
A	39	1	3538	0.350887632649	raw	4057
A	39	1	3538	1.132631381	norm	4057
C	39	1	1356	0.134483784588	raw	4057
C	39	1	1356	0.704497220525	norm	4057
G	39	1	1263	0.125260339185	raw	4057
G	39	1	1263	0.657210542524	norm	4057
T	40	1	4102	0.406823366062	raw	4057
T	40	1	4102	1.31779942557	norm	4057
A	40	1	3458	0.342953486066	raw	4057
A	40	1	3458	1.1070207223	norm	4057
G	40	1	1277	0.126648814837	raw	4057
G	40	1	1277	0.664495536661	norm	4057
C	40	1	1246	0.123574333036	raw	4057
C	40	1	1246	0.647347740984	norm	4057
T	41	1	3987	0.395418030348	raw	4057
T	41	1	3987	1.28085478054	norm	4057
A	41	1	3753	0.372210651592	raw	4057
A	41	1	3753	1.20146002625	norm	4057
C	41	1	1175	0.116532777943	raw	4057
C	41	1	1175	0.610460349644	norm	4057
G	41	1	1168	0.115838540117	raw	4057
G	41	1	1168	0.607776653735	norm	4057
T	42	1	4030	0.399682634137	raw	4057
T	42	1	4030	1.2946688652	norm	4057
A	42	1	3560	0.353069522959	raw	4057
A	42	1	3560	1.13967431214	norm	4057
G	42	1	1278	0.126747991669	raw	4057
G	42	1	1278	0.665015893385	norm	4057
C	42	1	1215	0.120499851235	raw	4057
C	42	1	1215	0.631241978568	norm	4057
T	43	1	3984	0.395120499851	raw	4057
T	43	1	3984	1.27989100719	norm	4057
A	43	1	3742	0.371119706437	raw	4057
A	43	1	3742	1.19793856068	norm	4057
G	43	1	1249	0.123871863533	raw	4057
G	43	1	1249	0.649925548387	norm	4057
C	43	1	1108	0.10988793018	raw	4057
C	43	1	1108	0.575651121196	norm	4057
T	44	1	4078	0.404443122087	raw	4057
T	44	1	4078	1.31008923878	norm	4057
A	44	1	3702	0.367152633145	raw	4057
A	44	1	3702	1.18513323133	norm	4057
G	44	1	1171	0.116136070614	raw	4057
G	44	1	1171	0.609337723908	norm	4057
C	44	1	1132	0.112268174155	raw	4057
C	44	1	1132	0.58812009855	norm	4057
T	45	1	4014	0.39809580482	raw	4057
T	45	1	4014	1.28952874068	norm	4057
A	45	1	3679	0.364871566002	raw	4057
A	45	1	3679	1.17777016696	norm	4057
G	45	1	1212	0.120202320738	raw	4057
G	45	1	1212	0.630672349595	norm	4057
C	45	1	1178	0.11683030844	raw	4057
C	45	1	1178	0.612018971813	norm	4057
T	46	1	4047	0.401368640286	raw	4057
T	46	1	4047	1.30013024751	norm	4057
A	46	1	3735	0.370425468611	raw	4057
A	46	1	3735	1.19569762804	norm	4057
G	46	1	1212	0.120202320738	raw	4057
G	46	1	1212	0.630672349595	norm	4057
C	46	1	1089	0.108003570366	raw	4057
C	46	1	1089	0.565779847457	norm	4057
T	47	1	4227	0.419220470098	raw	4057
T	47	1	4227	1.35795664844	norm	4057
A	47	1	3582	0.35525141327	raw	4057
A	47	1	3582	1.14671724328	norm	4057
C	47	1	1139	0.112962411981	raw	4057
C	47	1	1139	0.591756883612	norm	4057
G	47	1	1135	0.112565704651	raw	4057
G	47	1	1135	0.590604881841	norm	4057
T	48	1	3858	0.382624218982	raw	4057
T	48	1	3858	1.23941252654	norm	4057
A	48	1	3806	0.377467023703	raw	4057
A	48	1	3806	1.21842708764	norm	4057
G	48	1	1258	0.124764455023	raw	4057
G	48	1	1258	0.654608758903	norm	4057
C	48	1	1161	0.115144302291	raw	4057
C	48	1	1161	0.60318677952	norm	4057
T	49	1	4174	0.413964097987	raw	4057
T	49	1	4174	1.34092998594	norm	4057
A	49	1	3763	0.373202419915	raw	4057
A	49	1	3763	1.20466135859	norm	4057
C	49	1	1084	0.107507686205	raw	4057
C	49	1	1084	0.563182143841	norm	4057
G	49	1	1062	0.105325795894	raw	4057
G	49	1	1062	0.552618840982	norm	4057
T	50	1	4065	0.403153823267	raw	4057
T	50	1	4065	1.3059128876	norm	4057
A	50	1	3778	0.374690072399	raw	4057
A	50	1	3778	1.2094633571	norm	4057
G	50	1	1181	0.117127838937	raw	4057
G	50	1	1181	0.614541291149	norm	4057
C	50	1	1059	0.105028265397	raw	4057
C	50	1	1059	0.550193625764	norm	4057
T	51	1	3934	0.390161658237	raw	4057
T	51	1	3934	1.26382811804	norm	4057
A	51	1	3809	0.3777645542	raw	4057
A	51	1	3809	1.21938748734	norm	4057
G	51	1	1216	0.120599028067	raw	4057
G	51	1	1216	0.632753776492	norm	4057
C	51	1	1124	0.111474759496	raw	4057
C	51	1	1124	0.583963772765	norm	4057
T	52	1	3895	0.386293761777	raw	4057
T	52	1	3895	1.25129906451	norm	4057
A	52	1	3878	0.384607755628	raw	4057
A	52	1	3878	1.24147668047	norm	4057
G	52	1	1159	0.114945948626	raw	4057
G	52	1	1159	0.603093443219	norm	4057
C	52	1	1151	0.114152533968	raw	4057
C	52	1	1151	0.597991372289	norm	4057
T	53	1	4131	0.409699494198	raw	4057
T	53	1	4131	1.32711590128	norm	4057
A	53	1	3824	0.379252206685	raw	4057
A	53	1	3824	1.22418948585	norm	4057
G	53	1	1086	0.107706039869	raw	4057
G	53	1	1086	0.56510740236	norm	4057
C	53	1	1042	0.103342259248	raw	4057
C	53	1	1042	0.541361433471	norm	4057
T	54	1	4115	0.408112664881	raw	4057
T	54	1	4115	1.32197577675	norm	4057
A	54	1	3634	0.360408608549	raw	4057
A	54	1	3634	1.16336417144	norm	4057
C	54	1	1216	0.120599028067	raw	4057
C	54	1	1216	0.631761519291	norm	4057
G	54	1	1118	0.110879698502	raw	4057
G	54	1	1118	0.581758817531	norm	4057
T	55	1	4248	0.421303183576	raw	4057
T	55	1	4248	1.36470306188	norm	4057
A	55	1	3868	0.383615987305	raw	4057
A	55	1	3868	1.23827534813	norm	4057
G	55	1	1002	0.0993751859566	raw	4057
G	55	1	1002	0.521397437537	norm	4057
C	55	1	965	0.0957056431618	raw	4057
C	55	1	965	0.501356797792	norm	4057
T	56	1	4082	0.404839829416	raw	4057
T	56	1	4082	1.31137426991	norm	4057
A	56	1	3964	0.393136963205	raw	4057
A	56	1	3964	1.26900813857	norm	4057
C	56	1	1096	0.108697808192	raw	4057
C	56	1	1096	0.569416632519	norm	4057
G	56	1	941	0.0933253991867	raw	4057
G	56	1	941	0.489655677367	norm	4057
T	57	1	4055	0.402162054944	raw	4057
T	57	1	4055	1.30270030978	norm	4057
A	57	1	3837	0.380541505504	raw	4057
A	57	1	3837	1.22835121789	norm	4057
G	57	1	1123	0.111375582664	raw	4057
G	57	1	1123	0.584360601152	norm	4057
C	57	1	1068	0.105920856888	raw	4057
C	57	1	1068	0.554869492272	norm	4057
T	58	1	4099	0.406525835565	raw	4057
T	58	1	4099	1.31683565222	norm	4057
A	58	1	3844	0.38123574333	raw	4057
A	58	1	3844	1.23059215052	norm	4057
G	58	1	1099	0.108995338689	raw	4057
G	58	1	1099	0.571872039773	norm	4057
C	58	1	1041	0.103243082416	raw	4057
C	58	1	1041	0.540841892748	norm	4057
T	59	1	4064	0.403054646435	raw	4057
T	59	1	4064	1.30559162982	norm	4057
A	59	1	3924	0.389169889914	raw	4057
A	59	1	3924	1.25620280922	norm	4057
G	59	1	1118	0.110879698502	raw	4057
G	59	1	1118	0.581758817531	norm	4057
C	59	1	977	0.0968957651493	raw	4057
C	59	1	977	0.50759128647	norm	4057
A	60	1	4007	0.397401566994	raw	4057
A	60	1	4007	1.28277386762	norm	4057
T	60	1	3806	0.377467023703	raw	4057
T	60	1	3806	1.22270712183	norm	4057
G	60	1	1190	0.118020430427	raw	4057
G	60	1	1190	0.619224501665	norm	4057
C	60	1	1080	0.107110978875	raw	4057
C	60	1	1080	0.561103980949	norm	4057
T	61	1	4264	0.422890012893	raw	4057
T	61	1	4264	1.36984318641	norm	4057
A	61	1	3833	0.380144798175	raw	4057
A	61	1	3833	1.22707068495	norm	4057
G	61	1	1117	0.11078052167	raw	4057
G	61	1	1117	0.581238460807	norm	4057
C	61	1	869	0.0861846672617	raw	4057
C	61	1	869	0.451480888375	norm	4057
A	62	1	4199	0.416443518794	raw	4057
A	62	1	4199	1.3442394485	norm	4057
T	62	1	3886	0.385401170287	raw	4057
T	62	1	3886	1.24840774446	norm	4057
G	62	1	1052	0.104334027571	raw	4057
G	62	1	1052	0.547415273741	norm	4057
C	62	1	946	0.0938212833482	raw	4057
C	62	1	946	0.491485524054	norm	4057
T	63	1	4075	0.40414559159	raw	4057
T	63	1	4075	1.30912546543	norm	4057
A	63	1	3969	0.393632847367	raw	4057
A	63	1	3969	1.27060880474	norm	4057
G	63	1	1156	0.11464841813	raw	4057
G	63	1	1156	0.601532373046	norm	4057
C	63	1	883	0.0875731429138	raw	4057
C	63	1	883	0.458754458498	norm	4057
A	64	1	4088	0.40543489041	raw	4057
A	64	1	4088	1.30870465956	norm	4057
T	64	1	4066	0.403253000099	raw	4057
T	64	1	4066	1.30623414539	norm	4057
G	64	1	1051	0.104234850739	raw	4057
G	64	1	1051	0.546894917017	norm	4057
C	64	1	878	0.0870772587524	raw	4057
C	64	1	878	0.456156754883	norm	4057
A	65	1	4087	0.405335713577	raw	4057
A	65	1	4087	1.30838452632	norm	4057
T	65	1	4071	0.403748884261	raw	4057
T	65	1	4071	1.3078404343	norm	4057
G	65	1	993	0.0984825944659	raw	4057
G	65	1	993	0.51671422702	norm	4057
C	65	1	932	0.0924328076961	raw	4057
C	65	1	932	0.48421195393	norm	4057
A	66	1	4156	0.412178915005	raw	4057
A	66	1	4156	1.33047371945	norm	4057
T	66	1	4053	0.401963701279	raw	4057
T	66	1	4053	1.30205779421	norm	4057
G	66	1	982	0.0973916493107	raw	4057
G	66	1	982	0.510990303055	norm	4057
C	66	1	892	0.0884657344044	raw	4057
C	66	1	892	0.463430325006	norm	4057
T	67	1	4116	0.408211841714	raw	4057
T	67	1	4116	1.32229703453	norm	4057
A	67	1	4003	0.397004859665	raw	4057
A	67	1	4003	1.28149333469	norm	4057
G	67	1	998	0.0989784786274	raw	4057
G	67	1	998	0.51931601064	norm	4057
C	67	1	966	0.095804819994	raw	4057
C	67	1	966	0.501876338516	norm	4057
T	68	1	4192	0.415749280968	raw	4057
T	68	1	4192	1.34671262604	norm	4057
A	68	1	3887	0.385500347119	raw	4057
A	68	1	3887	1.24435787957	norm	4057
C	68	1	1040	0.103143905584	raw	4057
C	68	1	1040	0.540322352025	norm	4057
G	68	1	964	0.0956064663295	raw	4057
G	68	1	964	0.501623882021	norm	4057
A	69	1	4101	0.406724189229	raw	4057
A	69	1	4101	1.3128663916	norm	4057
T	69	1	3842	0.381037389666	raw	4057
T	69	1	3842	1.23427240201	norm	4057
G	69	1	1182	0.117227015769	raw	4057
G	69	1	1182	0.615061647873	norm	4057
C	69	1	958	0.0950114053357	raw	4057
C	69	1	958	0.497720012731	norm	4057
T	70	1	4168	0.413369036993	raw	4057
T	70	1	4168	1.33900243925	norm	4057
A	70	1	4009	0.397599920659	raw	4057
A	70	1	4009	1.28341413409	norm	4057
C	70	1	1028	0.101953783596	raw	4057
C	70	1	1028	0.534087863348	norm	4057
G	70	1	878	0.0870772587524	raw	4057
G	70	1	878	0.45687320375	norm	4057
A	71	1	4175	0.414063274819	raw	4057
A	71	1	4175	1.33655625089	norm	4057
T	71	1	4039	0.400575225627	raw	4057
T	71	1	4039	1.29756018525	norm	4057
G	71	1	962	0.0954081126649	raw	4057
G	71	1	962	0.500583168573	norm	4057
C	71	1	907	0.0899533868888	raw	4057
C	71	1	907	0.471223435853	norm	4057
T	72	1	4175	0.414063274819	raw	4057
T	72	1	4175	1.34125124373	norm	4057
A	72	1	4035	0.400178518298	raw	4057
A	72	1	4035	1.29173759817	norm	4057
C	72	1	991	0.0982842408013	raw	4057
C	72	1	991	0.514864856593	norm	4057
G	72	1	882	0.0874739660815	raw	4057
G	72	1	882	0.458954630646	norm	4057
T	73	1	4249	0.421402360409	raw	4057
T	73	1	4249	1.36502431966	norm	4057
A	73	1	4028	0.399484280472	raw	4057
A	73	1	4028	1.28949666553	norm	4057
G	73	1	919	0.0911435088763	raw	4057
G	73	1	919	0.478207829437	norm	4057
C	73	1	887	0.087969850243	raw	4057
C	73	1	887	0.460832621391	norm	4057
T	74	1	4284	0.424873549539	raw	4057
T	74	1	4284	1.37626834207	norm	4057
A	74	1	4123	0.40890607954	raw	4057
A	74	1	4123	1.31990932274	norm	4057
C	74	1	857	0.0849945452742	raw	4057
C	74	1	857	0.445246399698	norm	4057
G	74	1	819	0.0812258256471	raw	4057
G	74	1	819	0.426172157029	norm	4057
T	75	1	4075	0.40414559159	raw	4057
T	75	1	4075	1.30912546543	norm	4057
A	75	1	4055	0.402162054944	raw	4057
A	75	1	4055	1.29814026284	norm	4057
C	75	1	977	0.0968957651493	raw	4057
C	75	1	977	0.50759128647	norm	4057
G	75	1	976	0.096796588317	raw	4057
G	75	1	976	0.50786816271	norm	4057
T	76	1	4219	0.41842705544	raw	4057
T	76	1	4219	1.35538658618	norm	4057
A	76	1	4044	0.401071109789	raw	4057
A	76	1	4044	1.29461879727	norm	4057
G	76	1	1019	0.101061192106	raw	4057
G	76	1	1019	0.530243501846	norm	4057
C	76	1	801	0.0794406426659	raw	4057
C	76	1	801	0.416152119204	norm	4057
A	77	1	4144	0.410988793018	raw	4057
A	77	1	4144	1.32663212065	norm	4057
T	77	1	4028	0.399484280472	raw	4057
T	77	1	4028	1.29402634964	norm	4057
G	77	1	976	0.096796588317	raw	4057
G	77	1	976	0.50786816271	norm	4057
C	77	1	935	0.092730338193	raw	4057
C	77	1	935	0.485770576099	norm	4057
A	78	1	4133	0.409897847863	raw	4057
A	78	1	4133	1.32311065508	norm	4057
T	78	1	3952	0.391946841218	raw	4057
T	78	1	3952	1.26961075813	norm	4057
G	78	1	1029	0.102052960428	raw	4057
G	78	1	1029	0.535447069087	norm	4057
C	78	1	969	0.0961023504909	raw	4057
C	78	1	969	0.503434960685	norm	4057
A	79	1	4194	0.415947634633	raw	4057
A	79	1	4194	1.34263878233	norm	4057
T	79	1	4093	0.405930774571	raw	4057
T	79	1	4093	1.31490810553	norm	4057
G	79	1	1003	0.0994743627889	raw	4057
G	79	1	1003	0.521917794261	norm	4057
C	79	1	793	0.0786472280075	raw	4057
C	79	1	793	0.411995793419	norm	4057
T	80	1	4174	0.413964097987	raw	4057
T	80	1	4174	1.34092998594	norm	4057
A	80	1	4163	0.412873152831	raw	4057
A	80	1	4163	1.33271465209	norm	4057
G	80	1	935	0.092730338193	raw	4057
G	80	1	935	0.486533537023	norm	4057
C	80	1	811	0.0804324109888	raw	4057
C	80	1	811	0.421347526435	norm	4057
A	81	1	4045	0.401170286621	raw	4057
A	81	1	4045	1.29493893051	norm	4057
T	81	1	3934	0.390161658237	raw	4057
T	81	1	3934	1.26382811804	norm	4057
G	81	1	1100	0.109094515521	raw	4057
G	81	1	1100	0.572392396497	norm	4057
C	81	1	1004	0.0995735396211	raw	4057
C	81	1	1004	0.521618885993	norm	4057
A	82	1	4333	0.429733214321	raw	4057
A	82	1	4333	1.38713730183	norm	4057
T	82	1	3837	0.380541505504	raw	4057
T	82	1	3837	1.2326661131	norm	4057
G	82	1	1078	0.106912625211	raw	4057
G	82	1	1078	0.560944548568	norm	4057
C	82	1	835	0.0828126549638	raw	4057
C	82	1	835	0.433816503789	norm	4057
A	83	1	4254	0.42189824457	raw	4057
A	83	1	4254	1.36184677636	norm	4057
T	83	1	4030	0.399682634137	raw	4057
T	83	1	4030	1.2946688652	norm	4057
G	83	1	921	0.0913418625409	raw	4057
G	83	1	921	0.479248542886	norm	4057
C	83	1	878	0.0870772587524	raw	4057
C	83	1	878	0.456156754883	norm	4057
T	84	1	4099	0.406525835565	raw	4057
T	84	1	4099	1.31683565222	norm	4057
A	84	1	4020	0.398690865814	raw	4057
A	84	1	4020	1.28693559966	norm	4057
G	84	1	1016	0.100763661609	raw	4057
G	84	1	1016	0.528682431674	norm	4057
C	84	1	948	0.0940196370128	raw	4057
C	84	1	948	0.4925246055	norm	4057
A	85	1	4179	0.414459982148	raw	4057
A	85	1	4179	1.33783678383	norm	4057
T	85	1	4020	0.398690865814	raw	4057
T	85	1	4020	1.29145628737	norm	4057
G	85	1	1043	0.103441436081	raw	4057
G	85	1	1043	0.542732063224	norm	4057
C	85	1	841	0.0834077159576	raw	4057
C	85	1	841	0.436933748128	norm	4057
A	86	1	4166	0.413170683328	raw	4057
A	86	1	4166	1.33367505179	norm	4057
T	86	1	4121	0.408707725875	raw	4057
T	86	1	4121	1.32390332345	norm	4057
G	86	1	913	0.0905484478826	raw	4057
G	86	1	913	0.475085689093	norm	4057
C	86	1	883	0.0875731429138	raw	4057
C	86	1	883	0.458754458498	norm	4057
A	87	1	4230	0.419518000595	raw	4057
A	87	1	4230	1.35416357875	norm	4057
T	87	1	3794	0.376276901716	raw	4057
T	87	1	3794	1.21885202843	norm	4057
G	87	1	1091	0.108201924031	raw	4057
G	87	1	1091	0.567709185981	norm	4057
C	87	1	968	0.0960031736586	raw	4057
C	87	1	968	0.502915419962	norm	4057
T	88	1	4242	0.420708122583	raw	4057
T	88	1	4242	1.36277551518	norm	4057
A	88	1	4014	0.39809580482	raw	4057
A	88	1	4014	1.28501480026	norm	4057
G	88	1	1104	0.10949122285	raw	4057
G	88	1	1104	0.574473823394	norm	4057
C	88	1	723	0.0717048497471	raw	4057
C	88	1	723	0.375627942802	norm	4057
T	89	1	4187	0.415253396807	raw	4057
T	89	1	4187	1.34510633712	norm	4057
A	89	1	3920	0.388773182585	raw	4057
A	89	1	3920	1.25492227629	norm	4057
G	89	1	996	0.0987801249628	raw	4057
G	89	1	996	0.518275297192	norm	4057
C	89	1	980	0.0971932956461	raw	4057
C	89	1	980	0.509149908639	norm	4057
T	90	1	4212	0.417732817614	raw	4057
T	90	1	4212	1.3531377817	norm	4057
A	90	1	3931	0.38986412774	raw	4057
A	90	1	3931	1.25844374186	norm	4057
G	90	1	977	0.0968957651493	raw	4057
G	90	1	977	0.508388519435	norm	4057
C	90	1	963	0.0955072894972	raw	4057
C	90	1	963	0.500317716346	norm	4057
A	91	1	4146	0.411187146683	raw	4057
A	91	1	4146	1.32727238711	norm	4057
T	91	1	4060	0.402657939105	raw	4057
T	91	1	4060	1.30430659869	norm	4057
G	91	1	1092	0.108301100863	raw	4057
G	91	1	1092	0.568229542705	norm	4057
C	91	1	785	0.0778538133492	raw	4057
C	91	1	785	0.407839467634	norm	4057
A	92	1	4192	0.415749280968	raw	4057
A	92	1	4192	1.34199851587	norm	4057
T	92	1	4027	0.39938510364	raw	4057
T	92	1	4027	1.29370509185	norm	4057
G	92	1	1007	0.099871070118	raw	4057
G	92	1	1007	0.523999221157	norm	4057
C	92	1	857	0.0849945452742	raw	4057
C	92	1	857	0.445246399698	norm	4057
A	93	1	4146	0.411187146683	raw	4057
A	93	1	4146	1.32727238711	norm	4057
T	93	1	3912	0.387979767926	raw	4057
T	93	1	3912	1.25676044682	norm	4057
G	93	1	1019	0.101061192106	raw	4057
G	93	1	1019	0.530243501846	norm	4057
C	93	1	1006	0.0997718932857	raw	4057
C	93	1	1006	0.52265796744	norm	4057
T	94	1	4141	0.410691262521	raw	4057
T	94	1	4141	1.33032847911	norm	4057
A	94	1	4138	0.410393732024	raw	4057
A	94	1	4138	1.32471132124	norm	4057
G	94	1	1028	0.101953783596	raw	4057
G	94	1	1028	0.534926712363	norm	4057
C	94	1	776	0.0769612218586	raw	4057
C	94	1	776	0.403163601126	norm	4057
A	95	1	4303	0.426757909352	raw	4057
A	95	1	4303	1.37753330481	norm	4057
T	95	1	3936	0.390360011901	raw	4057
T	95	1	3936	1.26447063361	norm	4057
C	95	1	954	0.0946146980065	raw	4057
C	95	1	954	0.495641849838	norm	4057
G	95	1	890	0.0882673807399	raw	4057
G	95	1	890	0.463117484439	norm	4057
T	96	1	4216	0.418129524943	raw	4057
T	96	1	4216	1.35442281283	norm	4057
A	96	1	3847	0.381533273827	raw	4057
A	96	1	3847	1.23155255022	norm	4057
G	96	1	1045	0.103639789745	raw	4057
G	96	1	1045	0.543772776673	norm	4057
C	96	1	975	0.0966974114847	raw	4057
C	96	1	975	0.506552205023	norm	4057
A	97	1	4199	0.416443518794	raw	4057
A	97	1	4199	1.3442394485	norm	4057
T	97	1	4005	0.397203213329	raw	4057
T	97	1	4005	1.28663742063	norm	4057
C	97	1	959	0.095110582168	raw	4057
C	97	1	959	0.498239553454	norm	4057
G	97	1	920	0.0912426857086	raw	4057
G	97	1	920	0.478728186162	norm	4057
T	98	1	4244	0.420906476247	raw	4057
T	98	1	4244	1.36341803075	norm	4057
A	98	1	4105	0.407120896559	raw	4057
A	98	1	4105	1.31414692453	norm	4057
G	98	1	908	0.0900525637211	raw	4057
G	98	1	908	0.472483905472	norm	4057
C	98	1	826	0.0819200634732	raw	4057
C	98	1	826	0.429140637281	norm	4057
A	99	1	4171	0.41366656749	raw	4057
A	99	1	4171	1.33527571796	norm	4057
T	99	1	3891	0.385897054448	raw	4057
T	99	1	3891	1.25001403338	norm	4057
C	99	1	1033	0.102449667758	raw	4057
C	99	1	1033	0.536685566963	norm	4057
G	99	1	988	0.0979867103045	raw	4057
G	99	1	988	0.5141124434	norm	4057
T	100	1	4258	0.422294951899	raw	4057
T	100	1	4258	1.36791563971	norm	4057
A	100	1	3958	0.392541902212	raw	4057
A	100	1	3958	1.26708733917	norm	4057
G	100	1	983	0.097490826143	raw	4057
G	100	1	983	0.511510659779	norm	4057
C	100	1	884	0.0876723197461	raw	4057
C	100	1	884	0.459273999221	norm	4057
