#region.size	nuc	count	freq
1	A	36169	0.421653318411
1	C	6863	0.0800079273482
1	G	7813	0.0910828990779
1	T	34934	0.407255855163
2	AA	13738	0.160157616172
2	AC	1843	0.0214856956329
2	AG	2603	0.0303457763063
2	AT	17984	0.209657487934
2	CA	1763	0.020553055562
2	CC	1965	0.022907971741
2	CG	1004	0.0117046328896
2	CT	2131	0.0248431998881
2	GA	2572	0.0299843782788
2	GC	815	0.0095012707221
2	GG	2235	0.0260556319802
2	GT	2191	0.0255426799412
2	TA	18096	0.210963184033
2	TC	2240	0.0261139219847
2	TG	1971	0.0229779197463
2	TT	12627	0.147205577188
3	AAA	4982	0.0580808375205
3	AAC	689	0.00803245625284
3	AAG	1117	0.0130221388018
3	AAT	6950	0.0810240507362
3	ACA	574	0.00669177052124
3	ACC	416	0.00484978490738
3	ACG	193	0.00225002040174
3	ACT	660	0.00769437028574
3	AGA	947	0.0110402555464
3	AGC	265	0.00308940625109
3	AGG	555	0.0064702659221
3	AGT	836	0.00974620236194
3	ATA	9734	0.113480303578
3	ATC	752	0.00876691887103
3	ATG	878	0.0102358441074
3	ATT	6620	0.0771768655933
3	CAA	618	0.00720472854028
3	CAC	249	0.00290287606235
3	CAG	193	0.00225002040174
3	CAT	703	0.00819567016799
3	CCA	287	0.00334588526062
3	CCC	724	0.00844049104072
3	CCG	471	0.00549098243119
3	CCT	483	0.00563088007275
3	CGA	214	0.00249484127447
3	CGC	126	0.00146892523637
3	CGG	495	0.00577077771431
3	CGT	169	0.00197022511862
3	CTA	701	0.0081723538944
3	CTC	352	0.0041036641524
3	CTG	204	0.0023782599065
3	CTT	874	0.0101892115602
3	GAA	967	0.0112734182823
3	GAC	251	0.00292619233594
3	GAG	450	0.00524616155846
3	GAT	904	0.0105389556641
3	GCA	188	0.00219172971776
3	GCC	252	0.00293785047274
3	GCG	142	0.00165545542511
3	GCT	233	0.0027163458736
3	GGA	635	0.00740291686583
3	GGC	228	0.00265805518962
3	GGG	741	0.00863867936626
3	GGT	631	0.00735628431864
3	GTA	896	0.0104456905697
3	GTC	238	0.00277463655759
3	GTG	251	0.00292619233594
3	GTT	806	0.00939645825804
3	TAA	7171	0.0836004989683
3	TAC	654	0.00762442146496
3	TAG	843	0.00982780931951
3	TAT	9427	0.109901255581
3	TCA	714	0.00832390967276
3	TCC	573	0.00668011238444
3	TCG	198	0.00230831108572
3	TCT	755	0.00880189328142
3	TGA	776	0.00904671415414
3	TGC	196	0.00228499481213
3	TGG	444	0.00517621273768
3	TGT	555	0.0064702659221
3	TTA	6765	0.0788672954288
3	TTC	898	0.0104690068433
3	TTG	638	0.00743789127622
3	TTT	4326	0.050433099782
