#nuc	offset	region.size	count	freq	norm.freq	total.sites
A	-100	1	6	0.5	raw	11
A	-100	1	6	1.68390191897	norm	11
G	-100	1	3	0.25	raw	11
G	-100	1	3	1.33969465649	norm	11
C	-100	1	2	0.166666666667	raw	11
C	-100	1	2	0.820093457942	norm	11
T	-100	1	1	0.0833333333333	raw	11
T	-100	1	1	0.266043456291	norm	11
G	-99	1	6	0.5	raw	11
G	-99	1	6	2.67938931297	norm	11
T	-99	1	3	0.25	raw	11
T	-99	1	3	0.798130368874	norm	11
A	-99	1	2	0.166666666667	raw	11
A	-99	1	2	0.561300639658	norm	11
C	-99	1	1	0.0833333333333	raw	11
C	-99	1	1	0.410046728971	norm	11
T	-98	1	6	0.5	raw	11
T	-98	1	6	1.59626073775	norm	11
A	-98	1	4	0.333333333333	raw	11
A	-98	1	4	1.12260127932	norm	11
C	-98	1	1	0.0833333333333	raw	11
C	-98	1	1	0.410046728971	norm	11
G	-98	1	1	0.0833333333333	raw	11
G	-98	1	1	0.446564885495	norm	11
A	-97	1	5	0.416666666667	raw	11
A	-97	1	5	1.40325159914	norm	11
T	-97	1	3	0.25	raw	11
T	-97	1	3	0.798130368874	norm	11
C	-97	1	2	0.166666666667	raw	11
C	-97	1	2	0.820093457942	norm	11
G	-97	1	2	0.166666666667	raw	11
G	-97	1	2	0.893129770991	norm	11
A	-96	1	6	0.5	raw	11
A	-96	1	6	1.68390191897	norm	11
C	-96	1	2	0.166666666667	raw	11
C	-96	1	2	0.820093457942	norm	11
T	-96	1	2	0.166666666667	raw	11
T	-96	1	2	0.532086912583	norm	11
G	-96	1	2	0.166666666667	raw	11
G	-96	1	2	0.893129770991	norm	11
A	-95	1	6	0.5	raw	11
A	-95	1	6	1.68390191897	norm	11
C	-95	1	2	0.166666666667	raw	11
C	-95	1	2	0.820093457942	norm	11
T	-95	1	2	0.166666666667	raw	11
T	-95	1	2	0.532086912583	norm	11
G	-95	1	2	0.166666666667	raw	11
G	-95	1	2	0.893129770991	norm	11
A	-94	1	7	0.583333333333	raw	11
A	-94	1	7	1.9645522388	norm	11
G	-94	1	3	0.25	raw	11
G	-94	1	3	1.33969465649	norm	11
T	-94	1	2	0.166666666667	raw	11
T	-94	1	2	0.532086912583	norm	11
C	-93	1	5	0.416666666667	raw	11
C	-93	1	5	2.05023364486	norm	11
T	-93	1	4	0.333333333333	raw	11
T	-93	1	4	1.06417382517	norm	11
A	-93	1	2	0.166666666667	raw	11
A	-93	1	2	0.561300639658	norm	11
G	-93	1	1	0.0833333333333	raw	11
G	-93	1	1	0.446564885495	norm	11
T	-92	1	5	0.416666666667	raw	11
T	-92	1	5	1.33021728146	norm	11
A	-92	1	3	0.25	raw	11
A	-92	1	3	0.841950959487	norm	11
C	-92	1	2	0.166666666667	raw	11
C	-92	1	2	0.820093457942	norm	11
G	-92	1	2	0.166666666667	raw	11
G	-92	1	2	0.893129770991	norm	11
A	-91	1	6	0.5	raw	11
A	-91	1	6	1.68390191897	norm	11
T	-91	1	3	0.25	raw	11
T	-91	1	3	0.798130368874	norm	11
C	-91	1	2	0.166666666667	raw	11
C	-91	1	2	0.820093457942	norm	11
G	-91	1	1	0.0833333333333	raw	11
G	-91	1	1	0.446564885495	norm	11
C	-90	1	5	0.416666666667	raw	11
C	-90	1	5	2.05023364486	norm	11
T	-90	1	4	0.333333333333	raw	11
T	-90	1	4	1.06417382517	norm	11
A	-90	1	2	0.166666666667	raw	11
A	-90	1	2	0.561300639658	norm	11
G	-90	1	1	0.0833333333333	raw	11
G	-90	1	1	0.446564885495	norm	11
T	-89	1	6	0.5	raw	11
T	-89	1	6	1.59626073775	norm	11
A	-89	1	4	0.333333333333	raw	11
A	-89	1	4	1.12260127932	norm	11
C	-89	1	1	0.0833333333333	raw	11
C	-89	1	1	0.410046728971	norm	11
G	-89	1	1	0.0833333333333	raw	11
G	-89	1	1	0.446564885495	norm	11
T	-88	1	6	0.5	raw	11
T	-88	1	6	1.59626073775	norm	11
G	-88	1	3	0.25	raw	11
G	-88	1	3	1.33969465649	norm	11
C	-88	1	2	0.166666666667	raw	11
C	-88	1	2	0.820093457942	norm	11
A	-88	1	1	0.0833333333333	raw	11
A	-88	1	1	0.280650319829	norm	11
T	-87	1	5	0.416666666667	raw	11
T	-87	1	5	1.33021728146	norm	11
A	-87	1	3	0.25	raw	11
A	-87	1	3	0.841950959487	norm	11
C	-87	1	3	0.25	raw	11
C	-87	1	3	1.23014018691	norm	11
G	-87	1	1	0.0833333333333	raw	11
G	-87	1	1	0.446564885495	norm	11
T	-86	1	5	0.416666666667	raw	11
T	-86	1	5	1.33021728146	norm	11
C	-86	1	4	0.333333333333	raw	11
C	-86	1	4	1.64018691588	norm	11
A	-86	1	2	0.166666666667	raw	11
A	-86	1	2	0.561300639658	norm	11
G	-86	1	1	0.0833333333333	raw	11
G	-86	1	1	0.446564885495	norm	11
A	-85	1	5	0.416666666667	raw	11
A	-85	1	5	1.40325159914	norm	11
T	-85	1	4	0.333333333333	raw	11
T	-85	1	4	1.06417382517	norm	11
C	-85	1	2	0.166666666667	raw	11
C	-85	1	2	0.820093457942	norm	11
G	-85	1	1	0.0833333333333	raw	11
G	-85	1	1	0.446564885495	norm	11
A	-84	1	4	0.333333333333	raw	11
A	-84	1	4	1.12260127932	norm	11
C	-84	1	4	0.333333333333	raw	11
C	-84	1	4	1.64018691588	norm	11
T	-84	1	3	0.25	raw	11
T	-84	1	3	0.798130368874	norm	11
G	-84	1	1	0.0833333333333	raw	11
G	-84	1	1	0.446564885495	norm	11
A	-83	1	5	0.416666666667	raw	11
A	-83	1	5	1.40325159914	norm	11
C	-83	1	4	0.333333333333	raw	11
C	-83	1	4	1.64018691588	norm	11
T	-83	1	3	0.25	raw	11
T	-83	1	3	0.798130368874	norm	11
A	-82	1	7	0.583333333333	raw	11
A	-82	1	7	1.9645522388	norm	11
T	-82	1	3	0.25	raw	11
T	-82	1	3	0.798130368874	norm	11
G	-82	1	2	0.166666666667	raw	11
G	-82	1	2	0.893129770991	norm	11
A	-81	1	6	0.5	raw	11
A	-81	1	6	1.68390191897	norm	11
C	-81	1	4	0.333333333333	raw	11
C	-81	1	4	1.64018691588	norm	11
T	-81	1	1	0.0833333333333	raw	11
T	-81	1	1	0.266043456291	norm	11
G	-81	1	1	0.0833333333333	raw	11
G	-81	1	1	0.446564885495	norm	11
T	-80	1	6	0.5	raw	11
T	-80	1	6	1.59626073775	norm	11
G	-80	1	4	0.333333333333	raw	11
G	-80	1	4	1.78625954198	norm	11
A	-80	1	1	0.0833333333333	raw	11
A	-80	1	1	0.280650319829	norm	11
C	-80	1	1	0.0833333333333	raw	11
C	-80	1	1	0.410046728971	norm	11
T	-79	1	6	0.5	raw	11
T	-79	1	6	1.59626073775	norm	11
G	-79	1	3	0.25	raw	11
G	-79	1	3	1.33969465649	norm	11
A	-79	1	2	0.166666666667	raw	11
A	-79	1	2	0.561300639658	norm	11
C	-79	1	1	0.0833333333333	raw	11
C	-79	1	1	0.410046728971	norm	11
C	-78	1	4	0.333333333333	raw	11
C	-78	1	4	1.64018691588	norm	11
T	-78	1	3	0.25	raw	11
T	-78	1	3	0.798130368874	norm	11
G	-78	1	3	0.25	raw	11
G	-78	1	3	1.33969465649	norm	11
A	-78	1	2	0.166666666667	raw	11
A	-78	1	2	0.561300639658	norm	11
C	-77	1	4	0.333333333333	raw	11
C	-77	1	4	1.64018691588	norm	11
A	-77	1	3	0.25	raw	11
A	-77	1	3	0.841950959487	norm	11
T	-77	1	3	0.25	raw	11
T	-77	1	3	0.798130368874	norm	11
G	-77	1	2	0.166666666667	raw	11
G	-77	1	2	0.893129770991	norm	11
T	-76	1	5	0.416666666667	raw	11
T	-76	1	5	1.33021728146	norm	11
A	-76	1	4	0.333333333333	raw	11
A	-76	1	4	1.12260127932	norm	11
G	-76	1	2	0.166666666667	raw	11
G	-76	1	2	0.893129770991	norm	11
C	-76	1	1	0.0833333333333	raw	11
C	-76	1	1	0.410046728971	norm	11
G	-75	1	4	0.333333333333	raw	11
G	-75	1	4	1.78625954198	norm	11
A	-75	1	3	0.25	raw	11
A	-75	1	3	0.841950959487	norm	11
T	-75	1	3	0.25	raw	11
T	-75	1	3	0.798130368874	norm	11
C	-75	1	2	0.166666666667	raw	11
C	-75	1	2	0.820093457942	norm	11
G	-74	1	6	0.5	raw	11
G	-74	1	6	2.67938931297	norm	11
T	-74	1	4	0.333333333333	raw	11
T	-74	1	4	1.06417382517	norm	11
A	-74	1	2	0.166666666667	raw	11
A	-74	1	2	0.561300639658	norm	11
A	-73	1	5	0.416666666667	raw	11
A	-73	1	5	1.40325159914	norm	11
T	-73	1	4	0.333333333333	raw	11
T	-73	1	4	1.06417382517	norm	11
G	-73	1	2	0.166666666667	raw	11
G	-73	1	2	0.893129770991	norm	11
C	-73	1	1	0.0833333333333	raw	11
C	-73	1	1	0.410046728971	norm	11
C	-72	1	5	0.416666666667	raw	11
C	-72	1	5	2.05023364486	norm	11
A	-72	1	4	0.333333333333	raw	11
A	-72	1	4	1.12260127932	norm	11
G	-72	1	2	0.166666666667	raw	11
G	-72	1	2	0.893129770991	norm	11
T	-72	1	1	0.0833333333333	raw	11
T	-72	1	1	0.266043456291	norm	11
G	-71	1	5	0.416666666667	raw	11
G	-71	1	5	2.23282442748	norm	11
C	-71	1	4	0.333333333333	raw	11
C	-71	1	4	1.64018691588	norm	11
T	-71	1	3	0.25	raw	11
T	-71	1	3	0.798130368874	norm	11
T	-70	1	6	0.5	raw	11
T	-70	1	6	1.59626073775	norm	11
A	-70	1	4	0.333333333333	raw	11
A	-70	1	4	1.12260127932	norm	11
C	-70	1	2	0.166666666667	raw	11
C	-70	1	2	0.820093457942	norm	11
T	-69	1	5	0.416666666667	raw	11
T	-69	1	5	1.33021728146	norm	11
A	-69	1	3	0.25	raw	11
A	-69	1	3	0.841950959487	norm	11
C	-69	1	3	0.25	raw	11
C	-69	1	3	1.23014018691	norm	11
G	-69	1	1	0.0833333333333	raw	11
G	-69	1	1	0.446564885495	norm	11
A	-68	1	4	0.333333333333	raw	11
A	-68	1	4	1.12260127932	norm	11
C	-68	1	4	0.333333333333	raw	11
C	-68	1	4	1.64018691588	norm	11
T	-68	1	4	0.333333333333	raw	11
T	-68	1	4	1.06417382517	norm	11
A	-67	1	6	0.5	raw	11
A	-67	1	6	1.68390191897	norm	11
G	-67	1	5	0.416666666667	raw	11
G	-67	1	5	2.23282442748	norm	11
T	-67	1	1	0.0833333333333	raw	11
T	-67	1	1	0.266043456291	norm	11
G	-66	1	5	0.416666666667	raw	11
G	-66	1	5	2.23282442748	norm	11
C	-66	1	4	0.333333333333	raw	11
C	-66	1	4	1.64018691588	norm	11
T	-66	1	2	0.166666666667	raw	11
T	-66	1	2	0.532086912583	norm	11
A	-66	1	1	0.0833333333333	raw	11
A	-66	1	1	0.280650319829	norm	11
T	-65	1	5	0.416666666667	raw	11
T	-65	1	5	1.33021728146	norm	11
G	-65	1	4	0.333333333333	raw	11
G	-65	1	4	1.78625954198	norm	11
C	-65	1	2	0.166666666667	raw	11
C	-65	1	2	0.820093457942	norm	11
A	-65	1	1	0.0833333333333	raw	11
A	-65	1	1	0.280650319829	norm	11
A	-64	1	7	0.583333333333	raw	11
A	-64	1	7	1.9645522388	norm	11
C	-64	1	2	0.166666666667	raw	11
C	-64	1	2	0.820093457942	norm	11
T	-64	1	2	0.166666666667	raw	11
T	-64	1	2	0.532086912583	norm	11
G	-64	1	1	0.0833333333333	raw	11
G	-64	1	1	0.446564885495	norm	11
T	-63	1	7	0.583333333333	raw	11
T	-63	1	7	1.86230419404	norm	11
A	-63	1	2	0.166666666667	raw	11
A	-63	1	2	0.561300639658	norm	11
G	-63	1	2	0.166666666667	raw	11
G	-63	1	2	0.893129770991	norm	11
C	-63	1	1	0.0833333333333	raw	11
C	-63	1	1	0.410046728971	norm	11
A	-62	1	4	0.333333333333	raw	11
A	-62	1	4	1.12260127932	norm	11
T	-62	1	4	0.333333333333	raw	11
T	-62	1	4	1.06417382517	norm	11
G	-62	1	3	0.25	raw	11
G	-62	1	3	1.33969465649	norm	11
C	-62	1	1	0.0833333333333	raw	11
C	-62	1	1	0.410046728971	norm	11
T	-61	1	7	0.583333333333	raw	11
T	-61	1	7	1.86230419404	norm	11
A	-61	1	5	0.416666666667	raw	11
A	-61	1	5	1.40325159914	norm	11
A	-60	1	4	0.333333333333	raw	11
A	-60	1	4	1.12260127932	norm	11
T	-60	1	4	0.333333333333	raw	11
T	-60	1	4	1.06417382517	norm	11
C	-60	1	2	0.166666666667	raw	11
C	-60	1	2	0.820093457942	norm	11
G	-60	1	2	0.166666666667	raw	11
G	-60	1	2	0.893129770991	norm	11
A	-59	1	8	0.666666666667	raw	11
A	-59	1	8	2.24520255863	norm	11
C	-59	1	2	0.166666666667	raw	11
C	-59	1	2	0.820093457942	norm	11
G	-59	1	2	0.166666666667	raw	11
G	-59	1	2	0.893129770991	norm	11
A	-58	1	4	0.333333333333	raw	11
A	-58	1	4	1.12260127932	norm	11
T	-58	1	4	0.333333333333	raw	11
T	-58	1	4	1.06417382517	norm	11
G	-58	1	3	0.25	raw	11
G	-58	1	3	1.33969465649	norm	11
C	-58	1	1	0.0833333333333	raw	11
C	-58	1	1	0.410046728971	norm	11
A	-57	1	7	0.583333333333	raw	11
A	-57	1	7	1.9645522388	norm	11
C	-57	1	4	0.333333333333	raw	11
C	-57	1	4	1.64018691588	norm	11
G	-57	1	1	0.0833333333333	raw	11
G	-57	1	1	0.446564885495	norm	11
A	-56	1	4	0.333333333333	raw	11
A	-56	1	4	1.12260127932	norm	11
G	-56	1	4	0.333333333333	raw	11
G	-56	1	4	1.78625954198	norm	11
T	-56	1	3	0.25	raw	11
T	-56	1	3	0.798130368874	norm	11
C	-56	1	1	0.0833333333333	raw	11
C	-56	1	1	0.410046728971	norm	11
T	-55	1	9	0.75	raw	11
T	-55	1	9	2.39439110662	norm	11
G	-55	1	2	0.166666666667	raw	11
G	-55	1	2	0.893129770991	norm	11
A	-55	1	1	0.0833333333333	raw	11
A	-55	1	1	0.280650319829	norm	11
A	-54	1	5	0.416666666667	raw	11
A	-54	1	5	1.40325159914	norm	11
T	-54	1	3	0.25	raw	11
T	-54	1	3	0.798130368874	norm	11
C	-54	1	2	0.166666666667	raw	11
C	-54	1	2	0.820093457942	norm	11
G	-54	1	2	0.166666666667	raw	11
G	-54	1	2	0.893129770991	norm	11
A	-53	1	7	0.583333333333	raw	11
A	-53	1	7	1.9645522388	norm	11
G	-53	1	3	0.25	raw	11
G	-53	1	3	1.33969465649	norm	11
T	-53	1	2	0.166666666667	raw	11
T	-53	1	2	0.532086912583	norm	11
T	-52	1	5	0.416666666667	raw	11
T	-52	1	5	1.33021728146	norm	11
A	-52	1	3	0.25	raw	11
A	-52	1	3	0.841950959487	norm	11
C	-52	1	3	0.25	raw	11
C	-52	1	3	1.23014018691	norm	11
G	-52	1	1	0.0833333333333	raw	11
G	-52	1	1	0.446564885495	norm	11
A	-51	1	6	0.5	raw	11
A	-51	1	6	1.68390191897	norm	11
C	-51	1	3	0.25	raw	11
C	-51	1	3	1.23014018691	norm	11
G	-51	1	2	0.166666666667	raw	11
G	-51	1	2	0.893129770991	norm	11
T	-51	1	1	0.0833333333333	raw	11
T	-51	1	1	0.266043456291	norm	11
C	-50	1	5	0.416666666667	raw	11
C	-50	1	5	2.05023364486	norm	11
A	-50	1	4	0.333333333333	raw	11
A	-50	1	4	1.12260127932	norm	11
T	-50	1	3	0.25	raw	11
T	-50	1	3	0.798130368874	norm	11
A	-49	1	5	0.416666666667	raw	11
A	-49	1	5	1.40325159914	norm	11
T	-49	1	3	0.25	raw	11
T	-49	1	3	0.798130368874	norm	11
C	-49	1	2	0.166666666667	raw	11
C	-49	1	2	0.820093457942	norm	11
G	-49	1	2	0.166666666667	raw	11
G	-49	1	2	0.893129770991	norm	11
C	-48	1	7	0.583333333333	raw	11
C	-48	1	7	2.8703271028	norm	11
A	-48	1	3	0.25	raw	11
A	-48	1	3	0.841950959487	norm	11
G	-48	1	2	0.166666666667	raw	11
G	-48	1	2	0.893129770991	norm	11
T	-47	1	5	0.416666666667	raw	11
T	-47	1	5	1.33021728146	norm	11
A	-47	1	3	0.25	raw	11
A	-47	1	3	0.841950959487	norm	11
G	-47	1	3	0.25	raw	11
G	-47	1	3	1.33969465649	norm	11
C	-47	1	1	0.0833333333333	raw	11
C	-47	1	1	0.410046728971	norm	11
A	-46	1	4	0.333333333333	raw	11
A	-46	1	4	1.12260127932	norm	11
T	-46	1	3	0.25	raw	11
T	-46	1	3	0.798130368874	norm	11
G	-46	1	3	0.25	raw	11
G	-46	1	3	1.33969465649	norm	11
C	-46	1	2	0.166666666667	raw	11
C	-46	1	2	0.820093457942	norm	11
A	-45	1	5	0.416666666667	raw	11
A	-45	1	5	1.40325159914	norm	11
C	-45	1	3	0.25	raw	11
C	-45	1	3	1.23014018691	norm	11
T	-45	1	2	0.166666666667	raw	11
T	-45	1	2	0.532086912583	norm	11
G	-45	1	2	0.166666666667	raw	11
G	-45	1	2	0.893129770991	norm	11
T	-44	1	5	0.416666666667	raw	11
T	-44	1	5	1.33021728146	norm	11
A	-44	1	3	0.25	raw	11
A	-44	1	3	0.841950959487	norm	11
G	-44	1	3	0.25	raw	11
G	-44	1	3	1.33969465649	norm	11
C	-44	1	1	0.0833333333333	raw	11
C	-44	1	1	0.410046728971	norm	11
T	-43	1	5	0.416666666667	raw	11
T	-43	1	5	1.33021728146	norm	11
A	-43	1	4	0.333333333333	raw	11
A	-43	1	4	1.12260127932	norm	11
C	-43	1	2	0.166666666667	raw	11
C	-43	1	2	0.820093457942	norm	11
G	-43	1	1	0.0833333333333	raw	11
G	-43	1	1	0.446564885495	norm	11
T	-42	1	5	0.416666666667	raw	11
T	-42	1	5	1.33021728146	norm	11
A	-42	1	4	0.333333333333	raw	11
A	-42	1	4	1.12260127932	norm	11
C	-42	1	2	0.166666666667	raw	11
C	-42	1	2	0.820093457942	norm	11
G	-42	1	1	0.0833333333333	raw	11
G	-42	1	1	0.446564885495	norm	11
T	-41	1	6	0.5	raw	11
T	-41	1	6	1.59626073775	norm	11
A	-41	1	3	0.25	raw	11
A	-41	1	3	0.841950959487	norm	11
G	-41	1	2	0.166666666667	raw	11
G	-41	1	2	0.893129770991	norm	11
C	-41	1	1	0.0833333333333	raw	11
C	-41	1	1	0.410046728971	norm	11
T	-40	1	6	0.5	raw	11
T	-40	1	6	1.59626073775	norm	11
A	-40	1	2	0.166666666667	raw	11
A	-40	1	2	0.561300639658	norm	11
C	-40	1	2	0.166666666667	raw	11
C	-40	1	2	0.820093457942	norm	11
G	-40	1	2	0.166666666667	raw	11
G	-40	1	2	0.893129770991	norm	11
G	-39	1	6	0.5	raw	11
G	-39	1	6	2.67938931297	norm	11
T	-39	1	3	0.25	raw	11
T	-39	1	3	0.798130368874	norm	11
A	-39	1	2	0.166666666667	raw	11
A	-39	1	2	0.561300639658	norm	11
C	-39	1	1	0.0833333333333	raw	11
C	-39	1	1	0.410046728971	norm	11
A	-38	1	6	0.5	raw	11
A	-38	1	6	1.68390191897	norm	11
C	-38	1	4	0.333333333333	raw	11
C	-38	1	4	1.64018691588	norm	11
T	-38	1	2	0.166666666667	raw	11
T	-38	1	2	0.532086912583	norm	11
G	-37	1	6	0.5	raw	11
G	-37	1	6	2.67938931297	norm	11
T	-37	1	3	0.25	raw	11
T	-37	1	3	0.798130368874	norm	11
A	-37	1	2	0.166666666667	raw	11
A	-37	1	2	0.561300639658	norm	11
C	-37	1	1	0.0833333333333	raw	11
C	-37	1	1	0.410046728971	norm	11
T	-36	1	7	0.583333333333	raw	11
T	-36	1	7	1.86230419404	norm	11
C	-36	1	2	0.166666666667	raw	11
C	-36	1	2	0.820093457942	norm	11
G	-36	1	2	0.166666666667	raw	11
G	-36	1	2	0.893129770991	norm	11
A	-36	1	1	0.0833333333333	raw	11
A	-36	1	1	0.280650319829	norm	11
G	-35	1	5	0.416666666667	raw	11
G	-35	1	5	2.23282442748	norm	11
A	-35	1	3	0.25	raw	11
A	-35	1	3	0.841950959487	norm	11
T	-35	1	3	0.25	raw	11
T	-35	1	3	0.798130368874	norm	11
C	-35	1	1	0.0833333333333	raw	11
C	-35	1	1	0.410046728971	norm	11
T	-34	1	5	0.416666666667	raw	11
T	-34	1	5	1.33021728146	norm	11
G	-34	1	4	0.333333333333	raw	11
G	-34	1	4	1.78625954198	norm	11
A	-34	1	3	0.25	raw	11
A	-34	1	3	0.841950959487	norm	11
A	-33	1	5	0.416666666667	raw	11
A	-33	1	5	1.40325159914	norm	11
G	-33	1	5	0.416666666667	raw	11
G	-33	1	5	2.23282442748	norm	11
T	-33	1	2	0.166666666667	raw	11
T	-33	1	2	0.532086912583	norm	11
T	-32	1	6	0.5	raw	11
T	-32	1	6	1.59626073775	norm	11
C	-32	1	3	0.25	raw	11
C	-32	1	3	1.23014018691	norm	11
G	-32	1	2	0.166666666667	raw	11
G	-32	1	2	0.893129770991	norm	11
A	-32	1	1	0.0833333333333	raw	11
A	-32	1	1	0.280650319829	norm	11
A	-31	1	5	0.416666666667	raw	11
A	-31	1	5	1.40325159914	norm	11
G	-31	1	3	0.25	raw	11
G	-31	1	3	1.33969465649	norm	11
C	-31	1	2	0.166666666667	raw	11
C	-31	1	2	0.820093457942	norm	11
T	-31	1	2	0.166666666667	raw	11
T	-31	1	2	0.532086912583	norm	11
A	-30	1	9	0.75	raw	11
A	-30	1	9	2.52585287846	norm	11
C	-30	1	1	0.0833333333333	raw	11
C	-30	1	1	0.410046728971	norm	11
T	-30	1	1	0.0833333333333	raw	11
T	-30	1	1	0.266043456291	norm	11
G	-30	1	1	0.0833333333333	raw	11
G	-30	1	1	0.446564885495	norm	11
G	-29	1	4	0.333333333333	raw	11
G	-29	1	4	1.78625954198	norm	11
A	-29	1	3	0.25	raw	11
A	-29	1	3	0.841950959487	norm	11
C	-29	1	3	0.25	raw	11
C	-29	1	3	1.23014018691	norm	11
T	-29	1	2	0.166666666667	raw	11
T	-29	1	2	0.532086912583	norm	11
G	-28	1	6	0.5	raw	11
G	-28	1	6	2.67938931297	norm	11
T	-28	1	4	0.333333333333	raw	11
T	-28	1	4	1.06417382517	norm	11
A	-28	1	2	0.166666666667	raw	11
A	-28	1	2	0.561300639658	norm	11
A	-27	1	6	0.5	raw	11
A	-27	1	6	1.68390191897	norm	11
C	-27	1	2	0.166666666667	raw	11
C	-27	1	2	0.820093457942	norm	11
T	-27	1	2	0.166666666667	raw	11
T	-27	1	2	0.532086912583	norm	11
G	-27	1	2	0.166666666667	raw	11
G	-27	1	2	0.893129770991	norm	11
A	-26	1	4	0.333333333333	raw	11
A	-26	1	4	1.12260127932	norm	11
T	-26	1	4	0.333333333333	raw	11
T	-26	1	4	1.06417382517	norm	11
C	-26	1	3	0.25	raw	11
C	-26	1	3	1.23014018691	norm	11
G	-26	1	1	0.0833333333333	raw	11
G	-26	1	1	0.446564885495	norm	11
A	-25	1	7	0.583333333333	raw	11
A	-25	1	7	1.9645522388	norm	11
T	-25	1	2	0.166666666667	raw	11
T	-25	1	2	0.532086912583	norm	11
G	-25	1	2	0.166666666667	raw	11
G	-25	1	2	0.893129770991	norm	11
C	-25	1	1	0.0833333333333	raw	11
C	-25	1	1	0.410046728971	norm	11
A	-24	1	7	0.583333333333	raw	11
A	-24	1	7	1.9645522388	norm	11
T	-24	1	4	0.333333333333	raw	11
T	-24	1	4	1.06417382517	norm	11
G	-24	1	1	0.0833333333333	raw	11
G	-24	1	1	0.446564885495	norm	11
C	-23	1	6	0.5	raw	11
C	-23	1	6	2.46028037383	norm	11
A	-23	1	3	0.25	raw	11
A	-23	1	3	0.841950959487	norm	11
T	-23	1	3	0.25	raw	11
T	-23	1	3	0.798130368874	norm	11
C	-22	1	4	0.333333333333	raw	11
C	-22	1	4	1.64018691588	norm	11
T	-22	1	3	0.25	raw	11
T	-22	1	3	0.798130368874	norm	11
G	-22	1	3	0.25	raw	11
G	-22	1	3	1.33969465649	norm	11
A	-22	1	2	0.166666666667	raw	11
A	-22	1	2	0.561300639658	norm	11
T	-21	1	5	0.416666666667	raw	11
T	-21	1	5	1.33021728146	norm	11
G	-21	1	4	0.333333333333	raw	11
G	-21	1	4	1.78625954198	norm	11
C	-21	1	2	0.166666666667	raw	11
C	-21	1	2	0.820093457942	norm	11
A	-21	1	1	0.0833333333333	raw	11
A	-21	1	1	0.280650319829	norm	11
A	-20	1	7	0.583333333333	raw	11
A	-20	1	7	1.9645522388	norm	11
C	-20	1	4	0.333333333333	raw	11
C	-20	1	4	1.64018691588	norm	11
T	-20	1	1	0.0833333333333	raw	11
T	-20	1	1	0.266043456291	norm	11
G	-19	1	4	0.333333333333	raw	11
G	-19	1	4	1.78625954198	norm	11
A	-19	1	3	0.25	raw	11
A	-19	1	3	0.841950959487	norm	11
T	-19	1	3	0.25	raw	11
T	-19	1	3	0.798130368874	norm	11
C	-19	1	2	0.166666666667	raw	11
C	-19	1	2	0.820093457942	norm	11
T	-18	1	9	0.75	raw	11
T	-18	1	9	2.39439110662	norm	11
A	-18	1	1	0.0833333333333	raw	11
A	-18	1	1	0.280650319829	norm	11
C	-18	1	1	0.0833333333333	raw	11
C	-18	1	1	0.410046728971	norm	11
G	-18	1	1	0.0833333333333	raw	11
G	-18	1	1	0.446564885495	norm	11
A	-17	1	6	0.5	raw	11
A	-17	1	6	1.68390191897	norm	11
G	-17	1	3	0.25	raw	11
G	-17	1	3	1.33969465649	norm	11
T	-17	1	2	0.166666666667	raw	11
T	-17	1	2	0.532086912583	norm	11
C	-17	1	1	0.0833333333333	raw	11
C	-17	1	1	0.410046728971	norm	11
A	-16	1	6	0.5	raw	11
A	-16	1	6	1.68390191897	norm	11
C	-16	1	3	0.25	raw	11
C	-16	1	3	1.23014018691	norm	11
T	-16	1	2	0.166666666667	raw	11
T	-16	1	2	0.532086912583	norm	11
G	-16	1	1	0.0833333333333	raw	11
G	-16	1	1	0.446564885495	norm	11
T	-15	1	7	0.583333333333	raw	11
T	-15	1	7	1.86230419404	norm	11
A	-15	1	4	0.333333333333	raw	11
A	-15	1	4	1.12260127932	norm	11
G	-15	1	1	0.0833333333333	raw	11
G	-15	1	1	0.446564885495	norm	11
A	-14	1	5	0.416666666667	raw	11
A	-14	1	5	1.40325159914	norm	11
T	-14	1	3	0.25	raw	11
T	-14	1	3	0.798130368874	norm	11
C	-14	1	2	0.166666666667	raw	11
C	-14	1	2	0.820093457942	norm	11
G	-14	1	2	0.166666666667	raw	11
G	-14	1	2	0.893129770991	norm	11
T	-13	1	6	0.5	raw	11
T	-13	1	6	1.59626073775	norm	11
G	-13	1	3	0.25	raw	11
G	-13	1	3	1.33969465649	norm	11
A	-13	1	2	0.166666666667	raw	11
A	-13	1	2	0.561300639658	norm	11
C	-13	1	1	0.0833333333333	raw	11
C	-13	1	1	0.410046728971	norm	11
T	-12	1	4	0.333333333333	raw	11
T	-12	1	4	1.06417382517	norm	11
A	-12	1	3	0.25	raw	11
A	-12	1	3	0.841950959487	norm	11
C	-12	1	3	0.25	raw	11
C	-12	1	3	1.23014018691	norm	11
G	-12	1	2	0.166666666667	raw	11
G	-12	1	2	0.893129770991	norm	11
G	-11	1	4	0.333333333333	raw	11
G	-11	1	4	1.78625954198	norm	11
C	-11	1	3	0.25	raw	11
C	-11	1	3	1.23014018691	norm	11
T	-11	1	3	0.25	raw	11
T	-11	1	3	0.798130368874	norm	11
A	-11	1	2	0.166666666667	raw	11
A	-11	1	2	0.561300639658	norm	11
C	-10	1	4	0.333333333333	raw	11
C	-10	1	4	1.64018691588	norm	11
A	-10	1	3	0.25	raw	11
A	-10	1	3	0.841950959487	norm	11
G	-10	1	3	0.25	raw	11
G	-10	1	3	1.33969465649	norm	11
T	-10	1	2	0.166666666667	raw	11
T	-10	1	2	0.532086912583	norm	11
T	-9	1	7	0.583333333333	raw	11
T	-9	1	7	1.86230419404	norm	11
A	-9	1	3	0.25	raw	11
A	-9	1	3	0.841950959487	norm	11
C	-9	1	2	0.166666666667	raw	11
C	-9	1	2	0.820093457942	norm	11
A	-8	1	5	0.416666666667	raw	11
A	-8	1	5	1.40325159914	norm	11
T	-8	1	4	0.333333333333	raw	11
T	-8	1	4	1.06417382517	norm	11
C	-8	1	2	0.166666666667	raw	11
C	-8	1	2	0.820093457942	norm	11
G	-8	1	1	0.0833333333333	raw	11
G	-8	1	1	0.446564885495	norm	11
A	-7	1	4	0.333333333333	raw	11
A	-7	1	4	1.12260127932	norm	11
T	-7	1	4	0.333333333333	raw	11
T	-7	1	4	1.06417382517	norm	11
G	-7	1	3	0.25	raw	11
G	-7	1	3	1.33969465649	norm	11
C	-7	1	1	0.0833333333333	raw	11
C	-7	1	1	0.410046728971	norm	11
A	-6	1	5	0.416666666667	raw	11
A	-6	1	5	1.40325159914	norm	11
C	-6	1	5	0.416666666667	raw	11
C	-6	1	5	2.05023364486	norm	11
G	-6	1	2	0.166666666667	raw	11
G	-6	1	2	0.893129770991	norm	11
C	-5	1	5	0.416666666667	raw	11
C	-5	1	5	2.05023364486	norm	11
T	-5	1	4	0.333333333333	raw	11
T	-5	1	4	1.06417382517	norm	11
A	-5	1	3	0.25	raw	11
A	-5	1	3	0.841950959487	norm	11
T	-4	1	5	0.416666666667	raw	11
T	-4	1	5	1.33021728146	norm	11
A	-4	1	4	0.333333333333	raw	11
A	-4	1	4	1.12260127932	norm	11
C	-4	1	2	0.166666666667	raw	11
C	-4	1	2	0.820093457942	norm	11
G	-4	1	1	0.0833333333333	raw	11
G	-4	1	1	0.446564885495	norm	11
T	-3	1	6	0.5	raw	11
T	-3	1	6	1.59626073775	norm	11
A	-3	1	5	0.416666666667	raw	11
A	-3	1	5	1.40325159914	norm	11
C	-3	1	1	0.0833333333333	raw	11
C	-3	1	1	0.410046728971	norm	11
A	-2	1	4	0.333333333333	raw	11
A	-2	1	4	1.12260127932	norm	11
G	-2	1	4	0.333333333333	raw	11
G	-2	1	4	1.78625954198	norm	11
C	-2	1	3	0.25	raw	11
C	-2	1	3	1.23014018691	norm	11
T	-2	1	1	0.0833333333333	raw	11
T	-2	1	1	0.266043456291	norm	11
T	-1	1	6	0.5	raw	11
T	-1	1	6	1.59626073775	norm	11
A	-1	1	2	0.166666666667	raw	11
A	-1	1	2	0.561300639658	norm	11
C	-1	1	2	0.166666666667	raw	11
C	-1	1	2	0.820093457942	norm	11
G	-1	1	2	0.166666666667	raw	11
G	-1	1	2	0.893129770991	norm	11
C	0	1	5	0.416666666667	raw	11
C	0	1	5	2.05023364486	norm	11
T	0	1	4	0.333333333333	raw	11
T	0	1	4	1.06417382517	norm	11
G	0	1	2	0.166666666667	raw	11
G	0	1	2	0.893129770991	norm	11
A	0	1	1	0.0833333333333	raw	11
A	0	1	1	0.280650319829	norm	11
G	1	1	5	0.416666666667	raw	11
G	1	1	5	2.23282442748	norm	11
T	1	1	3	0.25	raw	11
T	1	1	3	0.798130368874	norm	11
A	1	1	2	0.166666666667	raw	11
A	1	1	2	0.561300639658	norm	11
C	1	1	2	0.166666666667	raw	11
C	1	1	2	0.820093457942	norm	11
T	2	1	8	0.666666666667	raw	11
T	2	1	8	2.12834765033	norm	11
A	2	1	2	0.166666666667	raw	11
A	2	1	2	0.561300639658	norm	11
C	2	1	1	0.0833333333333	raw	11
C	2	1	1	0.410046728971	norm	11
G	2	1	1	0.0833333333333	raw	11
G	2	1	1	0.446564885495	norm	11
A	3	1	6	0.5	raw	11
A	3	1	6	1.68390191897	norm	11
C	3	1	3	0.25	raw	11
C	3	1	3	1.23014018691	norm	11
T	3	1	2	0.166666666667	raw	11
T	3	1	2	0.532086912583	norm	11
G	3	1	1	0.0833333333333	raw	11
G	3	1	1	0.446564885495	norm	11
A	4	1	5	0.416666666667	raw	11
A	4	1	5	1.40325159914	norm	11
C	4	1	4	0.333333333333	raw	11
C	4	1	4	1.64018691588	norm	11
T	4	1	2	0.166666666667	raw	11
T	4	1	2	0.532086912583	norm	11
G	4	1	1	0.0833333333333	raw	11
G	4	1	1	0.446564885495	norm	11
T	5	1	4	0.333333333333	raw	11
T	5	1	4	1.06417382517	norm	11
G	5	1	4	0.333333333333	raw	11
G	5	1	4	1.78625954198	norm	11
A	5	1	2	0.166666666667	raw	11
A	5	1	2	0.561300639658	norm	11
C	5	1	2	0.166666666667	raw	11
C	5	1	2	0.820093457942	norm	11
G	6	1	5	0.416666666667	raw	11
G	6	1	5	2.23282442748	norm	11
A	6	1	4	0.333333333333	raw	11
A	6	1	4	1.12260127932	norm	11
T	6	1	2	0.166666666667	raw	11
T	6	1	2	0.532086912583	norm	11
C	6	1	1	0.0833333333333	raw	11
C	6	1	1	0.410046728971	norm	11
T	7	1	6	0.5	raw	11
T	7	1	6	1.59626073775	norm	11
A	7	1	5	0.416666666667	raw	11
A	7	1	5	1.40325159914	norm	11
C	7	1	1	0.0833333333333	raw	11
C	7	1	1	0.410046728971	norm	11
A	8	1	4	0.333333333333	raw	11
A	8	1	4	1.12260127932	norm	11
T	8	1	4	0.333333333333	raw	11
T	8	1	4	1.06417382517	norm	11
C	8	1	3	0.25	raw	11
C	8	1	3	1.23014018691	norm	11
G	8	1	1	0.0833333333333	raw	11
G	8	1	1	0.446564885495	norm	11
T	9	1	8	0.666666666667	raw	11
T	9	1	8	2.12834765033	norm	11
A	9	1	2	0.166666666667	raw	11
A	9	1	2	0.561300639658	norm	11
G	9	1	2	0.166666666667	raw	11
G	9	1	2	0.893129770991	norm	11
T	10	1	7	0.583333333333	raw	11
T	10	1	7	1.86230419404	norm	11
C	10	1	3	0.25	raw	11
C	10	1	3	1.23014018691	norm	11
A	10	1	2	0.166666666667	raw	11
A	10	1	2	0.561300639658	norm	11
T	11	1	4	0.333333333333	raw	11
T	11	1	4	1.06417382517	norm	11
A	11	1	3	0.25	raw	11
A	11	1	3	0.841950959487	norm	11
C	11	1	3	0.25	raw	11
C	11	1	3	1.23014018691	norm	11
G	11	1	2	0.166666666667	raw	11
G	11	1	2	0.893129770991	norm	11
C	12	1	4	0.333333333333	raw	11
C	12	1	4	1.64018691588	norm	11
T	12	1	4	0.333333333333	raw	11
T	12	1	4	1.06417382517	norm	11
A	12	1	2	0.166666666667	raw	11
A	12	1	2	0.561300639658	norm	11
G	12	1	2	0.166666666667	raw	11
G	12	1	2	0.893129770991	norm	11
A	13	1	5	0.416666666667	raw	11
A	13	1	5	1.40325159914	norm	11
T	13	1	3	0.25	raw	11
T	13	1	3	0.798130368874	norm	11
G	13	1	3	0.25	raw	11
G	13	1	3	1.33969465649	norm	11
C	13	1	1	0.0833333333333	raw	11
C	13	1	1	0.410046728971	norm	11
G	14	1	8	0.666666666667	raw	11
G	14	1	8	3.57251908396	norm	11
C	14	1	2	0.166666666667	raw	11
C	14	1	2	0.820093457942	norm	11
T	14	1	2	0.166666666667	raw	11
T	14	1	2	0.532086912583	norm	11
T	15	1	6	0.5	raw	11
T	15	1	6	1.59626073775	norm	11
G	15	1	3	0.25	raw	11
G	15	1	3	1.33969465649	norm	11
A	15	1	2	0.166666666667	raw	11
A	15	1	2	0.561300639658	norm	11
C	15	1	1	0.0833333333333	raw	11
C	15	1	1	0.410046728971	norm	11
A	16	1	4	0.333333333333	raw	11
A	16	1	4	1.12260127932	norm	11
G	16	1	4	0.333333333333	raw	11
G	16	1	4	1.78625954198	norm	11
C	16	1	2	0.166666666667	raw	11
C	16	1	2	0.820093457942	norm	11
T	16	1	2	0.166666666667	raw	11
T	16	1	2	0.532086912583	norm	11
A	17	1	5	0.416666666667	raw	11
A	17	1	5	1.40325159914	norm	11
T	17	1	5	0.416666666667	raw	11
T	17	1	5	1.33021728146	norm	11
C	17	1	1	0.0833333333333	raw	11
C	17	1	1	0.410046728971	norm	11
G	17	1	1	0.0833333333333	raw	11
G	17	1	1	0.446564885495	norm	11
A	18	1	6	0.5	raw	11
A	18	1	6	1.68390191897	norm	11
T	18	1	4	0.333333333333	raw	11
T	18	1	4	1.06417382517	norm	11
C	18	1	1	0.0833333333333	raw	11
C	18	1	1	0.410046728971	norm	11
G	18	1	1	0.0833333333333	raw	11
G	18	1	1	0.446564885495	norm	11
A	19	1	6	0.5	raw	11
A	19	1	6	1.68390191897	norm	11
T	19	1	5	0.416666666667	raw	11
T	19	1	5	1.33021728146	norm	11
G	19	1	1	0.0833333333333	raw	11
G	19	1	1	0.446564885495	norm	11
A	20	1	5	0.416666666667	raw	11
A	20	1	5	1.40325159914	norm	11
G	20	1	3	0.25	raw	11
G	20	1	3	1.33969465649	norm	11
C	20	1	2	0.166666666667	raw	11
C	20	1	2	0.820093457942	norm	11
T	20	1	2	0.166666666667	raw	11
T	20	1	2	0.532086912583	norm	11
A	21	1	4	0.333333333333	raw	11
A	21	1	4	1.12260127932	norm	11
C	21	1	3	0.25	raw	11
C	21	1	3	1.23014018691	norm	11
T	21	1	3	0.25	raw	11
T	21	1	3	0.798130368874	norm	11
G	21	1	2	0.166666666667	raw	11
G	21	1	2	0.893129770991	norm	11
A	22	1	4	0.333333333333	raw	11
A	22	1	4	1.12260127932	norm	11
C	22	1	3	0.25	raw	11
C	22	1	3	1.23014018691	norm	11
G	22	1	3	0.25	raw	11
G	22	1	3	1.33969465649	norm	11
T	22	1	2	0.166666666667	raw	11
T	22	1	2	0.532086912583	norm	11
C	23	1	5	0.416666666667	raw	11
C	23	1	5	2.05023364486	norm	11
A	23	1	4	0.333333333333	raw	11
A	23	1	4	1.12260127932	norm	11
T	23	1	2	0.166666666667	raw	11
T	23	1	2	0.532086912583	norm	11
G	23	1	1	0.0833333333333	raw	11
G	23	1	1	0.446564885495	norm	11
T	24	1	4	0.333333333333	raw	11
T	24	1	4	1.06417382517	norm	11
G	24	1	4	0.333333333333	raw	11
G	24	1	4	1.78625954198	norm	11
A	24	1	2	0.166666666667	raw	11
A	24	1	2	0.561300639658	norm	11
C	24	1	2	0.166666666667	raw	11
C	24	1	2	0.820093457942	norm	11
C	25	1	4	0.333333333333	raw	11
C	25	1	4	1.64018691588	norm	11
T	25	1	4	0.333333333333	raw	11
T	25	1	4	1.06417382517	norm	11
A	25	1	3	0.25	raw	11
A	25	1	3	0.841950959487	norm	11
G	25	1	1	0.0833333333333	raw	11
G	25	1	1	0.446564885495	norm	11
A	26	1	4	0.333333333333	raw	11
A	26	1	4	1.12260127932	norm	11
T	26	1	4	0.333333333333	raw	11
T	26	1	4	1.06417382517	norm	11
G	26	1	4	0.333333333333	raw	11
G	26	1	4	1.78625954198	norm	11
A	27	1	4	0.333333333333	raw	11
A	27	1	4	1.12260127932	norm	11
T	27	1	4	0.333333333333	raw	11
T	27	1	4	1.06417382517	norm	11
G	27	1	3	0.25	raw	11
G	27	1	3	1.33969465649	norm	11
C	27	1	1	0.0833333333333	raw	11
C	27	1	1	0.410046728971	norm	11
A	28	1	5	0.416666666667	raw	11
A	28	1	5	1.40325159914	norm	11
T	28	1	5	0.416666666667	raw	11
T	28	1	5	1.33021728146	norm	11
C	28	1	1	0.0833333333333	raw	11
C	28	1	1	0.410046728971	norm	11
G	28	1	1	0.0833333333333	raw	11
G	28	1	1	0.446564885495	norm	11
A	29	1	6	0.5	raw	11
A	29	1	6	1.68390191897	norm	11
G	29	1	3	0.25	raw	11
G	29	1	3	1.33969465649	norm	11
T	29	1	2	0.166666666667	raw	11
T	29	1	2	0.532086912583	norm	11
C	29	1	1	0.0833333333333	raw	11
C	29	1	1	0.410046728971	norm	11
C	30	1	5	0.416666666667	raw	11
C	30	1	5	2.05023364486	norm	11
T	30	1	4	0.333333333333	raw	11
T	30	1	4	1.06417382517	norm	11
A	30	1	2	0.166666666667	raw	11
A	30	1	2	0.561300639658	norm	11
G	30	1	1	0.0833333333333	raw	11
G	30	1	1	0.446564885495	norm	11
T	31	1	5	0.416666666667	raw	11
T	31	1	5	1.33021728146	norm	11
A	31	1	3	0.25	raw	11
A	31	1	3	0.841950959487	norm	11
C	31	1	3	0.25	raw	11
C	31	1	3	1.23014018691	norm	11
G	31	1	1	0.0833333333333	raw	11
G	31	1	1	0.446564885495	norm	11
A	32	1	6	0.5	raw	11
A	32	1	6	1.68390191897	norm	11
C	32	1	5	0.416666666667	raw	11
C	32	1	5	2.05023364486	norm	11
G	32	1	1	0.0833333333333	raw	11
G	32	1	1	0.446564885495	norm	11
T	33	1	6	0.5	raw	11
T	33	1	6	1.59626073775	norm	11
A	33	1	2	0.166666666667	raw	11
A	33	1	2	0.561300639658	norm	11
C	33	1	2	0.166666666667	raw	11
C	33	1	2	0.820093457942	norm	11
G	33	1	2	0.166666666667	raw	11
G	33	1	2	0.893129770991	norm	11
G	34	1	4	0.333333333333	raw	11
G	34	1	4	1.78625954198	norm	11
C	34	1	3	0.25	raw	11
C	34	1	3	1.23014018691	norm	11
T	34	1	3	0.25	raw	11
T	34	1	3	0.798130368874	norm	11
A	34	1	2	0.166666666667	raw	11
A	34	1	2	0.561300639658	norm	11
A	35	1	6	0.5	raw	11
A	35	1	6	1.68390191897	norm	11
C	35	1	2	0.166666666667	raw	11
C	35	1	2	0.820093457942	norm	11
T	35	1	2	0.166666666667	raw	11
T	35	1	2	0.532086912583	norm	11
G	35	1	2	0.166666666667	raw	11
G	35	1	2	0.893129770991	norm	11
A	36	1	4	0.333333333333	raw	11
A	36	1	4	1.12260127932	norm	11
T	36	1	4	0.333333333333	raw	11
T	36	1	4	1.06417382517	norm	11
C	36	1	3	0.25	raw	11
C	36	1	3	1.23014018691	norm	11
G	36	1	1	0.0833333333333	raw	11
G	36	1	1	0.446564885495	norm	11
T	37	1	4	0.333333333333	raw	11
T	37	1	4	1.06417382517	norm	11
G	37	1	4	0.333333333333	raw	11
G	37	1	4	1.78625954198	norm	11
A	37	1	3	0.25	raw	11
A	37	1	3	0.841950959487	norm	11
C	37	1	1	0.0833333333333	raw	11
C	37	1	1	0.410046728971	norm	11
T	38	1	4	0.333333333333	raw	11
T	38	1	4	1.06417382517	norm	11
A	38	1	3	0.25	raw	11
A	38	1	3	0.841950959487	norm	11
G	38	1	3	0.25	raw	11
G	38	1	3	1.33969465649	norm	11
C	38	1	2	0.166666666667	raw	11
C	38	1	2	0.820093457942	norm	11
T	39	1	7	0.583333333333	raw	11
T	39	1	7	1.86230419404	norm	11
A	39	1	3	0.25	raw	11
A	39	1	3	0.841950959487	norm	11
C	39	1	2	0.166666666667	raw	11
C	39	1	2	0.820093457942	norm	11
A	40	1	5	0.416666666667	raw	11
A	40	1	5	1.40325159914	norm	11
T	40	1	5	0.416666666667	raw	11
T	40	1	5	1.33021728146	norm	11
G	40	1	2	0.166666666667	raw	11
G	40	1	2	0.893129770991	norm	11
T	41	1	4	0.333333333333	raw	11
T	41	1	4	1.06417382517	norm	11
G	41	1	4	0.333333333333	raw	11
G	41	1	4	1.78625954198	norm	11
A	41	1	3	0.25	raw	11
A	41	1	3	0.841950959487	norm	11
C	41	1	1	0.0833333333333	raw	11
C	41	1	1	0.410046728971	norm	11
A	42	1	5	0.416666666667	raw	11
A	42	1	5	1.40325159914	norm	11
T	42	1	4	0.333333333333	raw	11
T	42	1	4	1.06417382517	norm	11
G	42	1	3	0.25	raw	11
G	42	1	3	1.33969465649	norm	11
C	43	1	6	0.5	raw	11
C	43	1	6	2.46028037383	norm	11
G	43	1	3	0.25	raw	11
G	43	1	3	1.33969465649	norm	11
A	43	1	2	0.166666666667	raw	11
A	43	1	2	0.561300639658	norm	11
T	43	1	1	0.0833333333333	raw	11
T	43	1	1	0.266043456291	norm	11
T	44	1	6	0.5	raw	11
T	44	1	6	1.59626073775	norm	11
G	44	1	3	0.25	raw	11
G	44	1	3	1.33969465649	norm	11
A	44	1	2	0.166666666667	raw	11
A	44	1	2	0.561300639658	norm	11
C	44	1	1	0.0833333333333	raw	11
C	44	1	1	0.410046728971	norm	11
T	45	1	7	0.636363636364	raw	11
T	45	1	7	2.03160457532	norm	11
G	45	1	2	0.181818181818	raw	11
G	45	1	2	0.974323386535	norm	11
A	45	1	1	0.0909090909091	raw	11
A	45	1	1	0.306163985268	norm	11
C	45	1	1	0.0909090909091	raw	11
C	45	1	1	0.447323704332	norm	11
T	46	1	5	0.454545454545	raw	11
T	46	1	5	1.45114612523	norm	11
A	46	1	4	0.363636363636	raw	11
A	46	1	4	1.22465594107	norm	11
C	46	1	1	0.0909090909091	raw	11
C	46	1	1	0.447323704332	norm	11
G	46	1	1	0.0909090909091	raw	11
G	46	1	1	0.487161693268	norm	11
A	47	1	5	0.454545454545	raw	11
A	47	1	5	1.53081992634	norm	11
C	47	1	3	0.272727272727	raw	11
C	47	1	3	1.341971113	norm	11
T	47	1	2	0.181818181818	raw	11
T	47	1	2	0.58045845009	norm	11
G	47	1	1	0.0909090909091	raw	11
G	47	1	1	0.487161693268	norm	11
A	48	1	6	0.545454545455	raw	11
A	48	1	6	1.83698391161	norm	11
T	48	1	3	0.272727272727	raw	11
T	48	1	3	0.870687675135	norm	11
C	48	1	2	0.181818181818	raw	11
C	48	1	2	0.894647408664	norm	11
C	49	1	3	0.272727272727	raw	11
C	49	1	3	1.341971113	norm	11
T	49	1	3	0.272727272727	raw	11
T	49	1	3	0.870687675135	norm	11
G	49	1	3	0.272727272727	raw	11
G	49	1	3	1.4614850798	norm	11
A	49	1	2	0.181818181818	raw	11
A	49	1	2	0.612327970536	norm	11
A	50	1	3	0.272727272727	raw	11
A	50	1	3	0.918491955804	norm	11
T	50	1	3	0.272727272727	raw	11
T	50	1	3	0.870687675135	norm	11
G	50	1	3	0.272727272727	raw	11
G	50	1	3	1.4614850798	norm	11
C	50	1	2	0.181818181818	raw	11
C	50	1	2	0.894647408664	norm	11
A	51	1	4	0.363636363636	raw	11
A	51	1	4	1.22465594107	norm	11
T	51	1	3	0.272727272727	raw	11
T	51	1	3	0.870687675135	norm	11
G	51	1	3	0.272727272727	raw	11
G	51	1	3	1.4614850798	norm	11
C	51	1	1	0.0909090909091	raw	11
C	51	1	1	0.447323704332	norm	11
T	52	1	7	0.636363636364	raw	11
T	52	1	7	2.03160457532	norm	11
A	52	1	3	0.272727272727	raw	11
A	52	1	3	0.918491955804	norm	11
G	52	1	1	0.0909090909091	raw	11
G	52	1	1	0.487161693268	norm	11
T	53	1	4	0.363636363636	raw	11
T	53	1	4	1.16091690018	norm	11
A	53	1	3	0.272727272727	raw	11
A	53	1	3	0.918491955804	norm	11
C	53	1	3	0.272727272727	raw	11
C	53	1	3	1.341971113	norm	11
G	53	1	1	0.0909090909091	raw	11
G	53	1	1	0.487161693268	norm	11
T	54	1	4	0.363636363636	raw	11
T	54	1	4	1.16091690018	norm	11
C	54	1	3	0.272727272727	raw	11
C	54	1	3	1.341971113	norm	11
G	54	1	3	0.272727272727	raw	11
G	54	1	3	1.4614850798	norm	11
A	54	1	1	0.0909090909091	raw	11
A	54	1	1	0.306163985268	norm	11
C	55	1	4	0.363636363636	raw	11
C	55	1	4	1.78929481733	norm	11
T	55	1	4	0.363636363636	raw	11
T	55	1	4	1.16091690018	norm	11
A	55	1	2	0.181818181818	raw	11
A	55	1	2	0.612327970536	norm	11
G	55	1	1	0.0909090909091	raw	11
G	55	1	1	0.487161693268	norm	11
A	56	1	6	0.545454545455	raw	11
A	56	1	6	1.83698391161	norm	11
T	56	1	4	0.363636363636	raw	11
T	56	1	4	1.16091690018	norm	11
G	56	1	1	0.0909090909091	raw	11
G	56	1	1	0.487161693268	norm	11
A	57	1	5	0.454545454545	raw	11
A	57	1	5	1.53081992634	norm	11
T	57	1	3	0.272727272727	raw	11
T	57	1	3	0.870687675135	norm	11
C	57	1	2	0.181818181818	raw	11
C	57	1	2	0.894647408664	norm	11
G	57	1	1	0.0909090909091	raw	11
G	57	1	1	0.487161693268	norm	11
A	58	1	5	0.454545454545	raw	11
A	58	1	5	1.53081992634	norm	11
C	58	1	3	0.272727272727	raw	11
C	58	1	3	1.341971113	norm	11
T	58	1	2	0.181818181818	raw	11
T	58	1	2	0.58045845009	norm	11
G	58	1	1	0.0909090909091	raw	11
G	58	1	1	0.487161693268	norm	11
G	59	1	4	0.363636363636	raw	11
G	59	1	4	1.94864677307	norm	11
A	59	1	3	0.272727272727	raw	11
A	59	1	3	0.918491955804	norm	11
T	59	1	3	0.272727272727	raw	11
T	59	1	3	0.870687675135	norm	11
C	59	1	1	0.0909090909091	raw	11
C	59	1	1	0.447323704332	norm	11
A	60	1	7	0.636363636364	raw	11
A	60	1	7	2.14314789688	norm	11
C	60	1	2	0.181818181818	raw	11
C	60	1	2	0.894647408664	norm	11
T	60	1	1	0.0909090909091	raw	11
T	60	1	1	0.290229225045	norm	11
G	60	1	1	0.0909090909091	raw	11
G	60	1	1	0.487161693268	norm	11
T	61	1	6	0.545454545455	raw	11
T	61	1	6	1.74137535027	norm	11
C	61	1	3	0.272727272727	raw	11
C	61	1	3	1.341971113	norm	11
A	61	1	1	0.0909090909091	raw	11
A	61	1	1	0.306163985268	norm	11
G	61	1	1	0.0909090909091	raw	11
G	61	1	1	0.487161693268	norm	11
A	62	1	5	0.454545454545	raw	11
A	62	1	5	1.53081992634	norm	11
C	62	1	3	0.272727272727	raw	11
C	62	1	3	1.341971113	norm	11
T	62	1	3	0.272727272727	raw	11
T	62	1	3	0.870687675135	norm	11
T	63	1	4	0.363636363636	raw	11
T	63	1	4	1.16091690018	norm	11
A	63	1	3	0.272727272727	raw	11
A	63	1	3	0.918491955804	norm	11
C	63	1	3	0.272727272727	raw	11
C	63	1	3	1.341971113	norm	11
G	63	1	1	0.0909090909091	raw	11
G	63	1	1	0.487161693268	norm	11
A	64	1	6	0.545454545455	raw	11
A	64	1	6	1.83698391161	norm	11
C	64	1	3	0.272727272727	raw	11
C	64	1	3	1.341971113	norm	11
T	64	1	2	0.181818181818	raw	11
T	64	1	2	0.58045845009	norm	11
A	65	1	7	0.636363636364	raw	11
A	65	1	7	2.14314789688	norm	11
T	65	1	4	0.363636363636	raw	11
T	65	1	4	1.16091690018	norm	11
C	66	1	5	0.454545454545	raw	11
C	66	1	5	2.23661852166	norm	11
A	66	1	3	0.272727272727	raw	11
A	66	1	3	0.918491955804	norm	11
T	66	1	2	0.181818181818	raw	11
T	66	1	2	0.58045845009	norm	11
G	66	1	1	0.0909090909091	raw	11
G	66	1	1	0.487161693268	norm	11
C	67	1	3	0.272727272727	raw	11
C	67	1	3	1.341971113	norm	11
T	67	1	3	0.272727272727	raw	11
T	67	1	3	0.870687675135	norm	11
G	67	1	3	0.272727272727	raw	11
G	67	1	3	1.4614850798	norm	11
A	67	1	2	0.181818181818	raw	11
A	67	1	2	0.612327970536	norm	11
A	68	1	3	0.272727272727	raw	11
A	68	1	3	0.918491955804	norm	11
T	68	1	3	0.272727272727	raw	11
T	68	1	3	0.870687675135	norm	11
G	68	1	3	0.272727272727	raw	11
G	68	1	3	1.4614850798	norm	11
C	68	1	2	0.181818181818	raw	11
C	68	1	2	0.894647408664	norm	11
T	69	1	5	0.454545454545	raw	11
T	69	1	5	1.45114612523	norm	11
A	69	1	4	0.363636363636	raw	11
A	69	1	4	1.22465594107	norm	11
C	69	1	2	0.181818181818	raw	11
C	69	1	2	0.894647408664	norm	11
T	70	1	5	0.454545454545	raw	11
T	70	1	5	1.45114612523	norm	11
C	70	1	3	0.272727272727	raw	11
C	70	1	3	1.341971113	norm	11
A	70	1	2	0.181818181818	raw	11
A	70	1	2	0.612327970536	norm	11
G	70	1	1	0.0909090909091	raw	11
G	70	1	1	0.487161693268	norm	11
T	71	1	5	0.454545454545	raw	11
T	71	1	5	1.45114612523	norm	11
A	71	1	3	0.272727272727	raw	11
A	71	1	3	0.918491955804	norm	11
C	71	1	3	0.272727272727	raw	11
C	71	1	3	1.341971113	norm	11
T	72	1	6	0.545454545455	raw	11
T	72	1	6	1.74137535027	norm	11
A	72	1	3	0.272727272727	raw	11
A	72	1	3	0.918491955804	norm	11
C	72	1	1	0.0909090909091	raw	11
C	72	1	1	0.447323704332	norm	11
G	72	1	1	0.0909090909091	raw	11
G	72	1	1	0.487161693268	norm	11
A	73	1	4	0.363636363636	raw	11
A	73	1	4	1.22465594107	norm	11
T	73	1	3	0.272727272727	raw	11
T	73	1	3	0.870687675135	norm	11
C	73	1	2	0.181818181818	raw	11
C	73	1	2	0.894647408664	norm	11
G	73	1	2	0.181818181818	raw	11
G	73	1	2	0.974323386535	norm	11
T	74	1	4	0.363636363636	raw	11
T	74	1	4	1.16091690018	norm	11
A	74	1	3	0.272727272727	raw	11
A	74	1	3	0.918491955804	norm	11
C	74	1	2	0.181818181818	raw	11
C	74	1	2	0.894647408664	norm	11
G	74	1	2	0.181818181818	raw	11
G	74	1	2	0.974323386535	norm	11
A	75	1	4	0.363636363636	raw	11
A	75	1	4	1.22465594107	norm	11
G	75	1	4	0.363636363636	raw	11
G	75	1	4	1.94864677307	norm	11
C	75	1	3	0.272727272727	raw	11
C	75	1	3	1.341971113	norm	11
G	76	1	4	0.363636363636	raw	11
G	76	1	4	1.94864677307	norm	11
T	76	1	3	0.272727272727	raw	11
T	76	1	3	0.870687675135	norm	11
A	76	1	2	0.181818181818	raw	11
A	76	1	2	0.612327970536	norm	11
C	76	1	2	0.181818181818	raw	11
C	76	1	2	0.894647408664	norm	11
T	77	1	9	0.818181818182	raw	11
T	77	1	9	2.61206302541	norm	11
C	77	1	1	0.0909090909091	raw	11
C	77	1	1	0.447323704332	norm	11
G	77	1	1	0.0909090909091	raw	11
G	77	1	1	0.487161693268	norm	11
A	78	1	3	0.272727272727	raw	11
A	78	1	3	0.918491955804	norm	11
T	78	1	3	0.272727272727	raw	11
T	78	1	3	0.870687675135	norm	11
G	78	1	3	0.272727272727	raw	11
G	78	1	3	1.4614850798	norm	11
C	78	1	2	0.181818181818	raw	11
C	78	1	2	0.894647408664	norm	11
A	79	1	7	0.636363636364	raw	11
A	79	1	7	2.14314789688	norm	11
T	79	1	3	0.272727272727	raw	11
T	79	1	3	0.870687675135	norm	11
G	79	1	1	0.0909090909091	raw	11
G	79	1	1	0.487161693268	norm	11
A	80	1	5	0.454545454545	raw	11
A	80	1	5	1.53081992634	norm	11
T	80	1	3	0.272727272727	raw	11
T	80	1	3	0.870687675135	norm	11
G	80	1	2	0.181818181818	raw	11
G	80	1	2	0.974323386535	norm	11
C	80	1	1	0.0909090909091	raw	11
C	80	1	1	0.447323704332	norm	11
A	81	1	4	0.363636363636	raw	11
A	81	1	4	1.22465594107	norm	11
T	81	1	4	0.363636363636	raw	11
T	81	1	4	1.16091690018	norm	11
G	81	1	3	0.272727272727	raw	11
G	81	1	3	1.4614850798	norm	11
T	82	1	4	0.363636363636	raw	11
T	82	1	4	1.16091690018	norm	11
C	82	1	3	0.272727272727	raw	11
C	82	1	3	1.341971113	norm	11
G	82	1	3	0.272727272727	raw	11
G	82	1	3	1.4614850798	norm	11
A	82	1	1	0.0909090909091	raw	11
A	82	1	1	0.306163985268	norm	11
C	83	1	4	0.363636363636	raw	11
C	83	1	4	1.78929481733	norm	11
T	83	1	4	0.363636363636	raw	11
T	83	1	4	1.16091690018	norm	11
A	83	1	2	0.181818181818	raw	11
A	83	1	2	0.612327970536	norm	11
G	83	1	1	0.0909090909091	raw	11
G	83	1	1	0.487161693268	norm	11
A	84	1	6	0.545454545455	raw	11
A	84	1	6	1.83698391161	norm	11
C	84	1	3	0.272727272727	raw	11
C	84	1	3	1.341971113	norm	11
T	84	1	2	0.181818181818	raw	11
T	84	1	2	0.58045845009	norm	11
A	85	1	8	0.727272727273	raw	11
A	85	1	8	2.44931188214	norm	11
C	85	1	1	0.0909090909091	raw	11
C	85	1	1	0.447323704332	norm	11
T	85	1	1	0.0909090909091	raw	11
T	85	1	1	0.290229225045	norm	11
G	85	1	1	0.0909090909091	raw	11
G	85	1	1	0.487161693268	norm	11
A	86	1	6	0.545454545455	raw	11
A	86	1	6	1.83698391161	norm	11
C	86	1	3	0.272727272727	raw	11
C	86	1	3	1.341971113	norm	11
T	86	1	2	0.181818181818	raw	11
T	86	1	2	0.58045845009	norm	11
G	87	1	4	0.363636363636	raw	11
G	87	1	4	1.94864677307	norm	11
A	87	1	3	0.272727272727	raw	11
A	87	1	3	0.918491955804	norm	11
T	87	1	3	0.272727272727	raw	11
T	87	1	3	0.870687675135	norm	11
C	87	1	1	0.0909090909091	raw	11
C	87	1	1	0.447323704332	norm	11
T	88	1	6	0.545454545455	raw	11
T	88	1	6	1.74137535027	norm	11
C	88	1	3	0.272727272727	raw	11
C	88	1	3	1.341971113	norm	11
A	88	1	1	0.0909090909091	raw	11
A	88	1	1	0.306163985268	norm	11
G	88	1	1	0.0909090909091	raw	11
G	88	1	1	0.487161693268	norm	11
T	89	1	7	0.636363636364	raw	11
T	89	1	7	2.03160457532	norm	11
A	89	1	3	0.272727272727	raw	11
A	89	1	3	0.918491955804	norm	11
C	89	1	1	0.0909090909091	raw	11
C	89	1	1	0.447323704332	norm	11
A	90	1	5	0.454545454545	raw	11
A	90	1	5	1.53081992634	norm	11
G	90	1	3	0.272727272727	raw	11
G	90	1	3	1.4614850798	norm	11
C	90	1	2	0.181818181818	raw	11
C	90	1	2	0.894647408664	norm	11
T	90	1	1	0.0909090909091	raw	11
T	90	1	1	0.290229225045	norm	11
A	91	1	5	0.454545454545	raw	11
A	91	1	5	1.53081992634	norm	11
T	91	1	5	0.454545454545	raw	11
T	91	1	5	1.45114612523	norm	11
C	91	1	1	0.0909090909091	raw	11
C	91	1	1	0.447323704332	norm	11
A	92	1	4	0.363636363636	raw	11
A	92	1	4	1.22465594107	norm	11
G	92	1	4	0.363636363636	raw	11
G	92	1	4	1.94864677307	norm	11
C	92	1	2	0.181818181818	raw	11
C	92	1	2	0.894647408664	norm	11
T	92	1	1	0.0909090909091	raw	11
T	92	1	1	0.290229225045	norm	11
T	93	1	5	0.454545454545	raw	11
T	93	1	5	1.45114612523	norm	11
G	93	1	3	0.272727272727	raw	11
G	93	1	3	1.4614850798	norm	11
A	93	1	2	0.181818181818	raw	11
A	93	1	2	0.612327970536	norm	11
C	93	1	1	0.0909090909091	raw	11
C	93	1	1	0.447323704332	norm	11
T	94	1	4	0.363636363636	raw	11
T	94	1	4	1.16091690018	norm	11
G	94	1	4	0.363636363636	raw	11
G	94	1	4	1.94864677307	norm	11
A	94	1	2	0.181818181818	raw	11
A	94	1	2	0.612327970536	norm	11
C	94	1	1	0.0909090909091	raw	11
C	94	1	1	0.447323704332	norm	11
T	95	1	6	0.545454545455	raw	11
T	95	1	6	1.74137535027	norm	11
C	95	1	3	0.272727272727	raw	11
C	95	1	3	1.341971113	norm	11
A	95	1	1	0.0909090909091	raw	11
A	95	1	1	0.306163985268	norm	11
G	95	1	1	0.0909090909091	raw	11
G	95	1	1	0.487161693268	norm	11
T	96	1	5	0.454545454545	raw	11
T	96	1	5	1.45114612523	norm	11
C	96	1	3	0.272727272727	raw	11
C	96	1	3	1.341971113	norm	11
A	96	1	2	0.181818181818	raw	11
A	96	1	2	0.612327970536	norm	11
G	96	1	1	0.0909090909091	raw	11
G	96	1	1	0.487161693268	norm	11
C	97	1	3	0.272727272727	raw	11
C	97	1	3	1.341971113	norm	11
T	97	1	3	0.272727272727	raw	11
T	97	1	3	0.870687675135	norm	11
G	97	1	3	0.272727272727	raw	11
G	97	1	3	1.4614850798	norm	11
A	97	1	2	0.181818181818	raw	11
A	97	1	2	0.612327970536	norm	11
T	98	1	5	0.454545454545	raw	11
T	98	1	5	1.45114612523	norm	11
C	98	1	3	0.272727272727	raw	11
C	98	1	3	1.341971113	norm	11
A	98	1	2	0.181818181818	raw	11
A	98	1	2	0.612327970536	norm	11
G	98	1	1	0.0909090909091	raw	11
G	98	1	1	0.487161693268	norm	11
A	99	1	4	0.363636363636	raw	11
A	99	1	4	1.22465594107	norm	11
C	99	1	3	0.272727272727	raw	11
C	99	1	3	1.341971113	norm	11
T	99	1	2	0.181818181818	raw	11
T	99	1	2	0.58045845009	norm	11
G	99	1	2	0.181818181818	raw	11
G	99	1	2	0.974323386535	norm	11
T	100	1	4	0.363636363636	raw	11
T	100	1	4	1.16091690018	norm	11
C	100	1	3	0.272727272727	raw	11
C	100	1	3	1.341971113	norm	11
G	100	1	3	0.272727272727	raw	11
G	100	1	3	1.4614850798	norm	11
A	100	1	1	0.0909090909091	raw	11
A	100	1	1	0.306163985268	norm	11
