#nuc	offset	region.size	count	freq	norm.freq	total.sites
T	-100	1	2184	0.406023424428	raw	3457
T	-100	1	2184	1.31520822086	norm	3457
A	-100	1	2014	0.374419036996	raw	3457
A	-100	1	2014	1.208588481	norm	3457
C	-100	1	630	0.117122141662	raw	3457
C	-100	1	630	0.613547748642	norm	3457
G	-100	1	551	0.102435396914	raw	3457
G	-100	1	551	0.537453620337	norm	3457
T	-99	1	2175	0.404350250976	raw	3457
T	-99	1	2175	1.30978840676	norm	3457
A	-99	1	2000	0.371816322737	raw	3457
A	-99	1	2000	1.2001871708	norm	3457
C	-99	1	608	0.113032162112	raw	3457
C	-99	1	608	0.592122271706	norm	3457
G	-99	1	596	0.110801264175	raw	3457
G	-99	1	596	0.581347291689	norm	3457
A	-98	1	2152	0.400074363265	raw	3457
A	-98	1	2152	1.29140139578	norm	3457
T	-98	1	2113	0.392823944971	raw	3457
T	-98	1	2113	1.27245190965	norm	3457
C	-98	1	601	0.111730804982	raw	3457
C	-98	1	601	0.585305074498	norm	3457
G	-98	1	513	0.0953708867819	raw	3457
G	-98	1	513	0.500387853417	norm	3457
T	-97	1	2147	0.399144822458	raw	3457
T	-97	1	2147	1.2929267629	norm	3457
A	-97	1	2110	0.392266220487	raw	3457
A	-97	1	2110	1.2661974652	norm	3457
C	-97	1	584	0.108570366239	raw	3457
C	-97	1	584	0.568749024138	norm	3457
G	-97	1	538	0.100018590816	raw	3457
G	-97	1	538	0.52477322639	norm	3457
T	-96	1	2137	0.397285740844	raw	3457
T	-96	1	2137	1.28690474724	norm	3457
A	-96	1	2097	0.389849414389	raw	3457
A	-96	1	2097	1.25839624859	norm	3457
C	-96	1	652	0.121212121212	raw	3457
C	-96	1	652	0.634973225579	norm	3457
G	-96	1	493	0.0916527235546	raw	3457
G	-96	1	493	0.480879555038	norm	3457
T	-95	1	2250	0.418293363079	raw	3457
T	-95	1	2250	1.35495352423	norm	3457
A	-95	1	2104	0.391150771519	raw	3457
A	-95	1	2104	1.26259690368	norm	3457
C	-95	1	570	0.10596765198	raw	3457
C	-95	1	570	0.555114629724	norm	3457
G	-95	1	455	0.0845882134226	raw	3457
G	-95	1	455	0.443813788118	norm	3457
A	-94	1	2160	0.401561628555	raw	3457
A	-94	1	2160	1.29620214447	norm	3457
T	-94	1	2113	0.392823944971	raw	3457
T	-94	1	2113	1.27245190965	norm	3457
C	-94	1	642	0.119353039598	raw	3457
C	-94	1	642	0.625234372426	norm	3457
G	-94	1	464	0.0862613868749	raw	3457
G	-94	1	464	0.452592522389	norm	3457
A	-93	1	2131	0.396170291876	raw	3457
A	-93	1	2131	1.27879943049	norm	3457
T	-93	1	2009	0.373489496189	raw	3457
T	-93	1	2009	1.20982294675	norm	3457
C	-93	1	652	0.121212121212	raw	3457
C	-93	1	652	0.634973225579	norm	3457
G	-93	1	587	0.109128090723	raw	3457
G	-93	1	587	0.572568557419	norm	3457
T	-92	1	2182	0.405651608106	raw	3457
T	-92	1	2182	1.31400381772	norm	3457
A	-92	1	2149	0.39951663878	raw	3457
A	-92	1	2149	1.28960111503	norm	3457
C	-92	1	569	0.105781743819	raw	3457
C	-92	1	569	0.554140744409	norm	3457
G	-92	1	479	0.0890500092954	raw	3457
G	-92	1	479	0.467223746173	norm	3457
T	-91	1	2185	0.40620933259	raw	3457
T	-91	1	2185	1.31581042242	norm	3457
A	-91	1	2088	0.388176240937	raw	3457
A	-91	1	2088	1.25299540632	norm	3457
C	-91	1	572	0.106339468303	raw	3457
C	-91	1	572	0.557062400355	norm	3457
G	-91	1	534	0.0992749581707	raw	3457
G	-91	1	534	0.520871566715	norm	3457
A	-90	1	2117	0.393567577617	raw	3457
A	-90	1	2117	1.27039812029	norm	3457
T	-90	1	2101	0.390593047035	raw	3457
T	-90	1	2101	1.26522549085	norm	3457
C	-90	1	583	0.108384458078	raw	3457
C	-90	1	583	0.567775138823	norm	3457
G	-90	1	578	0.107454917271	raw	3457
G	-90	1	578	0.563789823148	norm	3457
T	-89	1	2198	0.408626138687	raw	3457
T	-89	1	2198	1.32363904279	norm	3457
A	-89	1	2114	0.393009853133	raw	3457
A	-89	1	2114	1.26859783954	norm	3457
G	-89	1	578	0.107454917271	raw	3457
G	-89	1	578	0.563789823148	norm	3457
C	-89	1	489	0.0909090909091	raw	3457
C	-89	1	489	0.476229919184	norm	3457
A	-88	1	2129	0.395798475553	raw	3457
A	-88	1	2129	1.27759924332	norm	3457
T	-88	1	2089	0.388362149098	raw	3457
T	-88	1	2089	1.25799907206	norm	3457
C	-88	1	592	0.11005763153	raw	3457
C	-88	1	592	0.576540106661	norm	3457
G	-88	1	569	0.105781743819	raw	3457
G	-88	1	569	0.555011088878	norm	3457
A	-87	1	2094	0.389291689905	raw	3457
A	-87	1	2094	1.25659596783	norm	3457
T	-87	1	2054	0.38185536345	raw	3457
T	-87	1	2054	1.23692201723	norm	3457
C	-87	1	633	0.117679866146	raw	3457
C	-87	1	633	0.616469404588	norm	3457
G	-87	1	598	0.111173080498	raw	3457
G	-87	1	598	0.583298121527	norm	3457
T	-86	1	2288	0.425357873211	raw	3457
T	-86	1	2288	1.37783718375	norm	3457
A	-86	1	2060	0.382970812419	raw	3457
A	-86	1	2060	1.23619278593	norm	3457
C	-86	1	520	0.0966722439115	raw	3457
C	-86	1	520	0.506420363959	norm	3457
G	-86	1	511	0.0949990704592	raw	3457
G	-86	1	511	0.498437023579	norm	3457
A	-85	1	2122	0.394497118423	raw	3457
A	-85	1	2122	1.27339858822	norm	3457
T	-85	1	2108	0.391894404164	raw	3457
T	-85	1	2108	1.26944090182	norm	3457
C	-85	1	651	0.121026213051	raw	3457
C	-85	1	651	0.633999340264	norm	3457
G	-85	1	498	0.0925822643614	raw	3457
G	-85	1	498	0.485756629633	norm	3457
T	-84	1	2122	0.394497118423	raw	3457
T	-84	1	2122	1.27787172374	norm	3457
A	-84	1	2098	0.390035322551	raw	3457
A	-84	1	2098	1.25899634217	norm	3457
C	-84	1	593	0.110243539691	raw	3457
C	-84	1	593	0.577513991976	norm	3457
G	-84	1	566	0.105224019334	raw	3457
G	-84	1	566	0.552084844121	norm	3457
T	-83	1	2213	0.411414761108	raw	3457
T	-83	1	2213	1.33267206628	norm	3457
A	-83	1	2034	0.378137200223	raw	3457
A	-83	1	2034	1.22059035271	norm	3457
C	-83	1	581	0.108012641755	raw	3457
C	-83	1	581	0.565827368192	norm	3457
G	-83	1	551	0.102435396914	raw	3457
G	-83	1	551	0.537453620337	norm	3457
T	-82	1	2133	0.396542108199	raw	3457
T	-82	1	2133	1.28449594097	norm	3457
A	-82	1	2115	0.393195761294	raw	3457
A	-82	1	2115	1.26919793312	norm	3457
C	-82	1	607	0.112846253951	raw	3457
C	-82	1	607	0.59114838639	norm	3457
G	-82	1	524	0.097415876557	raw	3457
G	-82	1	524	0.511117417525	norm	3457
T	-81	1	2118	0.393753485778	raw	3457
T	-81	1	2118	1.27546291748	norm	3457
A	-81	1	2015	0.374604945157	raw	3457
A	-81	1	2015	1.20918857458	norm	3457
C	-81	1	632	0.117493957985	raw	3457
C	-81	1	632	0.615495519273	norm	3457
G	-81	1	614	0.11414761108	raw	3457
G	-81	1	614	0.59890476023	norm	3457
A	-80	1	2181	0.405465699944	raw	3457
A	-80	1	2181	1.30880410976	norm	3457
T	-80	1	2162	0.401933444878	raw	3457
T	-80	1	2162	1.3019597864	norm	3457
C	-80	1	520	0.0966722439115	raw	3457
C	-80	1	520	0.506420363959	norm	3457
G	-80	1	516	0.095928611266	raw	3457
G	-80	1	516	0.503314098174	norm	3457
T	-79	1	2173	0.403978434653	raw	3457
T	-79	1	2173	1.30858400363	norm	3457
A	-79	1	2057	0.382413087935	raw	3457
A	-79	1	2057	1.23439250517	norm	3457
C	-79	1	616	0.114519427403	raw	3457
C	-79	1	616	0.599913354228	norm	3457
G	-79	1	533	0.0990890500093	raw	3457
G	-79	1	533	0.519896151796	norm	3457
T	-78	1	2109	0.392080312326	raw	3457
T	-78	1	2109	1.27004310338	norm	3457
A	-78	1	2051	0.381297638966	raw	3457
A	-78	1	2051	1.23079194366	norm	3457
C	-78	1	625	0.116192600855	raw	3457
C	-78	1	625	0.608678322066	norm	3457
G	-78	1	594	0.110429447853	raw	3457
G	-78	1	594	0.579396461851	norm	3457
A	-77	1	2145	0.398773006135	raw	3457
A	-77	1	2145	1.28720074068	norm	3457
T	-77	1	2117	0.393567577617	raw	3457
T	-77	1	2117	1.27486071591	norm	3457
C	-77	1	595	0.110615356014	raw	3457
C	-77	1	595	0.579461762607	norm	3457
G	-77	1	522	0.0970440602342	raw	3457
G	-77	1	522	0.509166587687	norm	3457
T	-76	1	2218	0.412344301915	raw	3457
T	-76	1	2218	1.33568307411	norm	3457
A	-76	1	1967	0.365681353411	raw	3457
A	-76	1	1967	1.18038408248	norm	3457
C	-76	1	644	0.119724855921	raw	3457
C	-76	1	644	0.627182143057	norm	3457
G	-76	1	550	0.102249488753	raw	3457
G	-76	1	550	0.536478205418	norm	3457
T	-75	1	2173	0.403978434653	raw	3457
T	-75	1	2173	1.30858400363	norm	3457
A	-75	1	2109	0.392080312326	raw	3457
A	-75	1	2109	1.26559737161	norm	3457
C	-75	1	573	0.106525376464	raw	3457
C	-75	1	573	0.55803628567	norm	3457
G	-75	1	524	0.097415876557	raw	3457
G	-75	1	524	0.511117417525	norm	3457
T	-74	1	2203	0.409555679494	raw	3457
T	-74	1	2203	1.32665005062	norm	3457
A	-74	1	2086	0.387804424614	raw	3457
A	-74	1	2086	1.25179521915	norm	3457
C	-74	1	580	0.107826733594	raw	3457
C	-74	1	580	0.564853482877	norm	3457
G	-74	1	510	0.0948131622978	raw	3457
G	-74	1	510	0.49746160866	norm	3457
T	-73	1	2140	0.397843465328	raw	3457
T	-73	1	2140	1.28871135194	norm	3457
A	-73	1	2076	0.385945343001	raw	3457
A	-73	1	2076	1.24579428329	norm	3457
C	-73	1	585	0.1087562744	raw	3457
C	-73	1	585	0.569722909454	norm	3457
G	-73	1	578	0.107454917271	raw	3457
G	-73	1	578	0.563789823148	norm	3457
T	-72	1	2172	0.403792526492	raw	3457
T	-72	1	2172	1.30798180206	norm	3457
A	-72	1	2075	0.385759434839	raw	3457
A	-72	1	2075	1.24519418971	norm	3457
C	-72	1	590	0.109685815207	raw	3457
C	-72	1	590	0.57459233603	norm	3457
G	-72	1	542	0.100762223462	raw	3457
G	-72	1	542	0.528674886066	norm	3457
T	-71	1	2175	0.404350250976	raw	3457
T	-71	1	2175	1.30978840676	norm	3457
A	-71	1	2062	0.383342628741	raw	3457
A	-71	1	2062	1.2373929731	norm	3457
G	-71	1	583	0.108384458078	raw	3457
G	-71	1	583	0.568666897743	norm	3457
C	-71	1	559	0.103922662205	raw	3457
C	-71	1	559	0.544401891256	norm	3457
A	-70	1	2241	0.416620189626	raw	3457
A	-70	1	2241	1.34480972488	norm	3457
T	-70	1	2061	0.38315672058	raw	3457
T	-70	1	2061	1.2411374282	norm	3457
C	-70	1	631	0.117308049823	raw	3457
C	-70	1	631	0.614521633958	norm	3457
G	-70	1	446	0.0829150399703	raw	3457
G	-70	1	446	0.435035053848	norm	3457
T	-69	1	2120	0.394125302101	raw	3457
T	-69	1	2120	1.27666732061	norm	3457
A	-69	1	2052	0.381483547128	raw	3457
A	-69	1	2052	1.23139203724	norm	3457
C	-69	1	626	0.116378509017	raw	3457
C	-69	1	626	0.609652207381	norm	3457
G	-69	1	581	0.108012641755	raw	3457
G	-69	1	581	0.566716067905	norm	3457
T	-68	1	2142	0.398215281651	raw	3457
T	-68	1	2142	1.28991575507	norm	3457
A	-68	1	2048	0.380739914482	raw	3457
A	-68	1	2048	1.2289916629	norm	3457
C	-68	1	617	0.114705335564	raw	3457
C	-68	1	617	0.600887239543	norm	3457
G	-68	1	572	0.106339468303	raw	3457
G	-68	1	572	0.557937333634	norm	3457
T	-67	1	2161	0.401747536717	raw	3457
T	-67	1	2161	1.30135758483	norm	3457
A	-67	1	2012	0.374047220673	raw	3457
A	-67	1	2012	1.20738829383	norm	3457
C	-67	1	635	0.118051682469	raw	3457
C	-67	1	635	0.618417175219	norm	3457
G	-67	1	571	0.106153560141	raw	3457
G	-67	1	571	0.556961918716	norm	3457
A	-66	1	2055	0.382041271612	raw	3457
A	-66	1	2055	1.233192318	norm	3457
T	-66	1	2051	0.381297638966	raw	3457
T	-66	1	2051	1.23511541254	norm	3457
G	-66	1	654	0.121583937535	raw	3457
G	-66	1	654	0.637921356988	norm	3457
C	-66	1	619	0.115077151887	raw	3457
C	-66	1	619	0.602835010174	norm	3457
A	-65	1	2088	0.388176240937	raw	3457
A	-65	1	2088	1.25299540632	norm	3457
T	-65	1	2083	0.38724670013	raw	3457
T	-65	1	2083	1.25438586266	norm	3457
G	-65	1	646	0.120096672244	raw	3457
G	-65	1	646	0.630118037636	norm	3457
C	-65	1	562	0.104480386689	raw	3457
C	-65	1	562	0.547323547202	norm	3457
T	-64	1	2194	0.407882506042	raw	3457
T	-64	1	2194	1.32123023652	norm	3457
A	-64	1	2098	0.390035322551	raw	3457
A	-64	1	2098	1.25899634217	norm	3457
C	-64	1	616	0.114519427403	raw	3457
C	-64	1	616	0.599913354228	norm	3457
G	-64	1	471	0.0875627440045	raw	3457
G	-64	1	471	0.459420426821	norm	3457
T	-63	1	2238	0.416062465142	raw	3457
T	-63	1	2238	1.34772710544	norm	3457
A	-63	1	2012	0.374047220673	raw	3457
A	-63	1	2012	1.20738829383	norm	3457
C	-63	1	575	0.106897192787	raw	3457
C	-63	1	575	0.559984056301	norm	3457
G	-63	1	554	0.102993121398	raw	3457
G	-63	1	554	0.540379865093	norm	3457
T	-62	1	2148	0.399330730619	raw	3457
T	-62	1	2148	1.29352896447	norm	3457
A	-62	1	2026	0.376649934932	raw	3457
A	-62	1	2026	1.21578960402	norm	3457
C	-62	1	621	0.11544896821	raw	3457
C	-62	1	621	0.604782780805	norm	3457
G	-62	1	584	0.108570366239	raw	3457
G	-62	1	584	0.569642312662	norm	3457
A	-61	1	2148	0.399330730619	raw	3457
A	-61	1	2148	1.28900102144	norm	3457
T	-61	1	2120	0.394125302101	raw	3457
T	-61	1	2120	1.27666732061	norm	3457
C	-61	1	571	0.106153560141	raw	3457
C	-61	1	571	0.556088515039	norm	3457
G	-61	1	540	0.100390407139	raw	3457
G	-61	1	540	0.526724056228	norm	3457
T	-60	1	2154	0.400446179587	raw	3457
T	-60	1	2154	1.29714217387	norm	3457
A	-60	1	1984	0.368841792155	raw	3457
A	-60	1	1984	1.19058567344	norm	3457
C	-60	1	665	0.12362892731	raw	3457
C	-60	1	665	0.647633734678	norm	3457
G	-60	1	576	0.107083100948	raw	3457
G	-60	1	576	0.56183899331	norm	3457
T	-59	1	2155	0.400632087749	raw	3457
T	-59	1	2155	1.29774437543	norm	3457
A	-59	1	2108	0.391894404164	raw	3457
A	-59	1	2108	1.26499727802	norm	3457
C	-59	1	578	0.107454917271	raw	3457
C	-59	1	578	0.562905712246	norm	3457
G	-59	1	538	0.100018590816	raw	3457
G	-59	1	538	0.52477322639	norm	3457
T	-58	1	2273	0.42256925079	raw	3457
T	-58	1	2273	1.36880416026	norm	3457
A	-58	1	1931	0.358988659602	raw	3457
A	-58	1	1931	1.15878071341	norm	3457
C	-58	1	617	0.114705335564	raw	3457
C	-58	1	617	0.600887239543	norm	3457
G	-58	1	558	0.103736754044	raw	3457
G	-58	1	558	0.544281524769	norm	3457
T	-57	1	2097	0.389849414389	raw	3457
T	-57	1	2097	1.26281668459	norm	3457
A	-57	1	1993	0.370514965607	raw	3457
A	-57	1	1993	1.1959865157	norm	3457
C	-57	1	692	0.128648447667	raw	3457
C	-57	1	692	0.673928638191	norm	3457
G	-57	1	597	0.110987172337	raw	3457
G	-57	1	597	0.582322706608	norm	3457
T	-56	1	2142	0.398215281651	raw	3457
T	-56	1	2142	1.28991575507	norm	3457
A	-56	1	2050	0.381111730805	raw	3457
A	-56	1	2050	1.23019185007	norm	3457
C	-56	1	641	0.119167131437	raw	3457
C	-56	1	641	0.624260487111	norm	3457
G	-56	1	546	0.101505856107	raw	3457
G	-56	1	546	0.532576545742	norm	3457
T	-55	1	2157	0.401003904071	raw	3457
T	-55	1	2157	1.29894877857	norm	3457
A	-55	1	1988	0.3695854248	raw	3457
A	-55	1	1988	1.19298604778	norm	3457
C	-55	1	668	0.124186651794	raw	3457
C	-55	1	668	0.650555390624	norm	3457
G	-55	1	566	0.105224019334	raw	3457
G	-55	1	566	0.552084844121	norm	3457
T	-54	1	2082	0.387060791969	raw	3457
T	-54	1	2082	1.25378366109	norm	3457
A	-54	1	2018	0.375162669641	raw	3457
A	-54	1	2018	1.21098885534	norm	3457
G	-54	1	650	0.120840304889	raw	3457
G	-54	1	650	0.634019697312	norm	3457
C	-54	1	629	0.116936233501	raw	3457
C	-54	1	629	0.612573863327	norm	3457
T	-53	1	2149	0.39951663878	raw	3457
T	-53	1	2149	1.29413116604	norm	3457
A	-53	1	2093	0.389105781744	raw	3457
A	-53	1	2093	1.25599587424	norm	3457
G	-53	1	588	0.109313998885	raw	3457
G	-53	1	588	0.573543972338	norm	3457
C	-53	1	549	0.102063580591	raw	3457
C	-53	1	549	0.534663038103	norm	3457
A	-52	1	2146	0.398958914296	raw	3457
A	-52	1	2146	1.28780083427	norm	3457
T	-52	1	2074	0.385573526678	raw	3457
T	-52	1	2074	1.24896604856	norm	3457
C	-52	1	603	0.112102621305	raw	3457
C	-52	1	603	0.587252845129	norm	3457
G	-52	1	556	0.103364937721	raw	3457
G	-52	1	556	0.542330694931	norm	3457
A	-51	1	2110	0.392266220487	raw	3457
A	-51	1	2110	1.2661974652	norm	3457
T	-51	1	2077	0.386131251162	raw	3457
T	-51	1	2077	1.25077265326	norm	3457
G	-51	1	608	0.113032162112	raw	3457
G	-51	1	608	0.593052270716	norm	3457
C	-51	1	584	0.108570366239	raw	3457
C	-51	1	584	0.568749024138	norm	3457
T	-50	1	2150	0.399702546942	raw	3457
T	-50	1	2150	1.2947333676	norm	3457
A	-50	1	1984	0.368841792155	raw	3457
A	-50	1	1984	1.19058567344	norm	3457
C	-50	1	635	0.118051682469	raw	3457
C	-50	1	635	0.618417175219	norm	3457
G	-50	1	610	0.113403978435	raw	3457
G	-50	1	610	0.595003100554	norm	3457
T	-49	1	2157	0.401003904071	raw	3457
T	-49	1	2157	1.29894877857	norm	3457
A	-49	1	2077	0.386131251162	raw	3457
A	-49	1	2077	1.24639437688	norm	3457
C	-49	1	583	0.108384458078	raw	3457
C	-49	1	583	0.567775138823	norm	3457
G	-49	1	562	0.104480386689	raw	3457
G	-49	1	562	0.548183184445	norm	3457
T	-48	1	2058	0.382598996096	raw	3457
T	-48	1	2058	1.2393308235	norm	3457
A	-48	1	2051	0.381297638966	raw	3457
A	-48	1	2051	1.23079194366	norm	3457
C	-48	1	674	0.125302100762	raw	3457
C	-48	1	674	0.656398702516	norm	3457
G	-48	1	596	0.110801264175	raw	3457
G	-48	1	596	0.581347291689	norm	3457
T	-47	1	2115	0.393195761294	raw	3457
T	-47	1	2115	1.27365631278	norm	3457
A	-47	1	2104	0.391150771519	raw	3457
A	-47	1	2104	1.26259690368	norm	3457
G	-47	1	601	0.111730804982	raw	3457
G	-47	1	601	0.586224366284	norm	3457
C	-47	1	559	0.103922662205	raw	3457
C	-47	1	559	0.544401891256	norm	3457
T	-46	1	2179	0.405093883621	raw	3457
T	-46	1	2179	1.31219721302	norm	3457
A	-46	1	2011	0.373861312512	raw	3457
A	-46	1	2011	1.20678820024	norm	3457
C	-46	1	654	0.121583937535	raw	3457
C	-46	1	654	0.63692099621	norm	3457
G	-46	1	535	0.099460866332	raw	3457
G	-46	1	535	0.521846981634	norm	3457
T	-45	1	2088	0.388176240937	raw	3457
T	-45	1	2088	1.25739687049	norm	3457
A	-45	1	2065	0.383900353226	raw	3457
A	-45	1	2065	1.23919325385	norm	3457
G	-45	1	630	0.117122141662	raw	3457
G	-45	1	630	0.614511398933	norm	3457
C	-45	1	596	0.110801264175	raw	3457
C	-45	1	596	0.580435647922	norm	3457
T	-44	1	2118	0.393753485778	raw	3457
T	-44	1	2118	1.27546291748	norm	3457
A	-44	1	2078	0.386317159323	raw	3457
A	-44	1	2078	1.24699447046	norm	3457
C	-44	1	624	0.116006692694	raw	3457
C	-44	1	624	0.60770443675	norm	3457
G	-44	1	559	0.103922662205	raw	3457
G	-44	1	559	0.545256939688	norm	3457
T	-43	1	2128	0.395612567392	raw	3457
T	-43	1	2128	1.28148493314	norm	3457
A	-43	1	2000	0.371816322737	raw	3457
A	-43	1	2000	1.2001871708	norm	3457
C	-43	1	642	0.119353039598	raw	3457
C	-43	1	642	0.625234372426	norm	3457
G	-43	1	609	0.113218070273	raw	3457
G	-43	1	609	0.594027685635	norm	3457
T	-42	1	2105	0.39133667968	raw	3457
T	-42	1	2105	1.26763429712	norm	3457
A	-42	1	1981	0.368284067671	raw	3457
A	-42	1	1981	1.18878539268	norm	3457
C	-42	1	694	0.12902026399	raw	3457
C	-42	1	694	0.675876408822	norm	3457
G	-42	1	599	0.11135898866	raw	3457
G	-42	1	599	0.584273536446	norm	3457
T	-41	1	2146	0.398958914296	raw	3457
T	-41	1	2146	1.29232456134	norm	3457
A	-41	1	2088	0.388176240937	raw	3457
A	-41	1	2088	1.25299540632	norm	3457
C	-41	1	622	0.115634876371	raw	3457
C	-41	1	622	0.60575666612	norm	3457
G	-41	1	523	0.0972299683956	raw	3457
G	-41	1	523	0.510142002606	norm	3457
A	-40	1	2111	0.392452128648	raw	3457
A	-40	1	2111	1.26679755878	norm	3457
T	-40	1	2047	0.380554006321	raw	3457
T	-40	1	2047	1.23270660627	norm	3457
G	-40	1	615	0.114333519241	raw	3457
G	-40	1	615	0.599880175149	norm	3457
C	-40	1	606	0.112660345789	raw	3457
C	-40	1	606	0.590174501075	norm	3457
T	-39	1	2089	0.388362149098	raw	3457
T	-39	1	2089	1.25799907206	norm	3457
A	-39	1	2071	0.385015802194	raw	3457
A	-39	1	2071	1.24279381536	norm	3457
G	-39	1	670	0.124558468117	raw	3457
G	-39	1	670	0.653527995691	norm	3457
C	-39	1	549	0.102063580591	raw	3457
C	-39	1	549	0.534663038103	norm	3457
A	-38	1	2094	0.389291689905	raw	3457
A	-38	1	2094	1.25659596783	norm	3457
T	-38	1	2024	0.376278118609	raw	3457
T	-38	1	2024	1.21885597024	norm	3457
G	-38	1	642	0.119353039598	raw	3457
G	-38	1	642	0.62621637796	norm	3457
C	-38	1	619	0.115077151887	raw	3457
C	-38	1	619	0.602835010174	norm	3457
T	-37	1	2160	0.401561628555	raw	3457
T	-37	1	2160	1.30075538326	norm	3457
A	-37	1	1948	0.362149098345	raw	3457
A	-37	1	1948	1.16898230436	norm	3457
C	-37	1	659	0.122513478342	raw	3457
C	-37	1	659	0.641790422786	norm	3457
G	-37	1	612	0.113775794757	raw	3457
G	-37	1	612	0.596953930392	norm	3457
A	-36	1	2045	0.380182189998	raw	3457
A	-36	1	2045	1.22719138214	norm	3457
T	-36	1	1984	0.368841792155	raw	3457
T	-36	1	1984	1.19476790759	norm	3457
C	-36	1	682	0.126789366053	raw	3457
C	-36	1	682	0.664189785038	norm	3457
G	-36	1	668	0.124186651794	raw	3457
G	-36	1	668	0.651577165853	norm	3457
A	-35	1	2183	0.405837516267	raw	3457
A	-35	1	2183	1.31000429693	norm	3457
T	-35	1	2006	0.372931771705	raw	3457
T	-35	1	2006	1.20801634205	norm	3457
G	-35	1	631	0.117308049823	raw	3457
G	-35	1	631	0.615486813852	norm	3457
C	-35	1	559	0.103922662205	raw	3457
C	-35	1	559	0.544401891256	norm	3457
A	-34	1	2108	0.391894404164	raw	3457
A	-34	1	2108	1.26499727802	norm	3457
T	-34	1	2047	0.380554006321	raw	3457
T	-34	1	2047	1.23270660627	norm	3457
C	-34	1	670	0.124558468117	raw	3457
C	-34	1	670	0.652503161255	norm	3457
G	-34	1	554	0.102993121398	raw	3457
G	-34	1	554	0.540379865093	norm	3457
T	-33	1	2090	0.38854805726	raw	3457
T	-33	1	2090	1.25860127362	norm	3457
A	-33	1	1917	0.356385945343	raw	3457
A	-33	1	1917	1.15037940321	norm	3457
G	-33	1	695	0.129206172151	raw	3457
G	-33	1	695	0.677913368664	norm	3457
C	-33	1	677	0.125859825246	raw	3457
C	-33	1	677	0.659320358462	norm	3457
A	-32	1	2057	0.382413087935	raw	3457
A	-32	1	2057	1.23439250517	norm	3457
T	-32	1	1983	0.368655883993	raw	3457
T	-32	1	1983	1.19416570602	norm	3457
G	-32	1	691	0.128462539505	raw	3457
G	-32	1	691	0.674011708988	norm	3457
C	-32	1	648	0.120468488567	raw	3457
C	-32	1	648	0.631077684318	norm	3457
A	-31	1	2107	0.391708496003	raw	3457
A	-31	1	2107	1.26439718444	norm	3457
T	-31	1	2009	0.373489496189	raw	3457
T	-31	1	2009	1.20982294675	norm	3457
C	-31	1	659	0.122513478342	raw	3457
C	-31	1	659	0.641790422786	norm	3457
G	-31	1	604	0.112288529466	raw	3457
G	-31	1	604	0.589150611041	norm	3457
A	-30	1	2074	0.385573526678	raw	3457
A	-30	1	2074	1.24459409612	norm	3457
T	-30	1	2026	0.376649934932	raw	3457
T	-30	1	2026	1.22006037338	norm	3457
G	-30	1	657	0.122141662019	raw	3457
G	-30	1	657	0.640847601744	norm	3457
C	-30	1	622	0.115634876371	raw	3457
C	-30	1	622	0.60575666612	norm	3457
T	-29	1	2107	0.391708496003	raw	3457
T	-29	1	2107	1.26883870025	norm	3457
A	-29	1	2026	0.376649934932	raw	3457
A	-29	1	2026	1.21578960402	norm	3457
C	-29	1	631	0.117308049823	raw	3457
C	-29	1	631	0.614521633958	norm	3457
G	-29	1	615	0.114333519241	raw	3457
G	-29	1	615	0.599880175149	norm	3457
A	-28	1	2067	0.384272169548	raw	3457
A	-28	1	2067	1.24039344102	norm	3457
T	-28	1	2047	0.380554006321	raw	3457
T	-28	1	2047	1.23270660627	norm	3457
C	-28	1	688	0.127904815021	raw	3457
C	-28	1	688	0.67003309693	norm	3457
G	-28	1	577	0.107269009109	raw	3457
G	-28	1	577	0.562814408229	norm	3457
A	-27	1	2064	0.383714445064	raw	3457
A	-27	1	2064	1.23859316027	norm	3457
T	-27	1	1991	0.370143149284	raw	3457
T	-27	1	1991	1.19898331856	norm	3457
C	-27	1	678	0.126045733408	raw	3457
C	-27	1	678	0.660294243777	norm	3457
G	-27	1	646	0.120096672244	raw	3457
G	-27	1	646	0.630118037636	norm	3457
T	-26	1	2116	0.393381669455	raw	3457
T	-26	1	2116	1.27425851435	norm	3457
A	-26	1	1993	0.370514965607	raw	3457
A	-26	1	1993	1.1959865157	norm	3457
C	-26	1	681	0.126603457892	raw	3457
C	-26	1	681	0.663215899723	norm	3457
G	-26	1	589	0.109499907046	raw	3457
G	-26	1	589	0.574519387256	norm	3457
A	-25	1	2125	0.395054842908	raw	3457
A	-25	1	2125	1.27519886898	norm	3457
T	-25	1	1995	0.37088678193	raw	3457
T	-25	1	1995	1.20139212482	norm	3457
C	-25	1	665	0.12362892731	raw	3457
C	-25	1	665	0.647633734678	norm	3457
G	-25	1	594	0.110429447853	raw	3457
G	-25	1	594	0.579396461851	norm	3457
A	-24	1	2065	0.383900353226	raw	3457
A	-24	1	2065	1.23919325385	norm	3457
T	-24	1	1905	0.354155047407	raw	3457
T	-24	1	1905	1.14719398385	norm	3457
C	-24	1	737	0.137014314928	raw	3457
C	-24	1	737	0.71775347738	norm	3457
G	-24	1	672	0.124930284439	raw	3457
G	-24	1	672	0.655478825529	norm	3457
T	-23	1	2115	0.393195761294	raw	3457
T	-23	1	2115	1.27365631278	norm	3457
A	-23	1	1992	0.370329057446	raw	3457
A	-23	1	1992	1.19538642212	norm	3457
C	-23	1	658	0.12232757018	raw	3457
C	-23	1	658	0.640816537471	norm	3457
G	-23	1	614	0.11414761108	raw	3457
G	-23	1	614	0.59890476023	norm	3457
T	-22	1	2038	0.378880832869	raw	3457
T	-22	1	2038	1.22728679217	norm	3457
A	-22	1	1954	0.363264547314	raw	3457
A	-22	1	1954	1.17258286587	norm	3457
C	-22	1	752	0.139802937349	raw	3457
C	-22	1	752	0.73236175711	norm	3457
G	-22	1	635	0.118051682469	raw	3457
G	-22	1	635	0.619388473528	norm	3457
T	-21	1	2036	0.378509016546	raw	3457
T	-21	1	2036	1.22608238904	norm	3457
A	-21	1	1887	0.350808700502	raw	3457
A	-21	1	1887	1.13237659565	norm	3457
C	-21	1	775	0.14407882506	raw	3457
C	-21	1	775	0.754761119362	norm	3457
G	-21	1	681	0.126603457892	raw	3457
G	-21	1	681	0.664257559799	norm	3457
A	-20	1	2110	0.392266220487	raw	3457
A	-20	1	2110	1.2661974652	norm	3457
T	-20	1	1940	0.360661833054	raw	3457
T	-20	1	1940	1.16827103867	norm	3457
C	-20	1	667	0.124000743633	raw	3457
C	-20	1	667	0.649581505309	norm	3457
G	-20	1	662	0.123071202826	raw	3457
G	-20	1	662	0.645724676339	norm	3457
A	-19	1	2062	0.383342628741	raw	3457
A	-19	1	2062	1.2373929731	norm	3457
T	-19	1	1940	0.360661833054	raw	3457
T	-19	1	1940	1.16827103867	norm	3457
C	-19	1	740	0.137572039413	raw	3457
C	-19	1	740	0.720675133326	norm	3457
G	-19	1	637	0.118423498792	raw	3457
G	-19	1	637	0.621339303366	norm	3457
T	-18	1	2031	0.377579475739	raw	3457
T	-18	1	2031	1.22307138121	norm	3457
A	-18	1	1891	0.351552333147	raw	3457
A	-18	1	1891	1.13477696999	norm	3457
C	-18	1	754	0.140174753672	raw	3457
C	-18	1	754	0.73430952774	norm	3457
G	-18	1	703	0.130693437442	raw	3457
G	-18	1	703	0.685716688016	norm	3457
A	-17	1	1999	0.371630414575	raw	3457
A	-17	1	1999	1.19958707722	norm	3457
T	-17	1	1959	0.36419408812	raw	3457
T	-17	1	1959	1.17971286843	norm	3457
G	-17	1	717	0.133296151701	raw	3457
G	-17	1	717	0.699372496881	norm	3457
C	-17	1	704	0.130879345603	raw	3457
C	-17	1	704	0.685615261975	norm	3457
T	-16	1	2039	0.37906674103	raw	3457
T	-16	1	2039	1.22788899374	norm	3457
A	-16	1	1908	0.354712771891	raw	3457
A	-16	1	1908	1.14497856094	norm	3457
C	-16	1	741	0.137757947574	raw	3457
C	-16	1	741	0.721649018641	norm	3457
G	-16	1	691	0.128462539505	raw	3457
G	-16	1	691	0.674011708988	norm	3457
A	-15	1	1961	0.364565904443	raw	3457
A	-15	1	1961	1.17678352097	norm	3457
T	-15	1	1961	0.364565904443	raw	3457
T	-15	1	1961	1.18091727157	norm	3457
C	-15	1	734	0.136456590444	raw	3457
C	-15	1	734	0.714831821434	norm	3457
G	-15	1	723	0.134411600669	raw	3457
G	-15	1	723	0.705224986395	norm	3457
A	-14	1	2027	0.376835843094	raw	3457
A	-14	1	2027	1.21638969761	norm	3457
T	-14	1	1972	0.366610894218	raw	3457
T	-14	1	1972	1.1875414888	norm	3457
C	-14	1	731	0.13589886596	raw	3457
C	-14	1	731	0.711910165488	norm	3457
G	-14	1	649	0.120654396728	raw	3457
G	-14	1	649	0.633044282393	norm	3457
A	-13	1	2044	0.379996281837	raw	3457
A	-13	1	2044	1.22659128856	norm	3457
T	-13	1	1929	0.358616843279	raw	3457
T	-13	1	1929	1.16164682144	norm	3457
C	-13	1	738	0.13720022309	raw	3457
C	-13	1	738	0.718727362695	norm	3457
G	-13	1	668	0.124186651794	raw	3457
G	-13	1	668	0.651577165853	norm	3457
T	-12	1	1968	0.365867261573	raw	3457
T	-12	1	1968	1.18513268253	norm	3457
A	-12	1	1856	0.3450455475	raw	3457
A	-12	1	1856	1.1137736945	norm	3457
C	-12	1	817	0.151886967838	raw	3457
C	-12	1	817	0.795664302604	norm	3457
G	-12	1	738	0.13720022309	raw	3457
G	-12	1	738	0.719856210179	norm	3457
T	-11	1	2007	0.373117679866	raw	3457
T	-11	1	2007	1.20861854362	norm	3457
A	-11	1	1961	0.364565904443	raw	3457
A	-11	1	1961	1.17678352097	norm	3457
C	-11	1	749	0.139245212865	raw	3457
C	-11	1	749	0.729440101164	norm	3457
G	-11	1	662	0.123071202826	raw	3457
G	-11	1	662	0.645724676339	norm	3457
T	-10	1	2084	0.387432608292	raw	3457
T	-10	1	2084	1.25498806422	norm	3457
A	-10	1	1908	0.354712771891	raw	3457
A	-10	1	1908	1.14497856094	norm	3457
C	-10	1	736	0.136828406767	raw	3457
C	-10	1	736	0.716779592065	norm	3457
G	-10	1	651	0.121026213051	raw	3457
G	-10	1	651	0.634995112231	norm	3457
A	-9	1	1962	0.364751812605	raw	3457
A	-9	1	1962	1.17738361456	norm	3457
T	-9	1	1950	0.362520914668	raw	3457
T	-9	1	1950	1.17429305434	norm	3457
C	-9	1	735	0.136642498606	raw	3457
C	-9	1	735	0.715805706749	norm	3457
G	-9	1	732	0.136084774122	raw	3457
G	-9	1	732	0.714003720665	norm	3457
T	-8	1	2009	0.373489496189	raw	3457
T	-8	1	2009	1.20982294675	norm	3457
A	-8	1	1944	0.3614054657	raw	3457
A	-8	1	1944	1.16658193002	norm	3457
C	-8	1	716	0.13311024354	raw	3457
C	-8	1	716	0.697301885759	norm	3457
G	-8	1	710	0.131994794571	raw	3457
G	-8	1	710	0.692544592448	norm	3457
T	-7	1	2039	0.37906674103	raw	3457
T	-7	1	2039	1.22788899374	norm	3457
A	-7	1	1777	0.330358802751	raw	3457
A	-7	1	1777	1.06636630126	norm	3457
C	-7	1	818	0.152072875999	raw	3457
C	-7	1	818	0.79663818792	norm	3457
G	-7	1	745	0.138501580219	raw	3457
G	-7	1	745	0.726684114611	norm	3457
T	-6	1	1928	0.358430935118	raw	3457
T	-6	1	1928	1.16104461988	norm	3457
A	-6	1	1775	0.329986986429	raw	3457
A	-6	1	1775	1.06516611409	norm	3457
G	-6	1	860	0.159881018777	raw	3457
G	-6	1	860	0.83885683029	norm	3457
C	-6	1	816	0.151701059677	raw	3457
C	-6	1	816	0.794690417289	norm	3457
T	-5	1	1966	0.36549544525	raw	3457
T	-5	1	1966	1.1839282794	norm	3457
A	-5	1	1870	0.347648261759	raw	3457
A	-5	1	1870	1.1221750047	norm	3457
G	-5	1	773	0.143707008738	raw	3457
G	-5	1	773	0.753995732342	norm	3457
C	-5	1	770	0.143149284254	raw	3457
C	-5	1	770	0.749891692785	norm	3457
T	-4	1	1955	0.363450455475	raw	3457
T	-4	1	1955	1.17730406217	norm	3457
A	-4	1	1926	0.358059118795	raw	3457
A	-4	1	1926	1.15578024548	norm	3457
C	-4	1	828	0.153931957613	raw	3457
C	-4	1	828	0.806377041073	norm	3457
G	-4	1	670	0.124558468117	raw	3457
G	-4	1	670	0.653527995691	norm	3457
T	-3	1	1890	0.351366424986	raw	3457
T	-3	1	1890	1.13816096036	norm	3457
A	-3	1	1880	0.349507343372	raw	3457
A	-3	1	1880	1.12817594055	norm	3457
C	-3	1	835	0.155233314743	raw	3457
C	-3	1	835	0.81319423828	norm	3457
G	-3	1	774	0.143892916899	raw	3457
G	-3	1	774	0.754971147261	norm	3457
T	-2	1	2239	0.416248373304	raw	3457
T	-2	1	2239	1.348329307	norm	3457
A	-2	1	1641	0.305075292805	raw	3457
A	-2	1	1641	0.984753573643	norm	3457
C	-2	1	840	0.156162855549	raw	3457
C	-2	1	840	0.818063664856	norm	3457
G	-2	1	659	0.122513478342	raw	3457
G	-2	1	659	0.642798431582	norm	3457
T	-1	1	2059	0.382784904257	raw	3457
T	-1	1	2059	1.23993302507	norm	3457
A	-1	1	1752	0.325711098717	raw	3457
A	-1	1	1752	1.05136396162	norm	3457
C	-1	1	867	0.161182375906	raw	3457
C	-1	1	867	0.84435856837	norm	3457
G	-1	1	701	0.130321621119	raw	3457
G	-1	1	701	0.683765858178	norm	3457
C	0	1	2511	0.466815393196	raw	3457
C	0	1	2511	2.44542602673	norm	3457
A	0	1	1473	0.273842721695	raw	3457
A	0	1	1473	0.883937851295	norm	3457
G	0	1	744	0.138315672058	raw	3457
G	0	1	744	0.725708699692	norm	3457
T	0	1	651	0.121026213051	raw	3457
T	0	1	651	0.392033219678	norm	3457
A	1	1	2399	0.445993679123	raw	3457
A	1	1	2399	1.43962451138	norm	3457
T	1	1	1803	0.335192414947	raw	3457
T	1	1	1803	1.08576942409	norm	3457
C	1	1	794	0.147611080126	raw	3457
C	1	1	794	0.773264940352	norm	3457
G	1	1	383	0.0712028258041	raw	3457
G	1	1	383	0.373583913955	norm	3457
A	2	1	1850	0.343930098531	raw	3457
A	2	1	1850	1.11017313299	norm	3457
T	2	1	1850	0.343930098531	raw	3457
T	2	1	1850	1.1140728977	norm	3457
C	2	1	894	0.166201896263	raw	3457
C	2	1	894	0.870653471883	norm	3457
G	2	1	785	0.145937906674	raw	3457
G	2	1	785	0.765700711369	norm	3457
T	3	1	2076	0.385945343001	raw	3457
T	3	1	2076	1.25017045169	norm	3457
A	3	1	1693	0.314742517197	raw	3457
A	3	1	1693	1.01595844008	norm	3457
G	3	1	868	0.161368284068	raw	3457
G	3	1	868	0.846660149641	norm	3457
C	3	1	742	0.137943855735	raw	3457
C	3	1	742	0.722622903956	norm	3457
A	4	1	1931	0.358988659602	raw	3457
A	4	1	1931	1.15878071341	norm	3457
T	4	1	1835	0.341141476111	raw	3457
T	4	1	1835	1.10503987421	norm	3457
G	4	1	861	0.160066926938	raw	3457
G	4	1	861	0.839832245208	norm	3457
C	4	1	752	0.139802937349	raw	3457
C	4	1	752	0.73236175711	norm	3457
A	5	1	1944	0.3614054657	raw	3457
A	5	1	1944	1.16658193002	norm	3457
T	5	1	1693	0.314742517197	raw	3457
T	5	1	1693	1.01952725179	norm	3457
C	5	1	884	0.16434281465	raw	3457
C	5	1	884	0.86091461873	norm	3457
G	5	1	858	0.159509202454	raw	3457
G	5	1	858	0.836906000452	norm	3457
T	6	1	1807	0.335936047592	raw	3457
T	6	1	1807	1.08817823035	norm	3457
A	6	1	1667	0.309908905001	raw	3457
A	6	1	1667	1.00035600686	norm	3457
C	6	1	1002	0.186279977691	raw	3457
C	6	1	1002	0.975833085936	norm	3457
G	6	1	903	0.167875069716	raw	3457
G	6	1	903	0.880799671804	norm	3457
T	7	1	1910	0.355084588213	raw	3457
T	7	1	1910	1.15020499168	norm	3457
A	7	1	1724	0.320505670199	raw	3457
A	7	1	1724	1.03456134123	norm	3457
C	7	1	897	0.166759620747	raw	3457
C	7	1	897	0.873575127829	norm	3457
G	7	1	848	0.15765012084	raw	3457
G	7	1	848	0.827151851262	norm	3457
T	8	1	1949	0.362335006507	raw	3457
T	8	1	1949	1.17369085277	norm	3457
A	8	1	1688	0.31381297639	raw	3457
A	8	1	1688	1.01295797216	norm	3457
C	8	1	893	0.166015988102	raw	3457
C	8	1	893	0.869679586568	norm	3457
G	8	1	849	0.157836029002	raw	3457
G	8	1	849	0.828127266181	norm	3457
T	9	1	1918	0.356571853504	raw	3457
T	9	1	1918	1.15502260421	norm	3457
A	9	1	1728	0.321249302844	raw	3457
A	9	1	1728	1.03696171557	norm	3457
G	9	1	941	0.174939579848	raw	3457
G	9	1	941	0.917865438724	norm	3457
C	9	1	792	0.147239263804	raw	3457
C	9	1	792	0.771317169722	norm	3457
T	10	1	1865	0.346718720952	raw	3457
T	10	1	1865	1.1231059212	norm	3457
A	10	1	1743	0.324037925265	raw	3457
A	10	1	1743	1.04596311935	norm	3457
G	10	1	895	0.166387804425	raw	3457
G	10	1	895	0.872996352452	norm	3457
C	10	1	876	0.162855549359	raw	3457
C	10	1	876	0.853123536207	norm	3457
T	11	1	1810	0.336493772077	raw	3457
T	11	1	1810	1.08998483505	norm	3457
A	11	1	1753	0.325897006879	raw	3457
A	11	1	1753	1.05196405521	norm	3457
G	11	1	918	0.170663692136	raw	3457
G	11	1	918	0.895430895588	norm	3457
C	11	1	898	0.166945528909	raw	3457
C	11	1	898	0.874549013144	norm	3457
T	12	1	1903	0.353783231084	raw	3457
T	12	1	1903	1.14598958072	norm	3457
A	12	1	1695	0.315114333519	raw	3457
A	12	1	1695	1.01715862725	norm	3457
C	12	1	910	0.169176426845	raw	3457
C	12	1	910	0.886235636928	norm	3457
G	12	1	871	0.161926008552	raw	3457
G	12	1	871	0.849586394398	norm	3457
T	13	1	1948	0.362149098345	raw	3457
T	13	1	1948	1.1730886512	norm	3457
A	13	1	1664	0.309351180517	raw	3457
A	13	1	1664	0.998555726107	norm	3457
G	13	1	950	0.1766127533	raw	3457
G	13	1	950	0.926644172994	norm	3457
C	13	1	817	0.151886967838	raw	3457
C	13	1	817	0.795664302604	norm	3457
T	14	1	1842	0.34244283324	raw	3457
T	14	1	1842	1.10925528517	norm	3457
A	14	1	1745	0.324409741588	raw	3457
A	14	1	1745	1.04716330652	norm	3457
C	14	1	902	0.167689161554	raw	3457
C	14	1	902	0.878444554405	norm	3457
G	14	1	890	0.165458263618	raw	3457
G	14	1	890	0.868119277858	norm	3457
T	15	1	1801	0.334820598624	raw	3457
T	15	1	1801	1.08456502095	norm	3457
A	15	1	1720	0.319762037553	raw	3457
A	15	1	1720	1.03216096689	norm	3457
C	15	1	948	0.176240936977	raw	3457
C	15	1	948	0.923243278909	norm	3457
G	15	1	910	0.169176426845	raw	3457
G	15	1	910	0.887627576237	norm	3457
T	16	1	1791	0.332961517011	raw	3457
T	16	1	1791	1.07854300529	norm	3457
A	16	1	1596	0.296709425544	raw	3457
A	16	1	1596	0.9577493623	norm	3457
G	16	1	1079	0.200594906116	raw	3457
G	16	1	1079	1.05247269754	norm	3457
C	16	1	913	0.169734151329	raw	3457
C	16	1	913	0.889157292874	norm	3457
T	17	1	1908	0.354712771891	raw	3457
T	17	1	1908	1.14900058855	norm	3457
A	17	1	1719	0.319576129392	raw	3457
A	17	1	1719	1.0315608733	norm	3457
G	17	1	884	0.16434281465	raw	3457
G	17	1	884	0.862266788344	norm	3457
C	17	1	868	0.161368284068	raw	3457
C	17	1	868	0.845332453685	norm	3457
A	18	1	1774	0.329801078267	raw	3457
A	18	1	1774	1.0645660205	norm	3457
T	18	1	1763	0.327756088492	raw	3457
T	18	1	1763	1.06168136143	norm	3457
C	18	1	950	0.1766127533	raw	3457
C	18	1	950	0.92519104954	norm	3457
G	18	1	892	0.165830079941	raw	3457
G	18	1	892	0.870070107696	norm	3457
T	19	1	1863	0.346346904629	raw	3457
T	19	1	1863	1.12190151807	norm	3457
A	19	1	1777	0.330358802751	raw	3457
A	19	1	1777	1.06636630126	norm	3457
C	19	1	918	0.170663692136	raw	3457
C	19	1	918	0.89402671945	norm	3457
G	19	1	821	0.152630600483	raw	3457
G	19	1	821	0.800815648451	norm	3457
T	20	1	1979	0.367912251348	raw	3457
T	20	1	1979	1.19175689976	norm	3457
A	20	1	1688	0.31381297639	raw	3457
A	20	1	1688	1.01295797216	norm	3457
C	20	1	918	0.170663692136	raw	3457
C	20	1	918	0.89402671945	norm	3457
G	20	1	794	0.147611080126	raw	3457
G	20	1	794	0.774479445639	norm	3457
A	21	1	1794	0.333519241495	raw	3457
A	21	1	1794	1.07656789221	norm	3457
T	21	1	1792	0.333147425172	raw	3457
T	21	1	1792	1.07914520686	norm	3457
G	21	1	901	0.167503253393	raw	3457
G	21	1	901	0.878848841966	norm	3457
C	21	1	892	0.165830079941	raw	3457
C	21	1	892	0.868705701252	norm	3457
T	22	1	1854	0.344673731177	raw	3457
T	22	1	1854	1.11648170397	norm	3457
A	22	1	1743	0.324037925265	raw	3457
A	22	1	1743	1.04596311935	norm	3457
C	22	1	916	0.170291875813	raw	3457
C	22	1	916	0.89207894882	norm	3457
G	22	1	866	0.160996467745	raw	3457
G	22	1	866	0.844709319803	norm	3457
T	23	1	2069	0.384643985871	raw	3457
T	23	1	2069	1.24595504073	norm	3457
A	23	1	1609	0.299126231642	raw	3457
A	23	1	1609	0.96555057891	norm	3457
C	23	1	891	0.165644171779	raw	3457
C	23	1	891	0.867731815937	norm	3457
G	23	1	810	0.150585610708	raw	3457
G	23	1	810	0.790086084342	norm	3457
T	24	1	1871	0.34783416992	raw	3457
T	24	1	1871	1.1267191306	norm	3457
A	24	1	1683	0.312883435583	raw	3457
A	24	1	1683	1.00995750423	norm	3457
C	24	1	938	0.174381855363	raw	3457
C	24	1	938	0.913504425756	norm	3457
G	24	1	887	0.164900539134	raw	3457
G	24	1	887	0.865193033101	norm	3457
A	25	1	1847	0.343372374047	raw	3457
A	25	1	1847	1.10837285224	norm	3457
T	25	1	1796	0.333891057817	raw	3457
T	25	1	1796	1.08155401312	norm	3457
C	25	1	887	0.164900539134	raw	3457
C	25	1	887	0.863836274676	norm	3457
G	25	1	849	0.157836029002	raw	3457
G	25	1	849	0.828127266181	norm	3457
T	26	1	1955	0.363450455475	raw	3457
T	26	1	1955	1.17730406217	norm	3457
A	26	1	1729	0.321435211006	raw	3457
A	26	1	1729	1.03756180916	norm	3457
C	26	1	883	0.164156906488	raw	3457
C	26	1	883	0.859940733415	norm	3457
G	26	1	812	0.150957427031	raw	3457
G	26	1	812	0.79203691418	norm	3457
T	27	1	1829	0.340026027143	raw	3457
T	27	1	1829	1.10142666481	norm	3457
A	27	1	1785	0.331846068042	raw	3457
A	27	1	1785	1.07116704994	norm	3457
G	27	1	911	0.169362335007	raw	3457
G	27	1	911	0.888602991156	norm	3457
C	27	1	854	0.158765569809	raw	3457
C	27	1	854	0.831698059271	norm	3457
T	28	1	1931	0.358988659602	raw	3457
T	28	1	1931	1.16285122458	norm	3457
A	28	1	1797	0.334076965979	raw	3457
A	28	1	1797	1.07836817297	norm	3457
G	28	1	883	0.164156906488	raw	3457
G	28	1	883	0.861291373425	norm	3457
C	28	1	768	0.142777467931	raw	3457
C	28	1	768	0.747943922154	norm	3457
T	29	1	1890	0.351366424986	raw	3457
T	29	1	1890	1.13816096036	norm	3457
A	29	1	1755	0.326268823201	raw	3457
A	29	1	1755	1.05316424238	norm	3457
G	29	1	900	0.167317345231	raw	3457
G	29	1	900	0.877873427047	norm	3457
C	29	1	834	0.155047406581	raw	3457
C	29	1	834	0.812220352965	norm	3457
T	30	1	1990	0.369957241123	raw	3457
T	30	1	1990	1.19838111699	norm	3457
A	30	1	1743	0.324037925265	raw	3457
A	30	1	1743	1.04596311935	norm	3457
G	30	1	832	0.154675590258	raw	3457
G	30	1	832	0.811545212559	norm	3457
C	30	1	814	0.151329243354	raw	3457
C	30	1	814	0.792742646658	norm	3457
T	31	1	1957	0.363822271798	raw	3457
T	31	1	1957	1.1785084653	norm	3457
A	31	1	1783	0.33147425172	raw	3457
A	31	1	1783	1.06996686277	norm	3457
G	31	1	828	0.153931957613	raw	3457
G	31	1	828	0.807643552883	norm	3457
C	31	1	811	0.15077151887	raw	3457
C	31	1	811	0.789820990713	norm	3457
T	32	1	1875	0.348577802566	raw	3457
T	32	1	1875	1.12912793686	norm	3457
A	32	1	1851	0.344116006693	raw	3457
A	32	1	1851	1.11077322658	norm	3457
C	32	1	870	0.16174010039	raw	3457
C	32	1	870	0.847280224316	norm	3457
G	32	1	783	0.145566090351	raw	3457
G	32	1	783	0.763749881531	norm	3457
T	33	1	2030	0.377393567578	raw	3457
T	33	1	2030	1.22246917964	norm	3457
A	33	1	1709	0.317717047778	raw	3457
A	33	1	1709	1.02555993745	norm	3457
C	33	1	826	0.15356014129	raw	3457
C	33	1	826	0.804429270442	norm	3457
G	33	1	814	0.151329243354	raw	3457
G	33	1	814	0.793987744018	norm	3457
T	34	1	1924	0.357687302473	raw	3457
T	34	1	1924	1.15863581361	norm	3457
A	34	1	1821	0.338538761852	raw	3457
A	34	1	1821	1.09277041901	norm	3457
G	34	1	831	0.154489682097	raw	3457
G	34	1	831	0.81056979764	norm	3457
C	34	1	803	0.149284253579	raw	3457
C	34	1	803	0.78202990819	norm	3457
T	35	1	1986	0.369213608477	raw	3457
T	35	1	1986	1.19597231072	norm	3457
A	35	1	1760	0.327198364008	raw	3457
A	35	1	1760	1.05616471031	norm	3457
G	35	1	839	0.155976947388	raw	3457
G	35	1	839	0.818373116992	norm	3457
C	35	1	794	0.147611080126	raw	3457
C	35	1	794	0.773264940352	norm	3457
T	36	1	2008	0.373303588028	raw	3457
T	36	1	2008	1.20922074518	norm	3457
A	36	1	1664	0.309351180517	raw	3457
A	36	1	1664	0.998555726107	norm	3457
G	36	1	899	0.16713143707	raw	3457
G	36	1	899	0.876898012128	norm	3457
C	36	1	808	0.150213794386	raw	3457
C	36	1	808	0.786899334767	norm	3457
T	37	1	1940	0.360661833054	raw	3457
T	37	1	1940	1.16827103867	norm	3457
A	37	1	1923	0.357501394311	raw	3457
A	37	1	1923	1.15397996473	norm	3457
C	37	1	778	0.144636549545	raw	3457
C	37	1	778	0.757682775307	norm	3457
G	37	1	738	0.13720022309	raw	3457
G	37	1	738	0.719856210179	norm	3457
T	38	1	1999	0.371630414575	raw	3457
T	38	1	1999	1.20380093109	norm	3457
A	38	1	1816	0.337609221045	raw	3457
A	38	1	1816	1.08976995109	norm	3457
C	38	1	804	0.14947016174	raw	3457
C	38	1	804	0.783003793505	norm	3457
G	38	1	760	0.14129020264	raw	3457
G	38	1	760	0.741315338395	norm	3457
T	39	1	2022	0.375906302287	raw	3457
T	39	1	2022	1.21765156711	norm	3457
A	39	1	1798	0.33426287414	raw	3457
A	39	1	1798	1.07896826655	norm	3457
C	39	1	883	0.164156906488	raw	3457
C	39	1	883	0.859940733415	norm	3457
G	39	1	676	0.125673917085	raw	3457
G	39	1	676	0.659380485204	norm	3457
T	40	1	2147	0.399144822458	raw	3457
T	40	1	2147	1.2929267629	norm	3457
A	40	1	1767	0.328499721138	raw	3457
A	40	1	1767	1.0603653654	norm	3457
C	40	1	752	0.139802937349	raw	3457
C	40	1	752	0.73236175711	norm	3457
G	40	1	713	0.132552519056	raw	3457
G	40	1	713	0.695470837205	norm	3457
T	41	1	2107	0.391708496003	raw	3457
T	41	1	2107	1.26883870025	norm	3457
A	41	1	1855	0.344859639338	raw	3457
A	41	1	1855	1.11317360092	norm	3457
G	41	1	738	0.13720022309	raw	3457
G	41	1	738	0.719856210179	norm	3457
C	41	1	679	0.126231641569	raw	3457
C	41	1	679	0.661268129092	norm	3457
T	42	1	2010	0.37367540435	raw	3457
T	42	1	2010	1.21042514832	norm	3457
A	42	1	1891	0.351552333147	raw	3457
A	42	1	1891	1.13477696999	norm	3457
G	42	1	758	0.140918386317	raw	3457
G	42	1	758	0.739364508558	norm	3457
C	42	1	720	0.133853876185	raw	3457
C	42	1	720	0.70119742702	norm	3457
T	43	1	2043	0.379810373675	raw	3457
T	43	1	2043	1.2302978	norm	3457
A	43	1	1988	0.3695854248	raw	3457
A	43	1	1988	1.19298604778	norm	3457
G	43	1	675	0.125488008924	raw	3457
G	43	1	675	0.658405070285	norm	3457
C	43	1	673	0.125116192601	raw	3457
C	43	1	673	0.6554248172	norm	3457
T	44	1	2101	0.390593047035	raw	3457
T	44	1	2101	1.26522549085	norm	3457
A	44	1	1900	0.3532255066	raw	3457
A	44	1	1900	1.14017781226	norm	3457
C	44	1	704	0.130879345603	raw	3457
C	44	1	704	0.685615261975	norm	3457
G	44	1	674	0.125302100762	raw	3457
G	44	1	674	0.657429655366	norm	3457
T	45	1	2080	0.38676087765	raw	3457
T	45	1	2080	1.25281216596	norm	3457
A	45	1	1909	0.354964670881	raw	3457
A	45	1	1909	1.14579166655	norm	3457
C	45	1	706	0.131275567125	raw	3457
C	45	1	706	0.687690879953	norm	3457
G	45	1	683	0.126998884344	raw	3457
G	45	1	683	0.666332266243	norm	3457
T	46	1	2124	0.394942357754	raw	3457
T	46	1	2124	1.27931396178	norm	3457
A	46	1	1985	0.369096318334	raw	3457
A	46	1	1985	1.19140725935	norm	3457
G	46	1	649	0.120676831536	raw	3457
G	46	1	649	0.633161992375	norm	3457
C	46	1	620	0.115284492376	raw	3457
C	46	1	620	0.603921169363	norm	3457
T	47	1	2108	0.39196727408	raw	3457
T	47	1	2108	1.26967694512	norm	3457
A	47	1	1956	0.363703979174	raw	3457
A	47	1	1956	1.17400130947	norm	3457
G	47	1	675	0.125511342507	raw	3457
G	47	1	675	0.658527495921	norm	3457
C	47	1	639	0.118817404239	raw	3457
C	47	1	639	0.622428431005	norm	3457
T	48	1	2082	0.387132763109	raw	3457
T	48	1	2082	1.25401679305	norm	3457
A	48	1	1951	0.362774265526	raw	3457
A	48	1	1951	1.17100028363	norm	3457
G	48	1	745	0.138527333581	raw	3457
G	48	1	745	0.726819236239	norm	3457
C	48	1	600	0.111565637784	raw	3457
C	48	1	600	0.584439841319	norm	3457
T	49	1	2096	0.389735961324	raw	3457
T	49	1	2096	1.26244918263	norm	3457
A	49	1	1968	0.36593529193	raw	3457
A	49	1	1968	1.18120377149	norm	3457
G	49	1	666	0.12383785794	raw	3457
G	49	1	666	0.649747129309	norm	3457
C	49	1	648	0.120490888806	raw	3457
C	49	1	648	0.631195028625	norm	3457
T	50	1	2063	0.383599851246	raw	3457
T	50	1	2063	1.24257283576	norm	3457
A	50	1	1981	0.368352547415	raw	3457
A	50	1	1981	1.18900643868	norm	3457
C	50	1	699	0.129973968018	raw	3457
C	50	1	699	0.680872415137	norm	3457
G	50	1	635	0.118073633321	raw	3457
G	50	1	635	0.619503644311	norm	3457
A	51	1	1994	0.370769802901	raw	3457
A	51	1	1994	1.19680910587	norm	3457
T	51	1	1979	0.367980661956	raw	3457
T	51	1	1979	1.19197849829	norm	3457
G	51	1	711	0.132205280774	raw	3457
G	51	1	711	0.693648962371	norm	3457
C	51	1	694	0.12904425437	raw	3457
C	51	1	694	0.676002083126	norm	3457
T	52	1	2078	0.38638899219	raw	3457
T	52	1	2078	1.25160753888	norm	3457
A	52	1	2037	0.378765340275	raw	3457
A	52	1	2037	1.22261792811	norm	3457
C	52	1	663	0.123280029751	raw	3457
C	52	1	663	0.645806024658	norm	3457
G	52	1	600	0.111565637784	raw	3457
G	52	1	600	0.585357774152	norm	3457
T	53	1	2068	0.384529564894	raw	3457
T	53	1	2068	1.24558440347	norm	3457
A	53	1	2006	0.373001115656	raw	3457
A	53	1	2006	1.20401156789	norm	3457
C	53	1	653	0.121420602454	raw	3457
C	53	1	653	0.636065360636	norm	3457
G	53	1	651	0.121048716995	raw	3457
G	53	1	651	0.635113184955	norm	3457
T	54	1	2062	0.383413908516	raw	3457
T	54	1	2062	1.24197052222	norm	3457
A	54	1	1913	0.3557084418	raw	3457
A	54	1	1913	1.14819248723	norm	3457
G	54	1	720	0.13387876534	raw	3457
G	54	1	720	0.702429328983	norm	3457
C	54	1	683	0.126998884344	raw	3457
C	54	1	683	0.665287352702	norm	3457
T	55	1	2166	0.402751952399	raw	3457
T	55	1	2166	1.30461113052	norm	3457
A	55	1	2043	0.379880996653	raw	3457
A	55	1	2043	1.22621915912	norm	3457
C	55	1	615	0.114354778728	raw	3457
C	55	1	615	0.599050837352	norm	3457
G	55	1	554	0.10301227222	raw	3457
G	55	1	554	0.540480344801	norm	3457
A	56	1	2176	0.404611379695	raw	3457
A	56	1	2176	1.30604644653	norm	3457
T	56	1	1988	0.369654146523	raw	3457
T	56	1	1988	1.19739932016	norm	3457
G	56	1	614	0.114168835999	raw	3457
G	56	1	614	0.599016122216	norm	3457
C	56	1	600	0.111565637784	raw	3457
C	56	1	600	0.584439841319	norm	3457
A	57	1	2038	0.378951283005	raw	3457
A	57	1	2038	1.22321813328	norm	3457
T	57	1	2024	0.37634808479	raw	3457
T	57	1	2024	1.21908260765	norm	3457
G	57	1	671	0.124767571588	raw	3457
G	57	1	671	0.65462511076	norm	3457
C	57	1	645	0.119933060617	raw	3457
C	57	1	645	0.628272829418	norm	3457
T	58	1	2168	0.403123837858	raw	3457
T	58	1	2168	1.3058157576	norm	3457
A	58	1	2004	0.372629230197	raw	3457
A	58	1	2004	1.20281115755	norm	3457
G	58	1	618	0.114912606917	raw	3457
G	58	1	618	0.602918507377	norm	3457
C	58	1	588	0.109334325028	raw	3457
C	58	1	588	0.572751044493	norm	3457
T	59	1	2177	0.404797322425	raw	3457
T	59	1	2177	1.31123657947	norm	3457
A	59	1	2047	0.380624767572	raw	3457
A	59	1	2047	1.2286199798	norm	3457
G	59	1	624	0.116028263295	raw	3457
G	59	1	624	0.608772085118	norm	3457
C	59	1	530	0.0985496467088	raw	3457
C	59	1	530	0.516255193166	norm	3457
A	60	1	2102	0.390851617702	raw	3457
A	60	1	2102	1.26163126406	norm	3457
T	60	1	1947	0.362030494608	raw	3457
T	60	1	1947	1.17270446497	norm	3457
G	60	1	678	0.126069170695	raw	3457
G	60	1	678	0.661454284792	norm	3457
C	60	1	651	0.121048716995	raw	3457
C	60	1	651	0.634117227832	norm	3457
T	61	1	2175	0.404425436965	raw	3457
T	61	1	2175	1.31003195239	norm	3457
A	61	1	2011	0.373930829305	raw	3457
A	61	1	2011	1.20701259373	norm	3457
G	61	1	679	0.126255113425	raw	3457
G	61	1	679	0.662429881082	norm	3457
C	61	1	513	0.0953886203049	raw	3457
C	61	1	513	0.499696064328	norm	3457
A	62	1	2146	0.399033097806	raw	3457
A	62	1	2146	1.28804029147	norm	3457
T	62	1	2082	0.387132763109	raw	3457
T	62	1	2082	1.25401679305	norm	3457
G	62	1	629	0.116957976943	raw	3457
G	62	1	629	0.61365006657	norm	3457
C	62	1	521	0.0968761621421	raw	3457
C	62	1	521	0.507488595546	norm	3457
T	63	1	2147	0.399219040536	raw	3457
T	63	1	2147	1.29316717323	norm	3457
A	63	1	2099	0.390293789513	raw	3457
A	63	1	2099	1.25983064856	norm	3457
G	63	1	620	0.115284492376	raw	3457
G	63	1	620	0.604869699957	norm	3457
C	63	1	512	0.0952026775753	raw	3457
C	63	1	512	0.498721997926	norm	3457
T	64	1	2191	0.40740052064	raw	3457
T	64	1	2191	1.31966896905	norm	3457
A	64	1	2157	0.401078467832	raw	3457
A	64	1	2157	1.29464254833	norm	3457
G	64	1	558	0.103756043139	raw	3457
G	64	1	558	0.544382729962	norm	3457
C	64	1	472	0.0877649683897	raw	3457
C	64	1	472	0.459759341838	norm	3457
T	65	1	2176	0.404611379695	raw	3457
T	65	1	2176	1.31063426593	norm	3457
A	65	1	2121	0.394384529565	raw	3457
A	65	1	2121	1.27303516226	norm	3457
G	65	1	555	0.10319821495	raw	3457
G	65	1	555	0.541455941091	norm	3457
C	65	1	526	0.0978058757903	raw	3457
C	65	1	526	0.512358927557	norm	3457
T	66	1	2191	0.40740052064	raw	3457
T	66	1	2191	1.31966896905	norm	3457
A	66	1	2061	0.383227965787	raw	3457
A	66	1	2061	1.23702285215	norm	3457
C	66	1	580	0.107846783191	raw	3457
C	66	1	580	0.564958513275	norm	3457
G	66	1	546	0.101524730383	raw	3457
G	66	1	546	0.532675574479	norm	3457
A	67	1	2185	0.406284864262	raw	3457
A	67	1	2185	1.31144829304	norm	3457
T	67	1	2119	0.394012644106	raw	3457
T	67	1	2119	1.27630239408	norm	3457
G	67	1	555	0.10319821495	raw	3457
G	67	1	555	0.541455941091	norm	3457
C	67	1	519	0.0965042766828	raw	3457
C	67	1	519	0.505540462741	norm	3457
T	68	1	2129	0.395872071402	raw	3457
T	68	1	2129	1.28232552949	norm	3457
A	68	1	2029	0.377277798438	raw	3457
A	68	1	2029	1.21781628676	norm	3457
G	68	1	620	0.115284492376	raw	3457
G	68	1	620	0.604869699957	norm	3457
C	68	1	600	0.111565637784	raw	3457
C	68	1	600	0.584439841319	norm	3457
A	69	1	2087	0.388062476757	raw	3457
A	69	1	2087	1.25262818653	norm	3457
T	69	1	2066	0.384157679435	raw	3457
T	69	1	2066	1.24437977639	norm	3457
G	69	1	650	0.120862774266	raw	3457
G	69	1	650	0.634137588665	norm	3457
C	69	1	575	0.106917069543	raw	3457
C	69	1	575	0.560088181264	norm	3457
A	70	1	2158	0.401264410562	raw	3457
A	70	1	2158	1.29524275349	norm	3457
T	70	1	2143	0.398475269617	raw	3457
T	70	1	2143	1.29075791907	norm	3457
C	70	1	581	0.10803272592	raw	3457
C	70	1	581	0.565932579678	norm	3457
G	70	1	496	0.0922275939011	raw	3457
G	70	1	496	0.483895759966	norm	3457
T	71	1	2157	0.401078467832	raw	3457
T	71	1	2157	1.29919030865	norm	3457
A	71	1	2128	0.395686128672	raw	3457
A	71	1	2128	1.27723659844	norm	3457
G	71	1	547	0.101710673113	raw	3457
G	71	1	547	0.533651170769	norm	3457
C	71	1	546	0.101524730383	raw	3457
C	71	1	546	0.531840255601	norm	3457
T	72	1	2237	0.415953886203	raw	3457
T	72	1	2237	1.34737539195	norm	3457
A	72	1	2103	0.391037560431	raw	3457
A	72	1	2103	1.26223146923	norm	3457
C	72	1	551	0.102454444031	raw	3457
C	72	1	551	0.536710587612	norm	3457
G	72	1	487	0.0905541093343	raw	3457
G	72	1	487	0.475115393354	norm	3457
A	73	1	2213	0.411491260692	raw	3457
A	73	1	2213	1.32825403776	norm	3457
T	73	1	2128	0.395686128672	raw	3457
T	73	1	2128	1.28172321595	norm	3457
G	73	1	527	0.0979918185199	raw	3457
G	73	1	527	0.514139244964	norm	3457
C	73	1	510	0.094830792116	raw	3457
C	73	1	510	0.496773865122	norm	3457
T	74	1	2196	0.408330234288	raw	3457
T	74	1	2196	1.32268053676	norm	3457
A	74	1	2136	0.397173670509	raw	3457
A	74	1	2136	1.28203823979	norm	3457
G	74	1	533	0.0991074748977	raw	3457
G	74	1	533	0.519992822705	norm	3457
C	74	1	513	0.0953886203049	raw	3457
C	74	1	513	0.499696064328	norm	3457
T	75	1	2161	0.40182223875	raw	3457
T	75	1	2161	1.30159956281	norm	3457
A	75	1	2128	0.395686128672	raw	3457
A	75	1	2128	1.27723659844	norm	3457
G	75	1	566	0.105243584976	raw	3457
G	75	1	566	0.552187500284	norm	3457
C	75	1	523	0.0972480476013	raw	3457
C	75	1	523	0.50943672835	norm	3457
A	76	1	2196	0.408330234288	raw	3457
A	76	1	2196	1.31805054989	norm	3457
T	76	1	2104	0.391223503161	raw	3457
T	76	1	2104	1.26726769096	norm	3457
G	76	1	585	0.108776496839	raw	3457
G	76	1	585	0.570723829799	norm	3457
C	76	1	493	0.0916697657122	raw	3457
C	76	1	493	0.480214736284	norm	3457
A	77	1	2104	0.391223503161	raw	3457
A	77	1	2104	1.2628316744	norm	3457
T	77	1	2094	0.389364075865	raw	3457
T	77	1	2094	1.26124455554	norm	3457
C	77	1	598	0.111193752324	raw	3457
C	77	1	598	0.582491708515	norm	3457
G	77	1	582	0.10821866865	raw	3457
G	77	1	582	0.567797040928	norm	3457
A	78	1	2199	0.408888062477	raw	3457
A	78	1	2199	1.3198511654	norm	3457
T	78	1	1982	0.368538490145	raw	3457
T	78	1	1982	1.19378543891	norm	3457
G	78	1	652	0.121234659725	raw	3457
G	78	1	652	0.636088781246	norm	3457
C	78	1	545	0.101338787653	raw	3457
C	78	1	545	0.530866189199	norm	3457
T	79	1	2175	0.404425436965	raw	3457
T	79	1	2175	1.31003195239	norm	3457
A	79	1	2169	0.403309780588	raw	3457
A	79	1	2169	1.30184501035	norm	3457
G	79	1	547	0.101710673113	raw	3457
G	79	1	547	0.533651170769	norm	3457
C	79	1	487	0.0905541093343	raw	3457
C	79	1	487	0.474370337871	norm	3457
A	80	1	2145	0.398847155076	raw	3457
A	80	1	2145	1.2874400863	norm	3457
T	80	1	2128	0.395686128672	raw	3457
T	80	1	2128	1.28172321595	norm	3457
C	80	1	567	0.105429527705	raw	3457
C	80	1	567	0.552295650047	norm	3457
G	80	1	538	0.100037188546	raw	3457
G	80	1	538	0.524870804157	norm	3457
A	81	1	2140	0.397917441428	raw	3457
A	81	1	2140	1.28443906046	norm	3457
T	81	1	2077	0.386203049461	raw	3457
T	81	1	2077	1.25100522534	norm	3457
G	81	1	613	0.113982893269	raw	3457
G	81	1	613	0.598040525926	norm	3457
C	81	1	548	0.101896615842	raw	3457
C	81	1	548	0.533788388405	norm	3457
A	82	1	2279	0.423763480848	raw	3457
A	82	1	2279	1.36786757887	norm	3457
T	82	1	2015	0.374674600223	raw	3457
T	82	1	2015	1.21366178578	norm	3457
G	82	1	566	0.105243584976	raw	3457
G	82	1	566	0.552187500284	norm	3457
C	82	1	518	0.0963183339531	raw	3457
C	82	1	518	0.504566396339	norm	3457
T	83	1	2140	0.397917441428	raw	3457
T	83	1	2140	1.28895097844	norm	3457
A	83	1	2115	0.393268873187	raw	3457
A	83	1	2115	1.26943393125	norm	3457
G	83	1	604	0.112309408702	raw	3457
G	83	1	604	0.589260159313	norm	3457
C	83	1	519	0.0965042766828	raw	3457
C	83	1	519	0.505540462741	norm	3457
T	84	1	2133	0.396615842321	raw	3457
T	84	1	2133	1.28473478366	norm	3457
A	84	1	2052	0.38155448122	raw	3457
A	84	1	2052	1.23162100564	norm	3457
G	84	1	642	0.119375232428	raw	3457
G	84	1	642	0.626332818343	norm	3457
C	84	1	551	0.102454444031	raw	3457
C	84	1	551	0.536710587612	norm	3457
T	85	1	2136	0.397173670509	raw	3457
T	85	1	2136	1.28654172428	norm	3457
A	85	1	2099	0.390293789513	raw	3457
A	85	1	2099	1.25983064856	norm	3457
G	85	1	642	0.119375232428	raw	3457
G	85	1	642	0.626332818343	norm	3457
C	85	1	501	0.0931573075493	raw	3457
C	85	1	501	0.488007267502	norm	3457
T	86	1	2224	0.413536630718	raw	3457
T	86	1	2224	1.33954531592	norm	3457
A	86	1	2142	0.398289326887	raw	3457
A	86	1	2142	1.2856394708	norm	3457
G	86	1	547	0.101710673113	raw	3457
G	86	1	547	0.533651170769	norm	3457
C	86	1	465	0.0864633692823	raw	3457
C	86	1	465	0.452940877023	norm	3457
A	87	1	2206	0.410189661584	raw	3457
A	87	1	2206	1.32405260158	norm	3457
T	87	1	2041	0.379509111194	raw	3457
T	87	1	2041	1.22932193785	norm	3457
G	87	1	588	0.109334325028	raw	3457
G	87	1	588	0.573650618669	norm	3457
C	87	1	543	0.100966902194	raw	3457
C	87	1	543	0.528918056394	norm	3457
A	88	1	2206	0.410189661584	raw	3457
A	88	1	2206	1.32405260158	norm	3457
T	88	1	2150	0.399776868724	raw	3457
T	88	1	2150	1.29497411386	norm	3457
G	88	1	591	0.109892153217	raw	3457
G	88	1	591	0.57657740754	norm	3457
C	88	1	431	0.0801413164745	raw	3457
C	88	1	431	0.419822619348	norm	3457
T	89	1	2129	0.395872071402	raw	3457
T	89	1	2129	1.28232552949	norm	3457
A	89	1	2087	0.388062476757	raw	3457
A	89	1	2087	1.25262818653	norm	3457
G	89	1	607	0.112867236891	raw	3457
G	89	1	607	0.592186948184	norm	3457
C	89	1	555	0.10319821495	raw	3457
C	89	1	555	0.540606853221	norm	3457
T	90	1	2137	0.397359613239	raw	3457
T	90	1	2137	1.28714403782	norm	3457
A	90	1	2047	0.380624767572	raw	3457
A	90	1	2047	1.2286199798	norm	3457
C	90	1	599	0.111379695054	raw	3457
C	90	1	599	0.583465774917	norm	3457
G	90	1	595	0.110635924135	raw	3457
G	90	1	595	0.580479792701	norm	3457
T	91	1	2234	0.415396058014	raw	3457
T	91	1	2234	1.34556845133	norm	3457
A	91	1	2110	0.392339159539	raw	3457
A	91	1	2110	1.26643290541	norm	3457
G	91	1	524	0.097433990331	raw	3457
G	91	1	524	0.511212456093	norm	3457
C	91	1	510	0.094830792116	raw	3457
C	91	1	510	0.496773865122	norm	3457
A	92	1	2236	0.415767943473	raw	3457
A	92	1	2236	1.34205875663	norm	3457
T	92	1	2077	0.386203049461	raw	3457
T	92	1	2077	1.25100522534	norm	3457
G	92	1	542	0.100780959464	raw	3457
G	92	1	542	0.528773189318	norm	3457
C	92	1	523	0.0972480476013	raw	3457
C	92	1	523	0.50943672835	norm	3457
A	93	1	2097	0.389921904054	raw	3457
A	93	1	2097	1.25863023822	norm	3457
T	93	1	2095	0.389550018594	raw	3457
T	93	1	2095	1.26184686908	norm	3457
C	93	1	595	0.110635924135	raw	3457
C	93	1	595	0.579569509308	norm	3457
G	93	1	591	0.109892153217	raw	3457
G	93	1	591	0.57657740754	norm	3457
A	94	1	2141	0.398103384158	raw	3457
A	94	1	2141	1.28503926563	norm	3457
T	94	1	2138	0.397545555969	raw	3457
T	94	1	2138	1.28774635136	norm	3457
G	94	1	607	0.112867236891	raw	3457
G	94	1	607	0.592186948184	norm	3457
C	94	1	492	0.0914838229825	raw	3457
C	94	1	492	0.479240669882	norm	3457
A	95	1	2293	0.426366679063	raw	3457
A	95	1	2293	1.37627045123	norm	3457
T	95	1	2001	0.372071402008	raw	3457
T	95	1	2001	1.2052293962	norm	3457
C	95	1	561	0.104313871328	raw	3457
C	95	1	561	0.546451251634	norm	3457
G	95	1	523	0.0972480476013	raw	3457
G	95	1	523	0.510236859803	norm	3457
T	96	1	2130	0.396058014132	raw	3457
T	96	1	2130	1.28292784303	norm	3457
A	96	1	2062	0.383413908516	raw	3457
A	96	1	2062	1.23762305732	norm	3457
G	96	1	615	0.114354778728	raw	3457
G	96	1	615	0.599991718506	norm	3457
C	96	1	571	0.106173298624	raw	3457
C	96	1	571	0.556191915656	norm	3457
A	97	1	2146	0.399033097806	raw	3457
A	97	1	2146	1.28804029147	norm	3457
T	97	1	2043	0.379880996653	raw	3457
T	97	1	2043	1.23052656494	norm	3457
C	97	1	609	0.11323912235	raw	3457
C	97	1	609	0.593206438939	norm	3457
G	97	1	580	0.107846783191	raw	3457
G	97	1	580	0.565845848347	norm	3457
A	98	1	2186	0.406470806991	raw	3457
A	98	1	2186	1.31204849821	norm	3457
T	98	1	2131	0.396243956861	raw	3457
T	98	1	2131	1.28353015657	norm	3457
G	98	1	555	0.10319821495	raw	3457
G	98	1	555	0.541455941091	norm	3457
C	98	1	506	0.0940870211975	raw	3457
C	98	1	506	0.492877599513	norm	3457
A	99	1	2191	0.40740052064	raw	3457
A	99	1	2191	1.31504952405	norm	3457
T	99	1	2064	0.383785793975	raw	3457
T	99	1	2064	1.2431751493	norm	3457
G	99	1	577	0.107288955002	raw	3457
G	99	1	577	0.562919059476	norm	3457
C	99	1	546	0.101524730383	raw	3457
C	99	1	546	0.531840255601	norm	3457
T	100	1	2166	0.402751952399	raw	3457
T	100	1	2166	1.30461113052	norm	3457
A	100	1	2132	0.396429899591	raw	3457
A	100	1	2132	1.27963741911	norm	3457
G	100	1	576	0.107103012272	raw	3457
G	100	1	576	0.561943463186	norm	3457
C	100	1	504	0.0937151357382	raw	3457
C	100	1	504	0.490929466708	norm	3457
