#nuc	offset	region.size	count	freq	norm.freq	total.sites
T	-100	1	1967	0.417533432392	raw	2872
T	-100	1	1967	1.02523616812	norm	2872
A	-100	1	1806	0.383358098068	raw	2872
A	-100	1	1806	0.909178420587	norm	2872
C	-100	1	489	0.103799617916	raw	2872
C	-100	1	489	1.29736666548	norm	2872
G	-100	1	449	0.0953088516239	raw	2872
G	-100	1	449	1.04639677249	norm	2872
T	-99	1	1966	0.417321163235	raw	2872
T	-99	1	1966	1.02471494994	norm	2872
A	-99	1	1789	0.379749522394	raw	2872
A	-99	1	1789	0.900620262697	norm	2872
C	-99	1	486	0.103162810444	raw	2872
C	-99	1	486	1.28940736078	norm	2872
G	-99	1	470	0.099766503927	raw	2872
G	-99	1	470	1.09533737877	norm	2872
A	-98	1	1957	0.415410740819	raw	2872
A	-98	1	1957	0.985194999496	norm	2872
T	-98	1	1907	0.404797282955	raw	2872
T	-98	1	1907	0.993963077075	norm	2872
C	-98	1	474	0.100615580556	raw	2872
C	-98	1	474	1.257570142	norm	2872
G	-98	1	373	0.0791763956697	raw	2872
G	-98	1	373	0.869278387834	norm	2872
T	-97	1	1921	0.407769051157	raw	2872
T	-97	1	1921	1.00126013165	norm	2872
A	-97	1	1908	0.405009552112	raw	2872
A	-97	1	1908	0.96052736793	norm	2872
C	-97	1	463	0.0982806198259	raw	2872
C	-97	1	463	1.22838602478	norm	2872
G	-97	1	419	0.0889407769051	raw	2872
G	-97	1	419	0.97648162065	norm	2872
T	-96	1	1914	0.406283167056	raw	2872
T	-96	1	1914	0.997611604364	norm	2872
A	-96	1	1899	0.403099129696	raw	2872
A	-96	1	1899	0.955996578458	norm	2872
C	-96	1	513	0.108894077691	raw	2872
C	-96	1	513	1.36104110305	norm	2872
G	-96	1	385	0.0817236255572	raw	2872
G	-96	1	385	0.897244448569	norm	2872
T	-95	1	2022	0.429208236043	raw	2872
T	-95	1	2022	1.05390316825	norm	2872
A	-95	1	1910	0.405434090427	raw	2872
A	-95	1	1910	0.961534210034	norm	2872
C	-95	1	422	0.089577584377	raw	2872
C	-95	1	422	1.1196088606	norm	2872
G	-95	1	357	0.075780089153	raw	2872
G	-95	1	357	0.831990306855	norm	2872
A	-94	1	1924	0.408405858629	raw	2872
A	-94	1	1924	0.968582104768	norm	2872
T	-94	1	1910	0.405434090427	raw	2872
T	-94	1	1910	0.995526731628	norm	2872
C	-94	1	519	0.110167692634	raw	2872
C	-94	1	519	1.37695971244	norm	2872
G	-94	1	358	0.0759923583103	raw	2872
G	-94	1	358	0.834320811916	norm	2872
A	-93	1	1951	0.414137125876	raw	2872
A	-93	1	1951	0.982174473182	norm	2872
T	-93	1	1793	0.380598599024	raw	2872
T	-93	1	1793	0.934544204088	norm	2872
C	-93	1	509	0.108045001061	raw	2872
C	-93	1	509	1.35042869679	norm	2872
G	-93	1	458	0.0972192740395	raw	2872
G	-93	1	458	1.06737131804	norm	2872
T	-92	1	1975	0.419231585651	raw	2872
T	-92	1	1975	1.02940591359	norm	2872
A	-92	1	1923	0.408193589471	raw	2872
A	-92	1	1923	0.968078683715	norm	2872
C	-92	1	431	0.0914880067926	raw	2872
C	-92	1	431	1.14348677468	norm	2872
G	-92	1	382	0.0810868180853	raw	2872
G	-92	1	382	0.890252933385	norm	2872
T	-91	1	1976	0.419443854808	raw	2872
T	-91	1	1976	1.02992713178	norm	2872
A	-91	1	1873	0.397580131607	raw	2872
A	-91	1	1873	0.942907631096	norm	2872
C	-91	1	447	0.0948843133093	raw	2872
C	-91	1	447	1.18593639973	norm	2872
G	-91	1	415	0.0880917002759	raw	2872
G	-91	1	415	0.967159600405	norm	2872
T	-90	1	1916	0.40670770537	raw	2872
T	-90	1	1916	0.998654040732	norm	2872
A	-90	1	1891	0.401400976438	raw	2872
A	-90	1	1891	0.951969210039	norm	2872
G	-90	1	466	0.0989174272978	raw	2872
G	-90	1	466	1.08601535853	norm	2872
C	-90	1	438	0.0929738908937	raw	2872
C	-90	1	438	1.16205848564	norm	2872
T	-89	1	1975	0.419231585651	raw	2872
T	-89	1	1975	1.02940591359	norm	2872
A	-89	1	1917	0.406919974528	raw	2872
A	-89	1	1917	0.965058157401	norm	2872
G	-89	1	457	0.0970070048822	raw	2872
G	-89	1	457	1.06504081298	norm	2872
C	-89	1	362	0.0768414349395	raw	2872
C	-89	1	362	0.960422766673	norm	2872
A	-88	1	1915	0.406495436213	raw	2872
A	-88	1	1915	0.964051315296	norm	2872
T	-88	1	1887	0.400551899809	raw	2872
T	-88	1	1887	0.983538713393	norm	2872
C	-88	1	497	0.105497771174	raw	2872
C	-88	1	497	1.318591478	norm	2872
G	-88	1	412	0.0874548928041	raw	2872
G	-88	1	412	0.960168085222	norm	2872
A	-87	1	1863	0.395457440034	raw	2872
A	-87	1	1863	0.937873420573	norm	2872
T	-87	1	1858	0.394396094248	raw	2872
T	-87	1	1858	0.968423386055	norm	2872
C	-87	1	519	0.110167692634	raw	2872
C	-87	1	519	1.37695971244	norm	2872
G	-87	1	471	0.0999787730843	raw	2872
G	-87	1	471	1.09766788383	norm	2872
T	-86	1	2087	0.443005731267	raw	2872
T	-86	1	2087	1.08778235021	norm	2872
A	-86	1	1854	0.393547017618	raw	2872
A	-86	1	1854	0.933342631101	norm	2872
C	-86	1	397	0.0842708554447	raw	2872
C	-86	1	397	1.05328132146	norm	2872
G	-86	1	373	0.0791763956697	raw	2872
G	-86	1	373	0.869278387834	norm	2872
A	-85	1	1902	0.403735937168	raw	2872
A	-85	1	1902	0.957506841615	norm	2872
T	-85	1	1887	0.400551899809	raw	2872
T	-85	1	1887	0.983538713393	norm	2872
C	-85	1	538	0.114200806623	raw	2872
C	-85	1	538	1.42736864218	norm	2872
G	-85	1	384	0.0815113563999	raw	2872
G	-85	1	384	0.894913943508	norm	2872
T	-84	1	1905	0.40437274464	raw	2872
T	-84	1	1905	0.992920640707	norm	2872
A	-84	1	1904	0.404160475483	raw	2872
A	-84	1	1904	0.95851368372	norm	2872
C	-84	1	453	0.096157928253	raw	2872
C	-84	1	453	1.20185500912	norm	2872
G	-84	1	449	0.0953088516239	raw	2872
G	-84	1	449	1.04639677249	norm	2872
T	-83	1	2036	0.432180004245	raw	2872
T	-83	1	2036	1.06120022282	norm	2872
A	-83	1	1815	0.385268520484	raw	2872
A	-83	1	1815	0.913709210059	norm	2872
C	-83	1	449	0.0953088516239	raw	2872
C	-83	1	449	1.19124260286	norm	2872
G	-83	1	411	0.0872426236468	raw	2872
G	-83	1	411	0.957837580161	norm	2872
T	-82	1	1921	0.407769051157	raw	2872
T	-82	1	1921	1.00126013165	norm	2872
A	-82	1	1905	0.40437274464	raw	2872
A	-82	1	1905	0.959017104772	norm	2872
C	-82	1	469	0.0995542347697	raw	2872
C	-82	1	469	1.24430463417	norm	2872
G	-82	1	416	0.0883039694332	raw	2872
G	-82	1	416	0.969490105467	norm	2872
T	-81	1	1938	0.411377626831	raw	2872
T	-81	1	1938	1.01012084078	norm	2872
A	-81	1	1804	0.382933559754	raw	2872
A	-81	1	1804	0.908171578483	norm	2872
C	-81	1	486	0.103162810444	raw	2872
C	-81	1	486	1.28940736078	norm	2872
G	-81	1	483	0.102526002972	raw	2872
G	-81	1	483	1.12563394457	norm	2872
A	-80	1	1980	0.420292931437	raw	2872
A	-80	1	1980	0.9967736837	norm	2872
T	-80	1	1948	0.413500318404	raw	2872
T	-80	1	1948	1.01533302262	norm	2872
G	-80	1	392	0.0832095096582	raw	2872
G	-80	1	392	0.913557983997	norm	2872
C	-80	1	391	0.082997240501	raw	2872
C	-80	1	391	1.03736271207	norm	2872
T	-79	1	1963	0.416684355763	raw	2872
T	-79	1	1963	1.02315129538	norm	2872
A	-79	1	1869	0.396731054978	raw	2872
A	-79	1	1869	0.940893946887	norm	2872
C	-79	1	458	0.0972192740395	raw	2872
C	-79	1	458	1.21512051695	norm	2872
G	-79	1	421	0.0893653152197	raw	2872
G	-79	1	421	0.981142630773	norm	2872
T	-78	1	1907	0.404797282955	raw	2872
T	-78	1	1907	0.993963077075	norm	2872
A	-78	1	1854	0.393547017618	raw	2872
A	-78	1	1854	0.933342631101	norm	2872
C	-78	1	509	0.108045001061	raw	2872
C	-78	1	509	1.35042869679	norm	2872
G	-78	1	441	0.0936106983655	raw	2872
G	-78	1	441	1.027752732	norm	2872
A	-77	1	1937	0.411165357674	raw	2872
A	-77	1	1937	0.975126578448	norm	2872
T	-77	1	1909	0.405221821269	raw	2872
T	-77	1	1909	0.995005513444	norm	2872
C	-77	1	452	0.0959456590957	raw	2872
C	-77	1	452	1.19920190756	norm	2872
G	-77	1	413	0.0876671619614	raw	2872
G	-77	1	413	0.962498590283	norm	2872
T	-76	1	2016	0.4279346211	raw	2872
T	-76	1	2016	1.05077585914	norm	2872
A	-76	1	1780	0.377839099979	raw	2872
A	-76	1	1780	0.896089473226	norm	2872
C	-76	1	491	0.10422415623	raw	2872
C	-76	1	491	1.30267286861	norm	2872
G	-76	1	424	0.0900021226916	raw	2872
G	-76	1	424	0.988134145956	norm	2872
T	-75	1	1983	0.420929738909	raw	2872
T	-75	1	1983	1.03357565907	norm	2872
A	-75	1	1861	0.395032901719	raw	2872
A	-75	1	1861	0.936866578468	norm	2872
C	-75	1	456	0.0967947357249	raw	2872
C	-75	1	456	1.20981431382	norm	2872
G	-75	1	411	0.0872426236468	raw	2872
G	-75	1	411	0.957837580161	norm	2872
T	-74	1	2013	0.427297813628	raw	2872
T	-74	1	2013	1.04921220459	norm	2872
A	-74	1	1851	0.392910210146	raw	2872
A	-74	1	1851	0.931832367944	norm	2872
C	-74	1	463	0.0982806198259	raw	2872
C	-74	1	463	1.22838602478	norm	2872
G	-74	1	384	0.0815113563999	raw	2872
G	-74	1	384	0.894913943508	norm	2872
T	-73	1	1903	0.403948206326	raw	2872
T	-73	1	1903	0.991878204339	norm	2872
A	-73	1	1885	0.400127361494	raw	2872
A	-73	1	1885	0.948948683725	norm	2872
G	-73	1	472	0.100191042242	raw	2872
G	-73	1	472	1.09999838889	norm	2872
C	-73	1	451	0.0957333899384	raw	2872
C	-73	1	451	1.19654880599	norm	2872
T	-72	1	1978	0.419868393122	raw	2872
T	-72	1	1978	1.03096956815	norm	2872
A	-72	1	1834	0.389301634473	raw	2872
A	-72	1	1834	0.923274210054	norm	2872
C	-72	1	464	0.0984928889832	raw	2872
C	-72	1	464	1.23103912634	norm	2872
G	-72	1	435	0.0923370834218	raw	2872
G	-72	1	435	1.01376970163	norm	2872
T	-71	1	1957	0.415410740819	raw	2872
T	-71	1	1957	1.02002398628	norm	2872
A	-71	1	1859	0.394608363405	raw	2872
A	-71	1	1859	0.935859736363	norm	2872
G	-71	1	467	0.0991296964551	raw	2872
G	-71	1	467	1.08834586359	norm	2872
C	-71	1	428	0.0908511993207	raw	2872
C	-71	1	428	1.13552746999	norm	2872
A	-70	1	2006	0.425811929527	raw	2872
A	-70	1	2006	1.00986263106	norm	2872
T	-70	1	1884	0.399915092337	raw	2872
T	-70	1	1884	0.981975058841	norm	2872
C	-70	1	475	0.100827849713	raw	2872
C	-70	1	475	1.26022324356	norm	2872
G	-70	1	346	0.0734451284228	raw	2872
G	-70	1	346	0.806354751181	norm	2872
T	-69	1	1925	0.408618127786	raw	2872
T	-69	1	1925	1.00334500439	norm	2872
A	-69	1	1851	0.392910210146	raw	2872
A	-69	1	1851	0.931832367944	norm	2872
C	-69	1	491	0.10422415623	raw	2872
C	-69	1	491	1.30267286861	norm	2872
G	-69	1	444	0.0942475058374	raw	2872
G	-69	1	444	1.03474424718	norm	2872
T	-68	1	1943	0.412438972617	raw	2872
T	-68	1	1943	1.0127269317	norm	2872
A	-68	1	1852	0.393122479304	raw	2872
A	-68	1	1852	0.932335788997	norm	2872
C	-68	1	463	0.0982806198259	raw	2872
C	-68	1	463	1.22838602478	norm	2872
G	-68	1	453	0.096157928253	raw	2872
G	-68	1	453	1.05571879273	norm	2872
T	-67	1	1972	0.418594778179	raw	2872
T	-67	1	1972	1.02784225904	norm	2872
A	-67	1	1801	0.382296752282	raw	2872
A	-67	1	1801	0.906661315326	norm	2872
C	-67	1	510	0.108257270219	raw	2872
C	-67	1	510	1.35308179835	norm	2872
G	-67	1	428	0.0908511993207	raw	2872
G	-67	1	428	0.997456166201	norm	2872
A	-66	1	1856	0.393971555933	raw	2872
A	-66	1	1856	0.934349473206	norm	2872
T	-66	1	1843	0.391212056888	raw	2872
T	-66	1	1843	0.960605113293	norm	2872
G	-66	1	544	0.115474421567	raw	2872
G	-66	1	544	1.2677947533	norm	2872
C	-66	1	468	0.0993419656124	raw	2872
C	-66	1	468	1.2416515326	norm	2872
A	-65	1	1897	0.402674591382	raw	2872
A	-65	1	1897	0.954989736353	norm	2872
T	-65	1	1842	0.390999787731	raw	2872
T	-65	1	1842	0.960083895109	norm	2872
G	-65	1	522	0.110804500106	raw	2872
G	-65	1	522	1.21652364196	norm	2872
C	-65	1	450	0.0955211207812	raw	2872
C	-65	1	450	1.19389570443	norm	2872
T	-64	1	1956	0.415198471662	raw	2872
T	-64	1	1956	1.0195027681	norm	2872
A	-64	1	1898	0.402886860539	raw	2872
A	-64	1	1898	0.955493157406	norm	2872
C	-64	1	502	0.10655911696	raw	2872
C	-64	1	502	1.33185698583	norm	2872
G	-64	1	355	0.0753555508385	raw	2872
G	-64	1	355	0.827329296732	norm	2872
T	-63	1	1982	0.420717469752	raw	2872
T	-63	1	1982	1.03305444088	norm	2872
A	-63	1	1801	0.382296752282	raw	2872
A	-63	1	1801	0.906661315326	norm	2872
C	-63	1	465	0.0987051581405	raw	2872
C	-63	1	465	1.23369222791	norm	2872
G	-63	1	463	0.0982806198259	raw	2872
G	-63	1	463	1.07902384334	norm	2872
T	-62	1	1969	0.417957970707	raw	2872
T	-62	1	1969	1.02627860449	norm	2872
A	-62	1	1812	0.384631713012	raw	2872
A	-62	1	1812	0.912198946902	norm	2872
C	-62	1	487	0.103375079601	raw	2872
C	-62	1	487	1.29206046235	norm	2872
G	-62	1	443	0.0940352366801	raw	2872
G	-62	1	443	1.03241374212	norm	2872
A	-61	1	1916	0.40670770537	raw	2872
A	-61	1	1916	0.964554736349	norm	2872
T	-61	1	1895	0.402250053067	raw	2872
T	-61	1	1895	0.987708458866	norm	2872
C	-61	1	485	0.102950541286	raw	2872
C	-61	1	485	1.28675425922	norm	2872
G	-61	1	415	0.0880917002759	raw	2872
G	-61	1	415	0.967159600405	norm	2872
T	-60	1	1939	0.411589895988	raw	2872
T	-60	1	1939	1.01064205897	norm	2872
A	-60	1	1794	0.380810868181	raw	2872
A	-60	1	1794	0.903137367959	norm	2872
C	-60	1	519	0.110167692634	raw	2872
C	-60	1	519	1.37695971244	norm	2872
G	-60	1	459	0.0974315431968	raw	2872
G	-60	1	459	1.0697018231	norm	2872
T	-59	1	1948	0.413500318404	raw	2872
T	-59	1	1948	1.01533302262	norm	2872
A	-59	1	1885	0.400127361494	raw	2872
A	-59	1	1885	0.948948683725	norm	2872
C	-59	1	451	0.0957333899384	raw	2872
C	-59	1	451	1.19654880599	norm	2872
G	-59	1	427	0.0906389301634	raw	2872
G	-59	1	427	0.99512566114	norm	2872
T	-58	1	2051	0.435364041605	raw	2872
T	-58	1	2051	1.06901849559	norm	2872
A	-58	1	1716	0.364253873912	raw	2872
A	-58	1	1716	0.863870525874	norm	2872
C	-58	1	509	0.108045001061	raw	2872
C	-58	1	509	1.35042869679	norm	2872
G	-58	1	435	0.0923370834218	raw	2872
G	-58	1	435	1.01376970163	norm	2872
T	-57	1	1905	0.40437274464	raw	2872
T	-57	1	1905	0.992920640707	norm	2872
A	-57	1	1791	0.380174060709	raw	2872
A	-57	1	1791	0.901627104802	norm	2872
C	-57	1	542	0.115049883252	raw	2872
C	-57	1	542	1.43798104844	norm	2872
G	-57	1	473	0.100403311399	raw	2872
G	-57	1	473	1.10232889396	norm	2872
T	-56	1	1951	0.414137125876	raw	2872
T	-56	1	1951	1.01689667718	norm	2872
A	-56	1	1839	0.390362980259	raw	2872
A	-56	1	1839	0.925791315316	norm	2872
C	-56	1	487	0.103375079601	raw	2872
C	-56	1	487	1.29206046235	norm	2872
G	-56	1	434	0.0921248142645	raw	2872
G	-56	1	434	1.01143919657	norm	2872
T	-55	1	1942	0.41222670346	raw	2872
T	-55	1	1942	1.01220571352	norm	2872
A	-55	1	1830	0.388452557843	raw	2872
A	-55	1	1830	0.921260525844	norm	2872
C	-55	1	524	0.111229038421	raw	2872
C	-55	1	524	1.39022522027	norm	2872
G	-55	1	415	0.0880917002759	raw	2872
G	-55	1	415	0.967159600405	norm	2872
T	-54	1	1865	0.395881978349	raw	2872
T	-54	1	1865	0.972071913343	norm	2872
A	-54	1	1845	0.391636595203	raw	2872
A	-54	1	1845	0.92881184163	norm	2872
G	-54	1	519	0.110167692634	raw	2872
G	-54	1	519	1.20953212677	norm	2872
C	-54	1	482	0.102313733814	raw	2872
C	-54	1	482	1.27879495452	norm	2872
T	-53	1	1943	0.412438972617	raw	2872
T	-53	1	1943	1.0127269317	norm	2872
A	-53	1	1872	0.39736786245	raw	2872
A	-53	1	1872	0.942404210044	norm	2872
G	-53	1	457	0.0970070048822	raw	2872
G	-53	1	457	1.06504081298	norm	2872
C	-53	1	439	0.0931861600509	raw	2872
C	-53	1	439	1.16471158721	norm	2872
A	-52	1	1948	0.413500318404	raw	2872
A	-52	1	1948	0.980664210025	norm	2872
T	-52	1	1859	0.394608363405	raw	2872
T	-52	1	1859	0.968944604239	norm	2872
C	-52	1	466	0.0989174272978	raw	2872
C	-52	1	466	1.23634532947	norm	2872
G	-52	1	438	0.0929738908937	raw	2872
G	-52	1	438	1.02076121681	norm	2872
A	-51	1	1895	0.402250053067	raw	2872
A	-51	1	1895	0.953982894249	norm	2872
T	-51	1	1848	0.392273402675	raw	2872
T	-51	1	1848	0.963211204214	norm	2872
C	-51	1	492	0.104436425387	raw	2872
C	-51	1	492	1.30532597017	norm	2872
G	-51	1	476	0.101040118871	raw	2872
G	-51	1	476	1.10932040914	norm	2872
T	-50	1	1955	0.414986202505	raw	2872
T	-50	1	1955	1.01898154991	norm	2872
A	-50	1	1765	0.374655062619	raw	2872
A	-50	1	1765	0.88853815744	norm	2872
G	-50	1	500	0.106134578646	raw	2872
G	-50	1	500	1.16525253061	norm	2872
C	-50	1	491	0.10422415623	raw	2872
C	-50	1	491	1.30267286861	norm	2872
T	-49	1	1957	0.415410740819	raw	2872
T	-49	1	1957	1.02002398628	norm	2872
A	-49	1	1857	0.39418382509	raw	2872
A	-49	1	1857	0.934852894258	norm	2872
C	-49	1	459	0.0974315431968	raw	2872
C	-49	1	459	1.21777361852	norm	2872
G	-49	1	438	0.0929738908937	raw	2872
G	-49	1	438	1.02076121681	norm	2872
T	-48	1	1860	0.394820632562	raw	2872
T	-48	1	1860	0.969465822423	norm	2872
A	-48	1	1844	0.391424326045	raw	2872
A	-48	1	1844	0.928308420578	norm	2872
C	-48	1	550	0.11674803651	raw	2872
C	-48	1	550	1.45920586097	norm	2872
G	-48	1	457	0.0970070048822	raw	2872
G	-48	1	457	1.06504081298	norm	2872
A	-47	1	1909	0.405221821269	raw	2872
A	-47	1	1909	0.961030788982	norm	2872
T	-47	1	1897	0.402674591382	raw	2872
T	-47	1	1897	0.988750895234	norm	2872
G	-47	1	472	0.100191042242	raw	2872
G	-47	1	472	1.09999838889	norm	2872
C	-47	1	433	0.0919125451072	raw	2872
C	-47	1	433	1.14879297782	norm	2872
T	-46	1	1961	0.416259817449	raw	2872
T	-46	1	1961	1.02210885902	norm	2872
A	-46	1	1808	0.383782636383	raw	2872
A	-46	1	1808	0.910185262692	norm	2872
C	-46	1	514	0.109106346848	raw	2872
C	-46	1	514	1.36369420461	norm	2872
G	-46	1	428	0.0908511993207	raw	2872
G	-46	1	428	0.997456166201	norm	2872
T	-45	1	1885	0.400127361494	raw	2872
T	-45	1	1885	0.982496277025	norm	2872
A	-45	1	1854	0.393547017618	raw	2872
A	-45	1	1854	0.933342631101	norm	2872
G	-45	1	488	0.103587348758	raw	2872
G	-45	1	488	1.13728646987	norm	2872
C	-45	1	484	0.102738272129	raw	2872
C	-45	1	484	1.28410115765	norm	2872
T	-44	1	1919	0.407344512842	raw	2872
T	-44	1	1919	1.00021769528	norm	2872
A	-44	1	1876	0.398216939079	raw	2872
A	-44	1	1876	0.944417894254	norm	2872
C	-44	1	503	0.106771386118	raw	2872
C	-44	1	503	1.33451008739	norm	2872
G	-44	1	413	0.0876671619614	raw	2872
G	-44	1	413	0.962498590283	norm	2872
T	-43	1	1915	0.406495436213	raw	2872
T	-43	1	1915	0.998132822548	norm	2872
A	-43	1	1784	0.378688176608	raw	2872
A	-43	1	1784	0.898103157435	norm	2872
C	-43	1	515	0.109318616005	raw	2872
C	-43	1	515	1.36634730618	norm	2872
G	-43	1	497	0.105497771174	raw	2872
G	-43	1	497	1.15826101543	norm	2872
T	-42	1	1892	0.401613245595	raw	2872
T	-42	1	1892	0.986144804314	norm	2872
A	-42	1	1788	0.379537253237	raw	2872
A	-42	1	1788	0.900116841645	norm	2872
C	-42	1	563	0.119507535555	raw	2872
C	-42	1	563	1.49369618132	norm	2872
G	-42	1	468	0.0993419656124	raw	2872
G	-42	1	468	1.09067636865	norm	2872
A	-41	1	1904	0.404160475483	raw	2872
A	-41	1	1904	0.95851368372	norm	2872
T	-41	1	1885	0.400127361494	raw	2872
T	-41	1	1885	0.982496277025	norm	2872
C	-41	1	505	0.107195924432	raw	2872
C	-41	1	505	1.33981629052	norm	2872
G	-41	1	417	0.0885162385905	raw	2872
G	-41	1	417	0.971820610528	norm	2872
A	-40	1	1937	0.411165357674	raw	2872
A	-40	1	1937	0.975126578448	norm	2872
T	-40	1	1805	0.383145828911	raw	2872
T	-40	1	1805	0.940798822297	norm	2872
G	-40	1	489	0.103799617916	raw	2872
G	-40	1	489	1.13961697494	norm	2872
C	-40	1	480	0.1018891955	raw	2872
C	-40	1	480	1.27348875139	norm	2872
T	-39	1	1879	0.398853746551	raw	2872
T	-39	1	1879	0.979368967921	norm	2872
A	-39	1	1837	0.389938441944	raw	2872
A	-39	1	1837	0.924784473211	norm	2872
G	-39	1	554	0.117597113139	raw	2872
G	-39	1	554	1.29109980391	norm	2872
C	-39	1	441	0.0936106983655	raw	2872
C	-39	1	441	1.17001779034	norm	2872
A	-38	1	1897	0.402674591382	raw	2872
A	-38	1	1897	0.954989736353	norm	2872
T	-38	1	1814	0.385056251327	raw	2872
T	-38	1	1814	0.945489785954	norm	2872
G	-38	1	523	0.111016769263	raw	2872
G	-38	1	523	1.21885414702	norm	2872
C	-38	1	477	0.101252388028	raw	2872
C	-38	1	477	1.26552944669	norm	2872
T	-37	1	1944	0.412651241775	raw	2872
T	-37	1	1944	1.01324814989	norm	2872
A	-37	1	1756	0.372744640204	raw	2872
A	-37	1	1756	0.884007367969	norm	2872
C	-37	1	535	0.113563999151	raw	2872
C	-37	1	535	1.41940933749	norm	2872
G	-37	1	476	0.101040118871	raw	2872
G	-37	1	476	1.10932040914	norm	2872
A	-36	1	1824	0.3871789429	raw	2872
A	-36	1	1824	0.91823999953	norm	2872
T	-36	1	1793	0.380598599024	raw	2872
T	-36	1	1793	0.934544204088	norm	2872
C	-36	1	554	0.117597113139	raw	2872
C	-36	1	554	1.46981826723	norm	2872
G	-36	1	540	0.114625344937	raw	2872
G	-36	1	540	1.25847273306	norm	2872
A	-35	1	1961	0.416259817449	raw	2872
A	-35	1	1961	0.987208683705	norm	2872
T	-35	1	1835	0.38951390363	raw	2872
T	-35	1	1835	0.95643536782	norm	2872
G	-35	1	466	0.0989174272978	raw	2872
G	-35	1	466	1.08601535853	norm	2872
C	-35	1	449	0.0953088516239	raw	2872
C	-35	1	449	1.19124260286	norm	2872
A	-34	1	1907	0.404797282955	raw	2872
A	-34	1	1907	0.960023946877	norm	2872
T	-34	1	1838	0.390150711102	raw	2872
T	-34	1	1838	0.957999022373	norm	2872
C	-34	1	537	0.113988537466	raw	2872
C	-34	1	537	1.42471554062	norm	2872
G	-34	1	429	0.091063468478	raw	2872
G	-34	1	429	0.999786671262	norm	2872
T	-33	1	1868	0.39651878582	raw	2872
T	-33	1	1868	0.973635567896	norm	2872
A	-33	1	1743	0.369985141159	raw	2872
A	-33	1	1743	0.877462894288	norm	2872
G	-33	1	559	0.118658458926	raw	2872
G	-33	1	559	1.30275232922	norm	2872
C	-33	1	541	0.114837614095	raw	2872
C	-33	1	541	1.43532794688	norm	2872
A	-32	1	1859	0.394608363405	raw	2872
A	-32	1	1859	0.935859736363	norm	2872
T	-32	1	1752	0.371895563575	raw	2872
T	-32	1	1752	0.91317425854	norm	2872
G	-32	1	573	0.121630227128	raw	2872
G	-32	1	573	1.33537940008	norm	2872
C	-32	1	527	0.111865845893	raw	2872
C	-32	1	527	1.39818452496	norm	2872
A	-31	1	1863	0.395457440034	raw	2872
A	-31	1	1863	0.937873420573	norm	2872
T	-31	1	1820	0.38632986627	raw	2872
T	-31	1	1820	0.948617095059	norm	2872
C	-31	1	530	0.112502653364	raw	2872
C	-31	1	530	1.40614382966	norm	2872
G	-31	1	498	0.105710040331	raw	2872
G	-31	1	498	1.16059152049	norm	2872
A	-30	1	1866	0.396094247506	raw	2872
A	-30	1	1866	0.93938368373	norm	2872
T	-30	1	1781	0.378051369136	raw	2872
T	-30	1	1781	0.928289585879	norm	2872
G	-30	1	553	0.117384843982	raw	2872
G	-30	1	553	1.28876929885	norm	2872
C	-30	1	511	0.108469539376	raw	2872
C	-30	1	511	1.35573489992	norm	2872
T	-29	1	1905	0.40437274464	raw	2872
T	-29	1	1905	0.992920640707	norm	2872
A	-29	1	1807	0.383570367226	raw	2872
A	-29	1	1807	0.90968184164	norm	2872
C	-29	1	515	0.109318616005	raw	2872
C	-29	1	515	1.36634730618	norm	2872
G	-29	1	484	0.102738272129	raw	2872
G	-29	1	484	1.12796444963	norm	2872
T	-28	1	1854	0.393547017618	raw	2872
T	-28	1	1854	0.966338513318	norm	2872
A	-28	1	1844	0.391424326045	raw	2872
A	-28	1	1844	0.928308420578	norm	2872
C	-28	1	560	0.118870728083	raw	2872
C	-28	1	560	1.48573687662	norm	2872
G	-28	1	453	0.096157928253	raw	2872
G	-28	1	453	1.05571879273	norm	2872
A	-27	1	1853	0.393334748461	raw	2872
A	-27	1	1853	0.932839210049	norm	2872
T	-27	1	1755	0.372532371046	raw	2872
T	-27	1	1755	0.914737913092	norm	2872
C	-27	1	584	0.123965187858	raw	2872
C	-27	1	584	1.54941131419	norm	2872
G	-27	1	519	0.110167692634	raw	2872
G	-27	1	519	1.20953212677	norm	2872
T	-26	1	1897	0.402674591382	raw	2872
T	-26	1	1897	0.988750895234	norm	2872
A	-26	1	1772	0.37614094672	raw	2872
A	-26	1	1772	0.892062104807	norm	2872
C	-26	1	554	0.117597113139	raw	2872
C	-26	1	554	1.46981826723	norm	2872
G	-26	1	488	0.103587348758	raw	2872
G	-26	1	488	1.13728646987	norm	2872
A	-25	1	1908	0.405009552112	raw	2872
A	-25	1	1908	0.96052736793	norm	2872
T	-25	1	1779	0.377626830821	raw	2872
T	-25	1	1779	0.927247149511	norm	2872
C	-25	1	547	0.116111229038	raw	2872
C	-25	1	547	1.45124655627	norm	2872
G	-25	1	477	0.101252388028	raw	2872
G	-25	1	477	1.1116509142	norm	2872
A	-24	1	1827	0.387815750371	raw	2872
A	-24	1	1827	0.919750262687	norm	2872
T	-24	1	1718	0.364678412227	raw	2872
T	-24	1	1718	0.895452840281	norm	2872
C	-24	1	597	0.126724686903	raw	2872
C	-24	1	597	1.58390163454	norm	2872
G	-24	1	569	0.120781150499	raw	2872
G	-24	1	569	1.32605737983	norm	2872
T	-23	1	1913	0.406070897899	raw	2872
T	-23	1	1913	0.99709038618	norm	2872
A	-23	1	1785	0.378900445765	raw	2872
A	-23	1	1785	0.898606578488	norm	2872
C	-23	1	536	0.113776268308	raw	2872
C	-23	1	536	1.42206243905	norm	2872
G	-23	1	477	0.101252388028	raw	2872
G	-23	1	477	1.1116509142	norm	2872
T	-22	1	1839	0.390362980259	raw	2872
T	-22	1	1839	0.958520240557	norm	2872
A	-22	1	1762	0.374018255148	raw	2872
A	-22	1	1762	0.887027894283	norm	2872
C	-22	1	599	0.127149225218	raw	2872
C	-22	1	599	1.58920783767	norm	2872
G	-22	1	511	0.108469539376	raw	2872
G	-22	1	511	1.19088808628	norm	2872
T	-21	1	1814	0.385056251327	raw	2872
T	-21	1	1814	0.945489785954	norm	2872
A	-21	1	1674	0.355338569306	raw	2872
A	-21	1	1674	0.842726841674	norm	2872
C	-21	1	661	0.14030991297	raw	2872
C	-21	1	661	1.75370013473	norm	2872
G	-21	1	562	0.119295266398	raw	2872
G	-21	1	562	1.3097438444	norm	2872
A	-20	1	1871	0.397155593292	raw	2872
A	-20	1	1871	0.941900788992	norm	2872
T	-20	1	1724	0.36595202717	raw	2872
T	-20	1	1724	0.898580149385	norm	2872
C	-20	1	564	0.119719804712	raw	2872
C	-20	1	564	1.49634928288	norm	2872
G	-20	1	552	0.117172574825	raw	2872
G	-20	1	552	1.28643879379	norm	2872
A	-19	1	1830	0.388452557843	raw	2872
A	-19	1	1830	0.921260525844	norm	2872
T	-19	1	1747	0.370834217788	raw	2872
T	-19	1	1747	0.91056816762	norm	2872
C	-19	1	621	0.131819146678	raw	2872
C	-19	1	621	1.64757607211	norm	2872
G	-19	1	513	0.108894077691	raw	2872
G	-19	1	513	1.1955490964	norm	2872
T	-18	1	1821	0.386542135428	raw	2872
T	-18	1	1821	0.949138313243	norm	2872
A	-18	1	1668	0.354064954362	raw	2872
A	-18	1	1668	0.83970631536	norm	2872
C	-18	1	639	0.135639991509	raw	2872
C	-18	1	639	1.69533190029	norm	2872
G	-18	1	583	0.123752918701	raw	2872
G	-18	1	583	1.35868445069	norm	2872
A	-17	1	1785	0.378900445765	raw	2872
A	-17	1	1785	0.898606578488	norm	2872
T	-17	1	1726	0.366376565485	raw	2872
T	-17	1	1726	0.899622585754	norm	2872
C	-17	1	603	0.127998301847	raw	2872
C	-17	1	603	1.59982024393	norm	2872
G	-17	1	597	0.126724686903	raw	2872
G	-17	1	597	1.39131152155	norm	2872
T	-16	1	1837	0.389938441944	raw	2872
T	-16	1	1837	0.957477804189	norm	2872
A	-16	1	1701	0.361069836553	raw	2872
A	-16	1	1701	0.856319210088	norm	2872
C	-16	1	610	0.129484185948	raw	2872
C	-16	1	610	1.61839195489	norm	2872
G	-16	1	563	0.119507535555	raw	2872
G	-16	1	563	1.31207434947	norm	2872
T	-15	1	1767	0.375079600934	raw	2872
T	-15	1	1767	0.920992531302	norm	2872
A	-15	1	1699	0.360645298238	raw	2872
A	-15	1	1699	0.855312367983	norm	2872
C	-15	1	624	0.13245595415	raw	2872
C	-15	1	624	1.65553537681	norm	2872
G	-15	1	621	0.131819146678	raw	2872
G	-15	1	621	1.44724364302	norm	2872
A	-14	1	1804	0.382933559754	raw	2872
A	-14	1	1804	0.908171578483	norm	2872
T	-14	1	1745	0.370409679474	raw	2872
T	-14	1	1745	0.909525731251	norm	2872
C	-14	1	608	0.129059647633	raw	2872
C	-14	1	608	1.61308575176	norm	2872
G	-14	1	554	0.117597113139	raw	2872
G	-14	1	554	1.29109980391	norm	2872
A	-13	1	1819	0.386117597113	raw	2872
A	-13	1	1819	0.915722894268	norm	2872
T	-13	1	1691	0.35894714498	raw	2872
T	-13	1	1691	0.88137994931	norm	2872
C	-13	1	641	0.136064529824	raw	2872
C	-13	1	641	1.70063810342	norm	2872
G	-13	1	560	0.118870728083	raw	2872
G	-13	1	560	1.30508283428	norm	2872
T	-12	1	1745	0.370409679474	raw	2872
T	-12	1	1745	0.909525731251	norm	2872
A	-12	1	1662	0.352791339418	raw	2872
A	-12	1	1662	0.836685789046	norm	2872
C	-12	1	707	0.150074294205	raw	2872
C	-12	1	707	1.87574280673	norm	2872
G	-12	1	597	0.126724686903	raw	2872
G	-12	1	597	1.39131152155	norm	2872
T	-11	1	1789	0.379749522394	raw	2872
T	-11	1	1789	0.932459331352	norm	2872
A	-11	1	1747	0.370834217788	raw	2872
A	-11	1	1747	0.879476578497	norm	2872
C	-11	1	620	0.131606877521	raw	2872
C	-11	1	620	1.64492297054	norm	2872
G	-11	1	555	0.117809382297	raw	2872
G	-11	1	555	1.29343030898	norm	2872
T	-10	1	1851	0.392910210146	raw	2872
T	-10	1	1851	0.964774858766	norm	2872
A	-10	1	1707	0.362343451496	raw	2872
A	-10	1	1707	0.859339736402	norm	2872
C	-10	1	617	0.130970070049	raw	2872
C	-10	1	617	1.63696366585	norm	2872
G	-10	1	536	0.113776268308	raw	2872
G	-10	1	536	1.24915071281	norm	2872
T	-9	1	1746	0.370621948631	raw	2872
T	-9	1	1746	0.910046949436	norm	2872
A	-9	1	1711	0.363192528126	raw	2872
A	-9	1	1711	0.861353420612	norm	2872
C	-9	1	627	0.133092761622	raw	2872
C	-9	1	627	1.6634946815	norm	2872
G	-9	1	627	0.133092761622	raw	2872
G	-9	1	627	1.46122667338	norm	2872
T	-8	1	1798	0.38165994481	raw	2872
T	-8	1	1798	0.937150295009	norm	2872
A	-8	1	1692	0.359159414137	raw	2872
A	-8	1	1692	0.851788420617	norm	2872
C	-8	1	619	0.131394608363	raw	2872
C	-8	1	619	1.64226986898	norm	2872
G	-8	1	602	0.127786032689	raw	2872
G	-8	1	602	1.40296404685	norm	2872
T	-7	1	1809	0.38399490554	raw	2872
T	-7	1	1809	0.942883695034	norm	2872
A	-7	1	1567	0.332625769476	raw	2872
A	-7	1	1567	0.78886078907	norm	2872
C	-7	1	707	0.150074294205	raw	2872
C	-7	1	707	1.87574280673	norm	2872
G	-7	1	628	0.133305030779	raw	2872
G	-7	1	628	1.46355717844	norm	2872
T	-6	1	1720	0.365102950541	raw	2872
T	-6	1	1720	0.896495276649	norm	2872
A	-6	1	1570	0.333262576948	raw	2872
A	-6	1	1570	0.790371052227	norm	2872
G	-6	1	724	0.153682869879	raw	2872
G	-6	1	724	1.68728566432	norm	2872
C	-6	1	697	0.147951602632	raw	2872
C	-6	1	697	1.84921179108	norm	2872
T	-5	1	1756	0.372744640204	raw	2872
T	-5	1	1756	0.915259131277	norm	2872
A	-5	1	1674	0.355338569306	raw	2872
A	-5	1	1674	0.842726841674	norm	2872
C	-5	1	658	0.139673105498	raw	2872
C	-5	1	658	1.74574083003	norm	2872
G	-5	1	623	0.132243684993	raw	2872
G	-5	1	623	1.45190465314	norm	2872
A	-4	1	1735	0.368286987901	raw	2872
A	-4	1	1735	0.873435525869	norm	2872
T	-4	1	1730	0.367225642114	raw	2872
T	-4	1	1730	0.90170745849	norm	2872
C	-4	1	708	0.150286563362	raw	2872
C	-4	1	708	1.8783959083	norm	2872
G	-4	1	538	0.114200806623	raw	2872
G	-4	1	538	1.25381172294	norm	2872
A	-3	1	1697	0.360220759924	raw	2872
A	-3	1	1697	0.854305525879	norm	2872
T	-3	1	1652	0.350668647845	raw	2872
T	-3	1	1652	0.86105244013	norm	2872
C	-3	1	715	0.151772447463	raw	2872
C	-3	1	715	1.89696761926	norm	2872
G	-3	1	647	0.137338144768	raw	2872
G	-3	1	647	1.50783677461	norm	2872
T	-2	1	2001	0.42475058374	raw	2872
T	-2	1	2001	1.04295758638	norm	2872
A	-2	1	1468	0.311611122904	raw	2872
A	-2	1	1468	0.739022104885	norm	2872
C	-2	1	704	0.149437486733	raw	2872
C	-2	1	704	1.86778350204	norm	2872
G	-2	1	538	0.114200806623	raw	2872
G	-2	1	538	1.25381172294	norm	2872
T	-1	1	1841	0.390787518574	raw	2872
T	-1	1	1841	0.959562676925	norm	2872
A	-1	1	1571	0.333474846105	raw	2872
A	-1	1	1571	0.79087447328	norm	2872
C	-1	1	750	0.159201867969	raw	2872
C	-1	1	750	1.98982617405	norm	2872
G	-1	1	549	0.116535767353	raw	2872
G	-1	1	549	1.27944727861	norm	2872
C	0	1	2282	0.484398216939	raw	2872
C	0	1	2282	6.05437777223	norm	2872
A	0	1	1290	0.273827212906	raw	2872
A	0	1	1290	0.649413157562	norm	2872
G	0	1	609	0.12927191679	raw	2872
G	0	1	609	1.41927758228	norm	2872
T	0	1	530	0.112502653364	raw	2872
T	0	1	530	0.276245637572	norm	2872
A	1	1	2081	0.441732116323	raw	2872
A	1	1	2081	1.04761920999	norm	2872
T	1	1	1642	0.348545956273	raw	2872
T	1	1	1642	0.855840258289	norm	2872
C	1	1	689	0.146253449374	raw	2872
C	1	1	689	1.82798697856	norm	2872
G	1	1	299	0.0634684780301	raw	2872
G	1	1	299	0.696821013304	norm	2872
T	2	1	1638	0.347696879643	raw	2872
T	2	1	1638	0.853755385553	norm	2872
A	2	1	1616	0.343026958183	raw	2872
A	2	1	1616	0.813528420636	norm	2872
C	2	1	770	0.163447251114	raw	2872
C	2	1	770	2.04288820535	norm	2872
G	2	1	687	0.145828911059	raw	2872
G	2	1	687	1.60105697706	norm	2872
T	3	1	1876	0.398216939079	raw	2872
T	3	1	1876	0.977805313368	norm	2872
A	3	1	1449	0.307578008915	raw	2872
A	3	1	1449	0.72945710489	norm	2872
G	3	1	760	0.161324559541	raw	2872
G	3	1	760	1.77118384653	norm	2872
C	3	1	626	0.132880492464	raw	2872
C	3	1	626	1.66084157994	norm	2872
A	4	1	1707	0.362343451496	raw	2872
A	4	1	1707	0.859339736402	norm	2872
T	4	1	1623	0.344512842284	raw	2872
T	4	1	1623	0.845937112791	norm	2872
G	4	1	750	0.159201867969	raw	2872
G	4	1	750	1.74787879591	norm	2872
C	4	1	631	0.133941838251	raw	2872
C	4	1	631	1.67410708776	norm	2872
A	5	1	1677	0.355975376778	raw	2872
A	5	1	1677	0.844237104831	norm	2872
T	5	1	1508	0.320101889195	raw	2872
T	5	1	1508	0.78599702162	norm	2872
C	5	1	769	0.163234981957	raw	2872
C	5	1	769	2.04023510379	norm	2872
G	5	1	757	0.16068775207	raw	2872
G	5	1	757	1.76419233134	norm	2872
T	6	1	1614	0.342602419868	raw	2872
T	6	1	1614	0.841246149135	norm	2872
A	6	1	1410	0.299299511781	raw	2872
A	6	1	1410	0.709823683847	norm	2872
C	6	1	897	0.19040543409	raw	2872
C	6	1	897	2.37983210416	norm	2872
G	6	1	790	0.16769263426	raw	2872
G	6	1	790	1.84109899836	norm	2872
T	7	1	1734	0.368074718743	raw	2872
T	7	1	1734	0.903792331226	norm	2872
A	7	1	1499	0.31819146678	raw	2872
A	7	1	1499	0.754628157509	norm	2872
C	7	1	779	0.16535767353	raw	2872
C	7	1	779	2.06676611944	norm	2872
G	7	1	699	0.148376140947	raw	2872
G	7	1	699	1.62902303779	norm	2872
T	8	1	1744	0.370197410316	raw	2872
T	8	1	1744	0.909004513067	norm	2872
A	8	1	1490	0.316281044364	raw	2872
A	8	1	1490	0.750097368037	norm	2872
C	8	1	764	0.162173636171	raw	2872
C	8	1	764	2.02696959596	norm	2872
G	8	1	713	0.151347909149	raw	2872
G	8	1	713	1.66165010865	norm	2872
T	9	1	1700	0.360857567395	raw	2872
T	9	1	1700	0.886070912967	norm	2872
A	9	1	1528	0.324347272341	raw	2872
A	9	1	1528	0.769227368027	norm	2872
G	9	1	798	0.169390787519	raw	2872
G	9	1	798	1.85974303885	norm	2872
C	9	1	685	0.145404372745	raw	2872
C	9	1	685	1.81737457229	norm	2872
T	10	1	1672	0.354914030991	raw	2872
T	10	1	1672	0.871476803812	norm	2872
A	10	1	1551	0.329229462959	raw	2872
A	10	1	1551	0.780806052232	norm	2872
G	10	1	764	0.162173636171	raw	2872
G	10	1	764	1.78050586677	norm	2872
C	10	1	724	0.153682869879	raw	2872
C	10	1	724	1.92084553335	norm	2872
T	11	1	1570	0.333262576948	raw	2872
T	11	1	1570	0.818312549034	norm	2872
A	11	1	1567	0.332625769476	raw	2872
A	11	1	1567	0.78886078907	norm	2872
G	11	1	794	0.168541710889	raw	2872
G	11	1	794	1.85042101861	norm	2872
C	11	1	780	0.165569942687	raw	2872
C	11	1	780	2.06941922101	norm	2872
T	12	1	1700	0.360857567395	raw	2872
T	12	1	1700	0.886070912967	norm	2872
A	12	1	1493	0.316917851836	raw	2872
A	12	1	1493	0.751607631194	norm	2872
C	12	1	784	0.166419019316	raw	2872
C	12	1	784	2.08003162727	norm	2872
G	12	1	734	0.155805561452	raw	2872
G	12	1	734	1.71059071493	norm	2872
T	13	1	1746	0.370621948631	raw	2872
T	13	1	1746	0.910046949436	norm	2872
A	13	1	1471	0.312247930376	raw	2872
A	13	1	1471	0.740532368042	norm	2872
G	13	1	791	0.167904903418	raw	2872
G	13	1	791	1.84342950342	norm	2872
C	13	1	703	0.149225217576	raw	2872
C	13	1	703	1.86513040047	norm	2872
T	14	1	1653	0.350880917003	raw	2872
T	14	1	1653	0.861573658314	norm	2872
A	14	1	1541	0.327106771386	raw	2872
A	14	1	1541	0.775771841708	norm	2872
C	14	1	775	0.164508596901	raw	2872
C	14	1	775	2.05615371318	norm	2872
G	14	1	742	0.15750371471	raw	2872
G	14	1	742	1.72923475542	norm	2872
T	15	1	1618	0.343451496498	raw	2872
T	15	1	1618	0.843331021871	norm	2872
A	15	1	1509	0.320314158353	raw	2872
A	15	1	1509	0.759662368032	norm	2872
C	15	1	809	0.171725748249	raw	2872
C	15	1	809	2.1463591664	norm	2872
G	15	1	775	0.164508596901	raw	2872
G	15	1	775	1.80614142244	norm	2872
T	16	1	1617	0.34323922734	raw	2872
T	16	1	1617	0.842809803687	norm	2872
A	16	1	1359	0.288473784759	raw	2872
A	16	1	1359	0.684149210176	norm	2872
G	16	1	944	0.200382084483	raw	2872
G	16	1	944	2.19999677779	norm	2872
C	16	1	791	0.167904903418	raw	2872
C	16	1	791	2.09860333823	norm	2872
T	17	1	1739	0.36913606453	raw	2872
T	17	1	1739	0.906398422147	norm	2872
A	17	1	1496	0.317554659308	raw	2872
A	17	1	1496	0.753117894351	norm	2872
C	17	1	739	0.156866907238	raw	2872
C	17	1	739	1.96064205683	norm	2872
G	17	1	737	0.156442368924	raw	2872
G	17	1	737	1.71758223012	norm	2872
T	18	1	1588	0.337083421779	raw	2872
T	18	1	1588	0.827694476348	norm	2872
A	18	1	1544	0.327743578858	raw	2872
A	18	1	1544	0.777282104865	norm	2872
C	18	1	822	0.174485247294	raw	2872
C	18	1	822	2.18084948675	norm	2872
G	18	1	757	0.16068775207	raw	2872
G	18	1	757	1.76419233134	norm	2872
T	19	1	1692	0.359159414137	raw	2872
T	19	1	1692	0.881901167494	norm	2872
A	19	1	1541	0.327106771386	raw	2872
A	19	1	1541	0.775771841708	norm	2872
C	19	1	801	0.17002759499	raw	2872
C	19	1	801	2.12513435388	norm	2872
G	19	1	677	0.143706219486	raw	2872
G	19	1	677	1.57775192644	norm	2872
T	20	1	1754	0.372320101889	raw	2872
T	20	1	1754	0.914216694908	norm	2872
A	20	1	1495	0.317342390151	raw	2872
A	20	1	1495	0.752614473299	norm	2872
C	20	1	799	0.169603056676	raw	2872
C	20	1	799	2.11982815075	norm	2872
G	20	1	663	0.140734451284	raw	2872
G	20	1	663	1.54512485559	norm	2872
T	21	1	1625	0.344937380599	raw	2872
T	21	1	1625	0.84697954916	norm	2872
A	21	1	1586	0.336658883464	raw	2872
A	21	1	1586	0.798425789065	norm	2872
C	21	1	755	0.160263213755	raw	2872
C	21	1	755	2.00309168187	norm	2872
G	21	1	745	0.158140522182	raw	2872
G	21	1	745	1.73622627061	norm	2872
T	22	1	1680	0.35661218425	raw	2872
T	22	1	1680	0.875646549285	norm	2872
A	22	1	1515	0.321587773297	raw	2872
A	22	1	1515	0.762682894347	norm	2872
C	22	1	780	0.165569942687	raw	2872
C	22	1	780	2.06941922101	norm	2872
G	22	1	736	0.156230099767	raw	2872
G	22	1	736	1.71525172506	norm	2872
T	23	1	1839	0.390362980259	raw	2872
T	23	1	1839	0.958520240557	norm	2872
A	23	1	1428	0.303120356612	raw	2872
A	23	1	1428	0.71888526279	norm	2872
C	23	1	763	0.161961367013	raw	2872
C	23	1	763	2.0243164944	norm	2872
G	23	1	681	0.144555296115	raw	2872
G	23	1	681	1.58707394669	norm	2872
T	24	1	1644	0.348970494587	raw	2872
T	24	1	1644	0.856882694658	norm	2872
A	24	1	1495	0.317342390151	raw	2872
A	24	1	1495	0.752614473299	norm	2872
C	24	1	799	0.169603056676	raw	2872
C	24	1	799	2.11982815075	norm	2872
G	24	1	773	0.164084058586	raw	2872
G	24	1	773	1.80148041232	norm	2872
A	25	1	1651	0.350456378688	raw	2872
A	25	1	1651	0.831148157469	norm	2872
T	25	1	1583	0.336022075992	raw	2872
T	25	1	1583	0.825088385428	norm	2872
C	25	1	740	0.157079176396	raw	2872
C	25	1	740	1.96329515839	norm	2872
G	25	1	737	0.156442368924	raw	2872
G	25	1	737	1.71758223012	norm	2872
T	26	1	1744	0.370197410316	raw	2872
T	26	1	1744	0.909004513067	norm	2872
A	26	1	1512	0.320950965825	raw	2872
A	26	1	1512	0.761172631189	norm	2872
C	26	1	774	0.164296327744	raw	2872
C	26	1	774	2.05350061162	norm	2872
G	26	1	681	0.144555296115	raw	2872
G	26	1	681	1.58707394669	norm	2872
T	27	1	1625	0.344937380599	raw	2872
T	27	1	1625	0.84697954916	norm	2872
A	27	1	1588	0.337083421779	raw	2872
A	27	1	1588	0.79943263117	norm	2872
G	27	1	787	0.167055826788	raw	2872
G	27	1	787	1.83410748318	norm	2872
C	27	1	711	0.150923370834	raw	2872
C	27	1	711	1.886355213	norm	2872
T	28	1	1722	0.365527488856	raw	2872
T	28	1	1722	0.897537713017	norm	2872
A	28	1	1589	0.337295690936	raw	2872
A	28	1	1589	0.799936052222	norm	2872
G	28	1	753	0.15983867544	raw	2872
G	28	1	753	1.7548703111	norm	2872
C	28	1	647	0.137338144768	raw	2872
C	28	1	647	1.71655671281	norm	2872
T	29	1	1701	0.361069836553	raw	2872
T	29	1	1701	0.886592131151	norm	2872
A	29	1	1543	0.327531309701	raw	2872
A	29	1	1543	0.776778683813	norm	2872
G	29	1	757	0.16068775207	raw	2872
G	29	1	757	1.76419233134	norm	2872
C	29	1	710	0.150711101677	raw	2872
C	29	1	710	1.88370211143	norm	2872
T	30	1	1796	0.381235406495	raw	2872
T	30	1	1796	0.93610785864	norm	2872
A	30	1	1553	0.329654001274	raw	2872
A	30	1	1553	0.781812894337	norm	2872
G	30	1	689	0.146253449374	raw	2872
G	30	1	689	1.60571798718	norm	2872
C	30	1	673	0.142857142857	raw	2872
C	30	1	673	1.78553735351	norm	2872
T	31	1	1749	0.371258756103	raw	2872
T	31	1	1749	0.911610603988	norm	2872
A	31	1	1600	0.339630651666	raw	2872
A	31	1	1600	0.805473683798	norm	2872
G	31	1	691	0.146677987688	raw	2872
G	31	1	691	1.6103789973	norm	2872
C	31	1	671	0.142432604543	raw	2872
C	31	1	671	1.78023115038	norm	2872
T	32	1	1682	0.357036722564	raw	2872
T	32	1	1682	0.876688985653	norm	2872
A	32	1	1645	0.349182763744	raw	2872
A	32	1	1645	0.828127631155	norm	2872
C	32	1	727	0.154319677351	raw	2872
C	32	1	727	1.92880483804	norm	2872
G	32	1	657	0.13946083634	raw	2872
G	32	1	657	1.53114182522	norm	2872
T	33	1	1816	0.385480789641	raw	2872
T	33	1	1816	0.946532222322	norm	2872
A	33	1	1495	0.317342390151	raw	2872
A	33	1	1495	0.752614473299	norm	2872
C	33	1	710	0.150711101677	raw	2872
C	33	1	710	1.88370211143	norm	2872
G	33	1	690	0.146465718531	raw	2872
G	33	1	690	1.60804849224	norm	2872
T	34	1	1728	0.3668011038	raw	2872
T	34	1	1728	0.900665022122	norm	2872
A	34	1	1596	0.338781575037	raw	2872
A	34	1	1596	0.803459999589	norm	2872
G	34	1	701	0.148800679261	raw	2872
G	34	1	701	1.63368404791	norm	2872
C	34	1	686	0.145616641902	raw	2872
C	34	1	686	1.82002767386	norm	2872
T	35	1	1803	0.382721290596	raw	2872
T	35	1	1803	0.939756385929	norm	2872
A	35	1	1536	0.3260454256	raw	2872
A	35	1	1536	0.773254736446	norm	2872
G	35	1	692	0.146890256846	raw	2872
G	35	1	692	1.61270950236	norm	2872
C	35	1	680	0.144343026958	raw	2872
C	35	1	680	1.80410906447	norm	2872
T	36	1	1802	0.382509021439	raw	2872
T	36	1	1802	0.939235167745	norm	2872
A	36	1	1465	0.310974315432	raw	2872
A	36	1	1465	0.737511841728	norm	2872
G	36	1	769	0.163234981957	raw	2872
G	36	1	769	1.79215839208	norm	2872
C	36	1	675	0.143281681172	raw	2872
C	36	1	675	1.79084355664	norm	2872
T	37	1	1732	0.367650180429	raw	2872
T	37	1	1732	0.902749894858	norm	2872
A	37	1	1723	0.365739758013	raw	2872
A	37	1	1723	0.86739447324	norm	2872
C	37	1	651	0.138187221397	raw	2872
C	37	1	651	1.72716911907	norm	2872
G	37	1	605	0.128422840161	raw	2872
G	37	1	605	1.40995556204	norm	2872
T	38	1	1804	0.382933559754	raw	2872
T	38	1	1804	0.940277604113	norm	2872
A	38	1	1618	0.343451496498	raw	2872
A	38	1	1618	0.814535262741	norm	2872
C	38	1	680	0.144343026958	raw	2872
C	38	1	680	1.80410906447	norm	2872
G	38	1	609	0.12927191679	raw	2872
G	38	1	609	1.41927758228	norm	2872
T	39	1	1835	0.38951390363	raw	2872
T	39	1	1835	0.95643536782	norm	2872
A	39	1	1586	0.336658883464	raw	2872
A	39	1	1586	0.798425789065	norm	2872
C	39	1	728	0.154531946508	raw	2872
C	39	1	728	1.93145793961	norm	2872
G	39	1	562	0.119295266398	raw	2872
G	39	1	562	1.3097438444	norm	2872
T	40	1	1931	0.40989174273	raw	2872
T	40	1	1931	1.00647231349	norm	2872
A	40	1	1569	0.33305030779	raw	2872
A	40	1	1569	0.789867631175	norm	2872
C	40	1	610	0.129484185948	raw	2872
C	40	1	610	1.61839195489	norm	2872
G	40	1	601	0.127573763532	raw	2872
G	40	1	601	1.40063354179	norm	2872
T	41	1	1883	0.39970282318	raw	2872
T	41	1	1883	0.981453840657	norm	2872
A	41	1	1657	0.351729993632	raw	2872
A	41	1	1657	0.834168683784	norm	2872
G	41	1	609	0.12927191679	raw	2872
G	41	1	609	1.41927758228	norm	2872
C	41	1	562	0.119295266398	raw	2872
C	41	1	562	1.49104307975	norm	2872
T	42	1	1809	0.38399490554	raw	2872
T	42	1	1809	0.942883695034	norm	2872
A	42	1	1675	0.355550838463	raw	2872
A	42	1	1675	0.843230262726	norm	2872
G	42	1	639	0.135639991509	raw	2872
G	42	1	639	1.48919273412	norm	2872
C	42	1	588	0.124814264487	raw	2872
C	42	1	588	1.56002372045	norm	2872
T	43	1	1852	0.393122479304	raw	2872
T	43	1	1852	0.96529607695	norm	2872
A	43	1	1760	0.373593716833	raw	2872
A	43	1	1760	0.886021052178	norm	2872
G	43	1	554	0.117597113139	raw	2872
G	43	1	554	1.29109980391	norm	2872
C	43	1	545	0.115686690724	raw	2872
C	43	1	545	1.44594035314	norm	2872
T	44	1	1895	0.402250053067	raw	2872
T	44	1	1895	0.987708458866	norm	2872
A	44	1	1694	0.359583952452	raw	2872
A	44	1	1694	0.852795262722	norm	2872
C	44	1	575	0.122054765443	raw	2872
C	44	1	575	1.5255334001	norm	2872
G	44	1	547	0.116111229038	raw	2872
G	44	1	547	1.27478626849	norm	2872
T	45	1	1882	0.399490554023	raw	2872
T	45	1	1882	0.980932622473	norm	2872
A	45	1	1698	0.360433029081	raw	2872
A	45	1	1698	0.854808946931	norm	2872
C	45	1	575	0.122054765443	raw	2872
C	45	1	575	1.5255334001	norm	2872
G	45	1	556	0.118021651454	raw	2872
G	45	1	556	1.29576081404	norm	2872
T	46	1	1899	0.403099129696	raw	2872
T	46	1	1899	0.989793331603	norm	2872
A	46	1	1774	0.376565485035	raw	2872
A	46	1	1774	0.893068946911	norm	2872
G	46	1	530	0.112502653364	raw	2872
G	46	1	530	1.23516768245	norm	2872
C	46	1	508	0.107832731904	raw	2872
C	46	1	508	1.34777559522	norm	2872
T	47	1	1899	0.403099129696	raw	2872
T	47	1	1899	0.989793331603	norm	2872
A	47	1	1741	0.369560602844	raw	2872
A	47	1	1741	0.876456052183	norm	2872
G	47	1	565	0.11993207387	raw	2872
G	47	1	565	1.31673535959	norm	2872
C	47	1	506	0.107408193589	raw	2872
C	47	1	506	1.34246939209	norm	2872
T	48	1	1879	0.398853746551	raw	2872
T	48	1	1879	0.979368967921	norm	2872
A	48	1	1728	0.3668011038	raw	2872
A	48	1	1728	0.869911578502	norm	2872
G	48	1	610	0.129484185948	raw	2872
G	48	1	610	1.42160808734	norm	2872
C	48	1	494	0.104860963702	raw	2872
C	48	1	494	1.3106321733	norm	2872
T	49	1	1884	0.399915092337	raw	2872
T	49	1	1884	0.981975058841	norm	2872
A	49	1	1751	0.371683294417	raw	2872
A	49	1	1751	0.881490262707	norm	2872
G	49	1	549	0.116535767353	raw	2872
G	49	1	549	1.27944727861	norm	2872
C	49	1	527	0.111865845893	raw	2872
C	49	1	527	1.39818452496	norm	2872
T	50	1	1855	0.393759286776	raw	2872
T	50	1	1855	0.966859731502	norm	2872
A	50	1	1777	0.377202292507	raw	2872
A	50	1	1777	0.894579210069	norm	2872
C	50	1	575	0.122054765443	raw	2872
C	50	1	575	1.5255334001	norm	2872
G	50	1	504	0.106983655275	raw	2872
G	50	1	504	1.17457455085	norm	2872
T	51	1	1779	0.377626830821	raw	2872
T	51	1	1779	0.927247149511	norm	2872
A	51	1	1772	0.37614094672	raw	2872
A	51	1	1772	0.892062104807	norm	2872
G	51	1	597	0.126724686903	raw	2872
G	51	1	597	1.39131152155	norm	2872
C	51	1	563	0.119507535555	raw	2872
C	51	1	563	1.49369618132	norm	2872
T	52	1	1880	0.399066015708	raw	2872
T	52	1	1880	0.979890186105	norm	2872
A	52	1	1810	0.384207174698	raw	2872
A	52	1	1810	0.911192104797	norm	2872
C	52	1	530	0.112502653364	raw	2872
C	52	1	530	1.40614382966	norm	2872
G	52	1	491	0.10422415623	raw	2872
G	52	1	491	1.14427798506	norm	2872
T	53	1	1880	0.399066015708	raw	2872
T	53	1	1880	0.979890186105	norm	2872
A	53	1	1798	0.38165994481	raw	2872
A	53	1	1798	0.905151052168	norm	2872
C	53	1	526	0.111653576735	raw	2872
C	53	1	526	1.3955314234	norm	2872
G	53	1	507	0.107620462747	raw	2872
G	53	1	507	1.18156606604	norm	2872
T	54	1	1871	0.397155593292	raw	2872
T	54	1	1871	0.975199222448	norm	2872
A	54	1	1707	0.362343451496	raw	2872
A	54	1	1707	0.859339736402	norm	2872
G	54	1	585	0.124177457015	raw	2872
G	54	1	585	1.36334546081	norm	2872
C	54	1	548	0.116323498196	raw	2872
C	54	1	548	1.45389965784	norm	2872
T	55	1	1949	0.413712587561	raw	2872
T	55	1	1949	1.01585424081	norm	2872
A	55	1	1846	0.39184886436	raw	2872
A	55	1	1846	0.929315262682	norm	2872
C	55	1	483	0.102526002972	raw	2872
C	55	1	483	1.28144805609	norm	2872
G	55	1	433	0.0919125451072	raw	2872
G	55	1	433	1.00910869151	norm	2872
A	56	1	1949	0.413712587561	raw	2872
A	56	1	1949	0.981167631077	norm	2872
T	56	1	1777	0.377202292507	raw	2872
T	56	1	1777	0.926204713143	norm	2872
C	56	1	497	0.105497771174	raw	2872
C	56	1	497	1.318591478	norm	2872
G	56	1	488	0.103587348758	raw	2872
G	56	1	488	1.13728646987	norm	2872
T	57	1	1836	0.389726172787	raw	2872
T	57	1	1836	0.956956586004	norm	2872
A	57	1	1803	0.382721290596	raw	2872
A	57	1	1803	0.90766815743	norm	2872
G	57	1	553	0.117384843982	raw	2872
G	57	1	553	1.28876929885	norm	2872
C	57	1	519	0.110167692634	raw	2872
C	57	1	519	1.37695971244	norm	2872
T	58	1	1959	0.415835279134	raw	2872
T	58	1	1959	1.02106642265	norm	2872
A	58	1	1798	0.38165994481	raw	2872
A	58	1	1798	0.905151052168	norm	2872
C	58	1	480	0.1018891955	raw	2872
C	58	1	480	1.27348875139	norm	2872
G	58	1	474	0.100615580556	raw	2872
G	58	1	474	1.10465939902	norm	2872
T	59	1	1992	0.422840161325	raw	2872
T	59	1	1992	1.03826662272	norm	2872
A	59	1	1802	0.382509021439	raw	2872
A	59	1	1802	0.907164736378	norm	2872
G	59	1	502	0.10655911696	raw	2872
G	59	1	502	1.16991354073	norm	2872
C	59	1	415	0.0880917002759	raw	2872
C	59	1	415	1.10103714964	norm	2872
A	60	1	1865	0.395881978349	raw	2872
A	60	1	1865	0.938880262677	norm	2872
T	60	1	1773	0.376353215878	raw	2872
T	60	1	1773	0.924119840406	norm	2872
G	60	1	561	0.119082997241	raw	2872
G	60	1	561	1.30741333934	norm	2872
C	60	1	512	0.108681808533	raw	2872
C	60	1	512	1.35838800148	norm	2872
T	61	1	1958	0.415623009977	raw	2872
T	61	1	1958	1.02054520446	norm	2872
A	61	1	1809	0.38399490554	raw	2872
A	61	1	1809	0.910688683745	norm	2872
G	61	1	558	0.118446189769	raw	2872
G	61	1	558	1.30042182416	norm	2872
C	61	1	386	0.0819358947145	raw	2872
C	61	1	386	1.02409720424	norm	2872
A	62	1	1929	0.409467204415	raw	2872
A	62	1	1929	0.971099210029	norm	2872
T	62	1	1866	0.396094247506	raw	2872
T	62	1	1866	0.972593131527	norm	2872
G	62	1	510	0.108257270219	raw	2872
G	62	1	510	1.18855758122	norm	2872
C	62	1	406	0.0861812778603	raw	2872
C	62	1	406	1.07715923555	norm	2872
T	63	1	1940	0.411802165145	raw	2872
T	63	1	1940	1.01116327715	norm	2872
A	63	1	1893	0.401825514753	raw	2872
A	63	1	1893	0.952976052144	norm	2872
G	63	1	491	0.10422415623	raw	2872
G	63	1	491	1.14427798506	norm	2872
C	63	1	387	0.0821481638718	raw	2872
C	63	1	387	1.02675030581	norm	2872
T	64	1	1981	0.420505200594	raw	2872
T	64	1	1981	1.0325332227	norm	2872
A	64	1	1915	0.406495436213	raw	2872
A	64	1	1915	0.964051315296	norm	2872
G	64	1	446	0.094672044152	raw	2872
G	64	1	446	1.0394052573	norm	2872
C	64	1	369	0.0783273190405	raw	2872
C	64	1	369	0.97899447763	norm	2872
T	65	1	1963	0.416684355763	raw	2872
T	65	1	1963	1.02315129538	norm	2872
A	65	1	1891	0.401400976438	raw	2872
A	65	1	1891	0.951969210039	norm	2872
G	65	1	437	0.0927616217364	raw	2872
G	65	1	437	1.01843071175	norm	2872
C	65	1	420	0.0891530460624	raw	2872
C	65	1	420	1.11430265747	norm	2872
T	66	1	1988	0.421991084695	raw	2872
T	66	1	1988	1.03618174999	norm	2872
A	66	1	1836	0.389726172787	raw	2872
A	66	1	1836	0.924281052159	norm	2872
G	66	1	447	0.0948843133093	raw	2872
G	66	1	447	1.04173576236	norm	2872
C	66	1	440	0.0933984292082	raw	2872
C	66	1	440	1.16736468877	norm	2872
A	67	1	1969	0.417957970707	raw	2872
A	67	1	1969	0.991236052124	norm	2872
T	67	1	1906	0.404585013797	raw	2872
T	67	1	1906	0.993441858891	norm	2872
G	67	1	434	0.0921248142645	raw	2872
G	67	1	434	1.01143919657	norm	2872
C	67	1	402	0.0853322012312	raw	2872
C	67	1	402	1.06654682929	norm	2872
T	68	1	1910	0.405434090427	raw	2872
T	68	1	1910	0.995526731628	norm	2872
A	68	1	1856	0.393971555933	raw	2872
A	68	1	1856	0.934349473206	norm	2872
G	68	1	482	0.102313733814	raw	2872
G	68	1	482	1.12330343951	norm	2872
C	68	1	463	0.0982806198259	raw	2872
C	68	1	463	1.22838602478	norm	2872
A	69	1	1882	0.399490554023	raw	2872
A	69	1	1882	0.947438420568	norm	2872
T	69	1	1840	0.390575249416	raw	2872
T	69	1	1840	0.959041458741	norm	2872
G	69	1	542	0.115049883252	raw	2872
G	69	1	542	1.26313374318	norm	2872
C	69	1	447	0.0948843133093	raw	2872
C	69	1	447	1.18593639973	norm	2872
T	70	1	1942	0.41222670346	raw	2872
T	70	1	1942	1.01220571352	norm	2872
A	70	1	1927	0.409042666101	raw	2872
A	70	1	1927	0.970092367925	norm	2872
C	70	1	457	0.0970070048822	raw	2872
C	70	1	457	1.21246741539	norm	2872
G	70	1	385	0.0817236255572	raw	2872
G	70	1	385	0.897244448569	norm	2872
T	71	1	1944	0.412651241775	raw	2872
T	71	1	1944	1.01324814989	norm	2872
A	71	1	1934	0.410528550202	raw	2872
A	71	1	1934	0.973616315291	norm	2872
G	71	1	433	0.0919125451072	raw	2872
G	71	1	433	1.00910869151	norm	2872
C	71	1	400	0.0849076629166	raw	2872
C	71	1	400	1.06124062616	norm	2872
T	72	1	2006	0.425811929527	raw	2872
T	72	1	2006	1.0455636773	norm	2872
A	72	1	1889	0.400976438124	raw	2872
A	72	1	1889	0.950962367934	norm	2872
C	72	1	424	0.0900021226916	raw	2872
C	72	1	424	1.12491506373	norm	2872
G	72	1	392	0.0832095096582	raw	2872
G	72	1	392	0.913557983997	norm	2872
A	73	1	1985	0.421354277224	raw	2872
A	73	1	1985	0.999290788962	norm	2872
T	73	1	1933	0.410316281044	raw	2872
T	73	1	1933	1.00751474986	norm	2872
G	73	1	408	0.0866058161749	raw	2872
G	73	1	408	0.950846064977	norm	2872
C	73	1	385	0.0817236255572	raw	2872
C	73	1	385	1.02144410268	norm	2872
T	74	1	1981	0.420505200594	raw	2872
T	74	1	1981	1.0325332227	norm	2872
A	74	1	1932	0.410104011887	raw	2872
A	74	1	1932	0.972609473187	norm	2872
G	74	1	405	0.085969008703	raw	2872
G	74	1	405	0.943854549793	norm	2872
C	74	1	393	0.0834217788155	raw	2872
C	74	1	393	1.0426689152	norm	2872
A	75	1	1934	0.410528550202	raw	2872
A	75	1	1934	0.973616315291	norm	2872
T	75	1	1918	0.407132243685	raw	2872
T	75	1	1918	0.9996964771	norm	2872
G	75	1	452	0.0959456590957	raw	2872
G	75	1	452	1.05338828767	norm	2872
C	75	1	407	0.0863935470176	raw	2872
C	75	1	407	1.07981233712	norm	2872
A	76	1	1975	0.419231585651	raw	2872
A	76	1	1975	0.994256578439	norm	2872
T	76	1	1905	0.40437274464	raw	2872
T	76	1	1905	0.992920640707	norm	2872
G	76	1	456	0.0967947357249	raw	2872
G	76	1	456	1.06271030792	norm	2872
C	76	1	375	0.0796009339843	raw	2872
C	76	1	375	0.994913087023	norm	2872
A	77	1	1900	0.403311398854	raw	2872
A	77	1	1900	0.956499999511	norm	2872
T	77	1	1890	0.401188707281	raw	2872
T	77	1	1890	0.985102367946	norm	2872
C	77	1	477	0.101252388028	raw	2872
C	77	1	477	1.26552944669	norm	2872
G	77	1	444	0.0942475058374	raw	2872
G	77	1	444	1.03474424718	norm	2872
A	78	1	2001	0.42475058374	raw	2872
A	78	1	2001	1.0073455258	norm	2872
T	78	1	1781	0.378051369136	raw	2872
T	78	1	1781	0.928289585879	norm	2872
G	78	1	513	0.108894077691	raw	2872
G	78	1	513	1.1955490964	norm	2872
C	78	1	416	0.0883039694332	raw	2872
C	78	1	416	1.1036902512	norm	2872
A	79	1	1978	0.419868393122	raw	2872
A	79	1	1978	0.995766841596	norm	2872
T	79	1	1964	0.41689662492	raw	2872
T	79	1	1964	1.02367251357	norm	2872
G	79	1	412	0.0874548928041	raw	2872
G	79	1	412	0.960168085222	norm	2872
C	79	1	357	0.075780089153	raw	2872
C	79	1	357	0.947157258846	norm	2872
T	80	1	1942	0.41222670346	raw	2872
T	80	1	1942	1.01220571352	norm	2872
A	80	1	1925	0.408618127786	raw	2872
A	80	1	1925	0.96908552582	norm	2872
C	80	1	424	0.0900021226916	raw	2872
C	80	1	424	1.12491506373	norm	2872
G	80	1	420	0.0891530460624	raw	2872
G	80	1	420	0.978812125712	norm	2872
A	81	1	1941	0.412014434303	raw	2872
A	81	1	1941	0.977140262658	norm	2872
T	81	1	1853	0.393334748461	raw	2872
T	81	1	1853	0.965817295134	norm	2872
G	81	1	487	0.103375079601	raw	2872
G	81	1	487	1.13495596481	norm	2872
C	81	1	430	0.0912757376353	raw	2872
C	81	1	430	1.14083367312	norm	2872
A	82	1	2047	0.434514964976	raw	2872
A	82	1	2047	1.03050289421	norm	2872
T	82	1	1829	0.388240288686	raw	2872
T	82	1	1829	0.953308058716	norm	2872
G	82	1	436	0.0925493525791	raw	2872
G	82	1	436	1.01610020669	norm	2872
C	82	1	399	0.0846953937593	raw	2872
C	82	1	399	1.05858752459	norm	2872
T	83	1	1935	0.410740819359	raw	2872
T	83	1	1935	1.00855718623	norm	2872
A	83	1	1904	0.404160475483	raw	2872
A	83	1	1904	0.95851368372	norm	2872
G	83	1	485	0.102950541286	raw	2872
G	83	1	485	1.13029495469	norm	2872
C	83	1	387	0.0821481638718	raw	2872
C	83	1	387	1.02675030581	norm	2872
T	84	1	1924	0.408405858629	raw	2872
T	84	1	1924	1.00282378621	norm	2872
A	84	1	1849	0.392485671832	raw	2872
A	84	1	1849	0.930825525839	norm	2872
G	84	1	536	0.113776268308	raw	2872
G	84	1	536	1.24915071281	norm	2872
C	84	1	402	0.0853322012312	raw	2872
C	84	1	402	1.06654682929	norm	2872
T	85	1	1956	0.415198471662	raw	2872
T	85	1	1956	1.0195027681	norm	2872
A	85	1	1882	0.399490554023	raw	2872
A	85	1	1882	0.947438420568	norm	2872
G	85	1	520	0.110379961792	raw	2872
G	85	1	520	1.21186263183	norm	2872
C	85	1	353	0.0749310125239	raw	2872
C	85	1	353	0.936544852584	norm	2872
T	86	1	1984	0.421142008066	raw	2872
T	86	1	1984	1.03409687725	norm	2872
A	86	1	1931	0.40989174273	raw	2872
A	86	1	1931	0.972106052134	norm	2872
G	86	1	438	0.0929738908937	raw	2872
G	86	1	438	1.02076121681	norm	2872
C	86	1	358	0.0759923583103	raw	2872
C	86	1	358	0.949810360411	norm	2872
A	87	1	1966	0.417321163235	raw	2872
A	87	1	1966	0.989725788967	norm	2872
T	87	1	1828	0.388028019529	raw	2872
T	87	1	1828	0.952786840532	norm	2872
G	87	1	485	0.102950541286	raw	2872
G	87	1	485	1.13029495469	norm	2872
C	87	1	432	0.0917002759499	raw	2872
C	87	1	432	1.14613987625	norm	2872
A	88	1	1996	0.423689237954	raw	2872
A	88	1	1996	1.00482842054	norm	2872
T	88	1	1914	0.406283167056	raw	2872
T	88	1	1914	0.997611604364	norm	2872
G	88	1	462	0.0980683506686	raw	2872
G	88	1	462	1.07669333828	norm	2872
C	88	1	339	0.0719592443218	raw	2872
C	88	1	339	0.899401430669	norm	2872
T	89	1	1914	0.406283167056	raw	2872
T	89	1	1914	0.997611604364	norm	2872
A	89	1	1895	0.402250053067	raw	2872
A	89	1	1895	0.953982894249	norm	2872
G	89	1	464	0.0984928889832	raw	2872
G	89	1	464	1.08135434841	norm	2872
C	89	1	438	0.0929738908937	raw	2872
C	89	1	438	1.16205848564	norm	2872
T	90	1	1942	0.41222670346	raw	2872
T	90	1	1942	1.01220571352	norm	2872
A	90	1	1837	0.389938441944	raw	2872
A	90	1	1837	0.924784473211	norm	2872
C	90	1	471	0.0999787730843	raw	2872
C	90	1	471	1.2496108373	norm	2872
G	90	1	461	0.0978560815114	raw	2872
G	90	1	461	1.07436283322	norm	2872
T	91	1	2020	0.428783697729	raw	2872
T	91	1	2020	1.05286073188	norm	2872
A	91	1	1903	0.403948206326	raw	2872
A	91	1	1903	0.958010262668	norm	2872
G	91	1	399	0.0846953937593	raw	2872
G	91	1	399	0.929871519426	norm	2872
C	91	1	389	0.0825727021864	raw	2872
C	91	1	389	1.03205650894	norm	2872
A	92	1	2018	0.428359159414	raw	2872
A	92	1	2018	1.01590368369	norm	2872
T	92	1	1874	0.397792400764	raw	2872
T	92	1	1874	0.976762877	norm	2872
G	92	1	411	0.0872426236468	raw	2872
G	92	1	411	0.957837580161	norm	2872
C	92	1	408	0.0866058161749	raw	2872
C	92	1	408	1.08246543868	norm	2872
A	93	1	1880	0.399066015708	raw	2872
A	93	1	1880	0.946431578463	norm	2872
T	93	1	1877	0.398429208236	raw	2872
T	93	1	1877	0.978326531552	norm	2872
G	93	1	486	0.103162810444	raw	2872
G	93	1	486	1.13262545975	norm	2872
C	93	1	468	0.0993419656124	raw	2872
C	93	1	468	1.2416515326	norm	2872
T	94	1	1968	0.41774570155	raw	2872
T	94	1	1968	1.02575738631	norm	2872
A	94	1	1910	0.405434090427	raw	2872
A	94	1	1910	0.961534210034	norm	2872
G	94	1	471	0.0999787730843	raw	2872
G	94	1	471	1.09766788383	norm	2872
C	94	1	362	0.0768414349395	raw	2872
C	94	1	362	0.960422766673	norm	2872
A	95	1	2083	0.442156654638	raw	2872
A	95	1	2083	1.04862605209	norm	2872
T	95	1	1808	0.383782636383	raw	2872
T	95	1	1808	0.94236247685	norm	2872
C	95	1	434	0.0921248142645	raw	2872
C	95	1	434	1.15144607938	norm	2872
G	95	1	386	0.0819358947145	raw	2872
G	95	1	386	0.89957495363	norm	2872
T	96	1	1915	0.406495436213	raw	2872
T	96	1	1915	0.998132822548	norm	2872
A	96	1	1825	0.387391212057	raw	2872
A	96	1	1825	0.918743420583	norm	2872
G	96	1	517	0.10974315432	raw	2872
G	96	1	517	1.20487111665	norm	2872
C	96	1	454	0.0963701974103	raw	2872
C	96	1	454	1.20450811069	norm	2872
A	97	1	1931	0.40989174273	raw	2872
A	97	1	1931	0.972106052134	norm	2872
T	97	1	1855	0.393759286776	raw	2872
T	97	1	1855	0.966859731502	norm	2872
G	97	1	463	0.0982806198259	raw	2872
G	97	1	463	1.07902384334	norm	2872
C	97	1	462	0.0980683506686	raw	2872
C	97	1	462	1.22573292321	norm	2872
A	98	1	1963	0.416684355763	raw	2872
A	98	1	1963	0.98821552581	norm	2872
T	98	1	1939	0.411589895988	raw	2872
T	98	1	1939	1.01064205897	norm	2872
G	98	1	442	0.0938229675228	raw	2872
G	98	1	442	1.03008323706	norm	2872
C	98	1	367	0.077902780726	raw	2872
C	98	1	367	0.9736882745	norm	2872
A	99	1	1983	0.420929738909	raw	2872
A	99	1	1983	0.998283946858	norm	2872
T	99	1	1838	0.390150711102	raw	2872
T	99	1	1838	0.957999022373	norm	2872
G	99	1	454	0.0963701974103	raw	2872
G	99	1	454	1.05804929779	norm	2872
C	99	1	436	0.0925493525791	raw	2872
C	99	1	436	1.15675228251	norm	2872
T	100	1	1950	0.413924856718	raw	2872
T	100	1	1950	1.01637545899	norm	2872
A	100	1	1928	0.409254935258	raw	2872
A	100	1	1928	0.970595788977	norm	2872
G	100	1	461	0.0978560815114	raw	2872
G	100	1	461	1.07436283322	norm	2872
C	100	1	372	0.0789641265124	raw	2872
C	100	1	372	0.986953782327	norm	2872
