#nuc	offset	region.size	count	freq	norm.freq	total.sites
T	-100	1	217	0.324850299401	raw	585
T	-100	1	217	1.05226880671	norm	585
A	-100	1	208	0.311377245509	raw	585
A	-100	1	208	1.00509566818	norm	585
C	-100	1	141	0.211077844311	raw	585
C	-100	1	141	1.10573743212	norm	585
G	-100	1	102	0.152694610778	raw	585
G	-100	1	102	0.801151494905	norm	585
A	-99	1	211	0.315868263473	raw	585
A	-99	1	211	1.01959224031	norm	585
T	-99	1	209	0.312874251497	raw	585
T	-99	1	209	1.01347548665	norm	585
G	-99	1	126	0.188622754491	raw	585
G	-99	1	126	0.989657729	norm	585
C	-99	1	122	0.182634730539	raw	585
C	-99	1	122	0.956737352613	norm	585
T	-98	1	206	0.308383233533	raw	585
T	-98	1	206	0.998927991625	norm	585
A	-98	1	195	0.291916167665	raw	585
A	-98	1	195	0.942277188914	norm	585
G	-98	1	140	0.209580838323	raw	585
G	-98	1	140	1.09961969889	norm	585
C	-98	1	127	0.190119760479	raw	585
C	-98	1	127	0.995947899851	norm	585
T	-97	1	226	0.338323353293	raw	585
T	-97	1	226	1.09591129178	norm	585
A	-97	1	202	0.302395209581	raw	585
A	-97	1	202	0.976102523901	norm	585
C	-97	1	121	0.181137724551	raw	585
C	-97	1	121	0.948895243165	norm	585
G	-97	1	119	0.178143712575	raw	585
G	-97	1	119	0.934676744056	norm	585
T	-96	1	223	0.333832335329	raw	585
T	-96	1	223	1.08136379676	norm	585
A	-96	1	198	0.296407185629	raw	585
A	-96	1	198	0.956773761051	norm	585
C	-96	1	139	0.208083832335	raw	585
C	-96	1	139	1.09005321322	norm	585
G	-96	1	108	0.161676646707	raw	585
G	-96	1	108	0.848278053429	norm	585
T	-95	1	228	0.341317365269	raw	585
T	-95	1	228	1.1056096218	norm	585
A	-95	1	194	0.290419161677	raw	585
A	-95	1	194	0.937444998202	norm	585
C	-95	1	148	0.221556886228	raw	585
C	-95	1	148	1.16063219825	norm	585
G	-95	1	98	0.146706586826	raw	585
G	-95	1	98	0.769733789222	norm	585
A	-94	1	236	0.353293413174	raw	585
A	-94	1	236	1.14039700812	norm	585
T	-94	1	203	0.303892215569	raw	585
T	-94	1	203	0.984380496601	norm	585
C	-94	1	123	0.184131736527	raw	585
C	-94	1	123	0.96457946206	norm	585
G	-94	1	106	0.158682634731	raw	585
G	-94	1	106	0.832569200588	norm	585
T	-93	1	216	0.323353293413	raw	585
T	-93	1	216	1.0474196417	norm	585
A	-93	1	180	0.269461077844	raw	585
A	-93	1	180	0.869794328229	norm	585
C	-93	1	143	0.214071856287	raw	585
C	-93	1	143	1.12142165101	norm	585
G	-93	1	129	0.193113772455	raw	585
G	-93	1	129	1.01322100826	norm	585
A	-92	1	226	0.338323353293	raw	585
A	-92	1	226	1.092075101	norm	585
T	-92	1	207	0.309880239521	raw	585
T	-92	1	207	1.00377715663	norm	585
C	-92	1	138	0.206586826347	raw	585
C	-92	1	138	1.08221110378	norm	585
G	-92	1	97	0.145209580838	raw	585
G	-92	1	97	0.761879362802	norm	585
A	-91	1	215	0.321856287425	raw	585
A	-91	1	215	1.03892100316	norm	585
T	-91	1	209	0.312874251497	raw	585
T	-91	1	209	1.01347548665	norm	585
C	-91	1	125	0.187125748503	raw	585
C	-91	1	125	0.980263680956	norm	585
G	-91	1	119	0.178143712575	raw	585
G	-91	1	119	0.934676744056	norm	585
A	-90	1	226	0.338323353293	raw	585
A	-90	1	226	1.092075101	norm	585
T	-90	1	185	0.276946107784	raw	585
T	-90	1	185	0.897095526459	norm	585
C	-90	1	145	0.217065868263	raw	585
C	-90	1	145	1.13710586991	norm	585
G	-90	1	112	0.167664670659	raw	585
G	-90	1	112	0.879695759111	norm	585
T	-89	1	223	0.333832335329	raw	585
T	-89	1	223	1.08136379676	norm	585
A	-89	1	197	0.294910179641	raw	585
A	-89	1	197	0.951941570339	norm	585
C	-89	1	127	0.190119760479	raw	585
C	-89	1	127	0.995947899851	norm	585
G	-89	1	121	0.181137724551	raw	585
G	-89	1	121	0.950385596897	norm	585
A	-88	1	214	0.320359281437	raw	585
A	-88	1	214	1.03408881245	norm	585
T	-88	1	202	0.302395209581	raw	585
T	-88	1	202	0.979531331593	norm	585
G	-88	1	157	0.23502994012	raw	585
G	-88	1	157	1.23314494804	norm	585
C	-88	1	95	0.142215568862	raw	585
C	-88	1	95	0.745000397526	norm	585
A	-87	1	231	0.345808383234	raw	585
A	-87	1	231	1.11623605456	norm	585
T	-87	1	196	0.293413173653	raw	585
T	-87	1	196	0.950436341546	norm	585
G	-87	1	127	0.190119760479	raw	585
G	-87	1	127	0.997512155421	norm	585
C	-87	1	114	0.170658682635	raw	585
C	-87	1	114	0.894000477032	norm	585
A	-86	1	206	0.308383233533	raw	585
A	-86	1	206	0.99543128675	norm	585
T	-86	1	201	0.300898203593	raw	585
T	-86	1	201	0.974682166585	norm	585
G	-86	1	138	0.206586826347	raw	585
G	-86	1	138	1.08391084605	norm	585
C	-86	1	123	0.184131736527	raw	585
C	-86	1	123	0.96457946206	norm	585
T	-85	1	221	0.330838323353	raw	585
T	-85	1	221	1.07166546674	norm	585
A	-85	1	220	0.329341317365	raw	585
A	-85	1	220	1.06308195672	norm	585
G	-85	1	114	0.170658682635	raw	585
G	-85	1	114	0.895404611953	norm	585
C	-85	1	113	0.169161676647	raw	585
C	-85	1	113	0.886158367584	norm	585
T	-84	1	217	0.324850299401	raw	585
T	-84	1	217	1.05226880671	norm	585
A	-84	1	194	0.290419161677	raw	585
A	-84	1	194	0.937444998202	norm	585
C	-84	1	140	0.209580838323	raw	585
C	-84	1	140	1.09789532267	norm	585
G	-84	1	117	0.175149700599	raw	585
G	-84	1	117	0.918967891215	norm	585
A	-83	1	219	0.327844311377	raw	585
A	-83	1	219	1.05824976601	norm	585
T	-83	1	177	0.26497005988	raw	585
T	-83	1	177	0.858302206396	norm	585
G	-83	1	140	0.209580838323	raw	585
G	-83	1	140	1.09961969889	norm	585
C	-83	1	132	0.197604790419	raw	585
C	-83	1	132	1.03515844709	norm	585
T	-82	1	212	0.317365269461	raw	585
T	-82	1	212	1.02802298167	norm	585
A	-82	1	210	0.314371257485	raw	585
A	-82	1	210	1.0147600496	norm	585
C	-82	1	138	0.206586826347	raw	585
C	-82	1	138	1.08221110378	norm	585
G	-82	1	108	0.161676646707	raw	585
G	-82	1	108	0.848278053429	norm	585
A	-81	1	211	0.315868263473	raw	585
A	-81	1	211	1.01959224031	norm	585
T	-81	1	180	0.269461077844	raw	585
T	-81	1	180	0.87284970142	norm	585
C	-81	1	146	0.218562874251	raw	585
C	-81	1	146	1.14494797936	norm	585
G	-81	1	131	0.196107784431	raw	585
G	-81	1	131	1.0289298611	norm	585
T	-80	1	214	0.320359281437	raw	585
T	-80	1	214	1.03772131169	norm	585
A	-80	1	201	0.300898203593	raw	585
A	-80	1	201	0.971270333189	norm	585
C	-80	1	129	0.193113772455	raw	585
C	-80	1	129	1.01163211875	norm	585
G	-80	1	124	0.185628742515	raw	585
G	-80	1	124	0.973948876159	norm	585
T	-79	1	210	0.314371257485	raw	585
T	-79	1	210	1.01832465166	norm	585
A	-79	1	188	0.281437125749	raw	585
A	-79	1	188	0.908451853928	norm	585
C	-79	1	158	0.236526946108	raw	585
C	-79	1	158	1.23905329273	norm	585
G	-79	1	112	0.167664670659	raw	585
G	-79	1	112	0.879695759111	norm	585
T	-78	1	202	0.302395209581	raw	585
T	-78	1	202	0.979531331593	norm	585
A	-78	1	197	0.294910179641	raw	585
A	-78	1	197	0.951941570339	norm	585
G	-78	1	153	0.229041916168	raw	585
G	-78	1	153	1.20172724236	norm	585
C	-78	1	116	0.173652694611	raw	585
C	-78	1	116	0.909684695927	norm	585
A	-77	1	208	0.311377245509	raw	585
A	-77	1	208	1.00509566818	norm	585
T	-77	1	208	0.311377245509	raw	585
T	-77	1	208	1.00862632164	norm	585
C	-77	1	143	0.214071856287	raw	585
C	-77	1	143	1.12142165101	norm	585
G	-77	1	109	0.163173652695	raw	585
G	-77	1	109	0.856132479849	norm	585
T	-76	1	202	0.302395209581	raw	585
T	-76	1	202	0.979531331593	norm	585
A	-76	1	187	0.27994011976	raw	585
A	-76	1	187	0.903619663215	norm	585
C	-76	1	153	0.229041916168	raw	585
C	-76	1	153	1.19984274549	norm	585
G	-76	1	126	0.188622754491	raw	585
G	-76	1	126	0.989657729	norm	585
A	-75	1	248	0.37125748503	raw	585
A	-75	1	248	1.19838329667	norm	585
T	-75	1	190	0.284431137725	raw	585
T	-75	1	190	0.921341351499	norm	585
C	-75	1	117	0.175149700599	raw	585
C	-75	1	117	0.917526805374	norm	585
G	-75	1	113	0.169161676647	raw	585
G	-75	1	113	0.887550185532	norm	585
A	-74	1	235	0.351796407186	raw	585
A	-74	1	235	1.13556481741	norm	585
T	-74	1	190	0.284431137725	raw	585
T	-74	1	190	0.921341351499	norm	585
G	-74	1	126	0.188622754491	raw	585
G	-74	1	126	0.989657729	norm	585
C	-74	1	117	0.175149700599	raw	585
C	-74	1	117	0.917526805374	norm	585
T	-73	1	237	0.354790419162	raw	585
T	-73	1	237	1.14925210687	norm	585
A	-73	1	191	0.285928143713	raw	585
A	-73	1	191	0.922948426065	norm	585
C	-73	1	134	0.200598802395	raw	585
C	-73	1	134	1.05084266598	norm	585
G	-73	1	106	0.158682634731	raw	585
G	-73	1	106	0.832569200588	norm	585
A	-72	1	241	0.360778443114	raw	585
A	-72	1	241	1.16455796168	norm	585
T	-72	1	194	0.290419161677	raw	585
T	-72	1	194	0.94073801153	norm	585
C	-72	1	126	0.188622754491	raw	585
C	-72	1	126	0.988105790403	norm	585
G	-72	1	107	0.160179640719	raw	585
G	-72	1	107	0.840423627008	norm	585
T	-71	1	218	0.326347305389	raw	585
T	-71	1	218	1.05711797172	norm	585
A	-71	1	203	0.303892215569	raw	585
A	-71	1	203	0.980934714613	norm	585
C	-71	1	131	0.196107784431	raw	585
C	-71	1	131	1.02731633764	norm	585
G	-71	1	116	0.173652694611	raw	585
G	-71	1	116	0.911113464794	norm	585
A	-70	1	235	0.351796407186	raw	585
A	-70	1	235	1.13556481741	norm	585
T	-70	1	177	0.26497005988	raw	585
T	-70	1	177	0.858302206396	norm	585
C	-70	1	156	0.233532934132	raw	585
C	-70	1	156	1.22336907383	norm	585
G	-70	1	100	0.149700598802	raw	585
G	-70	1	100	0.785442642064	norm	585
A	-69	1	201	0.300898203593	raw	585
A	-69	1	201	0.971270333189	norm	585
T	-69	1	195	0.291916167665	raw	585
T	-69	1	195	0.945587176538	norm	585
G	-69	1	137	0.205089820359	raw	585
G	-69	1	137	1.07605641963	norm	585
C	-69	1	135	0.202095808383	raw	585
C	-69	1	135	1.05868477543	norm	585
T	-68	1	199	0.297904191617	raw	585
T	-68	1	199	0.96498383657	norm	585
A	-68	1	196	0.293413173653	raw	585
A	-68	1	196	0.947109379627	norm	585
C	-68	1	154	0.230538922156	raw	585
C	-68	1	154	1.20768485494	norm	585
G	-68	1	119	0.178143712575	raw	585
G	-68	1	119	0.934676744056	norm	585
A	-67	1	211	0.315868263473	raw	585
A	-67	1	211	1.01959224031	norm	585
T	-67	1	189	0.282934131737	raw	585
T	-67	1	189	0.916492186491	norm	585
G	-67	1	143	0.214071856287	raw	585
G	-67	1	143	1.12318297815	norm	585
C	-67	1	125	0.187125748503	raw	585
C	-67	1	125	0.980263680956	norm	585
T	-66	1	208	0.311377245509	raw	585
T	-66	1	208	1.00862632164	norm	585
A	-66	1	199	0.297904191617	raw	585
A	-66	1	199	0.961605951764	norm	585
C	-66	1	151	0.226047904192	raw	585
C	-66	1	151	1.18415852659	norm	585
G	-66	1	110	0.164670658683	raw	585
G	-66	1	110	0.86398690627	norm	585
T	-65	1	241	0.360778443114	raw	585
T	-65	1	241	1.1686487669	norm	585
A	-65	1	191	0.285928143713	raw	585
A	-65	1	191	0.922948426065	norm	585
G	-65	1	124	0.185628742515	raw	585
G	-65	1	124	0.973948876159	norm	585
C	-65	1	112	0.167664670659	raw	585
C	-65	1	112	0.878316258136	norm	585
T	-64	1	238	0.35628742515	raw	585
T	-64	1	238	1.15410127188	norm	585
A	-64	1	200	0.299401197605	raw	585
A	-64	1	200	0.966438142476	norm	585
G	-64	1	116	0.173652694611	raw	585
G	-64	1	116	0.911113464794	norm	585
C	-64	1	114	0.170658682635	raw	585
C	-64	1	114	0.894000477032	norm	585
T	-63	1	256	0.383233532934	raw	585
T	-63	1	256	1.24138624202	norm	585
A	-63	1	211	0.315868263473	raw	585
A	-63	1	211	1.01959224031	norm	585
C	-63	1	110	0.164670658683	raw	585
C	-63	1	110	0.862632039241	norm	585
G	-63	1	91	0.13622754491	raw	585
G	-63	1	91	0.714752804278	norm	585
A	-62	1	214	0.320359281437	raw	585
A	-62	1	214	1.03408881245	norm	585
T	-62	1	179	0.267964071856	raw	585
T	-62	1	179	0.868000536412	norm	585
G	-62	1	141	0.211077844311	raw	585
G	-62	1	141	1.10747412531	norm	585
C	-62	1	134	0.200598802395	raw	585
C	-62	1	134	1.05084266598	norm	585
A	-61	1	232	0.347305389222	raw	585
A	-61	1	232	1.12106824527	norm	585
T	-61	1	225	0.336826347305	raw	585
T	-61	1	225	1.09106212677	norm	585
G	-61	1	125	0.187125748503	raw	585
G	-61	1	125	0.98180330258	norm	585
C	-61	1	86	0.12874251497	raw	585
C	-61	1	86	0.674421412497	norm	585
T	-60	1	215	0.321856287425	raw	585
T	-60	1	215	1.0425704767	norm	585
A	-60	1	190	0.284431137725	raw	585
A	-60	1	190	0.918116235352	norm	585
C	-60	1	146	0.218562874251	raw	585
C	-60	1	146	1.14494797936	norm	585
G	-60	1	117	0.175149700599	raw	585
G	-60	1	117	0.918967891215	norm	585
A	-59	1	223	0.333832335329	raw	585
A	-59	1	223	1.07757852886	norm	585
T	-59	1	207	0.309880239521	raw	585
T	-59	1	207	1.00377715663	norm	585
C	-59	1	127	0.190119760479	raw	585
C	-59	1	127	0.995947899851	norm	585
G	-59	1	111	0.166167664671	raw	585
G	-59	1	111	0.871841332691	norm	585
T	-58	1	222	0.332335329341	raw	585
T	-58	1	222	1.07651463175	norm	585
A	-58	1	215	0.321856287425	raw	585
A	-58	1	215	1.03892100316	norm	585
G	-58	1	123	0.184131736527	raw	585
G	-58	1	123	0.966094449738	norm	585
C	-58	1	108	0.161676646707	raw	585
C	-58	1	108	0.846947820346	norm	585
A	-57	1	202	0.302395209581	raw	585
A	-57	1	202	0.976102523901	norm	585
T	-57	1	192	0.287425149701	raw	585
T	-57	1	192	0.931039681514	norm	585
C	-57	1	150	0.224550898204	raw	585
C	-57	1	150	1.17631641715	norm	585
G	-57	1	124	0.185628742515	raw	585
G	-57	1	124	0.973948876159	norm	585
A	-56	1	211	0.315868263473	raw	585
A	-56	1	211	1.01959224031	norm	585
T	-56	1	191	0.285928143713	raw	585
T	-56	1	191	0.926190516506	norm	585
C	-56	1	154	0.230538922156	raw	585
C	-56	1	154	1.20768485494	norm	585
G	-56	1	112	0.167664670659	raw	585
G	-56	1	112	0.879695759111	norm	585
T	-55	1	215	0.321856287425	raw	585
T	-55	1	215	1.0425704767	norm	585
A	-55	1	158	0.236526946108	raw	585
A	-55	1	158	0.763486132556	norm	585
G	-55	1	151	0.226047904192	raw	585
G	-55	1	151	1.18601838952	norm	585
C	-55	1	144	0.215568862275	raw	585
C	-55	1	144	1.12926376046	norm	585
T	-54	1	217	0.324850299401	raw	585
T	-54	1	217	1.05226880671	norm	585
A	-54	1	173	0.258982035928	raw	585
A	-54	1	173	0.835968993242	norm	585
C	-54	1	147	0.22005988024	raw	585
C	-54	1	147	1.1527900888	norm	585
G	-54	1	131	0.196107784431	raw	585
G	-54	1	131	1.0289298611	norm	585
A	-53	1	221	0.330838323353	raw	585
A	-53	1	221	1.06791414744	norm	585
T	-53	1	206	0.308383233533	raw	585
T	-53	1	206	0.998927991625	norm	585
G	-53	1	131	0.196107784431	raw	585
G	-53	1	131	1.0289298611	norm	585
C	-53	1	110	0.164670658683	raw	585
C	-53	1	110	0.862632039241	norm	585
T	-52	1	215	0.321856287425	raw	585
T	-52	1	215	1.0425704767	norm	585
A	-52	1	198	0.296407185629	raw	585
A	-52	1	198	0.956773761051	norm	585
C	-52	1	137	0.205089820359	raw	585
C	-52	1	137	1.07436899433	norm	585
G	-52	1	118	0.176646706587	raw	585
G	-52	1	118	0.926822317635	norm	585
T	-51	1	229	0.342814371257	raw	585
T	-51	1	229	1.11045878681	norm	585
A	-51	1	215	0.321856287425	raw	585
A	-51	1	215	1.03892100316	norm	585
G	-51	1	132	0.197604790419	raw	585
G	-51	1	132	1.03678428752	norm	585
C	-51	1	92	0.137724550898	raw	585
C	-51	1	92	0.721474069183	norm	585
A	-50	1	219	0.327844311377	raw	585
A	-50	1	219	1.05824976601	norm	585
T	-50	1	195	0.291916167665	raw	585
T	-50	1	195	0.945587176538	norm	585
C	-50	1	144	0.215568862275	raw	585
C	-50	1	144	1.12926376046	norm	585
G	-50	1	110	0.164670658683	raw	585
G	-50	1	110	0.86398690627	norm	585
A	-49	1	220	0.329341317365	raw	585
A	-49	1	220	1.06308195672	norm	585
T	-49	1	200	0.299401197605	raw	585
T	-49	1	200	0.969833001577	norm	585
C	-49	1	124	0.185628742515	raw	585
C	-49	1	124	0.972421571508	norm	585
G	-49	1	124	0.185628742515	raw	585
G	-49	1	124	0.973948876159	norm	585
A	-48	1	207	0.309880239521	raw	585
A	-48	1	207	1.00026347746	norm	585
T	-48	1	198	0.296407185629	raw	585
T	-48	1	198	0.960134671562	norm	585
G	-48	1	139	0.208083832335	raw	585
G	-48	1	139	1.09176527247	norm	585
C	-48	1	124	0.185628742515	raw	585
C	-48	1	124	0.972421571508	norm	585
T	-47	1	218	0.326347305389	raw	585
T	-47	1	218	1.05711797172	norm	585
A	-47	1	195	0.291916167665	raw	585
A	-47	1	195	0.942277188914	norm	585
G	-47	1	129	0.193113772455	raw	585
G	-47	1	129	1.01322100826	norm	585
C	-47	1	126	0.188622754491	raw	585
C	-47	1	126	0.988105790403	norm	585
T	-46	1	218	0.326347305389	raw	585
T	-46	1	218	1.05711797172	norm	585
A	-46	1	203	0.303892215569	raw	585
A	-46	1	203	0.980934714613	norm	585
C	-46	1	140	0.209580838323	raw	585
C	-46	1	140	1.09789532267	norm	585
G	-46	1	107	0.160179640719	raw	585
G	-46	1	107	0.840423627008	norm	585
A	-45	1	211	0.315868263473	raw	585
A	-45	1	211	1.01959224031	norm	585
T	-45	1	203	0.303892215569	raw	585
T	-45	1	203	0.984380496601	norm	585
G	-45	1	142	0.212574850299	raw	585
G	-45	1	142	1.11532855173	norm	585
C	-45	1	112	0.167664670659	raw	585
C	-45	1	112	0.878316258136	norm	585
A	-44	1	202	0.302395209581	raw	585
A	-44	1	202	0.976102523901	norm	585
T	-44	1	199	0.297904191617	raw	585
T	-44	1	199	0.96498383657	norm	585
G	-44	1	146	0.218562874251	raw	585
G	-44	1	146	1.14674625741	norm	585
C	-44	1	121	0.181137724551	raw	585
C	-44	1	121	0.948895243165	norm	585
A	-43	1	216	0.323353293413	raw	585
A	-43	1	216	1.04375319387	norm	585
T	-43	1	213	0.318862275449	raw	585
T	-43	1	213	1.03287214668	norm	585
C	-43	1	127	0.190119760479	raw	585
C	-43	1	127	0.995947899851	norm	585
G	-43	1	112	0.167664670659	raw	585
G	-43	1	112	0.879695759111	norm	585
T	-42	1	213	0.318862275449	raw	585
T	-42	1	213	1.03287214668	norm	585
A	-42	1	193	0.288922155689	raw	585
A	-42	1	193	0.93261280749	norm	585
C	-42	1	131	0.196107784431	raw	585
C	-42	1	131	1.02731633764	norm	585
G	-42	1	131	0.196107784431	raw	585
G	-42	1	131	1.0289298611	norm	585
T	-41	1	261	0.390718562874	raw	585
T	-41	1	261	1.26563206706	norm	585
A	-41	1	184	0.275449101796	raw	585
A	-41	1	184	0.889123091078	norm	585
C	-41	1	117	0.175149700599	raw	585
C	-41	1	117	0.917526805374	norm	585
G	-41	1	106	0.158682634731	raw	585
G	-41	1	106	0.832569200588	norm	585
T	-40	1	242	0.362275449102	raw	585
T	-40	1	242	1.17349793191	norm	585
A	-40	1	174	0.260479041916	raw	585
A	-40	1	174	0.840801183954	norm	585
C	-40	1	126	0.188622754491	raw	585
C	-40	1	126	0.988105790403	norm	585
G	-40	1	126	0.188622754491	raw	585
G	-40	1	126	0.989657729	norm	585
A	-39	1	234	0.350299401198	raw	585
A	-39	1	234	1.1307326267	norm	585
T	-39	1	210	0.314371257485	raw	585
T	-39	1	210	1.01832465166	norm	585
G	-39	1	116	0.173652694611	raw	585
G	-39	1	116	0.911113464794	norm	585
C	-39	1	108	0.161676646707	raw	585
C	-39	1	108	0.846947820346	norm	585
T	-38	1	210	0.314371257485	raw	585
T	-38	1	210	1.01832465166	norm	585
A	-38	1	197	0.294910179641	raw	585
A	-38	1	197	0.951941570339	norm	585
C	-38	1	142	0.212574850299	raw	585
C	-38	1	142	1.11357954157	norm	585
G	-38	1	119	0.178143712575	raw	585
G	-38	1	119	0.934676744056	norm	585
T	-37	1	216	0.323353293413	raw	585
T	-37	1	216	1.0474196417	norm	585
A	-37	1	192	0.287425149701	raw	585
A	-37	1	192	0.927780616777	norm	585
G	-37	1	136	0.203592814371	raw	585
G	-37	1	136	1.06820199321	norm	585
C	-37	1	124	0.185628742515	raw	585
C	-37	1	124	0.972421571508	norm	585
A	-36	1	221	0.330838323353	raw	585
A	-36	1	221	1.06791414744	norm	585
T	-36	1	191	0.285928143713	raw	585
T	-36	1	191	0.926190516506	norm	585
C	-36	1	128	0.191616766467	raw	585
C	-36	1	128	1.0037900093	norm	585
G	-36	1	128	0.191616766467	raw	585
G	-36	1	128	1.00536658184	norm	585
A	-35	1	222	0.332335329341	raw	585
A	-35	1	222	1.07274633815	norm	585
T	-35	1	171	0.255988023952	raw	585
T	-35	1	171	0.829207216349	norm	585
G	-35	1	165	0.247005988024	raw	585
G	-35	1	165	1.29598035941	norm	585
C	-35	1	110	0.164670658683	raw	585
C	-35	1	110	0.862632039241	norm	585
T	-34	1	209	0.312874251497	raw	585
T	-34	1	209	1.01347548665	norm	585
A	-34	1	201	0.300898203593	raw	585
A	-34	1	201	0.971270333189	norm	585
C	-34	1	133	0.199101796407	raw	585
C	-34	1	133	1.04300055654	norm	585
G	-34	1	125	0.187125748503	raw	585
G	-34	1	125	0.98180330258	norm	585
T	-33	1	222	0.332335329341	raw	585
T	-33	1	222	1.07651463175	norm	585
A	-33	1	174	0.260479041916	raw	585
A	-33	1	174	0.840801183954	norm	585
C	-33	1	136	0.203592814371	raw	585
C	-33	1	136	1.06652688488	norm	585
G	-33	1	136	0.203592814371	raw	585
G	-33	1	136	1.06820199321	norm	585
T	-32	1	231	0.345808383234	raw	585
T	-32	1	231	1.12015711682	norm	585
A	-32	1	198	0.296407185629	raw	585
A	-32	1	198	0.956773761051	norm	585
C	-32	1	121	0.181137724551	raw	585
C	-32	1	121	0.948895243165	norm	585
G	-32	1	118	0.176646706587	raw	585
G	-32	1	118	0.926822317635	norm	585
A	-31	1	244	0.365269461078	raw	585
A	-31	1	244	1.17905453382	norm	585
T	-31	1	189	0.282934131737	raw	585
T	-31	1	189	0.916492186491	norm	585
C	-31	1	129	0.193113772455	raw	585
C	-31	1	129	1.01163211875	norm	585
G	-31	1	106	0.158682634731	raw	585
G	-31	1	106	0.832569200588	norm	585
T	-30	1	245	0.366766467066	raw	585
T	-30	1	245	1.18804542693	norm	585
A	-30	1	208	0.311377245509	raw	585
A	-30	1	208	1.00509566818	norm	585
C	-30	1	111	0.166167664671	raw	585
C	-30	1	111	0.870474148689	norm	585
G	-30	1	104	0.155688622754	raw	585
G	-30	1	104	0.816860347746	norm	585
A	-29	1	219	0.327844311377	raw	585
A	-29	1	219	1.05824976601	norm	585
T	-29	1	202	0.302395209581	raw	585
T	-29	1	202	0.979531331593	norm	585
G	-29	1	131	0.196107784431	raw	585
G	-29	1	131	1.0289298611	norm	585
C	-29	1	116	0.173652694611	raw	585
C	-29	1	116	0.909684695927	norm	585
A	-28	1	223	0.333832335329	raw	585
A	-28	1	223	1.07757852886	norm	585
T	-28	1	193	0.288922155689	raw	585
T	-28	1	193	0.935888846522	norm	585
C	-28	1	128	0.191616766467	raw	585
C	-28	1	128	1.0037900093	norm	585
G	-28	1	124	0.185628742515	raw	585
G	-28	1	124	0.973948876159	norm	585
T	-27	1	236	0.353293413174	raw	585
T	-27	1	236	1.14440294186	norm	585
A	-27	1	211	0.315868263473	raw	585
A	-27	1	211	1.01959224031	norm	585
G	-27	1	127	0.190119760479	raw	585
G	-27	1	127	0.997512155421	norm	585
C	-27	1	94	0.140718562874	raw	585
C	-27	1	94	0.737158288079	norm	585
A	-26	1	221	0.330838323353	raw	585
A	-26	1	221	1.06791414744	norm	585
T	-26	1	219	0.327844311377	raw	585
T	-26	1	219	1.06196713673	norm	585
C	-26	1	127	0.190119760479	raw	585
C	-26	1	127	0.995947899851	norm	585
G	-26	1	101	0.15119760479	raw	585
G	-26	1	101	0.793297068484	norm	585
A	-25	1	217	0.324850299401	raw	585
A	-25	1	217	1.04858538459	norm	585
T	-25	1	216	0.323353293413	raw	585
T	-25	1	216	1.0474196417	norm	585
C	-25	1	118	0.176646706587	raw	585
C	-25	1	118	0.925368914822	norm	585
G	-25	1	117	0.175149700599	raw	585
G	-25	1	117	0.918967891215	norm	585
A	-24	1	238	0.35628742515	raw	585
A	-24	1	238	1.15006138955	norm	585
T	-24	1	187	0.27994011976	raw	585
T	-24	1	187	0.906793856475	norm	585
C	-24	1	140	0.209580838323	raw	585
C	-24	1	140	1.09789532267	norm	585
G	-24	1	103	0.154191616766	raw	585
G	-24	1	103	0.809005921326	norm	585
A	-23	1	207	0.309880239521	raw	585
A	-23	1	207	1.00026347746	norm	585
T	-23	1	202	0.302395209581	raw	585
T	-23	1	202	0.979531331593	norm	585
G	-23	1	137	0.205089820359	raw	585
G	-23	1	137	1.07605641963	norm	585
C	-23	1	122	0.182634730539	raw	585
C	-23	1	122	0.956737352613	norm	585
T	-22	1	199	0.297904191617	raw	585
T	-22	1	199	0.96498383657	norm	585
A	-22	1	192	0.287425149701	raw	585
A	-22	1	192	0.927780616777	norm	585
C	-22	1	153	0.229041916168	raw	585
C	-22	1	153	1.19984274549	norm	585
G	-22	1	124	0.185628742515	raw	585
G	-22	1	124	0.973948876159	norm	585
T	-21	1	222	0.332335329341	raw	585
T	-21	1	222	1.07651463175	norm	585
A	-21	1	213	0.318862275449	raw	585
A	-21	1	213	1.02925662174	norm	585
G	-21	1	119	0.178143712575	raw	585
G	-21	1	119	0.934676744056	norm	585
C	-21	1	114	0.170658682635	raw	585
C	-21	1	114	0.894000477032	norm	585
A	-20	1	239	0.357784431138	raw	585
A	-20	1	239	1.15489358026	norm	585
T	-20	1	216	0.323353293413	raw	585
T	-20	1	216	1.0474196417	norm	585
G	-20	1	110	0.164670658683	raw	585
G	-20	1	110	0.86398690627	norm	585
C	-20	1	103	0.154191616766	raw	585
C	-20	1	103	0.807737273107	norm	585
A	-19	1	232	0.347305389222	raw	585
A	-19	1	232	1.12106824527	norm	585
T	-19	1	193	0.288922155689	raw	585
T	-19	1	193	0.935888846522	norm	585
G	-19	1	124	0.185628742515	raw	585
G	-19	1	124	0.973948876159	norm	585
C	-19	1	119	0.178143712575	raw	585
C	-19	1	119	0.93321102427	norm	585
A	-18	1	223	0.333832335329	raw	585
A	-18	1	223	1.07757852886	norm	585
T	-18	1	210	0.314371257485	raw	585
T	-18	1	210	1.01832465166	norm	585
G	-18	1	120	0.179640718563	raw	585
G	-18	1	120	0.942531170476	norm	585
C	-18	1	115	0.172155688623	raw	585
C	-18	1	115	0.901842586479	norm	585
T	-17	1	233	0.34880239521	raw	585
T	-17	1	233	1.12985544684	norm	585
A	-17	1	214	0.320359281437	raw	585
A	-17	1	214	1.03408881245	norm	585
G	-17	1	120	0.179640718563	raw	585
G	-17	1	120	0.942531170476	norm	585
C	-17	1	101	0.15119760479	raw	585
C	-17	1	101	0.792053054212	norm	585
A	-16	1	207	0.309880239521	raw	585
A	-16	1	207	1.00026347746	norm	585
T	-16	1	202	0.302395209581	raw	585
T	-16	1	202	0.979531331593	norm	585
C	-16	1	131	0.196107784431	raw	585
C	-16	1	131	1.02731633764	norm	585
G	-16	1	128	0.191616766467	raw	585
G	-16	1	128	1.00536658184	norm	585
A	-15	1	262	0.392215568862	raw	585
A	-15	1	262	1.26603396664	norm	585
T	-15	1	194	0.290419161677	raw	585
T	-15	1	194	0.94073801153	norm	585
C	-15	1	110	0.164670658683	raw	585
C	-15	1	110	0.862632039241	norm	585
G	-15	1	102	0.152694610778	raw	585
G	-15	1	102	0.801151494905	norm	585
T	-14	1	227	0.339820359281	raw	585
T	-14	1	227	1.10076045679	norm	585
A	-14	1	223	0.333832335329	raw	585
A	-14	1	223	1.07757852886	norm	585
C	-14	1	123	0.184131736527	raw	585
C	-14	1	123	0.96457946206	norm	585
G	-14	1	95	0.142215568862	raw	585
G	-14	1	95	0.746170509961	norm	585
T	-13	1	238	0.35628742515	raw	585
T	-13	1	238	1.15410127188	norm	585
A	-13	1	225	0.336826347305	raw	585
A	-13	1	225	1.08724291029	norm	585
G	-13	1	108	0.161676646707	raw	585
G	-13	1	108	0.848278053429	norm	585
C	-13	1	97	0.145209580838	raw	585
C	-13	1	97	0.760684616422	norm	585
T	-12	1	223	0.333832335329	raw	585
T	-12	1	223	1.08136379676	norm	585
A	-12	1	194	0.290419161677	raw	585
A	-12	1	194	0.937444998202	norm	585
G	-12	1	141	0.211077844311	raw	585
G	-12	1	141	1.10747412531	norm	585
C	-12	1	110	0.164670658683	raw	585
C	-12	1	110	0.862632039241	norm	585
T	-11	1	218	0.326347305389	raw	585
T	-11	1	218	1.05711797172	norm	585
A	-11	1	214	0.320359281437	raw	585
A	-11	1	214	1.03408881245	norm	585
C	-11	1	129	0.193113772455	raw	585
C	-11	1	129	1.01163211875	norm	585
G	-11	1	107	0.160179640719	raw	585
G	-11	1	107	0.840423627008	norm	585
T	-10	1	233	0.34880239521	raw	585
T	-10	1	233	1.12985544684	norm	585
A	-10	1	201	0.300898203593	raw	585
A	-10	1	201	0.971270333189	norm	585
C	-10	1	119	0.178143712575	raw	585
C	-10	1	119	0.93321102427	norm	585
G	-10	1	115	0.172155688623	raw	585
G	-10	1	115	0.903259038373	norm	585
A	-9	1	251	0.375748502994	raw	585
A	-9	1	251	1.21287986881	norm	585
T	-9	1	204	0.305389221557	raw	585
T	-9	1	204	0.989229661609	norm	585
C	-9	1	108	0.161676646707	raw	585
C	-9	1	108	0.846947820346	norm	585
G	-9	1	105	0.157185628743	raw	585
G	-9	1	105	0.824714774167	norm	585
A	-8	1	252	0.377245508982	raw	585
A	-8	1	252	1.21771205952	norm	585
T	-8	1	211	0.315868263473	raw	585
T	-8	1	211	1.02317381666	norm	585
G	-8	1	108	0.161676646707	raw	585
G	-8	1	108	0.848278053429	norm	585
C	-8	1	97	0.145209580838	raw	585
C	-8	1	97	0.760684616422	norm	585
T	-7	1	230	0.344311377246	raw	585
T	-7	1	230	1.11530795181	norm	585
A	-7	1	210	0.314371257485	raw	585
A	-7	1	210	1.0147600496	norm	585
G	-7	1	117	0.175149700599	raw	585
G	-7	1	117	0.918967891215	norm	585
C	-7	1	111	0.166167664671	raw	585
C	-7	1	111	0.870474148689	norm	585
T	-6	1	208	0.311377245509	raw	585
T	-6	1	208	1.00862632164	norm	585
A	-6	1	205	0.306886227545	raw	585
A	-6	1	205	0.990599096038	norm	585
G	-6	1	136	0.203592814371	raw	585
G	-6	1	136	1.06820199321	norm	585
C	-6	1	119	0.178143712575	raw	585
C	-6	1	119	0.93321102427	norm	585
T	-5	1	210	0.314371257485	raw	585
T	-5	1	210	1.01832465166	norm	585
A	-5	1	196	0.293413173653	raw	585
A	-5	1	196	0.947109379627	norm	585
G	-5	1	150	0.224550898204	raw	585
G	-5	1	150	1.1781639631	norm	585
C	-5	1	112	0.167664670659	raw	585
C	-5	1	112	0.878316258136	norm	585
T	-4	1	225	0.336826347305	raw	585
T	-4	1	225	1.09106212677	norm	585
A	-4	1	191	0.285928143713	raw	585
A	-4	1	191	0.922948426065	norm	585
G	-4	1	132	0.197604790419	raw	585
G	-4	1	132	1.03678428752	norm	585
C	-4	1	120	0.179640718563	raw	585
C	-4	1	120	0.941053133717	norm	585
T	-3	1	238	0.35628742515	raw	585
T	-3	1	238	1.15410127188	norm	585
A	-3	1	183	0.273952095808	raw	585
A	-3	1	183	0.884290900366	norm	585
G	-3	1	127	0.190119760479	raw	585
G	-3	1	127	0.997512155421	norm	585
C	-3	1	120	0.179640718563	raw	585
C	-3	1	120	0.941053133717	norm	585
T	-2	1	238	0.35628742515	raw	585
T	-2	1	238	1.15410127188	norm	585
A	-2	1	173	0.258982035928	raw	585
A	-2	1	173	0.835968993242	norm	585
C	-2	1	136	0.203592814371	raw	585
C	-2	1	136	1.06652688488	norm	585
G	-2	1	121	0.181137724551	raw	585
G	-2	1	121	0.950385596897	norm	585
T	-1	1	218	0.326347305389	raw	585
T	-1	1	218	1.05711797172	norm	585
A	-1	1	181	0.270958083832	raw	585
A	-1	1	181	0.874626518941	norm	585
G	-1	1	152	0.22754491018	raw	585
G	-1	1	152	1.19387281594	norm	585
C	-1	1	117	0.175149700599	raw	585
C	-1	1	117	0.917526805374	norm	585
C	0	1	229	0.342814371257	raw	585
C	0	1	229	1.79584306351	norm	585
A	0	1	183	0.273952095808	raw	585
A	0	1	183	0.884290900366	norm	585
G	0	1	135	0.202095808383	raw	585
G	0	1	135	1.06034756679	norm	585
T	0	1	121	0.181137724551	raw	585
T	0	1	121	0.586748965954	norm	585
A	1	1	318	0.476047904192	raw	585
A	1	1	318	1.53663664654	norm	585
T	1	1	161	0.241017964072	raw	585
T	1	1	161	0.78071556627	norm	585
C	1	1	105	0.157185628743	raw	585
C	1	1	105	0.823421492003	norm	585
G	1	1	84	0.125748502994	raw	585
G	1	1	84	0.659771819333	norm	585
A	2	1	234	0.350299401198	raw	585
A	2	1	234	1.1307326267	norm	585
T	2	1	212	0.317365269461	raw	585
T	2	1	212	1.02802298167	norm	585
C	2	1	124	0.185628742515	raw	585
C	2	1	124	0.972421571508	norm	585
G	2	1	98	0.146706586826	raw	585
G	2	1	98	0.769733789222	norm	585
A	3	1	244	0.365269461078	raw	585
A	3	1	244	1.17905453382	norm	585
T	3	1	200	0.299401197605	raw	585
T	3	1	200	0.969833001577	norm	585
C	3	1	116	0.173652694611	raw	585
C	3	1	116	0.909684695927	norm	585
G	3	1	108	0.161676646707	raw	585
G	3	1	108	0.848278053429	norm	585
A	4	1	224	0.335329341317	raw	585
A	4	1	224	1.08241071957	norm	585
T	4	1	212	0.317365269461	raw	585
T	4	1	212	1.02802298167	norm	585
C	4	1	121	0.181137724551	raw	585
C	4	1	121	0.948895243165	norm	585
G	4	1	111	0.166167664671	raw	585
G	4	1	111	0.871841332691	norm	585
A	5	1	267	0.399700598802	raw	585
A	5	1	267	1.29019492021	norm	585
T	5	1	185	0.276946107784	raw	585
T	5	1	185	0.897095526459	norm	585
C	5	1	115	0.172155688623	raw	585
C	5	1	115	0.901842586479	norm	585
G	5	1	101	0.15119760479	raw	585
G	5	1	101	0.793297068484	norm	585
A	6	1	257	0.384730538922	raw	585
A	6	1	257	1.24187301308	norm	585
T	6	1	193	0.288922155689	raw	585
T	6	1	193	0.935888846522	norm	585
G	6	1	113	0.169161676647	raw	585
G	6	1	113	0.887550185532	norm	585
C	6	1	105	0.157185628743	raw	585
C	6	1	105	0.823421492003	norm	585
A	7	1	225	0.336826347305	raw	585
A	7	1	225	1.08724291029	norm	585
T	7	1	176	0.263473053892	raw	585
T	7	1	176	0.853453041388	norm	585
G	7	1	149	0.223053892216	raw	585
G	7	1	149	1.17030953667	norm	585
C	7	1	118	0.176646706587	raw	585
C	7	1	118	0.925368914822	norm	585
T	8	1	205	0.306886227545	raw	585
T	8	1	205	0.994078826617	norm	585
A	8	1	198	0.296407185629	raw	585
A	8	1	198	0.956773761051	norm	585
G	8	1	136	0.203592814371	raw	585
G	8	1	136	1.06820199321	norm	585
C	8	1	129	0.193113772455	raw	585
C	8	1	129	1.01163211875	norm	585
T	9	1	218	0.326347305389	raw	585
T	9	1	218	1.05711797172	norm	585
A	9	1	200	0.299401197605	raw	585
A	9	1	200	0.966438142476	norm	585
G	9	1	143	0.214071856287	raw	585
G	9	1	143	1.12318297815	norm	585
C	9	1	107	0.160179640719	raw	585
C	9	1	107	0.839105710898	norm	585
T	10	1	193	0.288922155689	raw	585
T	10	1	193	0.935888846522	norm	585
A	10	1	192	0.287425149701	raw	585
A	10	1	192	0.927780616777	norm	585
C	10	1	152	0.22754491018	raw	585
C	10	1	152	1.19200063604	norm	585
G	10	1	131	0.196107784431	raw	585
G	10	1	131	1.0289298611	norm	585
T	11	1	240	0.359281437126	raw	585
T	11	1	240	1.16379960189	norm	585
A	11	1	186	0.278443113772	raw	585
A	11	1	186	0.898787472503	norm	585
G	11	1	124	0.185628742515	raw	585
G	11	1	124	0.973948876159	norm	585
C	11	1	118	0.176646706587	raw	585
C	11	1	118	0.925368914822	norm	585
T	12	1	203	0.303892215569	raw	585
T	12	1	203	0.984380496601	norm	585
A	12	1	202	0.302395209581	raw	585
A	12	1	202	0.976102523901	norm	585
G	12	1	137	0.205089820359	raw	585
G	12	1	137	1.07605641963	norm	585
C	12	1	126	0.188622754491	raw	585
C	12	1	126	0.988105790403	norm	585
T	13	1	202	0.302395209581	raw	585
T	13	1	202	0.979531331593	norm	585
A	13	1	193	0.288922155689	raw	585
A	13	1	193	0.93261280749	norm	585
G	13	1	159	0.238023952096	raw	585
G	13	1	159	1.24885380088	norm	585
C	13	1	114	0.170658682635	raw	585
C	13	1	114	0.894000477032	norm	585
A	14	1	204	0.305389221557	raw	585
A	14	1	204	0.985766905326	norm	585
T	14	1	189	0.282934131737	raw	585
T	14	1	189	0.916492186491	norm	585
G	14	1	148	0.221556886228	raw	585
G	14	1	148	1.16245511025	norm	585
C	14	1	127	0.190119760479	raw	585
C	14	1	127	0.995947899851	norm	585
A	15	1	211	0.315868263473	raw	585
A	15	1	211	1.01959224031	norm	585
T	15	1	183	0.273952095808	raw	585
T	15	1	183	0.887397196443	norm	585
C	15	1	139	0.208083832335	raw	585
C	15	1	139	1.09005321322	norm	585
G	15	1	135	0.202095808383	raw	585
G	15	1	135	1.06034756679	norm	585
A	16	1	237	0.354790419162	raw	585
A	16	1	237	1.14522919883	norm	585
T	16	1	174	0.260479041916	raw	585
T	16	1	174	0.843754711372	norm	585
G	16	1	135	0.202095808383	raw	585
G	16	1	135	1.06034756679	norm	585
C	16	1	122	0.182634730539	raw	585
C	16	1	122	0.956737352613	norm	585
A	17	1	223	0.333832335329	raw	585
A	17	1	223	1.07757852886	norm	585
T	17	1	169	0.252994011976	raw	585
T	17	1	169	0.819508886333	norm	585
G	17	1	147	0.22005988024	raw	585
G	17	1	147	1.15460068383	norm	585
C	17	1	129	0.193113772455	raw	585
C	17	1	129	1.01163211875	norm	585
A	18	1	230	0.344311377246	raw	585
A	18	1	230	1.11140386385	norm	585
T	18	1	175	0.261976047904	raw	585
T	18	1	175	0.84860387638	norm	585
G	18	1	135	0.202095808383	raw	585
G	18	1	135	1.06034756679	norm	585
C	18	1	128	0.191616766467	raw	585
C	18	1	128	1.0037900093	norm	585
A	19	1	236	0.353293413174	raw	585
A	19	1	236	1.14039700812	norm	585
T	19	1	171	0.255988023952	raw	585
T	19	1	171	0.829207216349	norm	585
G	19	1	144	0.215568862275	raw	585
G	19	1	144	1.13103740457	norm	585
C	19	1	117	0.175149700599	raw	585
C	19	1	117	0.917526805374	norm	585
T	20	1	225	0.336826347305	raw	585
T	20	1	225	1.09106212677	norm	585
A	20	1	193	0.288922155689	raw	585
A	20	1	193	0.93261280749	norm	585
G	20	1	131	0.196107784431	raw	585
G	20	1	131	1.0289298611	norm	585
C	20	1	119	0.178143712575	raw	585
C	20	1	119	0.93321102427	norm	585
A	21	1	208	0.311377245509	raw	585
A	21	1	208	1.00509566818	norm	585
T	21	1	167	0.25	raw	585
T	21	1	167	0.809810556317	norm	585
G	21	1	156	0.233532934132	raw	585
G	21	1	156	1.22529052162	norm	585
C	21	1	137	0.205089820359	raw	585
C	21	1	137	1.07436899433	norm	585
A	22	1	228	0.341317365269	raw	585
A	22	1	228	1.10173948242	norm	585
T	22	1	174	0.260479041916	raw	585
T	22	1	174	0.843754711372	norm	585
C	22	1	136	0.203592814371	raw	585
C	22	1	136	1.06652688488	norm	585
G	22	1	130	0.194610778443	raw	585
G	22	1	130	1.02107543468	norm	585
T	23	1	230	0.344311377246	raw	585
T	23	1	230	1.11530795181	norm	585
A	23	1	181	0.270958083832	raw	585
A	23	1	181	0.874626518941	norm	585
G	23	1	129	0.193113772455	raw	585
G	23	1	129	1.01322100826	norm	585
C	23	1	128	0.191616766467	raw	585
C	23	1	128	1.0037900093	norm	585
T	24	1	227	0.339820359281	raw	585
T	24	1	227	1.10076045679	norm	585
A	24	1	188	0.281437125749	raw	585
A	24	1	188	0.908451853928	norm	585
C	24	1	139	0.208083832335	raw	585
C	24	1	139	1.09005321322	norm	585
G	24	1	114	0.170658682635	raw	585
G	24	1	114	0.895404611953	norm	585
T	25	1	213	0.318862275449	raw	585
T	25	1	213	1.03287214668	norm	585
A	25	1	196	0.293413173653	raw	585
A	25	1	196	0.947109379627	norm	585
C	25	1	147	0.22005988024	raw	585
C	25	1	147	1.1527900888	norm	585
G	25	1	112	0.167664670659	raw	585
G	25	1	112	0.879695759111	norm	585
A	26	1	217	0.324850299401	raw	585
A	26	1	217	1.04858538459	norm	585
T	26	1	211	0.315868263473	raw	585
T	26	1	211	1.02317381666	norm	585
G	26	1	131	0.196107784431	raw	585
G	26	1	131	1.0289298611	norm	585
C	26	1	109	0.163173652695	raw	585
C	26	1	109	0.854789929793	norm	585
T	27	1	204	0.305389221557	raw	585
T	27	1	204	0.989229661609	norm	585
A	27	1	197	0.294910179641	raw	585
A	27	1	197	0.951941570339	norm	585
C	27	1	143	0.214071856287	raw	585
C	27	1	143	1.12142165101	norm	585
G	27	1	124	0.185628742515	raw	585
G	27	1	124	0.973948876159	norm	585
T	28	1	209	0.312874251497	raw	585
T	28	1	209	1.01347548665	norm	585
A	28	1	208	0.311377245509	raw	585
A	28	1	208	1.00509566818	norm	585
G	28	1	130	0.194610778443	raw	585
G	28	1	130	1.02107543468	norm	585
C	28	1	121	0.181137724551	raw	585
C	28	1	121	0.948895243165	norm	585
A	29	1	212	0.317365269461	raw	585
A	29	1	212	1.02442443102	norm	585
T	29	1	189	0.282934131737	raw	585
T	29	1	189	0.916492186491	norm	585
G	29	1	143	0.214071856287	raw	585
G	29	1	143	1.12318297815	norm	585
C	29	1	124	0.185628742515	raw	585
C	29	1	124	0.972421571508	norm	585
T	30	1	194	0.290419161677	raw	585
T	30	1	194	0.94073801153	norm	585
A	30	1	190	0.284431137725	raw	585
A	30	1	190	0.918116235352	norm	585
G	30	1	143	0.214071856287	raw	585
G	30	1	143	1.12318297815	norm	585
C	30	1	141	0.211077844311	raw	585
C	30	1	141	1.10573743212	norm	585
T	31	1	208	0.311377245509	raw	585
T	31	1	208	1.00862632164	norm	585
A	31	1	183	0.273952095808	raw	585
A	31	1	183	0.884290900366	norm	585
C	31	1	140	0.209580838323	raw	585
C	31	1	140	1.09789532267	norm	585
G	31	1	137	0.205089820359	raw	585
G	31	1	137	1.07605641963	norm	585
A	32	1	206	0.308383233533	raw	585
A	32	1	206	0.99543128675	norm	585
T	32	1	193	0.288922155689	raw	585
T	32	1	193	0.935888846522	norm	585
C	32	1	143	0.214071856287	raw	585
C	32	1	143	1.12142165101	norm	585
G	32	1	126	0.188622754491	raw	585
G	32	1	126	0.989657729	norm	585
A	33	1	214	0.320359281437	raw	585
A	33	1	214	1.03408881245	norm	585
T	33	1	214	0.320359281437	raw	585
T	33	1	214	1.03772131169	norm	585
G	33	1	124	0.185628742515	raw	585
G	33	1	124	0.973948876159	norm	585
C	33	1	116	0.173652694611	raw	585
C	33	1	116	0.909684695927	norm	585
A	34	1	225	0.336826347305	raw	585
A	34	1	225	1.08724291029	norm	585
T	34	1	196	0.293413173653	raw	585
T	34	1	196	0.950436341546	norm	585
G	34	1	130	0.194610778443	raw	585
G	34	1	130	1.02107543468	norm	585
C	34	1	117	0.175149700599	raw	585
C	34	1	117	0.917526805374	norm	585
A	35	1	224	0.335329341317	raw	585
A	35	1	224	1.08241071957	norm	585
T	35	1	183	0.273952095808	raw	585
T	35	1	183	0.887397196443	norm	585
G	35	1	147	0.22005988024	raw	585
G	35	1	147	1.15460068383	norm	585
C	35	1	114	0.170658682635	raw	585
C	35	1	114	0.894000477032	norm	585
T	36	1	206	0.308383233533	raw	585
T	36	1	206	0.998927991625	norm	585
A	36	1	199	0.297904191617	raw	585
A	36	1	199	0.961605951764	norm	585
C	36	1	133	0.199101796407	raw	585
C	36	1	133	1.04300055654	norm	585
G	36	1	130	0.194610778443	raw	585
G	36	1	130	1.02107543468	norm	585
T	37	1	208	0.311377245509	raw	585
T	37	1	208	1.00862632164	norm	585
A	37	1	200	0.299401197605	raw	585
A	37	1	200	0.966438142476	norm	585
G	37	1	133	0.199101796407	raw	585
G	37	1	133	1.04463871394	norm	585
C	37	1	127	0.190119760479	raw	585
C	37	1	127	0.995947899851	norm	585
A	38	1	198	0.296407185629	raw	585
A	38	1	198	0.956773761051	norm	585
T	38	1	195	0.291916167665	raw	585
T	38	1	195	0.945587176538	norm	585
G	38	1	151	0.226047904192	raw	585
G	38	1	151	1.18601838952	norm	585
C	38	1	124	0.185628742515	raw	585
C	38	1	124	0.972421571508	norm	585
A	39	1	212	0.317365269461	raw	585
A	39	1	212	1.02442443102	norm	585
T	39	1	187	0.27994011976	raw	585
T	39	1	187	0.906793856475	norm	585
C	39	1	155	0.232035928144	raw	585
C	39	1	155	1.21552696438	norm	585
G	39	1	114	0.170658682635	raw	585
G	39	1	114	0.895404611953	norm	585
T	40	1	216	0.323353293413	raw	585
T	40	1	216	1.0474196417	norm	585
A	40	1	198	0.296407185629	raw	585
A	40	1	198	0.956773761051	norm	585
C	40	1	142	0.212574850299	raw	585
C	40	1	142	1.11357954157	norm	585
G	40	1	112	0.167664670659	raw	585
G	40	1	112	0.879695759111	norm	585
T	41	1	224	0.335329341317	raw	585
T	41	1	224	1.08621296177	norm	585
A	41	1	198	0.296407185629	raw	585
A	41	1	198	0.956773761051	norm	585
G	41	1	129	0.193113772455	raw	585
G	41	1	129	1.01322100826	norm	585
C	41	1	117	0.175149700599	raw	585
C	41	1	117	0.917526805374	norm	585
A	42	1	216	0.323353293413	raw	585
A	42	1	216	1.04375319387	norm	585
T	42	1	201	0.300898203593	raw	585
T	42	1	201	0.974682166585	norm	585
C	42	1	132	0.197604790419	raw	585
C	42	1	132	1.03515844709	norm	585
G	42	1	119	0.178143712575	raw	585
G	42	1	119	0.934676744056	norm	585
A	43	1	228	0.341317365269	raw	585
A	43	1	228	1.10173948242	norm	585
T	43	1	191	0.285928143713	raw	585
T	43	1	191	0.926190516506	norm	585
C	43	1	128	0.191616766467	raw	585
C	43	1	128	1.0037900093	norm	585
G	43	1	121	0.181137724551	raw	585
G	43	1	121	0.950385596897	norm	585
A	44	1	206	0.308383233533	raw	585
A	44	1	206	0.99543128675	norm	585
T	44	1	206	0.308383233533	raw	585
T	44	1	206	0.998927991625	norm	585
C	44	1	129	0.193113772455	raw	585
C	44	1	129	1.01163211875	norm	585
G	44	1	127	0.190119760479	raw	585
G	44	1	127	0.997512155421	norm	585
A	45	1	211	0.316341829085	raw	585
A	45	1	211	1.02112086436	norm	585
T	45	1	198	0.296851574213	raw	585
T	45	1	198	0.961574153828	norm	585
C	45	1	131	0.1964017991	raw	585
C	45	1	131	1.02885654205	norm	585
G	45	1	127	0.190404797601	raw	585
G	45	1	127	0.999007675894	norm	585
T	46	1	225	0.337331334333	raw	585
T	46	1	225	1.09269790208	norm	585
A	46	1	211	0.316341829085	raw	585
A	46	1	211	1.02112086436	norm	585
G	46	1	119	0.178410794603	raw	585
G	46	1	119	0.936078058515	norm	585
C	46	1	112	0.167916041979	raw	585
C	46	1	112	0.879633074115	norm	585
A	47	1	215	0.322338830585	raw	585
A	47	1	215	1.04047860587	norm	585
T	47	1	209	0.313343328336	raw	585
T	47	1	209	1.01499494015	norm	585
C	47	1	133	0.19940029985	raw	585
C	47	1	133	1.04456427551	norm	585
G	47	1	110	0.164917541229	raw	585
G	47	1	110	0.865282238963	norm	585
A	48	1	223	0.334332833583	raw	585
A	48	1	223	1.07919408887	norm	585
T	48	1	203	0.304347826087	raw	585
T	48	1	203	0.98585632943	norm	585
G	48	1	135	0.2023988006	raw	585
G	48	1	135	1.06193729327	norm	585
C	48	1	106	0.15892053973	raw	585
C	48	1	106	0.832509873716	norm	585
A	49	1	217	0.325337331334	raw	585
A	49	1	217	1.05015747662	norm	585
T	49	1	212	0.31784107946	raw	585
T	49	1	212	1.02956424551	norm	585
C	49	1	121	0.181409295352	raw	585
C	49	1	121	0.950317874714	norm	585
G	49	1	117	0.175412293853	raw	585
G	49	1	117	0.92034565417	norm	585
T	50	1	208	0.311844077961	raw	585
T	50	1	208	1.01013850503	norm	585
A	50	1	204	0.305847076462	raw	585
A	50	1	204	0.987244816728	norm	585
G	50	1	131	0.1964017991	raw	585
G	50	1	131	1.03047248458	norm	585
C	50	1	124	0.185907046477	raw	585
C	50	1	124	0.973879474914	norm	585
A	51	1	222	0.332833583208	raw	585
A	51	1	222	1.0743546535	norm	585
T	51	1	200	0.299850074963	raw	585
T	51	1	200	0.971287024069	norm	585
C	51	1	131	0.1964017991	raw	585
C	51	1	131	1.02885654205	norm	585
G	51	1	114	0.170914542729	raw	585
G	51	1	114	0.896747047653	norm	585
A	52	1	227	0.340329835082	raw	585
A	52	1	227	1.09855183038	norm	585
T	52	1	198	0.296851574213	raw	585
T	52	1	198	0.961574153828	norm	585
C	52	1	133	0.19940029985	raw	585
C	52	1	133	1.04456427551	norm	585
G	52	1	109	0.163418290855	raw	585
G	52	1	109	0.857416036791	norm	585
A	53	1	208	0.311844077961	raw	585
A	53	1	208	1.00660255823	norm	585
T	53	1	188	0.281859070465	raw	585
T	53	1	188	0.913009802624	norm	585
G	53	1	144	0.215892053973	raw	585
G	53	1	144	1.13273311282	norm	585
C	53	1	127	0.190404797601	raw	585
C	53	1	127	0.997441075113	norm	585
A	54	1	206	0.308845577211	raw	585
A	54	1	206	0.99692368748	norm	585
T	54	1	191	0.286356821589	raw	585
T	54	1	191	0.927579107985	norm	585
C	54	1	135	0.2023988006	raw	585
C	54	1	135	1.06027200898	norm	585
G	54	1	135	0.2023988006	raw	585
G	54	1	135	1.06193729327	norm	585
T	55	1	217	0.325337331334	raw	585
T	55	1	217	1.05384642111	norm	585
A	55	1	197	0.295352323838	raw	585
A	55	1	197	0.953368769095	norm	585
C	55	1	132	0.197901049475	raw	585
C	55	1	132	1.03671040878	norm	585
G	55	1	121	0.181409295352	raw	585
G	55	1	121	0.951810462859	norm	585
A	56	1	227	0.340329835082	raw	585
A	56	1	227	1.09855183038	norm	585
T	56	1	211	0.316341829085	raw	585
T	56	1	211	1.02470781039	norm	585
G	56	1	126	0.188905547226	raw	585
G	56	1	126	0.991141473721	norm	585
C	56	1	103	0.154422788606	raw	585
C	56	1	103	0.808948273517	norm	585
A	57	1	235	0.352323838081	raw	585
A	57	1	235	1.13726731339	norm	585
T	57	1	188	0.281859070465	raw	585
T	57	1	188	0.913009802624	norm	585
C	57	1	126	0.188905547226	raw	585
C	57	1	126	0.98958720838	norm	585
G	57	1	118	0.176911544228	raw	585
G	57	1	118	0.928211856342	norm	585
T	58	1	209	0.313343328336	raw	585
T	58	1	209	1.01499494015	norm	585
A	58	1	206	0.308845577211	raw	585
A	58	1	206	0.99692368748	norm	585
G	58	1	144	0.215892053973	raw	585
G	58	1	144	1.13273311282	norm	585
C	58	1	108	0.16191904048	raw	585
C	58	1	108	0.848217607183	norm	585
A	59	1	245	0.367316341829	raw	585
A	59	1	245	1.18566166715	norm	585
T	59	1	185	0.27736131934	raw	585
T	59	1	185	0.898440497263	norm	585
G	59	1	122	0.182908545727	raw	585
G	59	1	122	0.959676665032	norm	585
C	59	1	115	0.172413793103	raw	585
C	59	1	115	0.903194674315	norm	585
A	60	1	237	0.355322338831	raw	585
A	60	1	237	1.14694618414	norm	585
T	60	1	174	0.260869565217	raw	585
T	60	1	174	0.84501971094	norm	585
C	60	1	139	0.208395802099	raw	585
C	60	1	139	1.09168747591	norm	585
G	60	1	117	0.175412293853	raw	585
G	60	1	117	0.92034565417	norm	585
T	61	1	217	0.325337331334	raw	585
T	61	1	217	1.05384642111	norm	585
A	61	1	202	0.302848575712	raw	585
A	61	1	202	0.977565945976	norm	585
C	61	1	127	0.190404797601	raw	585
C	61	1	127	0.997441075113	norm	585
G	61	1	121	0.181409295352	raw	585
G	61	1	121	0.951810462859	norm	585
A	62	1	217	0.325337331334	raw	585
A	62	1	217	1.05015747662	norm	585
T	62	1	216	0.32383808096	raw	585
T	62	1	216	1.04898998599	norm	585
G	62	1	119	0.178410794603	raw	585
G	62	1	119	0.936078058515	norm	585
C	62	1	115	0.172413793103	raw	585
C	62	1	115	0.903194674315	norm	585
T	63	1	207	0.310344827586	raw	585
T	63	1	207	1.00528206991	norm	585
A	63	1	206	0.308845577211	raw	585
A	63	1	206	0.99692368748	norm	585
G	63	1	129	0.193403298351	raw	585
G	63	1	129	1.01474008024	norm	585
C	63	1	125	0.187406296852	raw	585
C	63	1	125	0.981733341647	norm	585
A	64	1	242	0.362818590705	raw	585
A	64	1	242	1.17114336102	norm	585
T	64	1	210	0.314842578711	raw	585
T	64	1	210	1.01985137527	norm	585
G	64	1	112	0.167916041979	raw	585
G	64	1	112	0.881014643308	norm	585
C	64	1	103	0.154422788606	raw	585
C	64	1	103	0.808948273517	norm	585
A	65	1	230	0.344827586207	raw	585
A	65	1	230	1.11307013651	norm	585
T	65	1	213	0.319340329835	raw	585
T	65	1	213	1.03442068063	norm	585
G	65	1	118	0.176911544228	raw	585
G	65	1	118	0.928211856342	norm	585
C	65	1	106	0.15892053973	raw	585
C	65	1	106	0.832509873716	norm	585
A	66	1	225	0.337331334333	raw	585
A	66	1	225	1.08887295963	norm	585
T	66	1	203	0.304347826087	raw	585
T	66	1	203	0.98585632943	norm	585
C	66	1	140	0.209895052474	raw	585
C	66	1	140	1.09954134264	norm	585
G	66	1	99	0.148425787106	raw	585
G	66	1	99	0.778754015067	norm	585
A	67	1	216	0.32383808096	raw	585
A	67	1	216	1.04531804124	norm	585
T	67	1	213	0.319340329835	raw	585
T	67	1	213	1.03442068063	norm	585
G	67	1	121	0.181409295352	raw	585
G	67	1	121	0.951810462859	norm	585
C	67	1	117	0.175412293853	raw	585
C	67	1	117	0.918902407781	norm	585
T	68	1	219	0.328335832084	raw	585
T	68	1	219	1.06355929136	norm	585
A	68	1	173	0.259370314843	raw	585
A	68	1	173	0.837222320068	norm	585
G	68	1	138	0.206896551724	raw	585
G	68	1	138	1.08553589979	norm	585
C	68	1	137	0.205397301349	raw	585
C	68	1	137	1.07597974244	norm	585
T	69	1	226	0.338830584708	raw	585
T	69	1	226	1.0975543372	norm	585
A	69	1	205	0.307346326837	raw	585
A	69	1	205	0.992084252104	norm	585
C	69	1	128	0.191904047976	raw	585
C	69	1	128	1.00529494185	norm	585
G	69	1	108	0.16191904048	raw	585
G	69	1	108	0.849549834618	norm	585
A	70	1	231	0.346326836582	raw	585
A	70	1	231	1.11790957188	norm	585
T	70	1	201	0.301349325337	raw	585
T	70	1	201	0.976143459189	norm	585
C	70	1	124	0.185907046477	raw	585
C	70	1	124	0.973879474914	norm	585
G	70	1	111	0.166416791604	raw	585
G	70	1	111	0.873148441136	norm	585
T	71	1	213	0.319340329835	raw	585
T	71	1	213	1.03442068063	norm	585
A	71	1	194	0.290854572714	raw	585
A	71	1	194	0.938850462967	norm	585
C	71	1	146	0.218890554723	raw	585
C	71	1	146	1.14666454304	norm	585
G	71	1	114	0.170914542729	raw	585
G	71	1	114	0.896747047653	norm	585
T	72	1	231	0.346326836582	raw	585
T	72	1	231	1.1218365128	norm	585
A	72	1	214	0.32083958021	raw	585
A	72	1	214	1.03563917049	norm	585
C	72	1	127	0.190404797601	raw	585
C	72	1	127	0.997441075113	norm	585
G	72	1	95	0.142428785607	raw	585
G	72	1	95	0.747289206377	norm	585
A	73	1	228	0.341829085457	raw	585
A	73	1	228	1.10339126575	norm	585
T	73	1	195	0.292353823088	raw	585
T	73	1	195	0.947004848467	norm	585
C	73	1	125	0.187406296852	raw	585
C	73	1	125	0.981733341647	norm	585
G	73	1	119	0.178410794603	raw	585
G	73	1	119	0.936078058515	norm	585
T	74	1	215	0.322338830585	raw	585
T	74	1	215	1.04413355087	norm	585
A	74	1	204	0.305847076462	raw	585
A	74	1	204	0.987244816728	norm	585
G	74	1	128	0.191904047976	raw	585
G	74	1	128	1.00687387807	norm	585
C	74	1	120	0.179910044978	raw	585
C	74	1	120	0.942464007981	norm	585
T	75	1	243	0.364317841079	raw	585
T	75	1	243	1.18011373424	norm	585
A	75	1	194	0.290854572714	raw	585
A	75	1	194	0.938850462967	norm	585
C	75	1	116	0.173913043478	raw	585
C	75	1	116	0.911048541048	norm	585
G	75	1	114	0.170914542729	raw	585
G	75	1	114	0.896747047653	norm	585
A	76	1	221	0.331334332834	raw	585
A	76	1	221	1.06951521812	norm	585
T	76	1	199	0.298350824588	raw	585
T	76	1	199	0.966430588948	norm	585
G	76	1	129	0.193403298351	raw	585
G	76	1	129	1.01474008024	norm	585
C	76	1	118	0.176911544228	raw	585
C	76	1	118	0.926756274515	norm	585
A	77	1	204	0.305847076462	raw	585
A	77	1	204	0.987244816728	norm	585
T	77	1	204	0.305847076462	raw	585
T	77	1	204	0.99071276455	norm	585
G	77	1	138	0.206896551724	raw	585
G	77	1	138	1.08553589979	norm	585
C	77	1	121	0.181409295352	raw	585
C	77	1	121	0.950317874714	norm	585
T	78	1	201	0.301349325337	raw	585
T	78	1	201	0.976143459189	norm	585
A	78	1	198	0.296851574213	raw	585
A	78	1	198	0.958208204471	norm	585
G	78	1	139	0.208395802099	raw	585
G	78	1	139	1.09340210196	norm	585
C	78	1	129	0.193403298351	raw	585
C	78	1	129	1.01314880858	norm	585
T	79	1	211	0.316341829085	raw	585
T	79	1	211	1.02470781039	norm	585
A	79	1	191	0.286356821589	raw	585
A	79	1	191	0.924332156838	norm	585
G	79	1	135	0.2023988006	raw	585
G	79	1	135	1.06193729327	norm	585
C	79	1	130	0.194902548726	raw	585
C	79	1	130	1.02100267531	norm	585
A	80	1	220	0.329835082459	raw	585
A	80	1	220	1.06467578275	norm	585
T	80	1	186	0.278860569715	raw	585
T	80	1	186	0.903296932384	norm	585
C	80	1	143	0.214392803598	raw	585
C	80	1	143	1.12310294284	norm	585
G	80	1	118	0.176911544228	raw	585
G	80	1	118	0.928211856342	norm	585
T	81	1	224	0.335832083958	raw	585
T	81	1	224	1.08784146696	norm	585
A	81	1	199	0.298350824588	raw	585
A	81	1	199	0.963047639847	norm	585
G	81	1	126	0.188905547226	raw	585
G	81	1	126	0.991141473721	norm	585
C	81	1	118	0.176911544228	raw	585
C	81	1	118	0.926756274515	norm	585
A	82	1	232	0.347826086957	raw	585
A	82	1	232	1.12274900726	norm	585
T	82	1	186	0.278860569715	raw	585
T	82	1	186	0.903296932384	norm	585
G	82	1	130	0.194902548726	raw	585
G	82	1	130	1.02260628241	norm	585
C	82	1	119	0.178410794603	raw	585
C	82	1	119	0.934610141248	norm	585
A	83	1	211	0.316341829085	raw	585
A	83	1	211	1.02112086436	norm	585
T	83	1	205	0.307346326837	raw	585
T	83	1	205	0.99556919967	norm	585
C	83	1	132	0.197901049475	raw	585
C	83	1	132	1.03671040878	norm	585
G	83	1	119	0.178410794603	raw	585
G	83	1	119	0.936078058515	norm	585
T	84	1	209	0.313343328336	raw	585
T	84	1	209	1.01499494015	norm	585
A	84	1	203	0.304347826087	raw	585
A	84	1	203	0.982405381352	norm	585
C	84	1	149	0.223388305847	raw	585
C	84	1	149	1.17022614324	norm	585
G	84	1	106	0.15892053973	raw	585
G	84	1	106	0.833817430274	norm	585
A	85	1	217	0.325337331334	raw	585
A	85	1	217	1.05015747662	norm	585
T	85	1	180	0.269865067466	raw	585
T	85	1	180	0.874158321662	norm	585
C	85	1	148	0.221889055472	raw	585
C	85	1	148	1.16237227651	norm	585
G	85	1	122	0.182908545727	raw	585
G	85	1	122	0.959676665032	norm	585
T	86	1	240	0.359820089955	raw	585
T	86	1	240	1.16554442888	norm	585
A	86	1	211	0.316341829085	raw	585
A	86	1	211	1.02112086436	norm	585
G	86	1	109	0.163418290855	raw	585
G	86	1	109	0.857416036791	norm	585
C	86	1	107	0.160419790105	raw	585
C	86	1	107	0.84036374045	norm	585
A	87	1	240	0.359820089955	raw	585
A	87	1	240	1.16146449027	norm	585
T	87	1	213	0.319340329835	raw	585
T	87	1	213	1.03442068063	norm	585
C	87	1	111	0.166416791604	raw	585
C	87	1	111	0.871779207382	norm	585
G	87	1	103	0.154422788606	raw	585
G	87	1	103	0.810218823756	norm	585
T	88	1	236	0.353823088456	raw	585
T	88	1	236	1.1461186884	norm	585
A	88	1	210	0.314842578711	raw	585
A	88	1	210	1.01628142898	norm	585
G	88	1	129	0.193403298351	raw	585
G	88	1	129	1.01474008024	norm	585
C	88	1	92	0.137931034483	raw	585
C	88	1	92	0.722555739452	norm	585
T	89	1	215	0.322338830585	raw	585
T	89	1	215	1.04413355087	norm	585
A	89	1	192	0.287856071964	raw	585
A	89	1	192	0.929171592215	norm	585
G	89	1	143	0.214392803598	raw	585
G	89	1	143	1.12486691065	norm	585
C	89	1	117	0.175412293853	raw	585
C	89	1	117	0.918902407781	norm	585
A	90	1	210	0.314842578711	raw	585
A	90	1	210	1.01628142898	norm	585
T	90	1	195	0.292353823088	raw	585
T	90	1	195	0.947004848467	norm	585
G	90	1	134	0.200899550225	raw	585
G	90	1	134	1.0540710911	norm	585
C	90	1	128	0.191904047976	raw	585
C	90	1	128	1.00529494185	norm	585
T	91	1	214	0.32083958021	raw	585
T	91	1	214	1.03927711575	norm	585
A	91	1	207	0.310344827586	raw	585
A	91	1	207	1.00176312286	norm	585
G	91	1	125	0.187406296852	raw	585
G	91	1	125	0.983275271549	norm	585
C	91	1	121	0.181409295352	raw	585
C	91	1	121	0.950317874714	norm	585
A	92	1	218	0.326836581709	raw	585
A	92	1	218	1.05499691199	norm	585
T	92	1	203	0.304347826087	raw	585
T	92	1	203	0.98585632943	norm	585
G	92	1	131	0.1964017991	raw	585
G	92	1	131	1.03047248458	norm	585
C	92	1	115	0.172413793103	raw	585
C	92	1	115	0.903194674315	norm	585
T	93	1	218	0.326836581709	raw	585
T	93	1	218	1.05870285623	norm	585
A	93	1	217	0.325337331334	raw	585
A	93	1	217	1.05015747662	norm	585
C	93	1	127	0.190404797601	raw	585
C	93	1	127	0.997441075113	norm	585
G	93	1	105	0.157421289355	raw	585
G	93	1	105	0.825951228101	norm	585
A	94	1	231	0.346326836582	raw	585
A	94	1	231	1.11790957188	norm	585
T	94	1	170	0.254872563718	raw	585
T	94	1	170	0.825593970458	norm	585
G	94	1	136	0.203898050975	raw	585
G	94	1	136	1.06980349545	norm	585
C	94	1	130	0.194902548726	raw	585
C	94	1	130	1.02100267531	norm	585
A	95	1	210	0.314842578711	raw	585
A	95	1	210	1.01628142898	norm	585
T	95	1	193	0.289355322339	raw	585
T	95	1	193	0.937291978226	norm	585
G	95	1	137	0.205397301349	raw	585
G	95	1	137	1.07766969762	norm	585
C	95	1	127	0.190404797601	raw	585
C	95	1	127	0.997441075113	norm	585
A	96	1	237	0.355322338831	raw	585
A	96	1	237	1.14694618414	norm	585
T	96	1	215	0.322338830585	raw	585
T	96	1	215	1.04413355087	norm	585
C	96	1	117	0.175412293853	raw	585
C	96	1	117	0.918902407781	norm	585
G	96	1	98	0.146926536732	raw	585
G	96	1	98	0.770887812894	norm	585
A	97	1	215	0.322338830585	raw	585
A	97	1	215	1.04047860587	norm	585
T	97	1	188	0.281859070465	raw	585
T	97	1	188	0.913009802624	norm	585
C	97	1	147	0.220389805097	raw	585
C	97	1	147	1.15451840978	norm	585
G	97	1	117	0.175412293853	raw	585
G	97	1	117	0.92034565417	norm	585
A	98	1	223	0.334332833583	raw	585
A	98	1	223	1.07919408887	norm	585
T	98	1	192	0.287856071964	raw	585
T	98	1	192	0.932435543106	norm	585
C	98	1	139	0.208395802099	raw	585
C	98	1	139	1.09168747591	norm	585
G	98	1	113	0.169415292354	raw	585
G	98	1	113	0.88888084548	norm	585
T	99	1	226	0.338830584708	raw	585
T	99	1	226	1.0975543372	norm	585
A	99	1	208	0.311844077961	raw	585
A	99	1	208	1.00660255823	norm	585
G	99	1	123	0.184407796102	raw	585
G	99	1	123	0.967542867204	norm	585
C	99	1	110	0.164917541229	raw	585
C	99	1	110	0.863925340649	norm	585
T	100	1	216	0.32383808096	raw	585
T	100	1	216	1.04898998599	norm	585
A	100	1	204	0.305847076462	raw	585
A	100	1	204	0.987244816728	norm	585
C	100	1	132	0.197901049475	raw	585
C	100	1	132	1.03671040878	norm	585
G	100	1	115	0.172413793103	raw	585
G	100	1	115	0.904613249825	norm	585
