#region.size	nuc	count	freq
1	A	1876	0.296929408041
1	C	1284	0.203228869896
1	G	1179	0.18660968661
1	T	1979	0.313232035454
2	AA	591	0.0935570682286
2	AC	336	0.0531898052873
2	AG	376	0.0595219249644
2	AT	572	0.090549311382
2	CA	396	0.0626879848029
2	CC	230	0.0364096881431
2	CG	225	0.0356181731835
2	CT	433	0.0685451955042
2	GA	371	0.0587304100047
2	GC	312	0.0493905334811
2	GG	195	0.0308690834257
2	GT	301	0.0476492005699
2	TA	517	0.081842646826
2	TC	406	0.0642710147222
2	TG	383	0.0606300459079
2	TT	673	0.106537913567
3	AAA	209	0.0330905636479
3	AAC	102	0.0161494616846
3	AAG	116	0.0183660544649
3	AAT	164	0.02596580114
3	ACA	108	0.017099430019
3	ACC	63	0.00997466751108
3	ACG	59	0.00934135528816
3	ACT	106	0.0167827739075
3	AGA	122	0.0193160227992
3	AGC	103	0.0163077897403
3	AGG	66	0.0104496516783
3	AGT	85	0.0134578847372
3	ATA	182	0.0288157061431
3	ATC	112	0.0177327422419
3	ATG	103	0.0163077897403
3	ATT	175	0.027707409753
3	CAA	129	0.0204243191894
3	CAC	62	0.00981633945535
3	CAG	84	0.0132995566814
3	CAT	121	0.0191576947435
3	CCA	64	0.0101329955668
3	CCC	35	0.0055414819506
3	CCG	43	0.00680810639645
3	CCT	88	0.0139328689044
3	CGA	65	0.0102913236225
3	CGC	70	0.0110829639012
3	CGG	38	0.0060164661178
3	CGT	52	0.00823305889804
3	CTA	116	0.0183660544649
3	CTC	74	0.0117162761241
3	CTG	89	0.0140911969601
3	CTT	154	0.0243825205826
3	GAA	135	0.0213742875237
3	GAC	49	0.00775807473084
3	GAG	83	0.0131412286257
3	GAT	103	0.0163077897403
3	GCA	109	0.0172577580747
3	GCC	40	0.00633312222926
3	GCG	63	0.00997466751108
3	GCT	100	0.0158328055731
3	GGA	73	0.0115579480684
3	GGC	38	0.0060164661178
3	GGG	32	0.00506649778341
3	GGT	52	0.00823305889804
3	GTA	92	0.0145661811273
3	GTC	49	0.00775807473084
3	GTG	67	0.010607979734
3	GTT	93	0.014724509183
3	TAA	118	0.0186827105763
3	TAC	122	0.0193160227992
3	TAG	93	0.014724509183
3	TAT	184	0.0291323622546
3	TCA	115	0.0182077264091
3	TCC	92	0.0145661811273
3	TCG	60	0.00949968334389
3	TCT	139	0.0220075997467
3	TGA	111	0.0175744141862
3	TGC	101	0.0159911336289
3	TGG	59	0.00934135528816
3	TGT	112	0.0177327422419
3	TTA	127	0.0201076630779
3	TTC	171	0.0270740975301
3	TTG	124	0.0196326789107
3	TTT	251	0.0397403419886
