#region.size	nuc	count	freq
1	A	3768079	0.309798614568
1	C	2321834	0.190893279164
1	G	2318193	0.190593928551
1	T	3754889	0.308714177717
2	AA	1321481	0.108647825282
2	AC	639782	0.0526007736428
2	AG	709159	0.058304722602
2	AT	1097654	0.0902455048628
2	CA	786744	0.0646835063488
2	CC	473901	0.0389625829269
2	CG	355536	0.0292310015879
2	CT	705653	0.0580164708032
2	GA	756409	0.0621894623331
2	GC	453608	0.037294159152
2	GG	470733	0.0387021203773
2	GT	637437	0.0524079754488
2	TA	903440	0.0742778679924
2	TC	754532	0.0620351415611
2	TG	782764	0.0643562838276
2	TT	1314144	0.108044601252
3	AAA	478918	0.0393751224517
3	AAC	219412	0.0180393603234
3	AAG	263542	0.0216675892766
3	AAT	359608	0.0295658318013
3	ACA	209087	0.0171904714963
3	ACC	141157	0.0116054818568
3	ACG	106100	0.00872320625269
3	ACT	183438	0.0150816918811
3	AGA	246540	0.0202697386384
3	AGC	139359	0.0114576559865
3	AGG	139062	0.0114332375863
3	AGT	184198	0.0151441766761
3	ATA	303024	0.0249136743781
3	ATC	214359	0.0176239186533
3	ATG	222007	0.0182527130117
3	ATT	358264	0.0294553323743
3	CAA	281437	0.0231388595489
3	CAC	129654	0.0106597415974
3	CAG	152696	0.0125541819223
3	CAT	222957	0.0183308190055
3	CCA	181486	0.0149212046181
3	CCC	82935	0.00681865325699
3	CCG	71074	0.00584347937044
3	CCT	138406	0.0113793033422
3	CGA	110663	0.00909836167334
3	CGC	68546	0.00563563521015
3	CGG	70403	0.00578831187378
3	CGT	105924	0.00870873608963
3	CTA	155827	0.0128116028345
3	CTC	135937	0.0111763099752
3	CTG	152248	0.01251734878
3	CTT	261641	0.0215112950722
3	GAA	288964	0.0237577056701
3	GAC	118154	0.0097142479885
3	GAG	136161	0.0111947265464
3	GAT	213129	0.0175227919456
3	GCA	150992	0.0124140844346
3	GCC	95539	0.00785491425236
3	GCG	67939	0.00558572959097
3	GCT	139138	0.0114394860658
3	GGA	154468	0.012699870155
3	GGC	95184	0.00782572727574
3	GGG	81327	0.00668644858541
3	GGT	139749	0.0114897205524
3	GTA	172709	0.0141995874524
3	GTC	117379	0.00965052994095
3	GTG	129016	0.0106072872563
3	GTT	218327	0.0179501550568
3	TAA	272160	0.0223761339654
3	TAC	172559	0.014187254927
3	TAG	156760	0.0128883111421
3	TAT	301960	0.0248261956651
3	TCA	245176	0.0201575948747
3	TCC	154263	0.0126830157037
3	TCG	110422	0.00907854741597
3	TCT	244671	0.0201160753728
3	TGA	244737	0.0201215016839
3	TGC	150519	0.0123751958713
3	TGG	179941	0.0147941796071
3	TGT	207566	0.0170654196894
3	TTA	271880	0.0223531132515
3	TTC	286857	0.0235844747976
3	TTG	279493	0.0229790300206
3	TTT	475911	0.0391278964272
