#nuc	offset	region.size	count	freq	norm.freq	total.sites
C	-100	1	38	0.38	raw	39
C	-100	1	38	1.86981308411	norm	39
A	-100	1	24	0.24	raw	39
A	-100	1	24	0.808272921107	norm	39
T	-100	1	21	0.21	raw	39
T	-100	1	21	0.670429509854	norm	39
G	-100	1	17	0.17	raw	39
G	-100	1	17	0.910992366411	norm	39
A	-99	1	34	0.34	raw	39
A	-99	1	34	1.1450533049	norm	39
T	-99	1	30	0.3	raw	39
T	-99	1	30	0.957756442649	norm	39
G	-99	1	20	0.2	raw	39
G	-99	1	20	1.07175572519	norm	39
C	-99	1	16	0.16	raw	39
C	-99	1	16	0.787289719624	norm	39
T	-98	1	45	0.45	raw	39
T	-98	1	45	1.43663466397	norm	39
A	-98	1	23	0.23	raw	39
A	-98	1	23	0.774594882728	norm	39
C	-98	1	23	0.23	raw	39
C	-98	1	23	1.13172897196	norm	39
G	-98	1	9	0.09	raw	39
G	-98	1	9	0.482290076335	norm	39
T	-97	1	57	0.57	raw	39
T	-97	1	57	1.81973724103	norm	39
C	-97	1	17	0.17	raw	39
C	-97	1	17	0.836495327101	norm	39
G	-97	1	15	0.15	raw	39
G	-97	1	15	0.803816793892	norm	39
A	-97	1	11	0.11	raw	39
A	-97	1	11	0.370458422174	norm	39
T	-96	1	38	0.38	raw	39
T	-96	1	38	1.21315816069	norm	39
C	-96	1	24	0.24	raw	39
C	-96	1	24	1.18093457944	norm	39
G	-96	1	22	0.22	raw	39
G	-96	1	22	1.17893129771	norm	39
A	-96	1	16	0.16	raw	39
A	-96	1	16	0.538848614072	norm	39
A	-95	1	35	0.35	raw	39
A	-95	1	35	1.17873134328	norm	39
T	-95	1	30	0.3	raw	39
T	-95	1	30	0.957756442649	norm	39
C	-95	1	23	0.23	raw	39
C	-95	1	23	1.13172897196	norm	39
G	-95	1	12	0.12	raw	39
G	-95	1	12	0.643053435113	norm	39
A	-94	1	42	0.42	raw	39
A	-94	1	42	1.41447761194	norm	39
T	-94	1	22	0.22	raw	39
T	-94	1	22	0.702354724609	norm	39
G	-94	1	20	0.2	raw	39
G	-94	1	20	1.07175572519	norm	39
C	-94	1	16	0.16	raw	39
C	-94	1	16	0.787289719624	norm	39
A	-93	1	40	0.4	raw	39
A	-93	1	40	1.34712153518	norm	39
T	-93	1	24	0.24	raw	39
T	-93	1	24	0.766205154119	norm	39
C	-93	1	18	0.18	raw	39
C	-93	1	18	0.885700934577	norm	39
G	-93	1	18	0.18	raw	39
G	-93	1	18	0.96458015267	norm	39
T	-92	1	40	0.4	raw	39
T	-92	1	40	1.2770085902	norm	39
G	-92	1	21	0.21	raw	39
G	-92	1	21	1.12534351145	norm	39
A	-92	1	20	0.2	raw	39
A	-92	1	20	0.67356076759	norm	39
C	-92	1	19	0.19	raw	39
C	-92	1	19	0.934906542054	norm	39
A	-91	1	50	0.5	raw	39
A	-91	1	50	1.68390191897	norm	39
T	-91	1	27	0.27	raw	39
T	-91	1	27	0.861980798384	norm	39
C	-91	1	15	0.15	raw	39
C	-91	1	15	0.738084112148	norm	39
G	-91	1	8	0.08	raw	39
G	-91	1	8	0.428702290076	norm	39
T	-90	1	37	0.37	raw	39
T	-90	1	37	1.18123294593	norm	39
A	-90	1	35	0.35	raw	39
A	-90	1	35	1.17873134328	norm	39
G	-90	1	16	0.16	raw	39
G	-90	1	16	0.857404580151	norm	39
C	-90	1	12	0.12	raw	39
C	-90	1	12	0.590467289718	norm	39
T	-89	1	54	0.54	raw	39
T	-89	1	54	1.72396159677	norm	39
G	-89	1	18	0.18	raw	39
G	-89	1	18	0.96458015267	norm	39
A	-89	1	14	0.14	raw	39
A	-89	1	14	0.471492537313	norm	39
C	-89	1	14	0.14	raw	39
C	-89	1	14	0.688878504671	norm	39
T	-88	1	39	0.39	raw	39
T	-88	1	39	1.24508337544	norm	39
C	-88	1	24	0.24	raw	39
C	-88	1	24	1.18093457944	norm	39
G	-88	1	22	0.22	raw	39
G	-88	1	22	1.17893129771	norm	39
A	-88	1	15	0.15	raw	39
A	-88	1	15	0.505170575692	norm	39
T	-87	1	28	0.28	raw	39
T	-87	1	28	0.893906013139	norm	39
A	-87	1	27	0.27	raw	39
A	-87	1	27	0.909307036246	norm	39
C	-87	1	25	0.25	raw	39
C	-87	1	25	1.23014018691	norm	39
G	-87	1	20	0.2	raw	39
G	-87	1	20	1.07175572519	norm	39
T	-86	1	42	0.42	raw	39
T	-86	1	42	1.34085901971	norm	39
A	-86	1	30	0.3	raw	39
A	-86	1	30	1.01034115138	norm	39
G	-86	1	16	0.16	raw	39
G	-86	1	16	0.857404580151	norm	39
C	-86	1	12	0.12	raw	39
C	-86	1	12	0.590467289718	norm	39
A	-85	1	45	0.45	raw	39
A	-85	1	45	1.51551172708	norm	39
T	-85	1	28	0.28	raw	39
T	-85	1	28	0.893906013139	norm	39
C	-85	1	25	0.25	raw	39
C	-85	1	25	1.23014018691	norm	39
G	-85	1	2	0.02	raw	39
G	-85	1	2	0.107175572519	norm	39
T	-84	1	39	0.39	raw	39
T	-84	1	39	1.24508337544	norm	39
A	-84	1	28	0.28	raw	39
A	-84	1	28	0.942985074625	norm	39
G	-84	1	23	0.23	raw	39
G	-84	1	23	1.23251908397	norm	39
C	-84	1	10	0.1	raw	39
C	-84	1	10	0.492056074765	norm	39
A	-83	1	48	0.48	raw	39
A	-83	1	48	1.61654584221	norm	39
C	-83	1	24	0.24	raw	39
C	-83	1	24	1.18093457944	norm	39
T	-83	1	17	0.17	raw	39
T	-83	1	17	0.542728650834	norm	39
G	-83	1	11	0.11	raw	39
G	-83	1	11	0.589465648854	norm	39
A	-82	1	37	0.37	raw	39
A	-82	1	37	1.24608742004	norm	39
T	-82	1	29	0.29	raw	39
T	-82	1	29	0.925831227894	norm	39
C	-82	1	18	0.18	raw	39
C	-82	1	18	0.885700934577	norm	39
G	-82	1	16	0.16	raw	39
G	-82	1	16	0.857404580151	norm	39
A	-81	1	40	0.4	raw	39
A	-81	1	40	1.34712153518	norm	39
C	-81	1	23	0.23	raw	39
C	-81	1	23	1.13172897196	norm	39
T	-81	1	22	0.22	raw	39
T	-81	1	22	0.702354724609	norm	39
G	-81	1	15	0.15	raw	39
G	-81	1	15	0.803816793892	norm	39
T	-80	1	32	0.32	raw	39
T	-80	1	32	1.02160687216	norm	39
C	-80	1	31	0.31	raw	39
C	-80	1	31	1.52537383177	norm	39
A	-80	1	26	0.26	raw	39
A	-80	1	26	0.875628997866	norm	39
G	-80	1	11	0.11	raw	39
G	-80	1	11	0.589465648854	norm	39
T	-79	1	37	0.37	raw	39
T	-79	1	37	1.18123294593	norm	39
A	-79	1	28	0.28	raw	39
A	-79	1	28	0.942985074625	norm	39
G	-79	1	19	0.19	raw	39
G	-79	1	19	1.01816793893	norm	39
C	-79	1	16	0.16	raw	39
C	-79	1	16	0.787289719624	norm	39
A	-78	1	34	0.34	raw	39
A	-78	1	34	1.1450533049	norm	39
T	-78	1	33	0.33	raw	39
T	-78	1	33	1.05353208691	norm	39
G	-78	1	20	0.2	raw	39
G	-78	1	20	1.07175572519	norm	39
C	-78	1	13	0.13	raw	39
C	-78	1	13	0.639672897195	norm	39
T	-77	1	44	0.44	raw	39
T	-77	1	44	1.40470944922	norm	39
C	-77	1	22	0.22	raw	39
C	-77	1	22	1.08252336448	norm	39
A	-77	1	17	0.17	raw	39
A	-77	1	17	0.572526652451	norm	39
G	-77	1	17	0.17	raw	39
G	-77	1	17	0.910992366411	norm	39
A	-76	1	34	0.34	raw	39
A	-76	1	34	1.1450533049	norm	39
T	-76	1	33	0.33	raw	39
T	-76	1	33	1.05353208691	norm	39
G	-76	1	19	0.19	raw	39
G	-76	1	19	1.01816793893	norm	39
C	-76	1	14	0.14	raw	39
C	-76	1	14	0.688878504671	norm	39
T	-75	1	42	0.42	raw	39
T	-75	1	42	1.34085901971	norm	39
G	-75	1	31	0.31	raw	39
G	-75	1	31	1.66122137404	norm	39
A	-75	1	23	0.23	raw	39
A	-75	1	23	0.774594882728	norm	39
C	-75	1	4	0.04	raw	39
C	-75	1	4	0.196822429906	norm	39
T	-74	1	45	0.45	raw	39
T	-74	1	45	1.43663466397	norm	39
A	-74	1	27	0.27	raw	39
A	-74	1	27	0.909307036246	norm	39
G	-74	1	16	0.16	raw	39
G	-74	1	16	0.857404580151	norm	39
C	-74	1	12	0.12	raw	39
C	-74	1	12	0.590467289718	norm	39
T	-73	1	37	0.37	raw	39
T	-73	1	37	1.18123294593	norm	39
G	-73	1	32	0.32	raw	39
G	-73	1	32	1.7148091603	norm	39
A	-73	1	22	0.22	raw	39
A	-73	1	22	0.740916844348	norm	39
C	-73	1	9	0.09	raw	39
C	-73	1	9	0.442850467289	norm	39
A	-72	1	43	0.43	raw	39
A	-72	1	43	1.44815565032	norm	39
T	-72	1	34	0.34	raw	39
T	-72	1	34	1.08545730167	norm	39
C	-72	1	19	0.19	raw	39
C	-72	1	19	0.934906542054	norm	39
G	-72	1	4	0.04	raw	39
G	-72	1	4	0.214351145038	norm	39
T	-71	1	38	0.38	raw	39
T	-71	1	38	1.21315816069	norm	39
G	-71	1	25	0.25	raw	39
G	-71	1	25	1.33969465649	norm	39
A	-71	1	24	0.24	raw	39
A	-71	1	24	0.808272921107	norm	39
C	-71	1	13	0.13	raw	39
C	-71	1	13	0.639672897195	norm	39
T	-70	1	42	0.42	raw	39
T	-70	1	42	1.34085901971	norm	39
C	-70	1	28	0.28	raw	39
C	-70	1	28	1.37775700934	norm	39
G	-70	1	17	0.17	raw	39
G	-70	1	17	0.910992366411	norm	39
A	-70	1	13	0.13	raw	39
A	-70	1	13	0.437814498933	norm	39
T	-69	1	31	0.31	raw	39
T	-69	1	31	0.989681657404	norm	39
C	-69	1	29	0.29	raw	39
C	-69	1	29	1.42696261682	norm	39
A	-69	1	21	0.21	raw	39
A	-69	1	21	0.707238805969	norm	39
G	-69	1	19	0.19	raw	39
G	-69	1	19	1.01816793893	norm	39
A	-68	1	34	0.34	raw	39
A	-68	1	34	1.1450533049	norm	39
T	-68	1	32	0.32	raw	39
T	-68	1	32	1.02160687216	norm	39
G	-68	1	24	0.24	raw	39
G	-68	1	24	1.28610687023	norm	39
C	-68	1	10	0.1	raw	39
C	-68	1	10	0.492056074765	norm	39
T	-67	1	51	0.51	raw	39
T	-67	1	51	1.6281859525	norm	39
C	-67	1	22	0.22	raw	39
C	-67	1	22	1.08252336448	norm	39
A	-67	1	18	0.18	raw	39
A	-67	1	18	0.606204690831	norm	39
G	-67	1	9	0.09	raw	39
G	-67	1	9	0.482290076335	norm	39
T	-66	1	40	0.412371134021	raw	39
T	-66	1	40	1.31650370124	norm	39
A	-66	1	36	0.371134020619	raw	39
A	-66	1	36	1.24990657903	norm	39
C	-66	1	12	0.123711340206	raw	39
C	-66	1	12	0.608729164658	norm	39
G	-66	1	9	0.0927835051546	raw	39
G	-66	1	9	0.497206264263	norm	39
T	-65	1	39	0.39	raw	39
T	-65	1	39	1.24508337544	norm	39
A	-65	1	29	0.29	raw	39
A	-65	1	29	0.976663113005	norm	39
C	-65	1	16	0.16	raw	39
C	-65	1	16	0.787289719624	norm	39
G	-65	1	16	0.16	raw	39
G	-65	1	16	0.857404580151	norm	39
A	-64	1	31	0.31	raw	39
A	-64	1	31	1.04401918976	norm	39
T	-64	1	31	0.31	raw	39
T	-64	1	31	0.989681657404	norm	39
G	-64	1	25	0.25	raw	39
G	-64	1	25	1.33969465649	norm	39
C	-64	1	13	0.13	raw	39
C	-64	1	13	0.639672897195	norm	39
T	-63	1	43	0.43	raw	39
T	-63	1	43	1.37278423446	norm	39
A	-63	1	41	0.41	raw	39
A	-63	1	41	1.38079957356	norm	39
C	-63	1	10	0.1	raw	39
C	-63	1	10	0.492056074765	norm	39
G	-63	1	6	0.06	raw	39
G	-63	1	6	0.321526717557	norm	39
A	-62	1	38	0.38	raw	39
A	-62	1	38	1.27976545842	norm	39
G	-62	1	31	0.31	raw	39
G	-62	1	31	1.66122137404	norm	39
T	-62	1	22	0.22	raw	39
T	-62	1	22	0.702354724609	norm	39
C	-62	1	9	0.09	raw	39
C	-62	1	9	0.442850467289	norm	39
T	-61	1	34	0.34	raw	39
T	-61	1	34	1.08545730167	norm	39
A	-61	1	31	0.31	raw	39
A	-61	1	31	1.04401918976	norm	39
G	-61	1	24	0.24	raw	39
G	-61	1	24	1.28610687023	norm	39
C	-61	1	11	0.11	raw	39
C	-61	1	11	0.541261682242	norm	39
A	-60	1	30	0.3	raw	39
A	-60	1	30	1.01034115138	norm	39
T	-60	1	29	0.29	raw	39
T	-60	1	29	0.925831227894	norm	39
C	-60	1	27	0.27	raw	39
C	-60	1	27	1.32855140187	norm	39
G	-60	1	14	0.14	raw	39
G	-60	1	14	0.750229007632	norm	39
T	-59	1	55	0.55	raw	39
T	-59	1	55	1.75588681152	norm	39
A	-59	1	18	0.18	raw	39
A	-59	1	18	0.606204690831	norm	39
G	-59	1	15	0.15	raw	39
G	-59	1	15	0.803816793892	norm	39
C	-59	1	12	0.12	raw	39
C	-59	1	12	0.590467289718	norm	39
A	-58	1	39	0.39	raw	39
A	-58	1	39	1.3134434968	norm	39
T	-58	1	26	0.26	raw	39
T	-58	1	26	0.830055583629	norm	39
C	-58	1	19	0.19	raw	39
C	-58	1	19	0.934906542054	norm	39
G	-58	1	16	0.16	raw	39
G	-58	1	16	0.857404580151	norm	39
A	-57	1	31	0.31	raw	39
A	-57	1	31	1.04401918976	norm	39
G	-57	1	27	0.27	raw	39
G	-57	1	27	1.44687022901	norm	39
T	-57	1	22	0.22	raw	39
T	-57	1	22	0.702354724609	norm	39
C	-57	1	20	0.2	raw	39
C	-57	1	20	0.98411214953	norm	39
T	-56	1	36	0.36	raw	39
T	-56	1	36	1.14930773118	norm	39
G	-56	1	26	0.26	raw	39
G	-56	1	26	1.39328244275	norm	39
A	-56	1	24	0.24	raw	39
A	-56	1	24	0.808272921107	norm	39
C	-56	1	14	0.14	raw	39
C	-56	1	14	0.688878504671	norm	39
T	-55	1	33	0.33	raw	39
T	-55	1	33	1.05353208691	norm	39
A	-55	1	30	0.3	raw	39
A	-55	1	30	1.01034115138	norm	39
G	-55	1	26	0.26	raw	39
G	-55	1	26	1.39328244275	norm	39
C	-55	1	11	0.11	raw	39
C	-55	1	11	0.541261682242	norm	39
T	-54	1	37	0.37	raw	39
T	-54	1	37	1.18123294593	norm	39
A	-54	1	28	0.28	raw	39
A	-54	1	28	0.942985074625	norm	39
C	-54	1	21	0.21	raw	39
C	-54	1	21	1.03331775701	norm	39
G	-54	1	14	0.14	raw	39
G	-54	1	14	0.750229007632	norm	39
A	-53	1	42	0.42	raw	39
A	-53	1	42	1.41447761194	norm	39
C	-53	1	27	0.27	raw	39
C	-53	1	27	1.32855140187	norm	39
T	-53	1	19	0.19	raw	39
T	-53	1	19	0.606579080344	norm	39
G	-53	1	12	0.12	raw	39
G	-53	1	12	0.643053435113	norm	39
A	-52	1	35	0.35	raw	39
A	-52	1	35	1.17873134328	norm	39
G	-52	1	26	0.26	raw	39
G	-52	1	26	1.39328244275	norm	39
T	-52	1	24	0.24	raw	39
T	-52	1	24	0.766205154119	norm	39
C	-52	1	15	0.15	raw	39
C	-52	1	15	0.738084112148	norm	39
A	-51	1	37	0.37	raw	39
A	-51	1	37	1.24608742004	norm	39
T	-51	1	27	0.27	raw	39
T	-51	1	27	0.861980798384	norm	39
G	-51	1	22	0.22	raw	39
G	-51	1	22	1.17893129771	norm	39
C	-51	1	14	0.14	raw	39
C	-51	1	14	0.688878504671	norm	39
T	-50	1	33	0.33	raw	39
T	-50	1	33	1.05353208691	norm	39
A	-50	1	30	0.3	raw	39
A	-50	1	30	1.01034115138	norm	39
C	-50	1	19	0.19	raw	39
C	-50	1	19	0.934906542054	norm	39
G	-50	1	18	0.18	raw	39
G	-50	1	18	0.96458015267	norm	39
T	-49	1	44	0.44	raw	39
T	-49	1	44	1.40470944922	norm	39
A	-49	1	30	0.3	raw	39
A	-49	1	30	1.01034115138	norm	39
C	-49	1	13	0.13	raw	39
C	-49	1	13	0.639672897195	norm	39
G	-49	1	13	0.13	raw	39
G	-49	1	13	0.696641221373	norm	39
C	-48	1	32	0.32	raw	39
C	-48	1	32	1.57457943925	norm	39
T	-48	1	32	0.32	raw	39
T	-48	1	32	1.02160687216	norm	39
A	-48	1	25	0.25	raw	39
A	-48	1	25	0.841950959487	norm	39
G	-48	1	11	0.11	raw	39
G	-48	1	11	0.589465648854	norm	39
C	-47	1	30	0.3	raw	39
C	-47	1	30	1.4761682243	norm	39
G	-47	1	26	0.26	raw	39
G	-47	1	26	1.39328244275	norm	39
A	-47	1	24	0.24	raw	39
A	-47	1	24	0.808272921107	norm	39
T	-47	1	20	0.2	raw	39
T	-47	1	20	0.638504295099	norm	39
G	-46	1	33	0.33	raw	39
G	-46	1	33	1.76839694656	norm	39
T	-46	1	31	0.31	raw	39
T	-46	1	31	0.989681657404	norm	39
A	-46	1	28	0.28	raw	39
A	-46	1	28	0.942985074625	norm	39
C	-46	1	8	0.08	raw	39
C	-46	1	8	0.393644859812	norm	39
A	-45	1	39	0.39	raw	39
A	-45	1	39	1.3134434968	norm	39
C	-45	1	29	0.29	raw	39
C	-45	1	29	1.42696261682	norm	39
T	-45	1	18	0.18	raw	39
T	-45	1	18	0.574653865589	norm	39
G	-45	1	14	0.14	raw	39
G	-45	1	14	0.750229007632	norm	39
G	-44	1	34	0.34	raw	39
G	-44	1	34	1.82198473282	norm	39
T	-44	1	33	0.33	raw	39
T	-44	1	33	1.05353208691	norm	39
C	-44	1	17	0.17	raw	39
C	-44	1	17	0.836495327101	norm	39
A	-44	1	16	0.16	raw	39
A	-44	1	16	0.538848614072	norm	39
T	-43	1	35	0.35	raw	39
T	-43	1	35	1.11738251642	norm	39
G	-43	1	25	0.25	raw	39
G	-43	1	25	1.33969465649	norm	39
A	-43	1	24	0.24	raw	39
A	-43	1	24	0.808272921107	norm	39
C	-43	1	16	0.16	raw	39
C	-43	1	16	0.787289719624	norm	39
T	-42	1	42	0.42	raw	39
T	-42	1	42	1.34085901971	norm	39
A	-42	1	30	0.3	raw	39
A	-42	1	30	1.01034115138	norm	39
C	-42	1	14	0.14	raw	39
C	-42	1	14	0.688878504671	norm	39
G	-42	1	14	0.14	raw	39
G	-42	1	14	0.750229007632	norm	39
T	-41	1	36	0.36	raw	39
T	-41	1	36	1.14930773118	norm	39
A	-41	1	30	0.3	raw	39
A	-41	1	30	1.01034115138	norm	39
C	-41	1	18	0.18	raw	39
C	-41	1	18	0.885700934577	norm	39
G	-41	1	16	0.16	raw	39
G	-41	1	16	0.857404580151	norm	39
T	-40	1	34	0.34	raw	39
T	-40	1	34	1.08545730167	norm	39
C	-40	1	31	0.31	raw	39
C	-40	1	31	1.52537383177	norm	39
G	-40	1	20	0.2	raw	39
G	-40	1	20	1.07175572519	norm	39
A	-40	1	15	0.15	raw	39
A	-40	1	15	0.505170575692	norm	39
A	-39	1	31	0.31	raw	39
A	-39	1	31	1.04401918976	norm	39
T	-39	1	29	0.29	raw	39
T	-39	1	29	0.925831227894	norm	39
C	-39	1	24	0.24	raw	39
C	-39	1	24	1.18093457944	norm	39
G	-39	1	16	0.16	raw	39
G	-39	1	16	0.857404580151	norm	39
T	-38	1	40	0.4	raw	39
T	-38	1	40	1.2770085902	norm	39
A	-38	1	32	0.32	raw	39
A	-38	1	32	1.07769722814	norm	39
G	-38	1	18	0.18	raw	39
G	-38	1	18	0.96458015267	norm	39
C	-38	1	10	0.1	raw	39
C	-38	1	10	0.492056074765	norm	39
A	-37	1	39	0.39	raw	39
A	-37	1	39	1.3134434968	norm	39
T	-37	1	23	0.23	raw	39
T	-37	1	23	0.734279939364	norm	39
C	-37	1	22	0.22	raw	39
C	-37	1	22	1.08252336448	norm	39
G	-37	1	16	0.16	raw	39
G	-37	1	16	0.857404580151	norm	39
T	-36	1	44	0.44	raw	39
T	-36	1	44	1.40470944922	norm	39
C	-36	1	19	0.19	raw	39
C	-36	1	19	0.934906542054	norm	39
G	-36	1	19	0.19	raw	39
G	-36	1	19	1.01816793893	norm	39
A	-36	1	18	0.18	raw	39
A	-36	1	18	0.606204690831	norm	39
A	-35	1	44	0.44	raw	39
A	-35	1	44	1.4818336887	norm	39
C	-35	1	23	0.23	raw	39
C	-35	1	23	1.13172897196	norm	39
G	-35	1	17	0.17	raw	39
G	-35	1	17	0.910992366411	norm	39
T	-35	1	16	0.16	raw	39
T	-35	1	16	0.510803436079	norm	39
G	-34	1	33	0.33	raw	39
G	-34	1	33	1.76839694656	norm	39
A	-34	1	30	0.3	raw	39
A	-34	1	30	1.01034115138	norm	39
T	-34	1	27	0.27	raw	39
T	-34	1	27	0.861980798384	norm	39
C	-34	1	10	0.1	raw	39
C	-34	1	10	0.492056074765	norm	39
T	-33	1	38	0.38	raw	39
T	-33	1	38	1.21315816069	norm	39
A	-33	1	33	0.33	raw	39
A	-33	1	33	1.11137526652	norm	39
C	-33	1	17	0.17	raw	39
C	-33	1	17	0.836495327101	norm	39
G	-33	1	12	0.12	raw	39
G	-33	1	12	0.643053435113	norm	39
T	-32	1	41	0.41	raw	39
T	-32	1	41	1.30893380495	norm	39
G	-32	1	27	0.27	raw	39
G	-32	1	27	1.44687022901	norm	39
A	-32	1	18	0.18	raw	39
A	-32	1	18	0.606204690831	norm	39
C	-32	1	14	0.14	raw	39
C	-32	1	14	0.688878504671	norm	39
T	-31	1	41	0.41	raw	39
T	-31	1	41	1.30893380495	norm	39
A	-31	1	33	0.33	raw	39
A	-31	1	33	1.11137526652	norm	39
G	-31	1	21	0.21	raw	39
G	-31	1	21	1.12534351145	norm	39
C	-31	1	5	0.05	raw	39
C	-31	1	5	0.246028037383	norm	39
A	-30	1	42	0.42	raw	39
A	-30	1	42	1.41447761194	norm	39
T	-30	1	34	0.34	raw	39
T	-30	1	34	1.08545730167	norm	39
C	-30	1	13	0.13	raw	39
C	-30	1	13	0.639672897195	norm	39
G	-30	1	11	0.11	raw	39
G	-30	1	11	0.589465648854	norm	39
A	-29	1	38	0.38	raw	39
A	-29	1	38	1.27976545842	norm	39
T	-29	1	27	0.27	raw	39
T	-29	1	27	0.861980798384	norm	39
G	-29	1	19	0.19	raw	39
G	-29	1	19	1.01816793893	norm	39
C	-29	1	16	0.16	raw	39
C	-29	1	16	0.787289719624	norm	39
A	-28	1	41	0.41	raw	39
A	-28	1	41	1.38079957356	norm	39
T	-28	1	37	0.37	raw	39
T	-28	1	37	1.18123294593	norm	39
G	-28	1	13	0.13	raw	39
G	-28	1	13	0.696641221373	norm	39
C	-28	1	9	0.09	raw	39
C	-28	1	9	0.442850467289	norm	39
T	-27	1	42	0.42	raw	39
T	-27	1	42	1.34085901971	norm	39
A	-27	1	24	0.24	raw	39
A	-27	1	24	0.808272921107	norm	39
G	-27	1	18	0.18	raw	39
G	-27	1	18	0.96458015267	norm	39
C	-27	1	16	0.16	raw	39
C	-27	1	16	0.787289719624	norm	39
T	-26	1	41	0.41	raw	39
T	-26	1	41	1.30893380495	norm	39
C	-26	1	24	0.24	raw	39
C	-26	1	24	1.18093457944	norm	39
A	-26	1	22	0.22	raw	39
A	-26	1	22	0.740916844348	norm	39
G	-26	1	13	0.13	raw	39
G	-26	1	13	0.696641221373	norm	39
A	-25	1	31	0.31	raw	39
A	-25	1	31	1.04401918976	norm	39
G	-25	1	25	0.25	raw	39
G	-25	1	25	1.33969465649	norm	39
C	-25	1	22	0.22	raw	39
C	-25	1	22	1.08252336448	norm	39
T	-25	1	22	0.22	raw	39
T	-25	1	22	0.702354724609	norm	39
T	-24	1	40	0.4	raw	39
T	-24	1	40	1.2770085902	norm	39
A	-24	1	30	0.3	raw	39
A	-24	1	30	1.01034115138	norm	39
G	-24	1	22	0.22	raw	39
G	-24	1	22	1.17893129771	norm	39
C	-24	1	8	0.08	raw	39
C	-24	1	8	0.393644859812	norm	39
T	-23	1	32	0.32	raw	39
T	-23	1	32	1.02160687216	norm	39
A	-23	1	29	0.29	raw	39
A	-23	1	29	0.976663113005	norm	39
C	-23	1	22	0.22	raw	39
C	-23	1	22	1.08252336448	norm	39
G	-23	1	17	0.17	raw	39
G	-23	1	17	0.910992366411	norm	39
T	-22	1	41	0.41	raw	39
T	-22	1	41	1.30893380495	norm	39
A	-22	1	22	0.22	raw	39
A	-22	1	22	0.740916844348	norm	39
C	-22	1	20	0.2	raw	39
C	-22	1	20	0.98411214953	norm	39
G	-22	1	17	0.17	raw	39
G	-22	1	17	0.910992366411	norm	39
T	-21	1	32	0.32	raw	39
T	-21	1	32	1.02160687216	norm	39
A	-21	1	26	0.26	raw	39
A	-21	1	26	0.875628997866	norm	39
G	-21	1	25	0.25	raw	39
G	-21	1	25	1.33969465649	norm	39
C	-21	1	17	0.17	raw	39
C	-21	1	17	0.836495327101	norm	39
A	-20	1	43	0.43	raw	39
A	-20	1	43	1.44815565032	norm	39
T	-20	1	37	0.37	raw	39
T	-20	1	37	1.18123294593	norm	39
G	-20	1	15	0.15	raw	39
G	-20	1	15	0.803816793892	norm	39
C	-20	1	5	0.05	raw	39
C	-20	1	5	0.246028037383	norm	39
G	-19	1	35	0.35	raw	39
G	-19	1	35	1.87557251908	norm	39
C	-19	1	22	0.22	raw	39
C	-19	1	22	1.08252336448	norm	39
T	-19	1	22	0.22	raw	39
T	-19	1	22	0.702354724609	norm	39
A	-19	1	21	0.21	raw	39
A	-19	1	21	0.707238805969	norm	39
T	-18	1	45	0.45	raw	39
T	-18	1	45	1.43663466397	norm	39
A	-18	1	33	0.33	raw	39
A	-18	1	33	1.11137526652	norm	39
C	-18	1	12	0.12	raw	39
C	-18	1	12	0.590467289718	norm	39
G	-18	1	10	0.1	raw	39
G	-18	1	10	0.535877862595	norm	39
A	-17	1	40	0.4	raw	39
A	-17	1	40	1.34712153518	norm	39
T	-17	1	35	0.35	raw	39
T	-17	1	35	1.11738251642	norm	39
G	-17	1	21	0.21	raw	39
G	-17	1	21	1.12534351145	norm	39
C	-17	1	4	0.04	raw	39
C	-17	1	4	0.196822429906	norm	39
A	-16	1	49	0.49	raw	39
A	-16	1	49	1.65022388059	norm	39
T	-16	1	23	0.23	raw	39
T	-16	1	23	0.734279939364	norm	39
G	-16	1	16	0.16	raw	39
G	-16	1	16	0.857404580151	norm	39
C	-16	1	12	0.12	raw	39
C	-16	1	12	0.590467289718	norm	39
T	-15	1	42	0.42	raw	39
T	-15	1	42	1.34085901971	norm	39
A	-15	1	27	0.27	raw	39
A	-15	1	27	0.909307036246	norm	39
G	-15	1	19	0.19	raw	39
G	-15	1	19	1.01816793893	norm	39
C	-15	1	12	0.12	raw	39
C	-15	1	12	0.590467289718	norm	39
T	-14	1	33	0.33	raw	39
T	-14	1	33	1.05353208691	norm	39
G	-14	1	25	0.25	raw	39
G	-14	1	25	1.33969465649	norm	39
A	-14	1	23	0.23	raw	39
A	-14	1	23	0.774594882728	norm	39
C	-14	1	19	0.19	raw	39
C	-14	1	19	0.934906542054	norm	39
T	-13	1	55	0.55	raw	39
T	-13	1	55	1.75588681152	norm	39
C	-13	1	16	0.16	raw	39
C	-13	1	16	0.787289719624	norm	39
G	-13	1	15	0.15	raw	39
G	-13	1	15	0.803816793892	norm	39
A	-13	1	14	0.14	raw	39
A	-13	1	14	0.471492537313	norm	39
T	-12	1	36	0.36	raw	39
T	-12	1	36	1.14930773118	norm	39
A	-12	1	27	0.27	raw	39
A	-12	1	27	0.909307036246	norm	39
G	-12	1	20	0.2	raw	39
G	-12	1	20	1.07175572519	norm	39
C	-12	1	17	0.17	raw	39
C	-12	1	17	0.836495327101	norm	39
T	-11	1	29	0.29	raw	39
T	-11	1	29	0.925831227894	norm	39
G	-11	1	29	0.29	raw	39
G	-11	1	29	1.55404580152	norm	39
A	-11	1	25	0.25	raw	39
A	-11	1	25	0.841950959487	norm	39
C	-11	1	17	0.17	raw	39
C	-11	1	17	0.836495327101	norm	39
T	-10	1	38	0.38	raw	39
T	-10	1	38	1.21315816069	norm	39
A	-10	1	33	0.33	raw	39
A	-10	1	33	1.11137526652	norm	39
G	-10	1	23	0.23	raw	39
G	-10	1	23	1.23251908397	norm	39
C	-10	1	6	0.06	raw	39
C	-10	1	6	0.295233644859	norm	39
T	-9	1	48	0.48	raw	39
T	-9	1	48	1.53241030824	norm	39
A	-9	1	28	0.28	raw	39
A	-9	1	28	0.942985074625	norm	39
C	-9	1	17	0.17	raw	39
C	-9	1	17	0.836495327101	norm	39
G	-9	1	7	0.07	raw	39
G	-9	1	7	0.375114503816	norm	39
A	-8	1	36	0.36	raw	39
A	-8	1	36	1.21240938166	norm	39
T	-8	1	27	0.27	raw	39
T	-8	1	27	0.861980798384	norm	39
C	-8	1	25	0.25	raw	39
C	-8	1	25	1.23014018691	norm	39
G	-8	1	12	0.12	raw	39
G	-8	1	12	0.643053435113	norm	39
A	-7	1	37	0.37	raw	39
A	-7	1	37	1.24608742004	norm	39
T	-7	1	34	0.34	raw	39
T	-7	1	34	1.08545730167	norm	39
G	-7	1	20	0.2	raw	39
G	-7	1	20	1.07175572519	norm	39
C	-7	1	9	0.09	raw	39
C	-7	1	9	0.442850467289	norm	39
T	-6	1	32	0.32	raw	39
T	-6	1	32	1.02160687216	norm	39
A	-6	1	27	0.27	raw	39
A	-6	1	27	0.909307036246	norm	39
G	-6	1	23	0.23	raw	39
G	-6	1	23	1.23251908397	norm	39
C	-6	1	18	0.18	raw	39
C	-6	1	18	0.885700934577	norm	39
A	-5	1	35	0.35	raw	39
A	-5	1	35	1.17873134328	norm	39
C	-5	1	25	0.25	raw	39
C	-5	1	25	1.23014018691	norm	39
T	-5	1	25	0.25	raw	39
T	-5	1	25	0.798130368874	norm	39
G	-5	1	15	0.15	raw	39
G	-5	1	15	0.803816793892	norm	39
T	-4	1	35	0.35	raw	39
T	-4	1	35	1.11738251642	norm	39
A	-4	1	27	0.27	raw	39
A	-4	1	27	0.909307036246	norm	39
G	-4	1	24	0.24	raw	39
G	-4	1	24	1.28610687023	norm	39
C	-4	1	14	0.14	raw	39
C	-4	1	14	0.688878504671	norm	39
A	-3	1	33	0.33	raw	39
A	-3	1	33	1.11137526652	norm	39
T	-3	1	24	0.24	raw	39
T	-3	1	24	0.766205154119	norm	39
G	-3	1	24	0.24	raw	39
G	-3	1	24	1.28610687023	norm	39
C	-3	1	19	0.19	raw	39
C	-3	1	19	0.934906542054	norm	39
T	-2	1	36	0.36	raw	39
T	-2	1	36	1.14930773118	norm	39
A	-2	1	33	0.33	raw	39
A	-2	1	33	1.11137526652	norm	39
C	-2	1	19	0.19	raw	39
C	-2	1	19	0.934906542054	norm	39
G	-2	1	12	0.12	raw	39
G	-2	1	12	0.643053435113	norm	39
A	-1	1	39	0.39	raw	39
A	-1	1	39	1.3134434968	norm	39
T	-1	1	38	0.38	raw	39
T	-1	1	38	1.21315816069	norm	39
G	-1	1	12	0.12	raw	39
G	-1	1	12	0.643053435113	norm	39
C	-1	1	11	0.11	raw	39
C	-1	1	11	0.541261682242	norm	39
C	0	1	44	0.44	raw	39
C	0	1	44	2.16504672897	norm	39
G	0	1	24	0.24	raw	39
G	0	1	24	1.28610687023	norm	39
A	0	1	21	0.21	raw	39
A	0	1	21	0.707238805969	norm	39
T	0	1	11	0.11	raw	39
T	0	1	11	0.351177362304	norm	39
A	1	1	31	0.31	raw	39
A	1	1	31	1.04401918976	norm	39
G	1	1	26	0.26	raw	39
G	1	1	26	1.39328244275	norm	39
T	1	1	23	0.23	raw	39
T	1	1	23	0.734279939364	norm	39
C	1	1	20	0.2	raw	39
C	1	1	20	0.98411214953	norm	39
G	2	1	31	0.31	raw	39
G	2	1	31	1.66122137404	norm	39
A	2	1	27	0.27	raw	39
A	2	1	27	0.909307036246	norm	39
C	2	1	23	0.23	raw	39
C	2	1	23	1.13172897196	norm	39
T	2	1	19	0.19	raw	39
T	2	1	19	0.606579080344	norm	39
A	3	1	45	0.45	raw	39
A	3	1	45	1.51551172708	norm	39
T	3	1	27	0.27	raw	39
T	3	1	27	0.861980798384	norm	39
G	3	1	17	0.17	raw	39
G	3	1	17	0.910992366411	norm	39
C	3	1	11	0.11	raw	39
C	3	1	11	0.541261682242	norm	39
T	4	1	29	0.29	raw	39
T	4	1	29	0.925831227894	norm	39
G	4	1	25	0.25	raw	39
G	4	1	25	1.33969465649	norm	39
C	4	1	24	0.24	raw	39
C	4	1	24	1.18093457944	norm	39
A	4	1	22	0.22	raw	39
A	4	1	22	0.740916844348	norm	39
T	5	1	34	0.34	raw	39
T	5	1	34	1.08545730167	norm	39
A	5	1	33	0.33	raw	39
A	5	1	33	1.11137526652	norm	39
C	5	1	18	0.18	raw	39
C	5	1	18	0.885700934577	norm	39
G	5	1	15	0.15	raw	39
G	5	1	15	0.803816793892	norm	39
A	6	1	45	0.45	raw	39
A	6	1	45	1.51551172708	norm	39
T	6	1	23	0.23	raw	39
T	6	1	23	0.734279939364	norm	39
G	6	1	17	0.17	raw	39
G	6	1	17	0.910992366411	norm	39
C	6	1	15	0.15	raw	39
C	6	1	15	0.738084112148	norm	39
T	7	1	41	0.41	raw	39
T	7	1	41	1.30893380495	norm	39
C	7	1	25	0.25	raw	39
C	7	1	25	1.23014018691	norm	39
A	7	1	19	0.19	raw	39
A	7	1	19	0.63988272921	norm	39
G	7	1	15	0.15	raw	39
G	7	1	15	0.803816793892	norm	39
A	8	1	35	0.35	raw	39
A	8	1	35	1.17873134328	norm	39
T	8	1	29	0.29	raw	39
T	8	1	29	0.925831227894	norm	39
G	8	1	19	0.19	raw	39
G	8	1	19	1.01816793893	norm	39
C	8	1	17	0.17	raw	39
C	8	1	17	0.836495327101	norm	39
A	9	1	43	0.43	raw	39
A	9	1	43	1.44815565032	norm	39
T	9	1	32	0.32	raw	39
T	9	1	32	1.02160687216	norm	39
C	9	1	15	0.15	raw	39
C	9	1	15	0.738084112148	norm	39
G	9	1	10	0.1	raw	39
G	9	1	10	0.535877862595	norm	39
A	10	1	34	0.34	raw	39
A	10	1	34	1.1450533049	norm	39
T	10	1	30	0.3	raw	39
T	10	1	30	0.957756442649	norm	39
G	10	1	24	0.24	raw	39
G	10	1	24	1.28610687023	norm	39
C	10	1	12	0.12	raw	39
C	10	1	12	0.590467289718	norm	39
A	11	1	35	0.35	raw	39
A	11	1	35	1.17873134328	norm	39
C	11	1	29	0.29	raw	39
C	11	1	29	1.42696261682	norm	39
G	11	1	20	0.2	raw	39
G	11	1	20	1.07175572519	norm	39
T	11	1	16	0.16	raw	39
T	11	1	16	0.510803436079	norm	39
T	12	1	38	0.38	raw	39
T	12	1	38	1.21315816069	norm	39
A	12	1	31	0.31	raw	39
A	12	1	31	1.04401918976	norm	39
G	12	1	20	0.2	raw	39
G	12	1	20	1.07175572519	norm	39
C	12	1	11	0.11	raw	39
C	12	1	11	0.541261682242	norm	39
T	13	1	43	0.43	raw	39
T	13	1	43	1.37278423446	norm	39
A	13	1	25	0.25	raw	39
A	13	1	25	0.841950959487	norm	39
G	13	1	20	0.2	raw	39
G	13	1	20	1.07175572519	norm	39
C	13	1	12	0.12	raw	39
C	13	1	12	0.590467289718	norm	39
T	14	1	37	0.37	raw	39
T	14	1	37	1.18123294593	norm	39
A	14	1	25	0.25	raw	39
A	14	1	25	0.841950959487	norm	39
C	14	1	20	0.2	raw	39
C	14	1	20	0.98411214953	norm	39
G	14	1	18	0.18	raw	39
G	14	1	18	0.96458015267	norm	39
A	15	1	36	0.36	raw	39
A	15	1	36	1.21240938166	norm	39
G	15	1	29	0.29	raw	39
G	15	1	29	1.55404580152	norm	39
T	15	1	18	0.18	raw	39
T	15	1	18	0.574653865589	norm	39
C	15	1	17	0.17	raw	39
C	15	1	17	0.836495327101	norm	39
T	16	1	50	0.5	raw	39
T	16	1	50	1.59626073775	norm	39
A	16	1	29	0.29	raw	39
A	16	1	29	0.976663113005	norm	39
G	16	1	14	0.14	raw	39
G	16	1	14	0.750229007632	norm	39
C	16	1	7	0.07	raw	39
C	16	1	7	0.344439252336	norm	39
T	17	1	40	0.4	raw	39
T	17	1	40	1.2770085902	norm	39
A	17	1	39	0.39	raw	39
A	17	1	39	1.3134434968	norm	39
G	17	1	11	0.11	raw	39
G	17	1	11	0.589465648854	norm	39
C	17	1	10	0.1	raw	39
C	17	1	10	0.492056074765	norm	39
A	18	1	49	0.49	raw	39
A	18	1	49	1.65022388059	norm	39
T	18	1	29	0.29	raw	39
T	18	1	29	0.925831227894	norm	39
C	18	1	16	0.16	raw	39
C	18	1	16	0.787289719624	norm	39
G	18	1	6	0.06	raw	39
G	18	1	6	0.321526717557	norm	39
T	19	1	35	0.35	raw	39
T	19	1	35	1.11738251642	norm	39
A	19	1	29	0.29	raw	39
A	19	1	29	0.976663113005	norm	39
C	19	1	21	0.21	raw	39
C	19	1	21	1.03331775701	norm	39
G	19	1	15	0.15	raw	39
G	19	1	15	0.803816793892	norm	39
A	20	1	50	0.5	raw	39
A	20	1	50	1.68390191897	norm	39
T	20	1	28	0.28	raw	39
T	20	1	28	0.893906013139	norm	39
C	20	1	15	0.15	raw	39
C	20	1	15	0.738084112148	norm	39
G	20	1	7	0.07	raw	39
G	20	1	7	0.375114503816	norm	39
A	21	1	33	0.33	raw	39
A	21	1	33	1.11137526652	norm	39
T	21	1	33	0.33	raw	39
T	21	1	33	1.05353208691	norm	39
C	21	1	19	0.19	raw	39
C	21	1	19	0.934906542054	norm	39
G	21	1	15	0.15	raw	39
G	21	1	15	0.803816793892	norm	39
C	22	1	28	0.28	raw	39
C	22	1	28	1.37775700934	norm	39
T	22	1	27	0.27	raw	39
T	22	1	27	0.861980798384	norm	39
A	22	1	23	0.23	raw	39
A	22	1	23	0.774594882728	norm	39
G	22	1	22	0.22	raw	39
G	22	1	22	1.17893129771	norm	39
A	23	1	32	0.32	raw	39
A	23	1	32	1.07769722814	norm	39
C	23	1	24	0.24	raw	39
C	23	1	24	1.18093457944	norm	39
T	23	1	23	0.23	raw	39
T	23	1	23	0.734279939364	norm	39
G	23	1	21	0.21	raw	39
G	23	1	21	1.12534351145	norm	39
T	24	1	43	0.43	raw	39
T	24	1	43	1.37278423446	norm	39
C	24	1	29	0.29	raw	39
C	24	1	29	1.42696261682	norm	39
A	24	1	16	0.16	raw	39
A	24	1	16	0.538848614072	norm	39
G	24	1	12	0.12	raw	39
G	24	1	12	0.643053435113	norm	39
T	25	1	43	0.43	raw	39
T	25	1	43	1.37278423446	norm	39
A	25	1	29	0.29	raw	39
A	25	1	29	0.976663113005	norm	39
G	25	1	16	0.16	raw	39
G	25	1	16	0.857404580151	norm	39
C	25	1	12	0.12	raw	39
C	25	1	12	0.590467289718	norm	39
C	26	1	35	0.35	raw	39
C	26	1	35	1.72219626168	norm	39
A	26	1	30	0.3	raw	39
A	26	1	30	1.01034115138	norm	39
G	26	1	18	0.18	raw	39
G	26	1	18	0.96458015267	norm	39
T	26	1	17	0.17	raw	39
T	26	1	17	0.542728650834	norm	39
A	27	1	36	0.36	raw	39
A	27	1	36	1.21240938166	norm	39
T	27	1	32	0.32	raw	39
T	27	1	32	1.02160687216	norm	39
G	27	1	24	0.24	raw	39
G	27	1	24	1.28610687023	norm	39
C	27	1	8	0.08	raw	39
C	27	1	8	0.393644859812	norm	39
A	28	1	52	0.52	raw	39
A	28	1	52	1.75125799573	norm	39
G	28	1	20	0.2	raw	39
G	28	1	20	1.07175572519	norm	39
C	28	1	14	0.14	raw	39
C	28	1	14	0.688878504671	norm	39
T	28	1	14	0.14	raw	39
T	28	1	14	0.446953006569	norm	39
T	29	1	32	0.32	raw	39
T	29	1	32	1.02160687216	norm	39
A	29	1	31	0.31	raw	39
A	29	1	31	1.04401918976	norm	39
G	29	1	22	0.22	raw	39
G	29	1	22	1.17893129771	norm	39
C	29	1	15	0.15	raw	39
C	29	1	15	0.738084112148	norm	39
T	30	1	40	0.4	raw	39
T	30	1	40	1.2770085902	norm	39
A	30	1	31	0.31	raw	39
A	30	1	31	1.04401918976	norm	39
G	30	1	18	0.18	raw	39
G	30	1	18	0.96458015267	norm	39
C	30	1	11	0.11	raw	39
C	30	1	11	0.541261682242	norm	39
T	31	1	37	0.37	raw	39
T	31	1	37	1.18123294593	norm	39
A	31	1	36	0.36	raw	39
A	31	1	36	1.21240938166	norm	39
C	31	1	18	0.18	raw	39
C	31	1	18	0.885700934577	norm	39
G	31	1	9	0.09	raw	39
G	31	1	9	0.482290076335	norm	39
C	32	1	33	0.33	raw	39
C	32	1	33	1.62378504673	norm	39
A	32	1	28	0.28	raw	39
A	32	1	28	0.942985074625	norm	39
T	32	1	25	0.25	raw	39
T	32	1	25	0.798130368874	norm	39
G	32	1	14	0.14	raw	39
G	32	1	14	0.750229007632	norm	39
T	33	1	39	0.39	raw	39
T	33	1	39	1.24508337544	norm	39
A	33	1	29	0.29	raw	39
A	33	1	29	0.976663113005	norm	39
G	33	1	29	0.29	raw	39
G	33	1	29	1.55404580152	norm	39
C	33	1	3	0.03	raw	39
C	33	1	3	0.14761682243	norm	39
T	34	1	32	0.32	raw	39
T	34	1	32	1.02160687216	norm	39
C	34	1	25	0.25	raw	39
C	34	1	25	1.23014018691	norm	39
G	34	1	23	0.23	raw	39
G	34	1	23	1.23251908397	norm	39
A	34	1	20	0.2	raw	39
A	34	1	20	0.67356076759	norm	39
T	35	1	35	0.35	raw	39
T	35	1	35	1.11738251642	norm	39
A	35	1	33	0.33	raw	39
A	35	1	33	1.11137526652	norm	39
G	35	1	20	0.2	raw	39
G	35	1	20	1.07175572519	norm	39
C	35	1	12	0.12	raw	39
C	35	1	12	0.590467289718	norm	39
T	36	1	38	0.38	raw	39
T	36	1	38	1.21315816069	norm	39
A	36	1	37	0.37	raw	39
A	36	1	37	1.24608742004	norm	39
C	36	1	21	0.21	raw	39
C	36	1	21	1.03331775701	norm	39
G	36	1	4	0.04	raw	39
G	36	1	4	0.214351145038	norm	39
T	37	1	47	0.47	raw	39
T	37	1	47	1.50048509348	norm	39
G	37	1	28	0.28	raw	39
G	37	1	28	1.50045801526	norm	39
A	37	1	21	0.21	raw	39
A	37	1	21	0.707238805969	norm	39
C	37	1	4	0.04	raw	39
C	37	1	4	0.196822429906	norm	39
A	38	1	36	0.36	raw	39
A	38	1	36	1.21240938166	norm	39
T	38	1	30	0.3	raw	39
T	38	1	30	0.957756442649	norm	39
G	38	1	24	0.24	raw	39
G	38	1	24	1.28610687023	norm	39
C	38	1	10	0.1	raw	39
C	38	1	10	0.492056074765	norm	39
T	39	1	47	0.47	raw	39
T	39	1	47	1.50048509348	norm	39
A	39	1	30	0.3	raw	39
A	39	1	30	1.01034115138	norm	39
C	39	1	17	0.17	raw	39
C	39	1	17	0.836495327101	norm	39
G	39	1	6	0.06	raw	39
G	39	1	6	0.321526717557	norm	39
T	40	1	38	0.38	raw	39
T	40	1	38	1.21315816069	norm	39
A	40	1	31	0.31	raw	39
A	40	1	31	1.04401918976	norm	39
G	40	1	17	0.17	raw	39
G	40	1	17	0.910992366411	norm	39
C	40	1	14	0.14	raw	39
C	40	1	14	0.688878504671	norm	39
A	41	1	38	0.38	raw	39
A	41	1	38	1.27976545842	norm	39
T	41	1	24	0.24	raw	39
T	41	1	24	0.766205154119	norm	39
C	41	1	23	0.23	raw	39
C	41	1	23	1.13172897196	norm	39
G	41	1	15	0.15	raw	39
G	41	1	15	0.803816793892	norm	39
A	42	1	39	0.39	raw	39
A	42	1	39	1.3134434968	norm	39
T	42	1	26	0.26	raw	39
T	42	1	26	0.830055583629	norm	39
G	42	1	19	0.19	raw	39
G	42	1	19	1.01816793893	norm	39
C	42	1	16	0.16	raw	39
C	42	1	16	0.787289719624	norm	39
T	43	1	37	0.37	raw	39
T	43	1	37	1.18123294593	norm	39
A	43	1	26	0.26	raw	39
A	43	1	26	0.875628997866	norm	39
G	43	1	21	0.21	raw	39
G	43	1	21	1.12534351145	norm	39
C	43	1	16	0.16	raw	39
C	43	1	16	0.787289719624	norm	39
T	44	1	32	0.32	raw	39
T	44	1	32	1.02160687216	norm	39
A	44	1	31	0.31	raw	39
A	44	1	31	1.04401918976	norm	39
G	44	1	20	0.2	raw	39
G	44	1	20	1.07175572519	norm	39
C	44	1	17	0.17	raw	39
C	44	1	17	0.836495327101	norm	39
A	45	1	32	0.32	raw	39
A	45	1	32	1.07769722814	norm	39
C	45	1	29	0.29	raw	39
C	45	1	29	1.42696261682	norm	39
G	45	1	20	0.2	raw	39
G	45	1	20	1.07175572519	norm	39
T	45	1	19	0.19	raw	39
T	45	1	19	0.606579080344	norm	39
A	46	1	30	0.3	raw	39
A	46	1	30	1.01034115138	norm	39
T	46	1	29	0.29	raw	39
T	46	1	29	0.925831227894	norm	39
C	46	1	26	0.26	raw	39
C	46	1	26	1.27934579439	norm	39
G	46	1	15	0.15	raw	39
G	46	1	15	0.803816793892	norm	39
A	47	1	48	0.48	raw	39
A	47	1	48	1.61654584221	norm	39
T	47	1	21	0.21	raw	39
T	47	1	21	0.670429509854	norm	39
C	47	1	17	0.17	raw	39
C	47	1	17	0.836495327101	norm	39
G	47	1	14	0.14	raw	39
G	47	1	14	0.750229007632	norm	39
A	48	1	49	0.49	raw	39
A	48	1	49	1.65022388059	norm	39
T	48	1	28	0.28	raw	39
T	48	1	28	0.893906013139	norm	39
C	48	1	13	0.13	raw	39
C	48	1	13	0.639672897195	norm	39
G	48	1	10	0.1	raw	39
G	48	1	10	0.535877862595	norm	39
C	49	1	41	0.41	raw	39
C	49	1	41	2.01742990654	norm	39
T	49	1	31	0.31	raw	39
T	49	1	31	0.989681657404	norm	39
G	49	1	16	0.16	raw	39
G	49	1	16	0.857404580151	norm	39
A	49	1	12	0.12	raw	39
A	49	1	12	0.404136460554	norm	39
T	50	1	45	0.45	raw	39
T	50	1	45	1.43663466397	norm	39
A	50	1	26	0.26	raw	39
A	50	1	26	0.875628997866	norm	39
G	50	1	21	0.21	raw	39
G	50	1	21	1.12534351145	norm	39
C	50	1	8	0.08	raw	39
C	50	1	8	0.393644859812	norm	39
A	51	1	53	0.53	raw	39
A	51	1	53	1.78493603411	norm	39
T	51	1	24	0.24	raw	39
T	51	1	24	0.766205154119	norm	39
G	51	1	14	0.14	raw	39
G	51	1	14	0.750229007632	norm	39
C	51	1	9	0.09	raw	39
C	51	1	9	0.442850467289	norm	39
T	52	1	34	0.34	raw	39
T	52	1	34	1.08545730167	norm	39
A	52	1	30	0.3	raw	39
A	52	1	30	1.01034115138	norm	39
G	52	1	21	0.21	raw	39
G	52	1	21	1.12534351145	norm	39
C	52	1	15	0.15	raw	39
C	52	1	15	0.738084112148	norm	39
A	53	1	36	0.36	raw	39
A	53	1	36	1.21240938166	norm	39
G	53	1	23	0.23	raw	39
G	53	1	23	1.23251908397	norm	39
T	53	1	21	0.21	raw	39
T	53	1	21	0.670429509854	norm	39
C	53	1	20	0.2	raw	39
C	53	1	20	0.98411214953	norm	39
C	54	1	38	0.38	raw	39
C	54	1	38	1.86981308411	norm	39
A	54	1	28	0.28	raw	39
A	54	1	28	0.942985074625	norm	39
T	54	1	20	0.2	raw	39
T	54	1	20	0.638504295099	norm	39
G	54	1	14	0.14	raw	39
G	54	1	14	0.750229007632	norm	39
T	55	1	34	0.34	raw	39
T	55	1	34	1.08545730167	norm	39
A	55	1	26	0.26	raw	39
A	55	1	26	0.875628997866	norm	39
C	55	1	23	0.23	raw	39
C	55	1	23	1.13172897196	norm	39
G	55	1	17	0.17	raw	39
G	55	1	17	0.910992366411	norm	39
A	56	1	33	0.33	raw	39
A	56	1	33	1.11137526652	norm	39
T	56	1	28	0.28	raw	39
T	56	1	28	0.893906013139	norm	39
G	56	1	21	0.21	raw	39
G	56	1	21	1.12534351145	norm	39
C	56	1	18	0.18	raw	39
C	56	1	18	0.885700934577	norm	39
T	57	1	30	0.3	raw	39
T	57	1	30	0.957756442649	norm	39
A	57	1	28	0.28	raw	39
A	57	1	28	0.942985074625	norm	39
G	57	1	26	0.26	raw	39
G	57	1	26	1.39328244275	norm	39
C	57	1	16	0.16	raw	39
C	57	1	16	0.787289719624	norm	39
A	58	1	50	0.5	raw	39
A	58	1	50	1.68390191897	norm	39
T	58	1	26	0.26	raw	39
T	58	1	26	0.830055583629	norm	39
C	58	1	19	0.19	raw	39
C	58	1	19	0.934906542054	norm	39
G	58	1	5	0.05	raw	39
G	58	1	5	0.267938931297	norm	39
A	59	1	32	0.32	raw	39
A	59	1	32	1.07769722814	norm	39
T	59	1	29	0.29	raw	39
T	59	1	29	0.925831227894	norm	39
C	59	1	22	0.22	raw	39
C	59	1	22	1.08252336448	norm	39
G	59	1	17	0.17	raw	39
G	59	1	17	0.910992366411	norm	39
T	60	1	43	0.43	raw	39
T	60	1	43	1.37278423446	norm	39
A	60	1	34	0.34	raw	39
A	60	1	34	1.1450533049	norm	39
G	60	1	13	0.13	raw	39
G	60	1	13	0.696641221373	norm	39
C	60	1	10	0.1	raw	39
C	60	1	10	0.492056074765	norm	39
A	61	1	36	0.36	raw	39
A	61	1	36	1.21240938166	norm	39
C	61	1	26	0.26	raw	39
C	61	1	26	1.27934579439	norm	39
T	61	1	23	0.23	raw	39
T	61	1	23	0.734279939364	norm	39
G	61	1	15	0.15	raw	39
G	61	1	15	0.803816793892	norm	39
T	62	1	41	0.41	raw	39
T	62	1	41	1.30893380495	norm	39
A	62	1	31	0.31	raw	39
A	62	1	31	1.04401918976	norm	39
G	62	1	17	0.17	raw	39
G	62	1	17	0.910992366411	norm	39
C	62	1	11	0.11	raw	39
C	62	1	11	0.541261682242	norm	39
A	63	1	36	0.36	raw	39
A	63	1	36	1.21240938166	norm	39
T	63	1	30	0.3	raw	39
T	63	1	30	0.957756442649	norm	39
G	63	1	20	0.2	raw	39
G	63	1	20	1.07175572519	norm	39
C	63	1	14	0.14	raw	39
C	63	1	14	0.688878504671	norm	39
T	64	1	40	0.4	raw	39
T	64	1	40	1.2770085902	norm	39
A	64	1	28	0.28	raw	39
A	64	1	28	0.942985074625	norm	39
C	64	1	25	0.25	raw	39
C	64	1	25	1.23014018691	norm	39
G	64	1	7	0.07	raw	39
G	64	1	7	0.375114503816	norm	39
A	65	1	50	0.5	raw	39
A	65	1	50	1.68390191897	norm	39
T	65	1	25	0.25	raw	39
T	65	1	25	0.798130368874	norm	39
G	65	1	19	0.19	raw	39
G	65	1	19	1.01816793893	norm	39
C	65	1	6	0.06	raw	39
C	65	1	6	0.295233644859	norm	39
A	66	1	43	0.43	raw	39
A	66	1	43	1.44815565032	norm	39
T	66	1	23	0.23	raw	39
T	66	1	23	0.734279939364	norm	39
G	66	1	18	0.18	raw	39
G	66	1	18	0.96458015267	norm	39
C	66	1	16	0.16	raw	39
C	66	1	16	0.787289719624	norm	39
T	67	1	36	0.36	raw	39
T	67	1	36	1.14930773118	norm	39
A	67	1	25	0.25	raw	39
A	67	1	25	0.841950959487	norm	39
C	67	1	20	0.2	raw	39
C	67	1	20	0.98411214953	norm	39
G	67	1	19	0.19	raw	39
G	67	1	19	1.01816793893	norm	39
T	68	1	40	0.4	raw	39
T	68	1	40	1.2770085902	norm	39
A	68	1	33	0.33	raw	39
A	68	1	33	1.11137526652	norm	39
C	68	1	14	0.14	raw	39
C	68	1	14	0.688878504671	norm	39
G	68	1	13	0.13	raw	39
G	68	1	13	0.696641221373	norm	39
A	69	1	47	0.47	raw	39
A	69	1	47	1.58286780384	norm	39
T	69	1	29	0.29	raw	39
T	69	1	29	0.925831227894	norm	39
G	69	1	16	0.16	raw	39
G	69	1	16	0.857404580151	norm	39
C	69	1	8	0.08	raw	39
C	69	1	8	0.393644859812	norm	39
C	70	1	32	0.32	raw	39
C	70	1	32	1.57457943925	norm	39
A	70	1	24	0.24	raw	39
A	70	1	24	0.808272921107	norm	39
T	70	1	22	0.22	raw	39
T	70	1	22	0.702354724609	norm	39
G	70	1	22	0.22	raw	39
G	70	1	22	1.17893129771	norm	39
T	71	1	38	0.38	raw	39
T	71	1	38	1.21315816069	norm	39
A	71	1	33	0.33	raw	39
A	71	1	33	1.11137526652	norm	39
G	71	1	17	0.17	raw	39
G	71	1	17	0.910992366411	norm	39
C	71	1	12	0.12	raw	39
C	71	1	12	0.590467289718	norm	39
A	72	1	34	0.34	raw	39
A	72	1	34	1.1450533049	norm	39
T	72	1	28	0.28	raw	39
T	72	1	28	0.893906013139	norm	39
G	72	1	21	0.21	raw	39
G	72	1	21	1.12534351145	norm	39
C	72	1	17	0.17	raw	39
C	72	1	17	0.836495327101	norm	39
T	73	1	42	0.42	raw	39
T	73	1	42	1.34085901971	norm	39
A	73	1	34	0.34	raw	39
A	73	1	34	1.1450533049	norm	39
G	73	1	22	0.22	raw	39
G	73	1	22	1.17893129771	norm	39
C	73	1	2	0.02	raw	39
C	73	1	2	0.098411214953	norm	39
T	74	1	39	0.39	raw	39
T	74	1	39	1.24508337544	norm	39
A	74	1	38	0.38	raw	39
A	74	1	38	1.27976545842	norm	39
G	74	1	17	0.17	raw	39
G	74	1	17	0.910992366411	norm	39
C	74	1	6	0.06	raw	39
C	74	1	6	0.295233644859	norm	39
T	75	1	46	0.46	raw	39
T	75	1	46	1.46855987873	norm	39
G	75	1	29	0.29	raw	39
G	75	1	29	1.55404580152	norm	39
A	75	1	21	0.21	raw	39
A	75	1	21	0.707238805969	norm	39
C	75	1	4	0.04	raw	39
C	75	1	4	0.196822429906	norm	39
T	76	1	36	0.36	raw	39
T	76	1	36	1.14930773118	norm	39
A	76	1	35	0.35	raw	39
A	76	1	35	1.17873134328	norm	39
G	76	1	16	0.16	raw	39
G	76	1	16	0.857404580151	norm	39
C	76	1	13	0.13	raw	39
C	76	1	13	0.639672897195	norm	39
T	77	1	39	0.39	raw	39
T	77	1	39	1.24508337544	norm	39
G	77	1	28	0.28	raw	39
G	77	1	28	1.50045801526	norm	39
A	77	1	25	0.25	raw	39
A	77	1	25	0.841950959487	norm	39
C	77	1	8	0.08	raw	39
C	77	1	8	0.393644859812	norm	39
A	78	1	36	0.36	raw	39
A	78	1	36	1.21240938166	norm	39
T	78	1	32	0.32	raw	39
T	78	1	32	1.02160687216	norm	39
G	78	1	20	0.2	raw	39
G	78	1	20	1.07175572519	norm	39
C	78	1	12	0.12	raw	39
C	78	1	12	0.590467289718	norm	39
A	79	1	34	0.34	raw	39
A	79	1	34	1.1450533049	norm	39
T	79	1	27	0.27	raw	39
T	79	1	27	0.861980798384	norm	39
G	79	1	26	0.26	raw	39
G	79	1	26	1.39328244275	norm	39
C	79	1	13	0.13	raw	39
C	79	1	13	0.639672897195	norm	39
T	80	1	35	0.35	raw	39
T	80	1	35	1.11738251642	norm	39
A	80	1	32	0.32	raw	39
A	80	1	32	1.07769722814	norm	39
C	80	1	19	0.19	raw	39
C	80	1	19	0.934906542054	norm	39
G	80	1	14	0.14	raw	39
G	80	1	14	0.750229007632	norm	39
T	81	1	39	0.39	raw	39
T	81	1	39	1.24508337544	norm	39
A	81	1	24	0.24	raw	39
A	81	1	24	0.808272921107	norm	39
C	81	1	21	0.21	raw	39
C	81	1	21	1.03331775701	norm	39
G	81	1	16	0.16	raw	39
G	81	1	16	0.857404580151	norm	39
A	82	1	32	0.32	raw	39
A	82	1	32	1.07769722814	norm	39
T	82	1	32	0.32	raw	39
T	82	1	32	1.02160687216	norm	39
G	82	1	20	0.2	raw	39
G	82	1	20	1.07175572519	norm	39
C	82	1	16	0.16	raw	39
C	82	1	16	0.787289719624	norm	39
T	83	1	48	0.48	raw	39
T	83	1	48	1.53241030824	norm	39
A	83	1	18	0.18	raw	39
A	83	1	18	0.606204690831	norm	39
G	83	1	18	0.18	raw	39
G	83	1	18	0.96458015267	norm	39
C	83	1	16	0.16	raw	39
C	83	1	16	0.787289719624	norm	39
A	84	1	51	0.51	raw	39
A	84	1	51	1.71757995735	norm	39
T	84	1	31	0.31	raw	39
T	84	1	31	0.989681657404	norm	39
C	84	1	11	0.11	raw	39
C	84	1	11	0.541261682242	norm	39
G	84	1	7	0.07	raw	39
G	84	1	7	0.375114503816	norm	39
A	85	1	47	0.47	raw	39
A	85	1	47	1.58286780384	norm	39
T	85	1	33	0.33	raw	39
T	85	1	33	1.05353208691	norm	39
G	85	1	15	0.15	raw	39
G	85	1	15	0.803816793892	norm	39
C	85	1	5	0.05	raw	39
C	85	1	5	0.246028037383	norm	39
A	86	1	37	0.37	raw	39
A	86	1	37	1.24608742004	norm	39
C	86	1	23	0.23	raw	39
C	86	1	23	1.13172897196	norm	39
T	86	1	21	0.21	raw	39
T	86	1	21	0.670429509854	norm	39
G	86	1	19	0.19	raw	39
G	86	1	19	1.01816793893	norm	39
A	87	1	36	0.36	raw	39
A	87	1	36	1.21240938166	norm	39
C	87	1	29	0.29	raw	39
C	87	1	29	1.42696261682	norm	39
T	87	1	21	0.21	raw	39
T	87	1	21	0.670429509854	norm	39
G	87	1	14	0.14	raw	39
G	87	1	14	0.750229007632	norm	39
C	88	1	29	0.29	raw	39
C	88	1	29	1.42696261682	norm	39
T	88	1	28	0.28	raw	39
T	88	1	28	0.893906013139	norm	39
A	88	1	26	0.26	raw	39
A	88	1	26	0.875628997866	norm	39
G	88	1	17	0.17	raw	39
G	88	1	17	0.910992366411	norm	39
T	89	1	33	0.33	raw	39
T	89	1	33	1.05353208691	norm	39
A	89	1	30	0.3	raw	39
A	89	1	30	1.01034115138	norm	39
C	89	1	27	0.27	raw	39
C	89	1	27	1.32855140187	norm	39
G	89	1	10	0.1	raw	39
G	89	1	10	0.535877862595	norm	39
T	90	1	41	0.41	raw	39
T	90	1	41	1.30893380495	norm	39
A	90	1	29	0.29	raw	39
A	90	1	29	0.976663113005	norm	39
G	90	1	16	0.16	raw	39
G	90	1	16	0.857404580151	norm	39
C	90	1	14	0.14	raw	39
C	90	1	14	0.688878504671	norm	39
A	91	1	32	0.32	raw	39
A	91	1	32	1.07769722814	norm	39
T	91	1	23	0.23	raw	39
T	91	1	23	0.734279939364	norm	39
G	91	1	23	0.23	raw	39
G	91	1	23	1.23251908397	norm	39
C	91	1	22	0.22	raw	39
C	91	1	22	1.08252336448	norm	39
A	92	1	42	0.42	raw	39
A	92	1	42	1.41447761194	norm	39
T	92	1	37	0.37	raw	39
T	92	1	37	1.18123294593	norm	39
C	92	1	13	0.13	raw	39
C	92	1	13	0.639672897195	norm	39
G	92	1	8	0.08	raw	39
G	92	1	8	0.428702290076	norm	39
T	93	1	47	0.47	raw	39
T	93	1	47	1.50048509348	norm	39
C	93	1	23	0.23	raw	39
C	93	1	23	1.13172897196	norm	39
G	93	1	16	0.16	raw	39
G	93	1	16	0.857404580151	norm	39
A	93	1	14	0.14	raw	39
A	93	1	14	0.471492537313	norm	39
T	94	1	35	0.35	raw	39
T	94	1	35	1.11738251642	norm	39
A	94	1	34	0.34	raw	39
A	94	1	34	1.1450533049	norm	39
C	94	1	19	0.19	raw	39
C	94	1	19	0.934906542054	norm	39
G	94	1	12	0.12	raw	39
G	94	1	12	0.643053435113	norm	39
A	95	1	46	0.46	raw	39
A	95	1	46	1.54918976546	norm	39
T	95	1	26	0.26	raw	39
T	95	1	26	0.830055583629	norm	39
G	95	1	22	0.22	raw	39
G	95	1	22	1.17893129771	norm	39
C	95	1	6	0.06	raw	39
C	95	1	6	0.295233644859	norm	39
A	96	1	34	0.34	raw	39
A	96	1	34	1.1450533049	norm	39
C	96	1	29	0.29	raw	39
C	96	1	29	1.42696261682	norm	39
T	96	1	24	0.24	raw	39
T	96	1	24	0.766205154119	norm	39
G	96	1	13	0.13	raw	39
G	96	1	13	0.696641221373	norm	39
T	97	1	30	0.3	raw	39
T	97	1	30	0.957756442649	norm	39
A	97	1	27	0.27	raw	39
A	97	1	27	0.909307036246	norm	39
G	97	1	25	0.25	raw	39
G	97	1	25	1.33969465649	norm	39
C	97	1	18	0.18	raw	39
C	97	1	18	0.885700934577	norm	39
T	98	1	35	0.35	raw	39
T	98	1	35	1.11738251642	norm	39
A	98	1	26	0.26	raw	39
A	98	1	26	0.875628997866	norm	39
G	98	1	22	0.22	raw	39
G	98	1	22	1.17893129771	norm	39
C	98	1	17	0.17	raw	39
C	98	1	17	0.836495327101	norm	39
A	99	1	33	0.33	raw	39
A	99	1	33	1.11137526652	norm	39
T	99	1	26	0.26	raw	39
T	99	1	26	0.830055583629	norm	39
G	99	1	23	0.23	raw	39
G	99	1	23	1.23251908397	norm	39
C	99	1	18	0.18	raw	39
C	99	1	18	0.885700934577	norm	39
T	100	1	50	0.5	raw	39
T	100	1	50	1.59626073775	norm	39
G	100	1	20	0.2	raw	39
G	100	1	20	1.07175572519	norm	39
A	100	1	19	0.19	raw	39
A	100	1	19	0.63988272921	norm	39
C	100	1	11	0.11	raw	39
C	100	1	11	0.541261682242	norm	39
