#nuc	offset	region.size	count	freq	norm.freq	total.sites
T	-100	1	1694	0.329764453961	raw	2449
T	-100	1	1694	1.06818694366	norm	2449
A	-100	1	1605	0.312439166829	raw	2449
A	-100	1	1605	1.00852344761	norm	2449
C	-100	1	956	0.186100837064	raw	2449
C	-100	1	956	0.974894652549	norm	2449
G	-100	1	882	0.171695542145	raw	2449
G	-100	1	882	0.900844761691	norm	2449
T	-99	1	1658	0.322756472649	raw	2449
T	-99	1	1658	1.04548639468	norm	2449
A	-99	1	1559	0.303484524041	raw	2449
A	-99	1	1559	0.979618725747	norm	2449
G	-99	1	965	0.187852832392	raw	2449
G	-99	1	965	0.985618134956	norm	2449
C	-99	1	955	0.185906170917	raw	2449
C	-99	1	955	0.973874888268	norm	2449
A	-98	1	1639	0.319057815846	raw	2449
A	-98	1	1639	1.02988780725	norm	2449
T	-98	1	1589	0.309324508468	raw	2449
T	-98	1	1589	1.00197700914	norm	2449
C	-98	1	995	0.193692816819	raw	2449
C	-98	1	995	1.0146654595	norm	2449
G	-98	1	914	0.177924858867	raw	2449
G	-98	1	914	0.933528471865	norm	2449
T	-97	1	1634	0.318084485108	raw	2449
T	-97	1	1634	1.03035269536	norm	2449
A	-97	1	1616	0.314580494452	raw	2449
A	-97	1	1616	1.01543544632	norm	2449
C	-97	1	960	0.186879501655	raw	2449
C	-97	1	960	0.978973709672	norm	2449
G	-97	1	927	0.180455518785	raw	2449
G	-97	1	927	0.946806229124	norm	2449
T	-96	1	1652	0.321588475764	raw	2449
T	-96	1	1652	1.04170296985	norm	2449
A	-96	1	1504	0.292777885926	raw	2449
A	-96	1	1504	0.945058732215	norm	2449
G	-96	1	994	0.193498150672	raw	2449
G	-96	1	994	1.0152377473	norm	2449
C	-96	1	987	0.192135487639	raw	2449
C	-96	1	987	1.00650734526	norm	2449
T	-95	1	1607	0.312828499124	raw	2449
T	-95	1	1607	1.01332728363	norm	2449
A	-95	1	1565	0.304652520927	raw	2449
A	-95	1	1565	0.983388906859	norm	2449
C	-95	1	1016	0.197780805918	raw	2449
C	-95	1	1016	1.0360805094	norm	2449
G	-95	1	949	0.184738174032	raw	2449
G	-95	1	949	0.969276279869	norm	2449
A	-94	1	1644	0.320031146584	raw	2449
A	-94	1	1644	1.03302962484	norm	2449
T	-94	1	1495	0.291025890598	raw	2449
T	-94	1	1495	0.94270335347	norm	2449
G	-94	1	1012	0.197002141328	raw	2449
G	-94	1	1012	1.03362233428	norm	2449
C	-94	1	986	0.191940821491	raw	2449
C	-94	1	986	1.00548758098	norm	2449
T	-93	1	1615	0.314385828304	raw	2449
T	-93	1	1615	1.01837185007	norm	2449
A	-93	1	1507	0.293361884368	raw	2449
A	-93	1	1507	0.946943822771	norm	2449
C	-93	1	1034	0.201284796574	raw	2449
C	-93	1	1034	1.05443626646	norm	2449
G	-93	1	981	0.190967490753	raw	2449
G	-93	1	981	1.00195999004	norm	2449
A	-92	1	1579	0.307377846992	raw	2449
A	-92	1	1579	0.992185996122	norm	2449
T	-92	1	1540	0.299785867238	raw	2449
T	-92	1	1540	0.971079039695	norm	2449
C	-92	1	1047	0.203815456492	raw	2449
C	-92	1	1047	1.06769320211	norm	2449
G	-92	1	971	0.189020829278	raw	2449
G	-92	1	971	0.991746330614	norm	2449
T	-91	1	1659	0.322951138797	raw	2449
T	-91	1	1659	1.04611696549	norm	2449
A	-91	1	1601	0.311660502239	raw	2449
A	-91	1	1601	1.00600999353	norm	2449
G	-91	1	944	0.183764843294	raw	2449
G	-91	1	944	0.964169450154	norm	2449
C	-91	1	933	0.181623515671	raw	2449
C	-91	1	933	0.951440074088	norm	2449
T	-90	1	1606	0.312633832976	raw	2449
T	-90	1	1606	1.01269671282	norm	2449
A	-90	1	1575	0.306599182402	raw	2449
A	-90	1	1575	0.989672542047	norm	2449
G	-90	1	985	0.191746155344	raw	2449
G	-90	1	985	1.00604545382	norm	2449
C	-90	1	971	0.189020829278	raw	2449
C	-90	1	971	0.990191116762	norm	2449
T	-89	1	1596	0.310687171501	raw	2449
T	-89	1	1596	1.00639100477	norm	2449
A	-89	1	1577	0.306988514697	raw	2449
A	-89	1	1577	0.990929269085	norm	2449
C	-89	1	1034	0.201284796574	raw	2449
C	-89	1	1034	1.05443626646	norm	2449
G	-89	1	930	0.181039517228	raw	2449
G	-89	1	930	0.949870326953	norm	2449
A	-88	1	1569	0.305431185517	raw	2449
A	-88	1	1569	0.985902360935	norm	2449
T	-88	1	1556	0.302900525599	raw	2449
T	-88	1	1556	0.981168172575	norm	2449
G	-88	1	1014	0.197391473623	raw	2449
G	-88	1	1014	1.03566506616	norm	2449
C	-88	1	998	0.194276815262	raw	2449
C	-88	1	998	1.01772475235	norm	2449
A	-87	1	1728	0.336383102978	raw	2449
A	-87	1	1728	1.08581216042	norm	2449
T	-87	1	1524	0.296671208877	raw	2449
T	-87	1	1524	0.960989906815	norm	2449
C	-87	1	1000	0.194666147557	raw	2449
C	-87	1	1000	1.01976428091	norm	2449
G	-87	1	885	0.172279540588	raw	2449
G	-87	1	885	0.90390885952	norm	2449
T	-86	1	1635	0.318279151256	raw	2449
T	-86	1	1635	1.03098326617	norm	2449
A	-86	1	1588	0.30912984232	raw	2449
A	-86	1	1588	0.997841267791	norm	2449
G	-86	1	1013	0.197196807475	raw	2449
G	-86	1	1013	1.03464370022	norm	2449
C	-86	1	901	0.175394198949	raw	2449
C	-86	1	901	0.918807617099	norm	2449
A	-85	1	1636	0.318473817403	raw	2449
A	-85	1	1636	1.02800271669	norm	2449
T	-85	1	1616	0.314580494452	raw	2449
T	-85	1	1616	1.01900242087	norm	2449
C	-85	1	943	0.183570177146	raw	2449
C	-85	1	943	0.961637716897	norm	2449
G	-85	1	942	0.183375510999	raw	2449
G	-85	1	942	0.962126718268	norm	2449
A	-84	1	1637	0.318668483551	raw	2449
A	-84	1	1637	1.02863108021	norm	2449
T	-84	1	1525	0.296865875024	raw	2449
T	-84	1	1525	0.96162047762	norm	2449
C	-84	1	988	0.192330153786	raw	2449
C	-84	1	988	1.00752710954	norm	2449
G	-84	1	987	0.192135487639	raw	2449
G	-84	1	987	1.0080881857	norm	2449
T	-83	1	1737	0.338135098306	raw	2449
T	-83	1	1737	1.09530148828	norm	2449
A	-83	1	1505	0.292972552073	raw	2449
A	-83	1	1505	0.945687095734	norm	2449
C	-83	1	959	0.186684835507	raw	2449
C	-83	1	959	0.977953945391	norm	2449
G	-83	1	936	0.182207514113	raw	2449
G	-83	1	936	0.955998522611	norm	2449
A	-82	1	1521	0.296087210434	raw	2449
A	-82	1	1521	0.955740912034	norm	2449
T	-82	1	1506	0.293167218221	raw	2449
T	-82	1	1506	0.949639632325	norm	2449
C	-82	1	1063	0.206930114853	raw	2449
C	-82	1	1063	1.08400943061	norm	2449
G	-82	1	1047	0.203815456492	raw	2449
G	-82	1	1047	1.06937014228	norm	2449
T	-81	1	1575	0.306599182402	raw	2449
T	-81	1	1575	0.99314901787	norm	2449
A	-81	1	1505	0.292972552073	raw	2449
A	-81	1	1505	0.945687095734	norm	2449
C	-81	1	1059	0.206151450263	raw	2449
C	-81	1	1059	1.07993037348	norm	2449
G	-81	1	998	0.194276815262	raw	2449
G	-81	1	998	1.01932321107	norm	2449
T	-80	1	1678	0.326649795601	raw	2449
T	-80	1	1678	1.05809781078	norm	2449
A	-80	1	1510	0.293945882811	raw	2449
A	-80	1	1510	0.948828913328	norm	2449
G	-80	1	996	0.193887482967	raw	2449
G	-80	1	996	1.01728047919	norm	2449
C	-80	1	953	0.185516838622	raw	2449
C	-80	1	953	0.971835359706	norm	2449
T	-79	1	1724	0.335604438388	raw	2449
T	-79	1	1724	1.08710406781	norm	2449
A	-79	1	1512	0.294335215106	raw	2449
A	-79	1	1512	0.950085640365	norm	2449
G	-79	1	1074	0.209071442476	raw	2449
G	-79	1	1074	1.09694702274	norm	2449
C	-79	1	827	0.16098890403	raw	2449
C	-79	1	827	0.843345060311	norm	2449
T	-78	1	1659	0.322951138797	raw	2449
T	-78	1	1659	1.04611696549	norm	2449
A	-78	1	1401	0.272727272727	raw	2449
A	-78	1	1401	0.880337289783	norm	2449
G	-78	1	1088	0.211796768542	raw	2449
G	-78	1	1088	1.11124614594	norm	2449
C	-78	1	989	0.192524819934	raw	2449
C	-78	1	989	1.00854687382	norm	2449
T	-77	1	1631	0.317500486665	raw	2449
T	-77	1	1631	1.02846098295	norm	2449
A	-77	1	1455	0.283239244695	raw	2449
A	-77	1	1455	0.914268919796	norm	2449
G	-77	1	1062	0.206735448705	raw	2449
G	-77	1	1062	1.08469063142	norm	2449
C	-77	1	989	0.192524819934	raw	2449
C	-77	1	989	1.00854687382	norm	2449
A	-76	1	1599	0.311271169944	raw	2449
A	-76	1	1599	1.0047532665	norm	2449
T	-76	1	1594	0.310297839206	raw	2449
T	-76	1	1594	1.00512986316	norm	2449
G	-76	1	1004	0.195444812147	raw	2449
G	-76	1	1004	1.02545140673	norm	2449
C	-76	1	940	0.182986178704	raw	2449
C	-76	1	940	0.958578424054	norm	2449
A	-75	1	1542	0.300175199533	raw	2449
A	-75	1	1542	0.968936545928	norm	2449
T	-75	1	1528	0.297449873467	raw	2449
T	-75	1	1528	0.963512190035	norm	2449
C	-75	1	1070	0.208292777886	raw	2449
C	-75	1	1070	1.09114778057	norm	2449
G	-75	1	997	0.194082149114	raw	2449
G	-75	1	997	1.01830184513	norm	2449
T	-74	1	1658	0.322756472649	raw	2449
T	-74	1	1658	1.04548639468	norm	2449
A	-74	1	1588	0.30912984232	raw	2449
A	-74	1	1588	0.997841267791	norm	2449
G	-74	1	989	0.192524819934	raw	2449
G	-74	1	989	1.01013091759	norm	2449
C	-74	1	902	0.175588865096	raw	2449
C	-74	1	902	0.919827381379	norm	2449
T	-73	1	1641	0.319447148141	raw	2449
T	-73	1	1641	1.034766691	norm	2449
A	-73	1	1624	0.316137823632	raw	2449
A	-73	1	1624	1.02046235447	norm	2449
G	-73	1	953	0.185516838622	raw	2449
G	-73	1	953	0.973361743641	norm	2449
C	-73	1	919	0.178898189605	raw	2449
C	-73	1	919	0.937163374155	norm	2449
A	-72	1	1603	0.312049834534	raw	2449
A	-72	1	1603	1.00726672057	norm	2449
T	-72	1	1435	0.279345921744	raw	2449
T	-72	1	1435	0.90486910517	norm	2449
C	-72	1	1099	0.213938096165	raw	2449
C	-72	1	1099	1.12072094472	norm	2449
G	-72	1	1000	0.194666147557	raw	2449
G	-72	1	1000	1.02136594296	norm	2449
A	-71	1	1635	0.318279151256	raw	2449
A	-71	1	1635	1.02737435317	norm	2449
T	-71	1	1577	0.306988514697	raw	2449
T	-71	1	1577	0.99441015948	norm	2449
G	-71	1	971	0.189020829278	raw	2449
G	-71	1	971	0.991746330614	norm	2449
C	-71	1	954	0.185711504769	raw	2449
C	-71	1	954	0.972855123987	norm	2449
T	-70	1	1635	0.318279151256	raw	2449
T	-70	1	1635	1.03098326617	norm	2449
A	-70	1	1631	0.317500486665	raw	2449
A	-70	1	1631	1.0248608991	norm	2449
C	-70	1	962	0.18726883395	raw	2449
C	-70	1	962	0.981013238234	norm	2449
G	-70	1	909	0.176951528129	raw	2449
G	-70	1	909	0.928421642151	norm	2449
A	-69	1	1568	0.305236519369	raw	2449
A	-69	1	1568	0.985273997416	norm	2449
T	-69	1	1522	0.296281876582	raw	2449
T	-69	1	1522	0.959728765205	norm	2449
C	-69	1	1096	0.213354097722	raw	2449
C	-69	1	1096	1.11766165188	norm	2449
G	-69	1	951	0.185127506327	raw	2449
G	-69	1	951	0.971319011755	norm	2449
T	-68	1	1609	0.313217831419	raw	2449
T	-68	1	1609	1.01458842524	norm	2449
A	-68	1	1569	0.305431185517	raw	2449
A	-68	1	1569	0.985902360935	norm	2449
C	-68	1	1005	0.195639478295	raw	2449
C	-68	1	1005	1.02486310231	norm	2449
G	-68	1	954	0.185711504769	raw	2449
G	-68	1	954	0.974383109584	norm	2449
T	-67	1	1696	0.330153786257	raw	2449
T	-67	1	1696	1.06944808527	norm	2449
A	-67	1	1488	0.289663227565	raw	2449
A	-67	1	1488	0.935004915915	norm	2449
C	-67	1	977	0.190188826163	raw	2449
C	-67	1	977	0.996309702448	norm	2449
G	-67	1	976	0.189994160016	raw	2449
G	-67	1	976	0.996853160329	norm	2449
T	-66	1	1575	0.306778340475	raw	2449
T	-66	1	1575	0.993729354265	norm	2449
A	-66	1	1514	0.294896766654	raw	2449
A	-66	1	1514	0.951898274513	norm	2449
C	-66	1	1057	0.205882352941	raw	2449
C	-66	1	1057	1.07852069933	norm	2449
G	-66	1	988	0.19244253993	raw	2449
G	-66	1	988	1.00969921441	norm	2449
T	-65	1	1623	0.315943157485	raw	2449
T	-65	1	1623	1.02341641651	norm	2449
A	-65	1	1547	0.301148530271	raw	2449
A	-65	1	1547	0.972078363522	norm	2449
G	-65	1	995	0.193692816819	raw	2449
G	-65	1	995	1.01625911325	norm	2449
C	-65	1	972	0.189215495425	raw	2449
C	-65	1	972	0.991210881043	norm	2449
T	-64	1	1612	0.313801829862	raw	2449
T	-64	1	1612	1.01648013765	norm	2449
A	-64	1	1585	0.308545843878	raw	2449
A	-64	1	1585	0.995956177235	norm	2449
G	-64	1	983	0.191356823048	raw	2449
G	-64	1	983	1.00400272193	norm	2449
C	-64	1	957	0.186295503212	raw	2449
C	-64	1	957	0.975914416829	norm	2449
A	-63	1	1686	0.328207124781	raw	2449
A	-63	1	1686	1.05942089263	norm	2449
T	-63	1	1535	0.2988125365	raw	2449
T	-63	1	1535	0.96792618567	norm	2449
G	-63	1	963	0.187463500097	raw	2449
G	-63	1	963	0.98357540307	norm	2449
C	-63	1	953	0.185516838622	raw	2449
C	-63	1	953	0.971835359706	norm	2449
A	-62	1	1599	0.311271169944	raw	2449
A	-62	1	1599	1.0047532665	norm	2449
T	-62	1	1543	0.30036986568	raw	2449
T	-62	1	1543	0.97297075211	norm	2449
G	-62	1	1044	0.203231458049	raw	2449
G	-62	1	1044	1.06630604445	norm	2449
C	-62	1	951	0.185127506327	raw	2449
C	-62	1	951	0.969795831144	norm	2449
A	-61	1	1665	0.324119135682	raw	2449
A	-61	1	1665	1.04622525874	norm	2449
T	-61	1	1519	0.295697878139	raw	2449
T	-61	1	1519	0.95783705279	norm	2449
G	-61	1	1060	0.20634611641	raw	2449
G	-61	1	1060	1.08264789954	norm	2449
C	-61	1	893	0.173836869768	raw	2449
C	-61	1	893	0.910649502851	norm	2449
A	-60	1	1565	0.304652520927	raw	2449
A	-60	1	1565	0.983388906859	norm	2449
T	-60	1	1553	0.302316527156	raw	2449
T	-60	1	1553	0.97927646016	norm	2449
G	-60	1	1022	0.198948802803	raw	2449
G	-60	1	1022	1.04383599371	norm	2449
C	-60	1	997	0.194082149114	raw	2449
C	-60	1	997	1.01670498807	norm	2449
A	-59	1	1646	0.320420478879	raw	2449
A	-59	1	1646	1.03428635188	norm	2449
T	-59	1	1615	0.314385828304	raw	2449
T	-59	1	1615	1.01837185007	norm	2449
G	-59	1	1006	0.195834144442	raw	2449
G	-59	1	1006	1.02749413862	norm	2449
C	-59	1	870	0.169359548375	raw	2449
C	-59	1	870	0.88719492439	norm	2449
A	-58	1	1617	0.3147751606	raw	2449
A	-58	1	1617	1.01606380984	norm	2449
T	-58	1	1588	0.30912984232	raw	2449
T	-58	1	1588	1.00134643833	norm	2449
G	-58	1	986	0.191940821491	raw	2449
G	-58	1	986	1.00706681976	norm	2449
C	-58	1	946	0.184154175589	raw	2449
C	-58	1	946	0.964697009739	norm	2449
A	-57	1	1610	0.313412497567	raw	2449
A	-57	1	1610	1.0116652652	norm	2449
T	-57	1	1481	0.288300564532	raw	2449
T	-57	1	1481	0.9338753622	norm	2449
C	-57	1	1038	0.202063461164	raw	2449
C	-57	1	1038	1.05851532358	norm	2449
G	-57	1	1008	0.196223476737	raw	2449
G	-57	1	1008	1.0295368705	norm	2449
A	-56	1	1674	0.32587113101	raw	2449
A	-56	1	1674	1.0518805304	norm	2449
T	-56	1	1521	0.296087210434	raw	2449
T	-56	1	1521	0.9590981944	norm	2449
C	-56	1	1075	0.209266108624	raw	2449
C	-56	1	1075	1.09624660198	norm	2449
G	-56	1	867	0.168775549932	raw	2449
G	-56	1	867	0.885524272546	norm	2449
T	-55	1	1685	0.328012458633	raw	2449
T	-55	1	1685	1.06251180642	norm	2449
A	-55	1	1501	0.292193887483	raw	2449
A	-55	1	1501	0.943173641659	norm	2449
C	-55	1	1021	0.198754136656	raw	2449
C	-55	1	1021	1.04117933081	norm	2449
G	-55	1	930	0.181039517228	raw	2449
G	-55	1	930	0.949870326953	norm	2449
T	-54	1	1671	0.325287132568	raw	2449
T	-54	1	1671	1.05368381515	norm	2449
A	-54	1	1445	0.28129258322	raw	2449
A	-54	1	1445	0.907985284608	norm	2449
G	-54	1	1036	0.201674128869	raw	2449
G	-54	1	1036	1.05813511691	norm	2449
C	-54	1	985	0.191746155344	raw	2449
C	-54	1	985	1.00446781669	norm	2449
T	-53	1	1722	0.335215106093	raw	2449
T	-53	1	1722	1.0858429262	norm	2449
A	-53	1	1560	0.303679190189	raw	2449
A	-53	1	1560	0.980247089266	norm	2449
G	-53	1	932	0.181428849523	raw	2449
G	-53	1	932	0.951913058839	norm	2449
C	-53	1	923	0.179676854195	raw	2449
C	-53	1	923	0.941242431279	norm	2449
A	-52	1	1611	0.313607163714	raw	2449
A	-52	1	1611	1.01229362872	norm	2449
T	-52	1	1527	0.297255207319	raw	2449
T	-52	1	1527	0.96288161923	norm	2449
C	-52	1	1030	0.200506131984	raw	2449
C	-52	1	1030	1.05035720934	norm	2449
G	-52	1	969	0.188631496983	raw	2449
G	-52	1	969	0.989703598728	norm	2449
T	-51	1	1580	0.30757251314	raw	2449
T	-51	1	1580	0.996301871895	norm	2449
A	-51	1	1574	0.306404516255	raw	2449
A	-51	1	1574	0.989044178528	norm	2449
G	-51	1	1023	0.199143468951	raw	2449
G	-51	1	1023	1.04485735965	norm	2449
C	-51	1	960	0.186879501655	raw	2449
C	-51	1	960	0.978973709672	norm	2449
A	-50	1	1563	0.304263188631	raw	2449
A	-50	1	1563	0.982132179822	norm	2449
T	-50	1	1549	0.301537862566	raw	2449
T	-50	1	1549	0.97675417694	norm	2449
G	-50	1	1038	0.202063461164	raw	2449
G	-50	1	1038	1.06017784879	norm	2449
C	-50	1	987	0.192135487639	raw	2449
C	-50	1	987	1.00650734526	norm	2449
A	-49	1	1650	0.321199143469	raw	2449
A	-49	1	1650	1.03679980595	norm	2449
T	-49	1	1633	0.31788981896	raw	2449
T	-49	1	1633	1.02972212456	norm	2449
C	-49	1	962	0.18726883395	raw	2449
C	-49	1	962	0.981013238234	norm	2449
G	-49	1	892	0.173642203621	raw	2449
G	-49	1	892	0.91105842112	norm	2449
A	-48	1	1540	0.299785867238	raw	2449
A	-48	1	1540	0.96767981889	norm	2449
T	-48	1	1479	0.287911232237	raw	2449
T	-48	1	1479	0.93261422059	norm	2449
C	-48	1	1094	0.212964765427	raw	2449
C	-48	1	1094	1.11562212331	norm	2449
G	-48	1	1024	0.199338135098	raw	2449
G	-48	1	1024	1.04587872559	norm	2449
T	-47	1	1638	0.318863149698	raw	2449
T	-47	1	1638	1.03287497858	norm	2449
A	-47	1	1512	0.294335215106	raw	2449
A	-47	1	1512	0.950085640365	norm	2449
C	-47	1	1008	0.196223476737	raw	2449
C	-47	1	1008	1.02792239516	norm	2449
G	-47	1	979	0.190578158458	raw	2449
G	-47	1	979	0.999917258158	norm	2449
A	-46	1	1602	0.311855168386	raw	2449
A	-46	1	1602	1.00663835705	norm	2449
T	-46	1	1516	0.295113879696	raw	2449
T	-46	1	1516	0.955945340375	norm	2449
C	-46	1	1040	0.202452793459	raw	2449
C	-46	1	1040	1.06055485214	norm	2449
G	-46	1	979	0.190578158458	raw	2449
G	-46	1	979	0.999917258158	norm	2449
A	-45	1	1667	0.324508467977	raw	2449
A	-45	1	1667	1.04748198577	norm	2449
T	-45	1	1628	0.316916488223	raw	2449
T	-45	1	1628	1.02656927053	norm	2449
C	-45	1	953	0.185516838622	raw	2449
C	-45	1	953	0.971835359706	norm	2449
G	-45	1	889	0.173058205178	raw	2449
G	-45	1	889	0.907994323291	norm	2449
A	-44	1	1571	0.305820517812	raw	2449
A	-44	1	1571	0.987159087972	norm	2449
T	-44	1	1545	0.300759197975	raw	2449
T	-44	1	1545	0.97423189372	norm	2449
G	-44	1	1047	0.203815456492	raw	2449
G	-44	1	1047	1.06937014228	norm	2449
C	-44	1	974	0.18960482772	raw	2449
C	-44	1	974	0.993250409605	norm	2449
A	-43	1	1607	0.312828499124	raw	2449
A	-43	1	1607	1.00978017465	norm	2449
T	-43	1	1494	0.29083122445	raw	2449
T	-43	1	1494	0.942072782665	norm	2449
G	-43	1	1041	0.202647459607	raw	2449
G	-43	1	1041	1.06324194662	norm	2449
C	-43	1	995	0.193692816819	raw	2449
C	-43	1	995	1.0146654595	norm	2449
A	-42	1	1602	0.311855168386	raw	2449
A	-42	1	1602	1.00663835705	norm	2449
T	-42	1	1563	0.304263188631	raw	2449
T	-42	1	1563	0.98558216821	norm	2449
G	-42	1	1006	0.195834144442	raw	2449
G	-42	1	1006	1.02749413862	norm	2449
C	-42	1	966	0.18804749854	raw	2449
C	-42	1	966	0.985092295358	norm	2449
T	-41	1	1595	0.310492505353	raw	2449
T	-41	1	1595	1.00576043397	norm	2449
A	-41	1	1567	0.305041853222	raw	2449
A	-41	1	1567	0.984645633897	norm	2449
C	-41	1	1009	0.196418142885	raw	2449
C	-41	1	1009	1.02894215944	norm	2449
G	-41	1	966	0.18804749854	raw	2449
G	-41	1	966	0.986639500899	norm	2449
T	-40	1	1582	0.307961845435	raw	2449
T	-40	1	1582	0.997563013505	norm	2449
A	-40	1	1571	0.305820517812	raw	2449
A	-40	1	1571	0.987159087972	norm	2449
C	-40	1	1042	0.202842125754	raw	2449
C	-40	1	1042	1.06259438071	norm	2449
G	-40	1	942	0.183375510999	raw	2449
G	-40	1	942	0.962126718268	norm	2449
A	-39	1	1617	0.3147751606	raw	2449
A	-39	1	1617	1.01606380984	norm	2449
T	-39	1	1599	0.311271169944	raw	2449
T	-39	1	1599	1.00828271719	norm	2449
G	-39	1	963	0.187463500097	raw	2449
G	-39	1	963	0.98357540307	norm	2449
C	-39	1	958	0.18649016936	raw	2449
C	-39	1	958	0.97693418111	norm	2449
T	-38	1	1591	0.309713840763	raw	2449
T	-38	1	1591	1.00323815075	norm	2449
A	-38	1	1578	0.307183180845	raw	2449
A	-38	1	1578	0.991557632603	norm	2449
C	-38	1	1013	0.197196807475	raw	2449
C	-38	1	1013	1.03302121656	norm	2449
G	-38	1	955	0.185906170917	raw	2449
G	-38	1	955	0.975404475527	norm	2449
A	-37	1	1601	0.311660502239	raw	2449
A	-37	1	1601	1.00600999353	norm	2449
T	-37	1	1577	0.306988514697	raw	2449
T	-37	1	1577	0.99441015948	norm	2449
C	-37	1	1018	0.198170138213	raw	2449
C	-37	1	1018	1.03812003796	norm	2449
G	-37	1	941	0.183180844851	raw	2449
G	-37	1	941	0.961105352325	norm	2449
A	-36	1	1571	0.305820517812	raw	2449
A	-36	1	1571	0.987159087972	norm	2449
T	-36	1	1546	0.300953864123	raw	2449
T	-36	1	1546	0.974862464525	norm	2449
C	-36	1	1022	0.198948802803	raw	2449
C	-36	1	1022	1.04219909509	norm	2449
G	-36	1	998	0.194276815262	raw	2449
G	-36	1	998	1.01932321107	norm	2449
A	-35	1	1619	0.315164492895	raw	2449
A	-35	1	1619	1.01732053687	norm	2449
T	-35	1	1551	0.301927194861	raw	2449
T	-35	1	1551	0.97801531855	norm	2449
G	-35	1	1012	0.197002141328	raw	2449
G	-35	1	1012	1.03362233428	norm	2449
C	-35	1	955	0.185906170917	raw	2449
C	-35	1	955	0.973874888268	norm	2449
T	-34	1	1617	0.3147751606	raw	2449
T	-34	1	1617	1.01963299168	norm	2449
A	-34	1	1571	0.305820517812	raw	2449
A	-34	1	1571	0.987159087972	norm	2449
C	-34	1	979	0.190578158458	raw	2449
C	-34	1	979	0.998349231009	norm	2449
G	-34	1	970	0.18882616313	raw	2449
G	-34	1	970	0.990724964671	norm	2449
A	-33	1	1559	0.303484524041	raw	2449
A	-33	1	1559	0.979618725747	norm	2449
T	-33	1	1542	0.300175199533	raw	2449
T	-33	1	1542	0.972340181305	norm	2449
G	-33	1	1023	0.199143468951	raw	2449
G	-33	1	1023	1.04485735965	norm	2449
C	-33	1	1013	0.197196807475	raw	2449
C	-33	1	1013	1.03302121656	norm	2449
A	-32	1	1610	0.313412497567	raw	2449
A	-32	1	1610	1.0116652652	norm	2449
T	-32	1	1551	0.301927194861	raw	2449
T	-32	1	1551	0.97801531855	norm	2449
G	-32	1	1009	0.196418142885	raw	2449
G	-32	1	1009	1.03055823645	norm	2449
C	-32	1	967	0.188242164688	raw	2449
C	-32	1	967	0.986112059639	norm	2449
A	-31	1	1602	0.311855168386	raw	2449
A	-31	1	1602	1.00663835705	norm	2449
T	-31	1	1579	0.307377846992	raw	2449
T	-31	1	1579	0.99567130109	norm	2449
C	-31	1	1011	0.19680747518	raw	2449
C	-31	1	1011	1.030981688	norm	2449
G	-31	1	945	0.183959509441	raw	2449
G	-31	1	945	0.965190816097	norm	2449
A	-30	1	1641	0.319447148141	raw	2449
A	-30	1	1641	1.03114453429	norm	2449
T	-30	1	1572	0.30601518396	raw	2449
T	-30	1	1572	0.991257305455	norm	2449
G	-30	1	983	0.191356823048	raw	2449
G	-30	1	983	1.00400272193	norm	2449
C	-30	1	941	0.183180844851	raw	2449
C	-30	1	941	0.959598188335	norm	2449
A	-29	1	1619	0.315164492895	raw	2449
A	-29	1	1619	1.01732053687	norm	2449
T	-29	1	1461	0.284407241581	raw	2449
T	-29	1	1461	0.9212639461	norm	2449
G	-29	1	1031	0.200700798131	raw	2449
G	-29	1	1031	1.05302828719	norm	2449
C	-29	1	1026	0.199727467393	raw	2449
C	-29	1	1026	1.04627815221	norm	2449
A	-28	1	1651	0.321393809617	raw	2449
A	-28	1	1651	1.03742816947	norm	2449
T	-28	1	1572	0.30601518396	raw	2449
T	-28	1	1572	0.991257305455	norm	2449
G	-28	1	965	0.187852832392	raw	2449
G	-28	1	965	0.985618134956	norm	2449
C	-28	1	949	0.184738174032	raw	2449
C	-28	1	949	0.967756302582	norm	2449
A	-27	1	1644	0.320031146584	raw	2449
A	-27	1	1644	1.03302962484	norm	2449
T	-27	1	1527	0.297255207319	raw	2449
T	-27	1	1527	0.96288161923	norm	2449
G	-27	1	1026	0.199727467393	raw	2449
G	-27	1	1026	1.04792145748	norm	2449
C	-27	1	940	0.182986178704	raw	2449
C	-27	1	940	0.958578424054	norm	2449
A	-26	1	1575	0.306599182402	raw	2449
A	-26	1	1575	0.989672542047	norm	2449
T	-26	1	1570	0.305625851664	raw	2449
T	-26	1	1570	0.989996163845	norm	2449
C	-26	1	1011	0.19680747518	raw	2449
C	-26	1	1011	1.030981688	norm	2449
G	-26	1	981	0.190967490753	raw	2449
G	-26	1	981	1.00195999004	norm	2449
A	-25	1	1666	0.32431380183	raw	2449
A	-25	1	1666	1.04685362225	norm	2449
T	-25	1	1532	0.298228538057	raw	2449
T	-25	1	1532	0.966034473255	norm	2449
G	-25	1	973	0.189410161573	raw	2449
G	-25	1	973	0.9937890625	norm	2449
C	-25	1	966	0.18804749854	raw	2449
C	-25	1	966	0.985092295358	norm	2449
A	-24	1	1546	0.300953864123	raw	2449
A	-24	1	1546	0.971450000003	norm	2449
T	-24	1	1537	0.299201868795	raw	2449
T	-24	1	1537	0.96918732728	norm	2449
C	-24	1	1053	0.204983453377	raw	2449
C	-24	1	1053	1.0738117878	norm	2449
G	-24	1	1001	0.194860813704	raw	2449
G	-24	1	1001	1.0223873089	norm	2449
A	-23	1	1609	0.313217831419	raw	2449
A	-23	1	1609	1.01103690168	norm	2449
T	-23	1	1553	0.302316527156	raw	2449
T	-23	1	1553	0.97927646016	norm	2449
C	-23	1	1000	0.194666147557	raw	2449
C	-23	1	1000	1.01976428091	norm	2449
G	-23	1	975	0.189799493868	raw	2449
G	-23	1	975	0.995831794386	norm	2449
T	-22	1	1596	0.310687171501	raw	2449
T	-22	1	1596	1.00639100477	norm	2449
A	-22	1	1563	0.304263188631	raw	2449
A	-22	1	1563	0.982132179822	norm	2449
C	-22	1	993	0.193303484524	raw	2449
C	-22	1	993	1.01262593094	norm	2449
G	-22	1	985	0.191746155344	raw	2449
G	-22	1	985	1.00604545382	norm	2449
T	-21	1	1630	0.317305820518	raw	2449
T	-21	1	1630	1.02783041214	norm	2449
A	-21	1	1513	0.294529881254	raw	2449
A	-21	1	1513	0.950714003884	norm	2449
G	-21	1	1012	0.197002141328	raw	2449
G	-21	1	1012	1.03362233428	norm	2449
C	-21	1	982	0.191162156901	raw	2449
C	-21	1	982	1.00140852385	norm	2449
T	-20	1	1584	0.30835117773	raw	2449
T	-20	1	1584	0.998824155115	norm	2449
A	-20	1	1582	0.307961845435	raw	2449
A	-20	1	1582	0.994071086678	norm	2449
G	-20	1	1020	0.198559470508	raw	2449
G	-20	1	1020	1.04179326182	norm	2449
C	-20	1	951	0.185127506327	raw	2449
C	-20	1	951	0.969795831144	norm	2449
T	-19	1	1590	0.309519174616	raw	2449
T	-19	1	1590	1.00260757994	norm	2449
A	-19	1	1580	0.30757251314	raw	2449
A	-19	1	1580	0.992814359641	norm	2449
C	-19	1	1003	0.195250146	raw	2449
C	-19	1	1003	1.02282357375	norm	2449
G	-19	1	964	0.187658166245	raw	2449
G	-19	1	964	0.984596769013	norm	2449
A	-18	1	1620	0.315359159042	raw	2449
A	-18	1	1620	1.01794890039	norm	2449
T	-18	1	1561	0.303873856336	raw	2449
T	-18	1	1561	0.9843210266	norm	2449
C	-18	1	1003	0.195250146	raw	2449
C	-18	1	1003	1.02282357375	norm	2449
G	-18	1	953	0.185516838622	raw	2449
G	-18	1	953	0.973361743641	norm	2449
A	-17	1	1664	0.323924469535	raw	2449
A	-17	1	1664	1.04559689522	norm	2449
T	-17	1	1525	0.296865875024	raw	2449
T	-17	1	1525	0.96162047762	norm	2449
C	-17	1	980	0.190772824606	raw	2449
C	-17	1	980	0.99936899529	norm	2449
G	-17	1	968	0.188436830835	raw	2449
G	-17	1	968	0.988682232785	norm	2449
A	-16	1	1619	0.315164492895	raw	2449
A	-16	1	1619	1.01732053687	norm	2449
T	-16	1	1539	0.29959120109	raw	2449
T	-16	1	1539	0.97044846889	norm	2449
G	-16	1	1044	0.203231458049	raw	2449
G	-16	1	1044	1.06630604445	norm	2449
C	-16	1	935	0.182012847966	raw	2449
C	-16	1	935	0.953479602649	norm	2449
A	-15	1	1702	0.331321783142	raw	2449
A	-15	1	1702	1.06947470893	norm	2449
T	-15	1	1543	0.30036986568	raw	2449
T	-15	1	1543	0.97297075211	norm	2449
G	-15	1	954	0.185711504769	raw	2449
G	-15	1	954	0.974383109584	norm	2449
C	-15	1	938	0.182596846408	raw	2449
C	-15	1	938	0.956538895492	norm	2449
T	-14	1	1584	0.30835117773	raw	2449
T	-14	1	1584	0.998824155115	norm	2449
A	-14	1	1510	0.293945882811	raw	2449
A	-14	1	1510	0.948828913328	norm	2449
C	-14	1	1097	0.21354876387	raw	2449
C	-14	1	1097	1.11868141616	norm	2449
G	-14	1	946	0.184154175589	raw	2449
G	-14	1	946	0.96621218204	norm	2449
A	-13	1	1655	0.322172474207	raw	2449
A	-13	1	1655	1.03994162355	norm	2449
T	-13	1	1576	0.30679384855	raw	2449
T	-13	1	1576	0.993779588675	norm	2449
C	-13	1	994	0.193498150672	raw	2449
C	-13	1	994	1.01364569522	norm	2449
G	-13	1	912	0.177535526572	raw	2449
G	-13	1	912	0.93148573998	norm	2449
T	-12	1	1623	0.315943157485	raw	2449
T	-12	1	1623	1.02341641651	norm	2449
A	-12	1	1551	0.301927194861	raw	2449
A	-12	1	1551	0.974591817597	norm	2449
G	-12	1	996	0.193887482967	raw	2449
G	-12	1	996	1.01728047919	norm	2449
C	-12	1	967	0.188242164688	raw	2449
C	-12	1	967	0.986112059639	norm	2449
T	-11	1	1656	0.322367140354	raw	2449
T	-11	1	1656	1.04422525307	norm	2449
A	-11	1	1576	0.30679384855	raw	2449
A	-11	1	1576	0.990300905566	norm	2449
G	-11	1	1001	0.194860813704	raw	2449
G	-11	1	1001	1.0223873089	norm	2449
C	-11	1	904	0.175978197391	raw	2449
C	-11	1	904	0.921866909941	norm	2449
T	-10	1	1710	0.332879112322	raw	2449
T	-10	1	1710	1.07827607654	norm	2449
A	-10	1	1518	0.295503211991	raw	2449
A	-10	1	1518	0.953855821478	norm	2449
G	-10	1	971	0.189020829278	raw	2449
G	-10	1	971	0.991746330614	norm	2449
C	-10	1	938	0.182596846408	raw	2449
C	-10	1	938	0.956538895492	norm	2449
T	-9	1	1558	0.303289857894	raw	2449
T	-9	1	1558	0.982429314185	norm	2449
A	-9	1	1547	0.301148530271	raw	2449
A	-9	1	1547	0.972078363522	norm	2449
C	-9	1	1039	0.202258127312	raw	2449
C	-9	1	1039	1.05953508786	norm	2449
G	-9	1	993	0.193303484524	raw	2449
G	-9	1	993	1.01421638136	norm	2449
A	-8	1	1614	0.314191162157	raw	2449
A	-8	1	1614	1.01417871928	norm	2449
T	-8	1	1549	0.301537862566	raw	2449
T	-8	1	1549	0.97675417694	norm	2449
C	-8	1	1015	0.19758613977	raw	2449
C	-8	1	1015	1.03506074512	norm	2449
G	-8	1	959	0.186684835507	raw	2449
G	-8	1	959	0.979489939299	norm	2449
A	-7	1	1667	0.324508467977	raw	2449
A	-7	1	1667	1.04748198577	norm	2449
T	-7	1	1540	0.299785867238	raw	2449
T	-7	1	1540	0.971079039695	norm	2449
G	-7	1	973	0.189410161573	raw	2449
G	-7	1	973	0.9937890625	norm	2449
C	-7	1	957	0.186295503212	raw	2449
C	-7	1	957	0.975914416829	norm	2449
A	-6	1	1555	0.302705859451	raw	2449
A	-6	1	1555	0.977105271672	norm	2449
T	-6	1	1537	0.299201868795	raw	2449
T	-6	1	1537	0.96918732728	norm	2449
G	-6	1	1036	0.201674128869	raw	2449
G	-6	1	1036	1.05813511691	norm	2449
C	-6	1	1009	0.196418142885	raw	2449
C	-6	1	1009	1.02894215944	norm	2449
T	-5	1	1635	0.318279151256	raw	2449
T	-5	1	1635	1.03098326617	norm	2449
A	-5	1	1536	0.299007202647	raw	2449
A	-5	1	1536	0.965166364815	norm	2449
C	-5	1	1052	0.20478878723	raw	2449
C	-5	1	1052	1.07279202352	norm	2449
G	-5	1	914	0.177924858867	raw	2449
G	-5	1	914	0.933528471865	norm	2449
T	-4	1	1674	0.32587113101	raw	2449
T	-4	1	1674	1.05557552756	norm	2449
A	-4	1	1484	0.288884562974	raw	2449
A	-4	1	1484	0.93249146184	norm	2449
C	-4	1	1004	0.195444812147	raw	2449
C	-4	1	1004	1.02384333803	norm	2449
G	-4	1	975	0.189799493868	raw	2449
G	-4	1	975	0.995831794386	norm	2449
T	-3	1	1604	0.312244500681	raw	2449
T	-3	1	1604	1.01143557121	norm	2449
A	-3	1	1490	0.29005255986	raw	2449
A	-3	1	1490	0.936261642952	norm	2449
C	-3	1	1102	0.214522094608	raw	2449
C	-3	1	1102	1.12378023756	norm	2449
G	-3	1	941	0.183180844851	raw	2449
G	-3	1	941	0.961105352325	norm	2449
T	-2	1	1728	0.336383102978	raw	2449
T	-2	1	1728	1.08962635103	norm	2449
A	-2	1	1530	0.297839205762	raw	2449
A	-2	1	1530	0.961396183703	norm	2449
C	-2	1	983	0.191356823048	raw	2449
C	-2	1	983	1.00242828813	norm	2449
G	-2	1	896	0.174420868211	raw	2449
G	-2	1	896	0.915143884892	norm	2449
A	-1	1	1802	0.350788397898	raw	2449
A	-1	1	1802	1.13231106081	norm	2449
T	-1	1	1520	0.295892544287	raw	2449
T	-1	1	1520	0.958467623595	norm	2449
G	-1	1	917	0.17850885731	raw	2449
G	-1	1	917	0.936592569694	norm	2449
C	-1	1	898	0.174810200506	raw	2449
C	-1	1	898	0.915748324256	norm	2449
C	0	1	2209	0.430017519953	raw	2449
C	0	1	2209	2.25265929653	norm	2449
G	0	1	1441	0.28051391863	raw	2449
G	0	1	1441	1.47178832381	norm	2449
A	0	1	782	0.15222892739	raw	2449
A	0	1	782	0.49138027167	norm	2449
T	0	1	705	0.137239634028	raw	2449
T	0	1	705	0.444552417523	norm	2449
A	1	1	2269	0.441697488807	raw	2449
A	1	1	2269	1.42575682407	norm	2449
C	1	1	1233	0.240023359938	raw	2449
C	1	1	1233	1.25736935836	norm	2449
T	1	1	856	0.166634222309	raw	2449
T	1	1	856	0.539768609077	norm	2449
G	1	1	779	0.151644928947	raw	2449
G	1	1	779	0.795644069566	norm	2449
T	2	1	1497	0.291415222893	raw	2449
T	2	1	1497	0.94396449508	norm	2449
A	2	1	1401	0.272727272727	raw	2449
A	2	1	1401	0.880337289783	norm	2449
C	2	1	1186	0.230874051003	raw	2449
C	2	1	1186	1.20944043716	norm	2449
G	2	1	1053	0.204983453377	raw	2449
G	2	1	1053	1.07549833794	norm	2449
A	3	1	1562	0.304068522484	raw	2449
A	3	1	1562	0.981503816303	norm	2449
T	3	1	1367	0.26610862371	raw	2449
T	3	1	1367	0.861990290431	norm	2449
C	3	1	1201	0.233794043216	raw	2449
C	3	1	1201	1.22473690137	norm	2449
G	3	1	1007	0.19602881059	raw	2449
G	3	1	1007	1.02851550456	norm	2449
T	4	1	1675	0.326065797158	raw	2449
T	4	1	1675	1.05620609837	norm	2449
A	4	1	1459	0.284017909286	raw	2449
A	4	1	1459	0.916782373871	norm	2449
C	4	1	1156	0.225034066576	raw	2449
C	4	1	1156	1.17884750873	norm	2449
G	4	1	847	0.164882226981	raw	2449
G	4	1	847	0.865096953687	norm	2449
A	5	1	1575	0.306599182402	raw	2449
A	5	1	1575	0.989672542047	norm	2449
T	5	1	1489	0.289857893712	raw	2449
T	5	1	1489	0.93891992864	norm	2449
C	5	1	1117	0.217442086821	raw	2449
C	5	1	1117	1.13907670177	norm	2449
G	5	1	956	0.186100837064	raw	2449
G	5	1	956	0.97642584147	norm	2449
A	6	1	1518	0.295503211991	raw	2449
A	6	1	1518	0.953855821478	norm	2449
T	6	1	1485	0.289079229122	raw	2449
T	6	1	1485	0.93639764542	norm	2449
G	6	1	1146	0.2230874051	raw	2449
G	6	1	1146	1.17048537063	norm	2449
C	6	1	988	0.192330153786	raw	2449
C	6	1	988	1.00752710954	norm	2449
A	7	1	1554	0.302511193303	raw	2449
A	7	1	1554	0.976476908153	norm	2449
T	7	1	1513	0.294529881254	raw	2449
T	7	1	1513	0.95405362796	norm	2449
G	7	1	1083	0.210823437804	raw	2449
G	7	1	1083	1.10613931623	norm	2449
C	7	1	987	0.192135487639	raw	2449
C	7	1	987	1.00650734526	norm	2449
T	8	1	1536	0.299007202647	raw	2449
T	8	1	1536	0.968556756475	norm	2449
A	8	1	1506	0.293167218221	raw	2449
A	8	1	1506	0.946315459253	norm	2449
G	8	1	1108	0.215690091493	raw	2449
G	8	1	1108	1.1316734648	norm	2449
C	8	1	987	0.192135487639	raw	2449
C	8	1	987	1.00650734526	norm	2449
A	9	1	1587	0.308935176173	raw	2449
A	9	1	1587	0.997212904272	norm	2449
T	9	1	1569	0.305431185517	raw	2449
T	9	1	1569	0.98936559304	norm	2449
C	9	1	1114	0.216858088378	raw	2449
C	9	1	1114	1.13601740893	norm	2449
G	9	1	867	0.168775549932	raw	2449
G	9	1	867	0.885524272546	norm	2449
A	10	1	1694	0.329764453961	raw	2449
A	10	1	1694	1.06444780078	norm	2449
T	10	1	1550	0.301732528713	raw	2449
T	10	1	1550	0.977384747745	norm	2449
C	10	1	980	0.190772824606	raw	2449
C	10	1	980	0.99936899529	norm	2449
G	10	1	913	0.177730192719	raw	2449
G	10	1	913	0.932507105922	norm	2449
T	11	1	1593	0.310103173058	raw	2449
T	11	1	1593	1.00449929236	norm	2449
A	11	1	1589	0.309324508468	raw	2449
A	11	1	1589	0.99846963131	norm	2449
G	11	1	986	0.191940821491	raw	2449
G	11	1	986	1.00706681976	norm	2449
C	11	1	969	0.188631496983	raw	2449
C	11	1	969	0.9881515882	norm	2449
T	12	1	1580	0.30757251314	raw	2449
T	12	1	1580	0.996301871895	norm	2449
A	12	1	1512	0.294335215106	raw	2449
A	12	1	1512	0.950085640365	norm	2449
C	12	1	1045	0.203426124197	raw	2449
C	12	1	1045	1.06565367355	norm	2449
G	12	1	1000	0.194666147557	raw	2449
G	12	1	1000	1.02136594296	norm	2449
T	13	1	1562	0.304068522484	raw	2449
T	13	1	1562	0.984951597405	norm	2449
A	13	1	1558	0.303289857894	raw	2449
A	13	1	1558	0.978990362228	norm	2449
C	13	1	1038	0.202063461164	raw	2449
C	13	1	1038	1.05851532358	norm	2449
G	13	1	979	0.190578158458	raw	2449
G	13	1	979	0.999917258158	norm	2449
A	14	1	1560	0.303679190189	raw	2449
A	14	1	1560	0.980247089266	norm	2449
T	14	1	1532	0.298228538057	raw	2449
T	14	1	1532	0.966034473255	norm	2449
G	14	1	1024	0.199338135098	raw	2449
G	14	1	1024	1.04587872559	norm	2449
C	14	1	1021	0.198754136656	raw	2449
C	14	1	1021	1.04117933081	norm	2449
A	15	1	1563	0.304263188631	raw	2449
A	15	1	1563	0.982132179822	norm	2449
T	15	1	1504	0.292777885926	raw	2449
T	15	1	1504	0.948378490715	norm	2449
C	15	1	1057	0.205762117968	raw	2449
C	15	1	1057	1.07789084492	norm	2449
G	15	1	1013	0.197196807475	raw	2449
G	15	1	1013	1.03464370022	norm	2449
A	16	1	1530	0.297839205762	raw	2449
A	16	1	1530	0.961396183703	norm	2449
T	16	1	1478	0.287716566089	raw	2449
T	16	1	1478	0.931983649785	norm	2449
G	16	1	1160	0.225812731166	raw	2449
G	16	1	1160	1.18478449383	norm	2449
C	16	1	969	0.188631496983	raw	2449
C	16	1	969	0.9881515882	norm	2449
T	17	1	1630	0.317305820518	raw	2449
T	17	1	1630	1.02783041214	norm	2449
A	17	1	1517	0.295308545844	raw	2449
A	17	1	1517	0.953227457959	norm	2449
G	17	1	1032	0.200895464279	raw	2449
G	17	1	1032	1.05404965313	norm	2449
C	17	1	958	0.18649016936	raw	2449
C	17	1	958	0.97693418111	norm	2449
A	18	1	1590	0.309519174616	raw	2449
A	18	1	1590	0.999097994828	norm	2449
T	18	1	1510	0.293945882811	raw	2449
T	18	1	1510	0.952161915545	norm	2449
G	18	1	1027	0.199922133541	raw	2449
G	18	1	1027	1.04894282342	norm	2449
C	18	1	1010	0.196612809033	raw	2449
C	18	1	1010	1.02996192372	norm	2449
A	19	1	1704	0.331711115437	raw	2449
A	19	1	1704	1.07073143597	norm	2449
T	19	1	1458	0.283823243138	raw	2449
T	19	1	1458	0.919372233685	norm	2449
C	19	1	1051	0.204594121082	raw	2449
C	19	1	1051	1.07177225923	norm	2449
G	19	1	924	0.179871520343	raw	2449
G	19	1	924	0.943742131295	norm	2449
A	20	1	1683	0.327623126338	raw	2449
A	20	1	1683	1.05753580207	norm	2449
T	20	1	1564	0.304457854779	raw	2449
T	20	1	1564	0.986212739015	norm	2449
G	20	1	979	0.190578158458	raw	2449
G	20	1	979	0.999917258158	norm	2449
C	20	1	911	0.177340860424	raw	2449
C	20	1	911	0.929005259908	norm	2449
A	21	1	1601	0.311660502239	raw	2449
A	21	1	1601	1.00600999353	norm	2449
T	21	1	1466	0.285380572318	raw	2449
T	21	1	1466	0.924416800125	norm	2449
C	21	1	1059	0.206151450263	raw	2449
C	21	1	1059	1.07993037348	norm	2449
G	21	1	1011	0.19680747518	raw	2449
G	21	1	1011	1.03260096833	norm	2449
A	22	1	1585	0.308545843878	raw	2449
A	22	1	1585	0.995956177235	norm	2449
T	22	1	1496	0.291220556745	raw	2449
T	22	1	1496	0.943333924275	norm	2449
C	22	1	1036	0.201674128869	raw	2449
C	22	1	1036	1.05647579502	norm	2449
G	22	1	1020	0.198559470508	raw	2449
G	22	1	1020	1.04179326182	norm	2449
A	23	1	1576	0.30679384855	raw	2449
A	23	1	1576	0.990300905566	norm	2449
T	23	1	1521	0.296087210434	raw	2449
T	23	1	1521	0.9590981944	norm	2449
G	23	1	1074	0.209071442476	raw	2449
G	23	1	1074	1.09694702274	norm	2449
C	23	1	966	0.18804749854	raw	2449
C	23	1	966	0.985092295358	norm	2449
A	24	1	1602	0.311855168386	raw	2449
A	24	1	1602	1.00663835705	norm	2449
T	24	1	1539	0.29959120109	raw	2449
T	24	1	1539	0.97044846889	norm	2449
C	24	1	1013	0.197196807475	raw	2449
C	24	1	1013	1.03302121656	norm	2449
G	24	1	983	0.191356823048	raw	2449
G	24	1	983	1.00400272193	norm	2449
A	25	1	1626	0.316527155928	raw	2449
A	25	1	1626	1.0217190815	norm	2449
T	25	1	1569	0.305431185517	raw	2449
T	25	1	1569	0.98936559304	norm	2449
C	25	1	1031	0.200700798131	raw	2449
C	25	1	1031	1.05137697362	norm	2449
G	25	1	911	0.177340860424	raw	2449
G	25	1	911	0.930464374037	norm	2449
A	26	1	1570	0.305625851664	raw	2449
A	26	1	1570	0.986530724453	norm	2449
T	26	1	1453	0.2828499124	raw	2449
T	26	1	1453	0.91621937966	norm	2449
C	26	1	1075	0.209266108624	raw	2449
C	26	1	1075	1.09624660198	norm	2449
G	26	1	1039	0.202258127312	raw	2449
G	26	1	1039	1.06119921474	norm	2449
T	27	1	1601	0.311660502239	raw	2449
T	27	1	1601	1.0095438588	norm	2449
A	27	1	1478	0.287716566089	raw	2449
A	27	1	1478	0.928721280727	norm	2449
C	27	1	1041	0.202647459607	raw	2449
C	27	1	1041	1.06157461643	norm	2449
G	27	1	1017	0.197975472065	raw	2449
G	27	1	1017	1.03872916399	norm	2449
A	28	1	1592	0.309908506911	raw	2449
A	28	1	1592	1.00035472187	norm	2449
T	28	1	1524	0.296671208877	raw	2449
T	28	1	1524	0.960989906815	norm	2449
C	28	1	1064	0.207124781001	raw	2449
C	28	1	1064	1.08502919489	norm	2449
G	28	1	957	0.186295503212	raw	2449
G	28	1	957	0.977447207413	norm	2449
A	29	1	1537	0.299201868795	raw	2449
A	29	1	1537	0.965794728334	norm	2449
T	29	1	1499	0.291804555188	raw	2449
T	29	1	1499	0.94522563669	norm	2449
G	29	1	1076	0.209460774771	raw	2449
G	29	1	1076	1.09898975462	norm	2449
C	29	1	1025	0.199532801246	raw	2449
C	29	1	1025	1.04525838793	norm	2449
T	30	1	1574	0.306404516255	raw	2449
T	30	1	1574	0.992518447065	norm	2449
A	30	1	1538	0.299396534943	raw	2449
A	30	1	1538	0.966423091853	norm	2449
G	30	1	1028	0.200116799689	raw	2449
G	30	1	1028	1.04996418936	norm	2449
C	30	1	997	0.194082149114	raw	2449
C	30	1	997	1.01670498807	norm	2449
A	31	1	1538	0.299396534943	raw	2449
A	31	1	1538	0.966423091853	norm	2449
T	31	1	1530	0.297839205762	raw	2449
T	31	1	1530	0.964773331645	norm	2449
G	31	1	1041	0.202647459607	raw	2449
G	31	1	1041	1.06324194662	norm	2449
C	31	1	1028	0.200116799689	raw	2449
C	31	1	1028	1.04831768077	norm	2449
A	32	1	1678	0.326649795601	raw	2449
A	32	1	1678	1.05439398448	norm	2449
T	32	1	1491	0.290247226007	raw	2449
T	32	1	1491	0.94018107025	norm	2449
C	32	1	1020	0.198559470508	raw	2449
C	32	1	1020	1.04015956653	norm	2449
G	32	1	948	0.184543507884	raw	2449
G	32	1	948	0.968254913926	norm	2449
A	33	1	1632	0.317695152813	raw	2449
A	33	1	1632	1.02548926262	norm	2449
T	33	1	1514	0.294724547401	raw	2449
T	33	1	1514	0.954684198765	norm	2449
C	33	1	1004	0.195444812147	raw	2449
C	33	1	1004	1.02384333803	norm	2449
G	33	1	987	0.192135487639	raw	2449
G	33	1	987	1.0080881857	norm	2449
A	34	1	1657	0.322561806502	raw	2449
A	34	1	1657	1.04119835059	norm	2449
T	34	1	1480	0.288105898384	raw	2449
T	34	1	1480	0.933244791395	norm	2449
C	34	1	1012	0.197002141328	raw	2449
C	34	1	1012	1.03200145228	norm	2449
G	34	1	988	0.192330153786	raw	2449
G	34	1	988	1.00910955164	norm	2449
A	35	1	1582	0.307961845435	raw	2449
A	35	1	1582	0.994071086678	norm	2449
T	35	1	1556	0.302900525599	raw	2449
T	35	1	1556	0.981168172575	norm	2449
C	35	1	1049	0.204204788787	raw	2449
C	35	1	1049	1.06973273067	norm	2449
G	35	1	950	0.184932840179	raw	2449
G	35	1	950	0.970297645812	norm	2449
A	36	1	1524	0.296671208877	raw	2449
A	36	1	1524	0.95762600259	norm	2449
T	36	1	1522	0.296281876582	raw	2449
T	36	1	1522	0.959728765205	norm	2449
C	36	1	1156	0.225034066576	raw	2449
C	36	1	1156	1.17884750873	norm	2449
G	36	1	935	0.182012847966	raw	2449
G	36	1	935	0.954977156668	norm	2449
T	37	1	1630	0.317305820518	raw	2449
T	37	1	1630	1.02783041214	norm	2449
A	37	1	1489	0.289857893712	raw	2449
A	37	1	1489	0.935633279434	norm	2449
G	37	1	1021	0.198754136656	raw	2449
G	37	1	1021	1.04281462776	norm	2449
C	37	1	997	0.194082149114	raw	2449
C	37	1	997	1.01670498807	norm	2449
A	38	1	1642	0.319641814288	raw	2449
A	38	1	1642	1.0317728978	norm	2449
T	38	1	1548	0.301343196418	raw	2449
T	38	1	1548	0.976123606135	norm	2449
C	38	1	1014	0.197391473623	raw	2449
C	38	1	1014	1.03404098084	norm	2449
G	38	1	933	0.181623515671	raw	2449
G	38	1	933	0.952934424782	norm	2449
A	39	1	1568	0.305236519369	raw	2449
A	39	1	1568	0.985273997416	norm	2449
T	39	1	1550	0.301732528713	raw	2449
T	39	1	1550	0.977384747745	norm	2449
C	39	1	1026	0.199727467393	raw	2449
C	39	1	1026	1.04627815221	norm	2449
G	39	1	993	0.193303484524	raw	2449
G	39	1	993	1.01421638136	norm	2449
A	40	1	1566	0.304847187074	raw	2449
A	40	1	1566	0.984017270378	norm	2449
T	40	1	1562	0.304068522484	raw	2449
T	40	1	1562	0.984951597405	norm	2449
G	40	1	1011	0.19680747518	raw	2449
G	40	1	1011	1.03260096833	norm	2449
C	40	1	998	0.194276815262	raw	2449
C	40	1	998	1.01772475235	norm	2449
A	41	1	1653	0.321783141912	raw	2449
A	41	1	1653	1.03868489651	norm	2449
T	41	1	1618	0.314969826747	raw	2449
T	41	1	1618	1.02026356248	norm	2449
G	41	1	946	0.184154175589	raw	2449
G	41	1	946	0.96621218204	norm	2449
C	41	1	920	0.179092855752	raw	2449
C	41	1	920	0.938183138436	norm	2449
A	42	1	1726	0.335993770683	raw	2449
A	42	1	1726	1.08455543338	norm	2449
T	42	1	1595	0.310492505353	raw	2449
T	42	1	1595	1.00576043397	norm	2449
G	42	1	957	0.186295503212	raw	2449
G	42	1	957	0.977447207413	norm	2449
C	42	1	859	0.167218220751	raw	2449
C	42	1	859	0.8759775173	norm	2449
T	43	1	1615	0.314385828304	raw	2449
T	43	1	1615	1.01837185007	norm	2449
A	43	1	1585	0.308545843878	raw	2449
A	43	1	1585	0.995956177235	norm	2449
C	43	1	1018	0.198170138213	raw	2449
C	43	1	1018	1.03812003796	norm	2449
G	43	1	919	0.178898189605	raw	2449
G	43	1	919	0.93863530158	norm	2449
A	44	1	1635	0.318279151256	raw	2449
A	44	1	1635	1.02737435317	norm	2449
T	44	1	1620	0.315359159042	raw	2449
T	44	1	1620	1.02152470409	norm	2449
G	44	1	971	0.189020829278	raw	2449
G	44	1	971	0.991746330614	norm	2449
C	44	1	911	0.177340860424	raw	2449
C	44	1	911	0.929005259908	norm	2449
A	45	1	1572	0.30601518396	raw	2449
A	45	1	1572	0.987787451491	norm	2449
T	45	1	1523	0.296476542729	raw	2449
T	45	1	1523	0.96035933601	norm	2449
G	45	1	1030	0.200506131984	raw	2449
G	45	1	1030	1.05200692125	norm	2449
C	45	1	1012	0.197002141328	raw	2449
C	45	1	1012	1.03200145228	norm	2449
T	46	1	1621	0.31555382519	raw	2449
T	46	1	1621	1.0221552749	norm	2449
A	46	1	1558	0.303289857894	raw	2449
A	46	1	1558	0.978990362228	norm	2449
C	46	1	985	0.191746155344	raw	2449
C	46	1	985	1.00446781669	norm	2449
G	46	1	973	0.189410161573	raw	2449
G	46	1	973	0.9937890625	norm	2449
T	47	1	1630	0.317305820518	raw	2449
T	47	1	1630	1.02783041214	norm	2449
A	47	1	1601	0.311660502239	raw	2449
A	47	1	1601	1.00600999353	norm	2449
C	47	1	989	0.192524819934	raw	2449
C	47	1	989	1.00854687382	norm	2449
G	47	1	917	0.17850885731	raw	2449
G	47	1	917	0.936592569694	norm	2449
A	48	1	1674	0.32587113101	raw	2449
A	48	1	1674	1.0518805304	norm	2449
T	48	1	1528	0.297449873467	raw	2449
T	48	1	1528	0.963512190035	norm	2449
G	48	1	1040	0.202452793459	raw	2449
G	48	1	1040	1.06222058068	norm	2449
C	48	1	895	0.174226202063	raw	2449
C	48	1	895	0.912689031413	norm	2449
A	49	1	1609	0.313217831419	raw	2449
A	49	1	1609	1.01103690168	norm	2449
T	49	1	1577	0.306988514697	raw	2449
T	49	1	1577	0.99441015948	norm	2449
G	49	1	999	0.194471481409	raw	2449
G	49	1	999	1.02034457702	norm	2449
C	49	1	952	0.185322172474	raw	2449
C	49	1	952	0.970815595425	norm	2449
A	50	1	1653	0.321783141912	raw	2449
A	50	1	1653	1.03868489651	norm	2449
T	50	1	1510	0.293945882811	raw	2449
T	50	1	1510	0.952161915545	norm	2449
G	50	1	1043	0.203036791902	raw	2449
G	50	1	1043	1.06528467851	norm	2449
C	50	1	931	0.181234183376	raw	2449
C	50	1	931	0.949400545526	norm	2449
A	51	1	1605	0.312439166829	raw	2449
A	51	1	1605	1.00852344761	norm	2449
T	51	1	1567	0.305041853222	raw	2449
T	51	1	1567	0.98810445143	norm	2449
G	51	1	984	0.191551489196	raw	2449
G	51	1	984	1.00502408787	norm	2449
C	51	1	981	0.190967490753	raw	2449
C	51	1	981	1.00038875957	norm	2449
A	52	1	1753	0.341249756667	raw	2449
A	52	1	1753	1.10152124839	norm	2449
T	52	1	1595	0.310492505353	raw	2449
T	52	1	1595	1.00576043397	norm	2449
C	52	1	903	0.175783531244	raw	2449
C	52	1	903	0.92084714566	norm	2449
G	52	1	886	0.172474206735	raw	2449
G	52	1	886	0.904930225463	norm	2449
A	53	1	1720	0.334825773798	raw	2449
A	53	1	1720	1.08078525227	norm	2449
T	53	1	1549	0.301537862566	raw	2449
T	53	1	1549	0.97675417694	norm	2449
G	53	1	935	0.182012847966	raw	2449
G	53	1	935	0.954977156668	norm	2449
C	53	1	933	0.181623515671	raw	2449
C	53	1	933	0.951440074088	norm	2449
A	54	1	1682	0.327428460191	raw	2449
A	54	1	1682	1.05690743855	norm	2449
T	54	1	1532	0.298228538057	raw	2449
T	54	1	1532	0.966034473255	norm	2449
C	54	1	968	0.188436830835	raw	2449
C	54	1	968	0.987131823919	norm	2449
G	54	1	955	0.185906170917	raw	2449
G	54	1	955	0.975404475527	norm	2449
A	55	1	1610	0.313412497567	raw	2449
A	55	1	1610	1.0116652652	norm	2449
T	55	1	1574	0.306404516255	raw	2449
T	55	1	1574	0.992518447065	norm	2449
G	55	1	995	0.193692816819	raw	2449
G	55	1	995	1.01625911325	norm	2449
C	55	1	958	0.18649016936	raw	2449
C	55	1	958	0.97693418111	norm	2449
A	56	1	1711	0.33307377847	raw	2449
A	56	1	1711	1.0751299806	norm	2449
T	56	1	1516	0.295113879696	raw	2449
T	56	1	1516	0.955945340375	norm	2449
G	56	1	1000	0.194666147557	raw	2449
G	56	1	1000	1.02136594296	norm	2449
C	56	1	910	0.177146194277	raw	2449
C	56	1	910	0.927985495627	norm	2449
T	57	1	1654	0.321977808059	raw	2449
T	57	1	1654	1.04296411146	norm	2449
A	57	1	1640	0.319252481993	raw	2449
A	57	1	1640	1.03051617077	norm	2449
C	57	1	931	0.181234183376	raw	2449
C	57	1	931	0.949400545526	norm	2449
G	57	1	912	0.177535526572	raw	2449
G	57	1	912	0.93148573998	norm	2449
A	58	1	1654	0.321977808059	raw	2449
A	58	1	1654	1.03931326003	norm	2449
T	58	1	1536	0.299007202647	raw	2449
T	58	1	1536	0.968556756475	norm	2449
C	58	1	1000	0.194666147557	raw	2449
C	58	1	1000	1.01976428091	norm	2449
G	58	1	947	0.184348841736	raw	2449
G	58	1	947	0.967233547983	norm	2449
A	59	1	1663	0.323729803387	raw	2449
A	59	1	1663	1.0449685317	norm	2449
T	59	1	1559	0.303484524041	raw	2449
T	59	1	1559	0.98305988499	norm	2449
C	59	1	987	0.192135487639	raw	2449
C	59	1	987	1.00650734526	norm	2449
G	59	1	928	0.180650184933	raw	2449
G	59	1	928	0.947827595067	norm	2449
A	60	1	1661	0.323340471092	raw	2449
A	60	1	1661	1.04371180466	norm	2449
T	60	1	1513	0.294529881254	raw	2449
T	60	1	1513	0.95405362796	norm	2449
G	60	1	998	0.194276815262	raw	2449
G	60	1	998	1.01932321107	norm	2449
C	60	1	965	0.187852832392	raw	2449
C	60	1	965	0.984072531077	norm	2449
A	61	1	1823	0.354876386996	raw	2449
A	61	1	1823	1.1455066947	norm	2449
T	61	1	1462	0.284601907728	raw	2449
T	61	1	1462	0.921894516905	norm	2449
C	61	1	948	0.184543507884	raw	2449
C	61	1	948	0.966736538301	norm	2449
G	61	1	904	0.175978197391	raw	2449
G	61	1	904	0.923314812436	norm	2449
A	62	1	1735	0.337745766011	raw	2449
A	62	1	1735	1.09021070505	norm	2449
T	62	1	1532	0.298228538057	raw	2449
T	62	1	1532	0.966034473255	norm	2449
G	62	1	976	0.189994160016	raw	2449
G	62	1	976	0.996853160329	norm	2449
C	62	1	894	0.174031535916	raw	2449
C	62	1	894	0.911669267132	norm	2449
A	63	1	1630	0.317305820518	raw	2449
A	63	1	1630	1.02423253558	norm	2449
T	63	1	1558	0.303289857894	raw	2449
T	63	1	1558	0.982429314185	norm	2449
C	63	1	995	0.193692816819	raw	2449
C	63	1	995	1.0146654595	norm	2449
G	63	1	954	0.185711504769	raw	2449
G	63	1	954	0.974383109584	norm	2449
A	64	1	1665	0.324119135682	raw	2449
A	64	1	1665	1.04622525874	norm	2449
T	64	1	1553	0.302316527156	raw	2449
T	64	1	1553	0.97927646016	norm	2449
C	64	1	1013	0.197196807475	raw	2449
C	64	1	1013	1.03302121656	norm	2449
G	64	1	906	0.176367529687	raw	2449
G	64	1	906	0.925357544322	norm	2449
A	65	1	1644	0.320031146584	raw	2449
A	65	1	1644	1.03302962484	norm	2449
T	65	1	1588	0.30912984232	raw	2449
T	65	1	1588	1.00134643833	norm	2449
G	65	1	978	0.190383492311	raw	2449
G	65	1	978	0.998895892215	norm	2449
C	65	1	927	0.180455518785	raw	2449
C	65	1	927	0.945321488402	norm	2449
A	66	1	1672	0.325481798715	raw	2449
A	66	1	1672	1.05062380337	norm	2449
T	66	1	1498	0.29160988904	raw	2449
T	66	1	1498	0.944595065885	norm	2449
G	66	1	996	0.193887482967	raw	2449
G	66	1	996	1.01728047919	norm	2449
C	66	1	971	0.189020829278	raw	2449
C	66	1	971	0.990191116762	norm	2449
A	67	1	1639	0.319057815846	raw	2449
A	67	1	1639	1.02988780725	norm	2449
T	67	1	1571	0.305820517812	raw	2449
T	67	1	1571	0.99062673465	norm	2449
G	67	1	974	0.18960482772	raw	2449
G	67	1	974	0.994810428443	norm	2449
C	67	1	953	0.185516838622	raw	2449
C	67	1	953	0.971835359706	norm	2449
A	68	1	1669	0.324897800273	raw	2449
A	68	1	1669	1.04873871281	norm	2449
T	68	1	1540	0.299785867238	raw	2449
T	68	1	1540	0.971079039695	norm	2449
C	68	1	966	0.18804749854	raw	2449
C	68	1	966	0.985092295358	norm	2449
G	68	1	962	0.18726883395	raw	2449
G	68	1	962	0.982554037128	norm	2449
A	69	1	1664	0.323924469535	raw	2449
A	69	1	1664	1.04559689522	norm	2449
T	69	1	1579	0.307377846992	raw	2449
T	69	1	1579	0.99567130109	norm	2449
C	69	1	962	0.18726883395	raw	2449
C	69	1	962	0.981013238234	norm	2449
G	69	1	932	0.181428849523	raw	2449
G	69	1	932	0.951913058839	norm	2449
A	70	1	1670	0.32509246642	raw	2449
A	70	1	1670	1.04936707633	norm	2449
T	70	1	1569	0.305431185517	raw	2449
T	70	1	1569	0.98936559304	norm	2449
C	70	1	989	0.192524819934	raw	2449
C	70	1	989	1.00854687382	norm	2449
G	70	1	909	0.176951528129	raw	2449
G	70	1	909	0.928421642151	norm	2449
T	71	1	1668	0.324703134125	raw	2449
T	71	1	1668	1.05179210273	norm	2449
A	71	1	1566	0.304847187074	raw	2449
A	71	1	1566	0.984017270378	norm	2449
C	71	1	958	0.18649016936	raw	2449
C	71	1	958	0.97693418111	norm	2449
G	71	1	945	0.183959509441	raw	2449
G	71	1	945	0.965190816097	norm	2449
A	72	1	1622	0.315748491337	raw	2449
A	72	1	1622	1.01920562743	norm	2449
T	72	1	1578	0.307183180845	raw	2449
T	72	1	1578	0.995040730285	norm	2449
G	72	1	1035	0.201479462721	raw	2449
G	72	1	1035	1.05711375096	norm	2449
C	72	1	902	0.175588865096	raw	2449
C	72	1	902	0.919827381379	norm	2449
A	73	1	1671	0.325287132568	raw	2449
A	73	1	1671	1.04999543985	norm	2449
T	73	1	1554	0.302511193303	raw	2449
T	73	1	1554	0.979907030965	norm	2449
G	73	1	999	0.194471481409	raw	2449
G	73	1	999	1.02034457702	norm	2449
C	73	1	913	0.177730192719	raw	2449
C	73	1	913	0.931044788469	norm	2449
A	74	1	1691	0.329180455519	raw	2449
A	74	1	1691	1.06256271022	norm	2449
T	74	1	1533	0.298423204205	raw	2449
T	74	1	1533	0.96666504406	norm	2449
G	74	1	969	0.188631496983	raw	2449
G	74	1	969	0.989703598728	norm	2449
C	74	1	944	0.183764843294	raw	2449
C	74	1	944	0.962657481178	norm	2449
A	75	1	1744	0.339497761339	raw	2449
A	75	1	1744	1.09586597672	norm	2449
T	75	1	1499	0.291804555188	raw	2449
T	75	1	1499	0.94522563669	norm	2449
G	75	1	968	0.188436830835	raw	2449
G	75	1	968	0.988682232785	norm	2449
C	75	1	926	0.180260852638	raw	2449
C	75	1	926	0.944301724121	norm	2449
A	76	1	1662	0.32353513724	raw	2449
A	76	1	1662	1.04434016818	norm	2449
T	76	1	1482	0.288495230679	raw	2449
T	76	1	1482	0.934505933005	norm	2449
C	76	1	1045	0.203426124197	raw	2449
C	76	1	1045	1.06565367355	norm	2449
G	76	1	948	0.184543507884	raw	2449
G	76	1	948	0.968254913926	norm	2449
A	77	1	1658	0.322756472649	raw	2449
A	77	1	1658	1.0418267141	norm	2449
T	77	1	1568	0.305236519369	raw	2449
T	77	1	1568	0.988735022235	norm	2449
G	77	1	997	0.194082149114	raw	2449
G	77	1	997	1.01830184513	norm	2449
C	77	1	914	0.177924858867	raw	2449
C	77	1	914	0.93206455275	norm	2449
A	78	1	1656	0.322367140354	raw	2449
A	78	1	1656	1.04056998707	norm	2449
T	78	1	1587	0.308935176173	raw	2449
T	78	1	1587	1.00071586753	norm	2449
G	78	1	983	0.191356823048	raw	2449
G	78	1	983	1.00400272193	norm	2449
C	78	1	911	0.177340860424	raw	2449
C	78	1	911	0.929005259908	norm	2449
A	79	1	1632	0.317695152813	raw	2449
A	79	1	1632	1.02548926262	norm	2449
T	79	1	1537	0.299201868795	raw	2449
T	79	1	1537	0.96918732728	norm	2449
C	79	1	1049	0.204204788787	raw	2449
C	79	1	1049	1.06973273067	norm	2449
G	79	1	919	0.178898189605	raw	2449
G	79	1	919	0.93863530158	norm	2449
A	80	1	1719	0.33463110765	raw	2449
A	80	1	1719	1.08015688875	norm	2449
T	80	1	1540	0.299785867238	raw	2449
T	80	1	1540	0.971079039695	norm	2449
C	80	1	943	0.183570177146	raw	2449
C	80	1	943	0.961637716897	norm	2449
G	80	1	935	0.182012847966	raw	2449
G	80	1	935	0.954977156668	norm	2449
A	81	1	1639	0.319057815846	raw	2449
A	81	1	1639	1.02988780725	norm	2449
T	81	1	1570	0.305625851664	raw	2449
T	81	1	1570	0.989996163845	norm	2449
G	81	1	1000	0.194666147557	raw	2449
G	81	1	1000	1.02136594296	norm	2449
C	81	1	928	0.180650184933	raw	2449
C	81	1	928	0.946341252683	norm	2449
A	82	1	1775	0.345532411914	raw	2449
A	82	1	1775	1.1153452458	norm	2449
T	82	1	1460	0.284212575433	raw	2449
T	82	1	1460	0.920633375295	norm	2449
C	82	1	962	0.18726883395	raw	2449
C	82	1	962	0.981013238234	norm	2449
G	82	1	940	0.182986178704	raw	2449
G	82	1	940	0.960083986382	norm	2449
A	83	1	1663	0.323729803387	raw	2449
A	83	1	1663	1.0449685317	norm	2449
T	83	1	1611	0.313607163714	raw	2449
T	83	1	1611	1.01584956685	norm	2449
G	83	1	965	0.187852832392	raw	2449
G	83	1	965	0.985618134956	norm	2449
C	83	1	898	0.174810200506	raw	2449
C	83	1	898	0.915748324256	norm	2449
A	84	1	1701	0.331127116994	raw	2449
A	84	1	1701	1.06884634541	norm	2449
T	84	1	1465	0.285185906171	raw	2449
T	84	1	1465	0.92378622932	norm	2449
C	84	1	1029	0.200311465836	raw	2449
C	84	1	1029	1.04933744505	norm	2449
G	84	1	942	0.183375510999	raw	2449
G	84	1	942	0.962126718268	norm	2449
A	85	1	1643	0.319836480436	raw	2449
A	85	1	1643	1.03240126132	norm	2449
T	85	1	1548	0.301343196418	raw	2449
T	85	1	1548	0.976123606135	norm	2449
C	85	1	1018	0.198170138213	raw	2449
C	85	1	1018	1.03812003796	norm	2449
G	85	1	928	0.180650184933	raw	2449
G	85	1	928	0.947827595067	norm	2449
A	86	1	1639	0.319057815846	raw	2449
A	86	1	1639	1.02988780725	norm	2449
T	86	1	1610	0.313412497567	raw	2449
T	86	1	1610	1.01521899604	norm	2449
G	86	1	969	0.188631496983	raw	2449
G	86	1	969	0.989703598728	norm	2449
C	86	1	919	0.178898189605	raw	2449
C	86	1	919	0.937163374155	norm	2449
A	87	1	1703	0.331516449289	raw	2449
A	87	1	1703	1.07010307245	norm	2449
T	87	1	1604	0.312244500681	raw	2449
T	87	1	1604	1.01143557121	norm	2449
C	87	1	924	0.179871520343	raw	2449
C	87	1	924	0.942262195559	norm	2449
G	87	1	906	0.176367529687	raw	2449
G	87	1	906	0.925357544322	norm	2449
A	88	1	1667	0.324508467977	raw	2449
A	88	1	1667	1.04748198577	norm	2449
T	88	1	1659	0.322951138797	raw	2449
T	88	1	1659	1.04611696549	norm	2449
G	88	1	924	0.179871520343	raw	2449
G	88	1	924	0.943742131295	norm	2449
C	88	1	887	0.172668872883	raw	2449
C	88	1	887	0.904530917166	norm	2449
A	89	1	1726	0.335993770683	raw	2449
A	89	1	1726	1.08455543338	norm	2449
T	89	1	1493	0.290636558303	raw	2449
T	89	1	1493	0.94144221186	norm	2449
C	89	1	993	0.193303484524	raw	2449
C	89	1	993	1.01262593094	norm	2449
G	89	1	925	0.18006618649	raw	2449
G	89	1	925	0.944763497238	norm	2449
A	90	1	1735	0.337745766011	raw	2449
A	90	1	1735	1.09021070505	norm	2449
T	90	1	1513	0.294529881254	raw	2449
T	90	1	1513	0.95405362796	norm	2449
C	90	1	967	0.188242164688	raw	2449
C	90	1	967	0.986112059639	norm	2449
G	90	1	922	0.179482188047	raw	2449
G	90	1	922	0.941699399409	norm	2449
A	91	1	1734	0.337551099864	raw	2449
A	91	1	1734	1.08958234153	norm	2449
T	91	1	1456	0.283433910843	raw	2449
T	91	1	1456	0.918111092075	norm	2449
G	91	1	996	0.193887482967	raw	2449
G	91	1	996	1.01728047919	norm	2449
C	91	1	951	0.185127506327	raw	2449
C	91	1	951	0.969795831144	norm	2449
A	92	1	1694	0.329764453961	raw	2449
A	92	1	1694	1.06444780078	norm	2449
T	92	1	1545	0.300759197975	raw	2449
T	92	1	1545	0.97423189372	norm	2449
G	92	1	1024	0.199338135098	raw	2449
G	92	1	1024	1.04587872559	norm	2449
C	92	1	874	0.170138212965	raw	2449
C	92	1	874	0.891273981514	norm	2449
A	93	1	1565	0.304652520927	raw	2449
A	93	1	1565	0.983388906859	norm	2449
T	93	1	1556	0.302900525599	raw	2449
T	93	1	1556	0.981168172575	norm	2449
C	93	1	1120	0.218026085264	raw	2449
C	93	1	1120	1.14213599462	norm	2449
G	93	1	896	0.174420868211	raw	2449
G	93	1	896	0.915143884892	norm	2449
A	94	1	1645	0.320225812731	raw	2449
A	94	1	1645	1.03365798836	norm	2449
T	94	1	1604	0.312244500681	raw	2449
T	94	1	1604	1.01143557121	norm	2449
C	94	1	988	0.192330153786	raw	2449
C	94	1	988	1.00752710954	norm	2449
G	94	1	900	0.175199532801	raw	2449
G	94	1	900	0.919229348664	norm	2449
A	95	1	1612	0.313801829862	raw	2449
A	95	1	1612	1.01292199224	norm	2449
T	95	1	1604	0.312244500681	raw	2449
T	95	1	1604	1.01143557121	norm	2449
G	95	1	1020	0.198559470508	raw	2449
G	95	1	1020	1.04179326182	norm	2449
C	95	1	901	0.175394198949	raw	2449
C	95	1	901	0.918807617099	norm	2449
T	96	1	1629	0.31711115437	raw	2449
T	96	1	1629	1.02719984134	norm	2449
A	96	1	1613	0.313996496009	raw	2449
A	96	1	1613	1.01355035576	norm	2449
G	96	1	978	0.190383492311	raw	2449
G	96	1	978	0.998895892215	norm	2449
C	96	1	917	0.17850885731	raw	2449
C	96	1	917	0.935123845593	norm	2449
A	97	1	1679	0.326844461748	raw	2449
A	97	1	1679	1.055022348	norm	2449
T	97	1	1596	0.310687171501	raw	2449
T	97	1	1596	1.00639100477	norm	2449
C	97	1	1004	0.195444812147	raw	2449
C	97	1	1004	1.02384333803	norm	2449
G	97	1	858	0.167023554604	raw	2449
G	97	1	858	0.87633197906	norm	2449
A	98	1	1674	0.32587113101	raw	2449
A	98	1	1674	1.0518805304	norm	2449
T	98	1	1429	0.278177924859	raw	2449
T	98	1	1429	0.90108568034	norm	2449
G	98	1	1031	0.200700798131	raw	2449
G	98	1	1031	1.05302828719	norm	2449
C	98	1	1003	0.195250146	raw	2449
C	98	1	1003	1.02282357375	norm	2449
A	99	1	1675	0.326065797158	raw	2449
A	99	1	1675	1.05250889392	norm	2449
T	99	1	1554	0.302511193303	raw	2449
T	99	1	1554	0.979907030965	norm	2449
G	99	1	970	0.18882616313	raw	2449
G	99	1	970	0.990724964671	norm	2449
C	99	1	938	0.182596846408	raw	2449
C	99	1	938	0.956538895492	norm	2449
A	100	1	1664	0.323924469535	raw	2449
A	100	1	1664	1.04559689522	norm	2449
T	100	1	1525	0.296865875024	raw	2449
T	100	1	1525	0.96162047762	norm	2449
G	100	1	1015	0.19758613977	raw	2449
G	100	1	1015	1.0366864321	norm	2449
C	100	1	933	0.181623515671	raw	2449
C	100	1	933	0.951440074088	norm	2449
