#nuc	offset	region.size	count	freq	norm.freq	total.sites
T	-100	1	6701	0.403091915303	raw	7296
T	-100	1	6701	1.30571235271	norm	7296
A	-100	1	6007	0.361345043311	raw	7296
A	-100	1	6007	1.16638689238	norm	7296
C	-100	1	2072	0.124639076035	raw	7296
C	-100	1	2072	0.652925428179	norm	7296
G	-100	1	1844	0.110923965351	raw	7296
G	-100	1	1844	0.581991074924	norm	7296
T	-99	1	6287	0.378188161694	raw	7296
T	-99	1	6287	1.22504306246	norm	7296
A	-99	1	6116	0.367901828681	raw	7296
A	-99	1	6116	1.18755156215	norm	7296
C	-99	1	2133	0.128308469682	raw	7296
C	-99	1	2133	0.672147653622	norm	7296
G	-99	1	2088	0.125601539942	raw	7296
G	-99	1	2088	0.659000739935	norm	7296
A	-98	1	6381	0.383842637151	raw	7296
A	-98	1	6381	1.23900695194	norm	7296
T	-98	1	6302	0.379090471607	raw	7296
T	-98	1	6302	1.22796586283	norm	7296
C	-98	1	2112	0.127045235804	raw	7296
C	-98	1	2112	0.665530166175	norm	7296
G	-98	1	1829	0.110021655438	raw	7296
G	-98	1	1829	0.577256874206	norm	7296
A	-97	1	6381	0.383842637151	raw	7296
A	-97	1	6381	1.23900695194	norm	7296
T	-97	1	6239	0.375300769971	raw	7296
T	-97	1	6239	1.21569010127	norm	7296
C	-97	1	2097	0.12614292589	raw	7296
C	-97	1	2097	0.660803389426	norm	7296
G	-97	1	1907	0.114713666987	raw	7296
G	-97	1	1907	0.601874717939	norm	7296
T	-96	1	6404	0.385226179018	raw	7296
T	-96	1	6404	1.24784090535	norm	7296
A	-96	1	6050	0.363931665063	raw	7296
A	-96	1	6050	1.17473625752	norm	7296
C	-96	1	2156	0.12969201155	raw	7296
C	-96	1	2156	0.67939537797	norm	7296
G	-96	1	2014	0.12115014437	raw	7296
G	-96	1	2014	0.635645349727	norm	7296
T	-95	1	6373	0.383361405197	raw	7296
T	-95	1	6373	1.24180045125	norm	7296
A	-95	1	6316	0.379932627526	raw	7296
A	-95	1	6316	1.22638581859	norm	7296
C	-95	1	2055	0.123616458133	raw	7296
C	-95	1	2055	0.647568414531	norm	7296
G	-95	1	1880	0.113089509143	raw	7296
G	-95	1	1880	0.593353156647	norm	7296
A	-94	1	6402	0.38510587103	raw	7296
A	-94	1	6402	1.24308454887	norm	7296
T	-94	1	6068	0.365014436959	raw	7296
T	-94	1	6068	1.18237017703	norm	7296
C	-94	1	2174	0.130774783446	raw	7296
C	-94	1	2174	0.685067510068	norm	7296
G	-94	1	1980	0.119104908566	raw	7296
G	-94	1	1980	0.624914494766	norm	7296
T	-93	1	6219	0.374097690087	raw	7296
T	-93	1	6219	1.2117930341	norm	7296
A	-93	1	6122	0.368262752647	raw	7296
A	-93	1	6122	1.18871658984	norm	7296
C	-93	1	2217	0.133361405197	raw	7296
C	-93	1	2217	0.698617603414	norm	7296
G	-93	1	2066	0.124278152069	raw	7296
G	-93	1	2066	0.652057245549	norm	7296
A	-92	1	6308	0.379451395573	raw	7296
A	-92	1	6308	1.22483244834	norm	7296
T	-92	1	6233	0.374939846006	raw	7296
T	-92	1	6233	1.21452098112	norm	7296
C	-92	1	2126	0.127887391723	raw	7296
C	-92	1	2126	0.669941824473	norm	7296
G	-92	1	1957	0.117721366699	raw	7296
G	-92	1	1957	0.617655386999	norm	7296
T	-91	1	6517	0.392023580366	raw	7296
T	-91	1	6517	1.26985933482	norm	7296
A	-91	1	6161	0.370608758422	raw	7296
A	-91	1	6161	1.19628926985	norm	7296
G	-91	1	2008	0.120789220404	raw	7296
G	-91	1	2008	0.63375166944	norm	7296
C	-91	1	1938	0.116578440808	raw	7296
C	-91	1	1938	0.610699555893	norm	7296
T	-90	1	6321	0.380233397498	raw	7296
T	-90	1	6321	1.23166807663	norm	7296
A	-90	1	6103	0.367119826756	raw	7296
A	-90	1	6103	1.18502733548	norm	7296
G	-90	1	2117	0.127346005775	raw	7296
G	-90	1	2117	0.66815352799	norm	7296
C	-90	1	2083	0.125300769971	raw	7296
C	-90	1	2083	0.656391731128	norm	7296
T	-89	1	6344	0.381616939365	raw	7296
T	-89	1	6344	1.23614970387	norm	7296
A	-89	1	6252	0.376082771896	raw	7296
A	-89	1	6252	1.21395885653	norm	7296
G	-89	1	2031	0.122172762271	raw	7296
G	-89	1	2031	0.641010777207	norm	7296
C	-89	1	1997	0.120127526468	raw	7296
C	-89	1	1997	0.629291544437	norm	7296
T	-88	1	6295	0.378669393648	raw	7296
T	-88	1	6295	1.22660188932	norm	7296
A	-88	1	6188	0.372232916266	raw	7296
A	-88	1	6188	1.20153189447	norm	7296
C	-88	1	2163	0.130113089509	raw	7296
C	-88	1	2163	0.681601207119	norm	7296
G	-88	1	1978	0.118984600577	raw	7296
G	-88	1	1978	0.624283268004	norm	7296
A	-87	1	6236	0.375120307988	raw	7296
A	-87	1	6236	1.21085211602	norm	7296
T	-87	1	6163	0.37072906641	raw	7296
T	-87	1	6163	1.20088124605	norm	7296
C	-87	1	2277	0.136970644851	raw	7296
C	-87	1	2277	0.717524710407	norm	7296
G	-87	1	1948	0.117179980751	raw	7296
G	-87	1	1948	0.614814866568	norm	7296
T	-86	1	6438	0.387271414822	raw	7296
T	-86	1	6438	1.25446591953	norm	7296
A	-86	1	6214	0.373796920115	raw	7296
A	-86	1	6214	1.20658034781	norm	7296
G	-86	1	2070	0.124518768046	raw	7296
G	-86	1	2070	0.653319699074	norm	7296
C	-86	1	1902	0.114412897016	raw	7296
C	-86	1	1902	0.599355291697	norm	7296
T	-85	1	6324	0.38041385948	raw	7296
T	-85	1	6324	1.23225263671	norm	7296
A	-85	1	6242	0.375481231954	raw	7296
A	-85	1	6242	1.21201714371	norm	7296
C	-85	1	2110	0.126924927815	raw	7296
C	-85	1	2110	0.664899929275	norm	7296
G	-85	1	1948	0.117179980751	raw	7296
G	-85	1	1948	0.614814866568	norm	7296
A	-84	1	6197	0.372774302214	raw	7296
A	-84	1	6197	1.20327943601	norm	7296
T	-84	1	6129	0.368683830606	raw	7296
T	-84	1	6129	1.19425623187	norm	7296
C	-84	1	2150	0.129331087584	raw	7296
C	-84	1	2150	0.677504667271	norm	7296
G	-84	1	2148	0.129210779596	raw	7296
G	-84	1	2148	0.677937542807	norm	7296
T	-83	1	6668	0.401106833494	raw	7296
T	-83	1	6668	1.2992821919	norm	7296
A	-83	1	5985	0.360021655438	raw	7296
A	-83	1	5985	1.16211512417	norm	7296
C	-83	1	2079	0.125060153994	raw	7296
C	-83	1	2079	0.655131257328	norm	7296
G	-83	1	1892	0.113811357074	raw	7296
G	-83	1	1892	0.597140517221	norm	7296
A	-82	1	6245	0.375661693936	raw	7296
A	-82	1	6245	1.21259965756	norm	7296
T	-82	1	6148	0.369826756497	raw	7296
T	-82	1	6148	1.19795844568	norm	7296
C	-82	1	2200	0.132338787295	raw	7296
C	-82	1	2200	0.693260589765	norm	7296
G	-82	1	2031	0.122172762271	raw	7296
G	-82	1	2031	0.641010777207	norm	7296
T	-81	1	6284	0.378007699711	raw	7296
T	-81	1	6284	1.22445850238	norm	7296
A	-81	1	5864	0.352743022137	raw	7296
A	-81	1	5864	1.13862039902	norm	7296
G	-81	1	2268	0.136429258903	raw	7296
G	-81	1	2268	0.71581114855	norm	7296
C	-81	1	2208	0.132820019249	raw	7296
C	-81	1	2208	0.695781537364	norm	7296
T	-80	1	6449	0.387933108758	raw	7296
T	-80	1	6449	1.25660930647	norm	7296
A	-80	1	6073	0.36531520693	raw	7296
A	-80	1	6073	1.17920219701	norm	7296
G	-80	1	2110	0.126924927815	raw	7296
G	-80	1	2110	0.665944234321	norm	7296
C	-80	1	1992	0.119826756497	raw	7296
C	-80	1	1992	0.627715952188	norm	7296
T	-79	1	6566	0.394971126083	raw	7296
T	-79	1	6566	1.27940714937	norm	7296
A	-79	1	6066	0.36489412897	raw	7296
A	-79	1	6066	1.17784299804	norm	7296
G	-79	1	2036	0.122473532243	raw	7296
G	-79	1	2036	0.642588844113	norm	7296
C	-79	1	1956	0.117661212705	raw	7296
C	-79	1	1956	0.616371687991	norm	7296
T	-78	1	6290	0.378368623677	raw	7296
T	-78	1	6290	1.22562762253	norm	7296
A	-78	1	5947	0.357735803657	raw	7296
A	-78	1	5947	1.15473661545	norm	7296
G	-78	1	2202	0.132459095284	raw	7296
G	-78	1	2202	0.694980665391	norm	7296
C	-78	1	2185	0.131436477382	raw	7296
C	-78	1	2185	0.688533813017	norm	7296
T	-77	1	6245	0.375661693936	raw	7296
T	-77	1	6245	1.21685922141	norm	7296
A	-77	1	6192	0.372473532243	raw	7296
A	-77	1	6192	1.2023085796	norm	7296
G	-77	1	2124	0.127767083734	raw	7296
G	-77	1	2124	0.670362821658	norm	7296
C	-77	1	2063	0.124097690087	raw	7296
C	-77	1	2063	0.65008936213	norm	7296
T	-76	1	6559	0.394550048123	raw	7296
T	-76	1	6559	1.27804317586	norm	7296
A	-76	1	5972	0.359239653513	raw	7296
A	-76	1	5972	1.15959089751	norm	7296
G	-76	1	2048	0.123195380173	raw	7296
G	-76	1	2048	0.646376204687	norm	7296
C	-76	1	2045	0.123014918191	raw	7296
C	-76	1	2045	0.644417230032	norm	7296
T	-75	1	6355	0.382278633301	raw	7296
T	-75	1	6355	1.23829309081	norm	7296
A	-75	1	6026	0.362487969201	raw	7296
A	-75	1	6026	1.17007614675	norm	7296
G	-75	1	2129	0.128067853705	raw	7296
G	-75	1	2129	0.671940888564	norm	7296
C	-75	1	2114	0.127165543792	raw	7296
C	-75	1	2114	0.666160403075	norm	7296
T	-74	1	6528	0.392685274302	raw	7296
T	-74	1	6528	1.27200272176	norm	7296
A	-74	1	6025	0.362427815207	raw	7296
A	-74	1	6025	1.16988197546	norm	7296
G	-74	1	2062	0.124037536092	raw	7296
G	-74	1	2062	0.650794792024	norm	7296
C	-74	1	2009	0.120849374398	raw	7296
C	-74	1	2009	0.633072965836	norm	7296
A	-73	1	6241	0.37542107796	raw	7296
A	-73	1	6241	1.21182297243	norm	7296
T	-73	1	6183	0.371932146295	raw	7296
T	-73	1	6183	1.20477831321	norm	7296
C	-73	1	2157	0.129752165544	raw	7296
C	-73	1	2157	0.67971049642	norm	7296
G	-73	1	2043	0.122894610202	raw	7296
G	-73	1	2043	0.644798137781	norm	7296
T	-72	1	6264	0.376804619827	raw	7296
T	-72	1	6264	1.22056143522	norm	7296
A	-72	1	5975	0.359420115496	raw	7296
A	-72	1	5975	1.16017341135	norm	7296
C	-72	1	2244	0.134985563041	raw	7296
C	-72	1	2244	0.707125801561	norm	7296
G	-72	1	2141	0.128789701636	raw	7296
G	-72	1	2141	0.675728249138	norm	7296
T	-71	1	6308	0.379451395573	raw	7296
T	-71	1	6308	1.22913498298	norm	7296
A	-71	1	6163	0.37072906641	raw	7296
A	-71	1	6163	1.19667761241	norm	7296
G	-71	1	2106	0.126684311838	raw	7296
G	-71	1	2106	0.664681780797	norm	7296
C	-71	1	2047	0.123135226179	raw	7296
C	-71	1	2047	0.645047466932	norm	7296
T	-70	1	6325	0.380474013474	raw	7296
T	-70	1	6325	1.23244749006	norm	7296
A	-70	1	6280	0.377767083734	raw	7296
A	-70	1	6280	1.21939565243	norm	7296
C	-70	1	2141	0.128789701636	raw	7296
C	-70	1	2141	0.674668601222	norm	7296
G	-70	1	1878	0.112969201155	raw	7296
G	-70	1	1878	0.592721929884	norm	7296
T	-69	1	6173	0.371330606352	raw	7296
T	-69	1	6173	1.20282977963	norm	7296
A	-69	1	6041	0.363390279115	raw	7296
A	-69	1	6041	1.17298871598	norm	7296
C	-69	1	2367	0.142384504331	raw	7296
C	-69	1	2367	0.745885370898	norm	7296
G	-69	1	2043	0.122894610202	raw	7296
G	-69	1	2043	0.644798137781	norm	7296
T	-68	1	6438	0.387271414822	raw	7296
T	-68	1	6438	1.25446591953	norm	7296
A	-68	1	5936	0.357074109721	raw	7296
A	-68	1	5936	1.15260073135	norm	7296
C	-68	1	2193	0.131917709336	raw	7296
C	-68	1	2193	0.691054760616	norm	7296
G	-68	1	2057	0.123736766121	raw	7296
G	-68	1	2057	0.649216725118	norm	7296
T	-67	1	6441	0.387451876805	raw	7296
T	-67	1	6441	1.25505047961	norm	7296
A	-67	1	6018	0.362006737247	raw	7296
A	-67	1	6018	1.16852277649	norm	7296
C	-67	1	2165	0.130233397498	raw	7296
C	-67	1	2165	0.682231444019	norm	7296
G	-67	1	2000	0.12030798845	raw	7296
G	-67	1	2000	0.63122676239	norm	7296
T	-66	1	6122	0.368329222068	raw	7296
T	-66	1	6122	1.19310756892	norm	7296
A	-66	1	6098	0.366885265628	raw	7296
A	-66	1	6098	1.18427019481	norm	7296
C	-66	1	2207	0.132783827688	raw	7296
C	-66	1	2207	0.695591946816	norm	7296
G	-66	1	2194	0.132001684616	raw	7296
G	-66	1	2194	0.692580742836	norm	7296
A	-65	1	6286	0.3781280077	raw	7296
A	-65	1	6286	1.22056068013	norm	7296
T	-65	1	6083	0.365916746872	raw	7296
T	-65	1	6083	1.1852929774	norm	7296
G	-65	1	2195	0.132038017324	raw	7296
G	-65	1	2195	0.692771371723	norm	7296
C	-65	1	2060	0.123917228104	raw	7296
C	-65	1	2060	0.64914400678	norm	7296
A	-64	1	6305	0.37927093359	raw	7296
A	-64	1	6305	1.22424993449	norm	7296
T	-64	1	6305	0.37927093359	raw	7296
T	-64	1	6305	1.2285504229	norm	7296
C	-64	1	2172	0.130654475457	raw	7296
C	-64	1	2172	0.684437273168	norm	7296
G	-64	1	1842	0.110803657363	raw	7296
G	-64	1	1842	0.581359848161	norm	7296
T	-63	1	6274	0.377406159769	raw	7296
T	-63	1	6274	1.2225099688	norm	7296
A	-63	1	6088	0.366217516843	raw	7296
A	-63	1	6088	1.18211476625	norm	7296
G	-63	1	2143	0.128910009625	raw	7296
G	-63	1	2143	0.676359475901	norm	7296
C	-63	1	2119	0.127466313763	raw	7296
C	-63	1	2119	0.667735995324	norm	7296
T	-62	1	6206	0.373315688162	raw	7296
T	-62	1	6206	1.20925994045	norm	7296
A	-62	1	6127	0.368563522618	raw	7296
A	-62	1	6127	1.18968744625	norm	7296
C	-62	1	2226	0.133902791145	raw	7296
C	-62	1	2226	0.701453669463	norm	7296
G	-62	1	2065	0.124217998075	raw	7296
G	-62	1	2065	0.651741632168	norm	7296
A	-61	1	6306	0.379331087584	raw	7296
A	-61	1	6306	1.22444410577	norm	7296
T	-61	1	6190	0.372353224254	raw	7296
T	-61	1	6190	1.20614228672	norm	7296
C	-61	1	2145	0.129030317613	raw	7296
C	-61	1	2145	0.675929075021	norm	7296
G	-61	1	1983	0.119285370549	raw	7296
G	-61	1	1983	0.62586133491	norm	7296
T	-60	1	6193	0.372533686237	raw	7296
T	-60	1	6193	1.20672684679	norm	7296
A	-60	1	6014	0.36176612127	raw	7296
A	-60	1	6014	1.16774609136	norm	7296
C	-60	1	2240	0.134744947064	raw	7296
C	-60	1	2240	0.705865327761	norm	7296
G	-60	1	2177	0.130955245428	raw	7296
G	-60	1	2177	0.687090330861	norm	7296
A	-59	1	6312	0.37969201155	raw	7296
A	-59	1	6312	1.22560913347	norm	7296
T	-59	1	6269	0.377105389798	raw	7296
T	-59	1	6269	1.22153570201	norm	7296
G	-59	1	2140	0.128729547642	raw	7296
G	-59	1	2140	0.675412635757	norm	7296
C	-59	1	1903	0.114473051011	raw	7296
C	-59	1	1903	0.599670410147	norm	7296
T	-58	1	6393	0.384564485082	raw	7296
T	-58	1	6393	1.24569751842	norm	7296
A	-58	1	5981	0.359781039461	raw	7296
A	-58	1	5981	1.16133843905	norm	7296
C	-58	1	2220	0.13354186718	raw	7296
C	-58	1	2220	0.699562958763	norm	7296
G	-58	1	2030	0.122112608277	raw	7296
G	-58	1	2030	0.640695163826	norm	7296
T	-57	1	6120	0.368142444658	raw	7296
T	-57	1	6120	1.19250255165	norm	7296
A	-57	1	6043	0.363510587103	raw	7296
A	-57	1	6043	1.17337705854	norm	7296
C	-57	1	2246	0.13510587103	raw	7296
C	-57	1	2246	0.70775603846	norm	7296
G	-57	1	2215	0.133241097209	raw	7296
G	-57	1	2215	0.699083639347	norm	7296
A	-56	1	6229	0.374699230029	raw	7296
A	-56	1	6229	1.20949291704	norm	7296
T	-56	1	6208	0.37343599615	raw	7296
T	-56	1	6208	1.20964964716	norm	7296
C	-56	1	2211	0.133000481232	raw	7296
C	-56	1	2211	0.696726892714	norm	7296
G	-56	1	1976	0.118864292589	raw	7296
G	-56	1	1976	0.623652041241	norm	7296
T	-55	1	6346	0.381737247353	raw	7296
T	-55	1	6346	1.23653941058	norm	7296
A	-55	1	6118	0.36802213667	raw	7296
A	-55	1	6118	1.18793990471	norm	7296
C	-55	1	2228	0.134023099134	raw	7296
C	-55	1	2228	0.702083906362	norm	7296
G	-55	1	1932	0.116217516843	raw	7296
G	-55	1	1932	0.609765052469	norm	7296
T	-54	1	6148	0.369826756497	raw	7296
T	-54	1	6148	1.19795844568	norm	7296
A	-54	1	6001	0.360984119346	raw	7296
A	-54	1	6001	1.16522186469	norm	7296
G	-54	1	2296	0.138113570741	raw	7296
G	-54	1	2296	0.724648323224	norm	7296
C	-54	1	2179	0.131075553417	raw	7296
C	-54	1	2179	0.686643102318	norm	7296
T	-53	1	6549	0.393948508181	raw	7296
T	-53	1	6549	1.27609464228	norm	7296
A	-53	1	6138	0.369225216554	raw	7296
A	-53	1	6138	1.19182333036	norm	7296
G	-53	1	1974	0.118743984601	raw	7296
G	-53	1	1974	0.623020814479	norm	7296
C	-53	1	1963	0.118082290664	raw	7296
C	-53	1	1963	0.618577517141	norm	7296
A	-52	1	6257	0.376383541867	raw	7296
A	-52	1	6257	1.21492971294	norm	7296
T	-52	1	6169	0.371089990375	raw	7296
T	-52	1	6169	1.2020503662	norm	7296
C	-52	1	2248	0.135226179018	raw	7296
C	-52	1	2248	0.70838627536	norm	7296
G	-52	1	1950	0.117300288739	raw	7296
G	-52	1	1950	0.61544609333	norm	7296
T	-51	1	6135	0.369044754572	raw	7296
T	-51	1	6135	1.19542535202	norm	7296
A	-51	1	6041	0.363390279115	raw	7296
A	-51	1	6041	1.17298871598	norm	7296
C	-51	1	2241	0.134805101059	raw	7296
C	-51	1	2241	0.706180446211	norm	7296
G	-51	1	2207	0.132759865255	raw	7296
G	-51	1	2207	0.696558732297	norm	7296
T	-50	1	6245	0.375661693936	raw	7296
T	-50	1	6245	1.21685922141	norm	7296
A	-50	1	6057	0.364352743022	raw	7296
A	-50	1	6057	1.1760954565	norm	7296
G	-50	1	2189	0.131677093359	raw	7296
G	-50	1	2189	0.690877691436	norm	7296
C	-50	1	2133	0.128308469682	raw	7296
C	-50	1	2133	0.672147653622	norm	7296
A	-49	1	6272	0.377285851781	raw	7296
A	-49	1	6272	1.21784228218	norm	7296
T	-49	1	6258	0.376443695861	raw	7296
T	-49	1	6258	1.21939231507	norm	7296
C	-49	1	2190	0.131737247353	raw	7296
C	-49	1	2190	0.690109405266	norm	7296
G	-49	1	1904	0.114533205005	raw	7296
G	-49	1	1904	0.600927877795	norm	7296
A	-48	1	6019	0.362066891242	raw	7296
A	-48	1	6019	1.16871694777	norm	7296
T	-48	1	5950	0.35791626564	raw	7296
T	-48	1	5950	1.15937748077	norm	7296
C	-48	1	2499	0.150324831569	raw	7296
C	-48	1	2499	0.787481006283	norm	7296
G	-48	1	2156	0.12969201155	raw	7296
G	-48	1	2156	0.680462449856	norm	7296
T	-47	1	6361	0.382639557267	raw	7296
T	-47	1	6361	1.23946221096	norm	7296
A	-47	1	5993	0.360502887392	raw	7296
A	-47	1	5993	1.16366849443	norm	7296
G	-47	1	2144	0.128970163619	raw	7296
G	-47	1	2144	0.676675089282	norm	7296
C	-47	1	2126	0.127887391723	raw	7296
C	-47	1	2126	0.669941824473	norm	7296
T	-46	1	6225	0.374458614052	raw	7296
T	-46	1	6225	1.21296215425	norm	7296
A	-46	1	6040	0.36333012512	raw	7296
A	-46	1	6040	1.1727945447	norm	7296
C	-46	1	2231	0.134203561116	raw	7296
C	-46	1	2231	0.703029261712	norm	7296
G	-46	1	2128	0.128007699711	raw	7296
G	-46	1	2128	0.671625275183	norm	7296
A	-45	1	6240	0.375360923965	raw	7296
A	-45	1	6240	1.21162880114	norm	7296
T	-45	1	6167	0.370969682387	raw	7296
T	-45	1	6167	1.20166065948	norm	7296
C	-45	1	2154	0.129571703561	raw	7296
C	-45	1	2154	0.67876514107	norm	7296
G	-45	1	2063	0.124097690087	raw	7296
G	-45	1	2063	0.651110405405	norm	7296
T	-44	1	6317	0.379992781521	raw	7296
T	-44	1	6317	1.2308886632	norm	7296
A	-44	1	6070	0.365134744947	raw	7296
A	-44	1	6070	1.17861968316	norm	7296
C	-44	1	2235	0.134444177093	raw	7296
C	-44	1	2235	0.704289735512	norm	7296
G	-44	1	2002	0.120428296439	raw	7296
G	-44	1	2002	0.631857989152	norm	7296
T	-43	1	6135	0.369044754572	raw	7296
T	-43	1	6135	1.19542535202	norm	7296
A	-43	1	6051	0.363991819057	raw	7296
A	-43	1	6051	1.1749304288	norm	7296
G	-43	1	2252	0.135466794995	raw	7296
G	-43	1	2252	0.710761334451	norm	7296
C	-43	1	2186	0.131496631376	raw	7296
C	-43	1	2186	0.688848931467	norm	7296
T	-42	1	6245	0.375661693936	raw	7296
T	-42	1	6245	1.21685922141	norm	7296
A	-42	1	5908	0.355389797883	raw	7296
A	-42	1	5908	1.14716393544	norm	7296
C	-42	1	2338	0.140640038499	raw	7296
C	-42	1	2338	0.736746935851	norm	7296
G	-42	1	2133	0.128308469682	raw	7296
G	-42	1	2133	0.673203342089	norm	7296
T	-41	1	6312	0.37969201155	raw	7296
T	-41	1	6312	1.22991439641	norm	7296
A	-41	1	6108	0.367420596728	raw	7296
A	-41	1	6108	1.18599819189	norm	7296
C	-41	1	2122	0.127646775746	raw	7296
C	-41	1	2122	0.668681350674	norm	7296
G	-41	1	2082	0.125240615977	raw	7296
G	-41	1	2082	0.657107059648	norm	7296
T	-40	1	6190	0.372353224254	raw	7296
T	-40	1	6190	1.20614228672	norm	7296
A	-40	1	6081	0.365796438884	raw	7296
A	-40	1	6081	1.18075556727	norm	7296
C	-40	1	2260	0.135948026949	raw	7296
C	-40	1	2260	0.712167696759	norm	7296
G	-40	1	2093	0.125902309913	raw	7296
G	-40	1	2093	0.660578806841	norm	7296
T	-39	1	6128	0.368623676612	raw	7296
T	-39	1	6128	1.19406137852	norm	7296
A	-39	1	6118	0.36802213667	raw	7296
A	-39	1	6118	1.18793990471	norm	7296
G	-39	1	2203	0.132519249278	raw	7296
G	-39	1	2203	0.695296278773	norm	7296
C	-39	1	2175	0.13083493744	raw	7296
C	-39	1	2175	0.685382628518	norm	7296
T	-38	1	6126	0.368503368624	raw	7296
T	-38	1	6126	1.1936716718	norm	7296
A	-38	1	6088	0.366217516843	raw	7296
A	-38	1	6088	1.18211476625	norm	7296
G	-38	1	2219	0.133481713186	raw	7296
G	-38	1	2219	0.700346092872	norm	7296
C	-38	1	2191	0.131797401347	raw	7296
C	-38	1	2191	0.690424523716	norm	7296
T	-37	1	6189	0.37229307026	raw	7296
T	-37	1	6189	1.20594743336	norm	7296
A	-37	1	5978	0.359600577478	raw	7296
A	-37	1	5978	1.1607559252	norm	7296
C	-37	1	2333	0.140339268527	raw	7296
C	-37	1	2333	0.735171343601	norm	7296
G	-37	1	2124	0.127767083734	raw	7296
G	-37	1	2124	0.670362821658	norm	7296
T	-36	1	5997	0.360743503369	raw	7296
T	-36	1	5997	1.1685355886	norm	7296
A	-36	1	5902	0.355028873917	raw	7296
A	-36	1	5902	1.14599890775	norm	7296
C	-36	1	2371	0.142625120308	raw	7296
C	-36	1	2371	0.747145844697	norm	7296
G	-36	1	2354	0.141602502406	raw	7296
G	-36	1	2354	0.742953899333	norm	7296
A	-35	1	6277	0.377586621752	raw	7296
A	-35	1	6277	1.21881313859	norm	7296
T	-35	1	6049	0.363871511068	raw	7296
T	-35	1	6049	1.17866796322	norm	7296
G	-35	1	2232	0.134263715111	raw	7296
G	-35	1	2232	0.704449066827	norm	7296
C	-35	1	2066	0.124278152069	raw	7296
C	-35	1	2066	0.65103471748	norm	7296
T	-34	1	6280	0.377767083734	raw	7296
T	-34	1	6280	1.22367908895	norm	7296
A	-34	1	6012	0.361645813282	raw	7296
A	-34	1	6012	1.1673577488	norm	7296
C	-34	1	2229	0.134083253128	raw	7296
C	-34	1	2229	0.702399024812	norm	7296
G	-34	1	2103	0.126503849856	raw	7296
G	-34	1	2103	0.663734940653	norm	7296
A	-33	1	6100	0.366939364774	raw	7296
A	-33	1	6100	1.18444482163	norm	7296
T	-33	1	5779	0.347629932628	raw	7296
T	-33	1	5779	1.12605755653	norm	7296
G	-33	1	2410	0.144971126083	raw	7296
G	-33	1	2410	0.76062824868	norm	7296
C	-33	1	2335	0.140459576516	raw	7296
C	-33	1	2335	0.735801580501	norm	7296
T	-32	1	6042	0.363450433109	raw	7296
T	-32	1	6042	1.17730398972	norm	7296
A	-32	1	5920	0.356111645813	raw	7296
A	-32	1	5920	1.14949399083	norm	7296
G	-32	1	2419	0.145512512031	raw	7296
G	-32	1	2419	0.763468769111	norm	7296
C	-32	1	2243	0.134925409047	raw	7296
C	-32	1	2243	0.706810683111	norm	7296
T	-31	1	6186	0.372112608277	raw	7296
T	-31	1	6186	1.20536287329	norm	7296
A	-31	1	5935	0.357013955727	raw	7296
A	-31	1	5935	1.15240656006	norm	7296
C	-31	1	2334	0.140399422522	raw	7296
C	-31	1	2334	0.735486462051	norm	7296
G	-31	1	2169	0.130474013474	raw	7296
G	-31	1	2169	0.684565423812	norm	7296
A	-30	1	6269	0.377105389798	raw	7296
A	-30	1	6269	1.21725976833	norm	7296
T	-30	1	5840	0.351299326275	raw	7296
T	-30	1	5840	1.13794361138	norm	7296
G	-30	1	2261	0.136008180943	raw	7296
G	-30	1	2261	0.713601854882	norm	7296
C	-30	1	2254	0.135587102984	raw	7296
C	-30	1	2254	0.71027698606	norm	7296
T	-29	1	6053	0.364112127045	raw	7296
T	-29	1	6053	1.17944737666	norm	7296
A	-29	1	5996	0.360683349374	raw	7296
A	-29	1	5996	1.16425100828	norm	7296
C	-29	1	2320	0.139557266603	raw	7296
C	-29	1	2320	0.731074803753	norm	7296
G	-29	1	2255	0.135647256978	raw	7296
G	-29	1	2255	0.711708174595	norm	7296
A	-28	1	6125	0.368443214629	raw	7296
A	-28	1	6125	1.18929910369	norm	7296
T	-28	1	6076	0.365495668912	raw	7296
T	-28	1	6076	1.18392900389	norm	7296
C	-28	1	2256	0.135707410972	raw	7296
C	-28	1	2256	0.710907222959	norm	7296
G	-28	1	2167	0.130353705486	raw	7296
G	-28	1	2167	0.68393419705	norm	7296
A	-27	1	6112	0.367661212705	raw	7296
A	-27	1	6112	1.18677487702	norm	7296
T	-27	1	5726	0.344441770934	raw	7296
T	-27	1	5726	1.11573032855	norm	7296
C	-27	1	2429	0.146114051973	raw	7296
C	-27	1	2429	0.765422714791	norm	7296
G	-27	1	2357	0.141782964389	raw	7296
G	-27	1	2357	0.743900739477	norm	7296
T	-26	1	6140	0.369345524543	raw	7296
T	-26	1	6140	1.19639961881	norm	7296
A	-26	1	5906	0.355269489894	raw	7296
A	-26	1	5906	1.14677559288	norm	7296
C	-26	1	2336	0.14051973051	raw	7296
C	-26	1	2336	0.736116698951	norm	7296
G	-26	1	2242	0.134865255053	raw	7296
G	-26	1	2242	0.707605200639	norm	7296
A	-25	1	6069	0.365074590953	raw	7296
A	-25	1	6069	1.17842551188	norm	7296
T	-25	1	5896	0.354667949952	raw	7296
T	-25	1	5896	1.14885539943	norm	7296
C	-25	1	2410	0.144971126083	raw	7296
C	-25	1	2410	0.759435464243	norm	7296
G	-25	1	2249	0.135286333013	raw	7296
G	-25	1	2249	0.709814494308	norm	7296
A	-24	1	5859	0.352442252166	raw	7296
A	-24	1	5859	1.13764954261	norm	7296
T	-24	1	5819	0.350036092397	raw	7296
T	-24	1	5819	1.13385169086	norm	7296
C	-24	1	2565	0.154294995188	raw	7296
C	-24	1	2565	0.808278823976	norm	7296
G	-24	1	2381	0.14322666025	raw	7296
G	-24	1	2381	0.751475460625	norm	7296
T	-23	1	5979	0.359660731473	raw	7296
T	-23	1	5979	1.16502822816	norm	7296
A	-23	1	5954	0.358156881617	raw	7296
A	-23	1	5954	1.15609581443	norm	7296
G	-23	1	2377	0.142986044273	raw	7296
G	-23	1	2377	0.7502130071	norm	7296
C	-23	1	2314	0.139196342637	raw	7296
C	-23	1	2314	0.729184093053	norm	7296
A	-22	1	5954	0.358156881617	raw	7296
A	-22	1	5954	1.15609581443	norm	7296
T	-22	1	5860	0.35250240616	raw	7296
T	-22	1	5860	1.14184067854	norm	7296
C	-22	1	2580	0.155197305101	raw	7296
C	-22	1	2580	0.813005600725	norm	7296
G	-22	1	2230	0.134143407122	raw	7296
G	-22	1	2230	0.703817840065	norm	7296
T	-21	1	5959	0.358457651588	raw	7296
T	-21	1	5959	1.16113116099	norm	7296
A	-21	1	5598	0.336742059673	raw	7296
A	-21	1	5598	1.08697083795	norm	7296
C	-21	1	2626	0.157964388835	raw	7296
C	-21	1	2626	0.82750104942	norm	7296
G	-21	1	2441	0.146835899904	raw	7296
G	-21	1	2441	0.770412263497	norm	7296
T	-20	1	5971	0.359179499519	raw	7296
T	-20	1	5971	1.16346940129	norm	7296
A	-20	1	5852	0.352021174206	raw	7296
A	-20	1	5852	1.13629034364	norm	7296
C	-20	1	2408	0.144850818094	raw	7296
C	-20	1	2408	0.758805227343	norm	7296
G	-20	1	2393	0.143948508181	raw	7296
G	-20	1	2393	0.7552628212	norm	7296
A	-19	1	5933	0.356893647738	raw	7296
A	-19	1	5933	1.1520182175	norm	7296
T	-19	1	5886	0.35406641001	raw	7296
T	-19	1	5886	1.14690686585	norm	7296
C	-19	1	2534	0.152430221367	raw	7296
C	-19	1	2534	0.79851015203	norm	7296
G	-19	1	2271	0.136609720885	raw	7296
G	-19	1	2271	0.716757988694	norm	7296
T	-18	1	5811	0.349554860443	raw	7296
T	-18	1	5811	1.13229286399	norm	7296
A	-18	1	5782	0.34781039461	raw	7296
A	-18	1	5782	1.12269835388	norm	7296
C	-18	1	2677	0.161032242541	raw	7296
C	-18	1	2677	0.843572090364	norm	7296
G	-18	1	2354	0.141602502406	raw	7296
G	-18	1	2354	0.742953899333	norm	7296
T	-17	1	5908	0.355389797883	raw	7296
T	-17	1	5908	1.15119363973	norm	7296
A	-17	1	5808	0.34937439846	raw	7296
A	-17	1	5808	1.12774680722	norm	7296
C	-17	1	2528	0.152069297401	raw	7296
C	-17	1	2528	0.79661944133	norm	7296
G	-17	1	2380	0.143166506256	raw	7296
G	-17	1	2380	0.751159847244	norm	7296
A	-16	1	5828	0.350577478345	raw	7296
A	-16	1	5828	1.13163023286	norm	7296
T	-16	1	5772	0.347208854668	raw	7296
T	-16	1	5772	1.12469358303	norm	7296
C	-16	1	2584	0.155437921078	raw	7296
C	-16	1	2584	0.814266074524	norm	7296
G	-16	1	2440	0.14677574591	raw	7296
G	-16	1	2440	0.770096650116	norm	7296
A	-15	1	5867	0.352923484119	raw	7296
A	-15	1	5867	1.13920291287	norm	7296
T	-15	1	5777	0.347509624639	raw	7296
T	-15	1	5777	1.12566784982	norm	7296
C	-15	1	2597	0.156219923003	raw	7296
C	-15	1	2597	0.818362614373	norm	7296
G	-15	1	2383	0.143346968239	raw	7296
G	-15	1	2383	0.752106687388	norm	7296
T	-14	1	5804	0.349133782483	raw	7296
T	-14	1	5804	1.13092889049	norm	7296
A	-14	1	5742	0.345404234841	raw	7296
A	-14	1	5742	1.11493150259	norm	7296
C	-14	1	2701	0.162475938402	raw	7296
C	-14	1	2701	0.851134933162	norm	7296
G	-14	1	2377	0.142986044273	raw	7296
G	-14	1	2377	0.7502130071	norm	7296
T	-13	1	5824	0.350336862368	raw	7296
T	-13	1	5824	1.13482595765	norm	7296
A	-13	1	5820	0.350096246391	raw	7296
A	-13	1	5820	1.13007686261	norm	7296
C	-13	1	2688	0.161693936477	raw	7296
C	-13	1	2688	0.847038393313	norm	7296
G	-13	1	2292	0.137872954764	raw	7296
G	-13	1	2292	0.723385869699	norm	7296
T	-12	1	5896	0.354667949952	raw	7296
T	-12	1	5896	1.14885539943	norm	7296
A	-12	1	5505	0.33114773821	raw	7296
A	-12	1	5505	1.0689129087	norm	7296
C	-12	1	2711	0.163077478345	raw	7296
C	-12	1	2711	0.854286117661	norm	7296
G	-12	1	2512	0.151106833494	raw	7296
G	-12	1	2512	0.792820813562	norm	7296
T	-11	1	5912	0.355630413859	raw	7296
T	-11	1	5912	1.15197305316	norm	7296
A	-11	1	5782	0.34781039461	raw	7296
A	-11	1	5782	1.12269835388	norm	7296
C	-11	1	2567	0.154415303176	raw	7296
C	-11	1	2567	0.808909060876	norm	7296
G	-11	1	2363	0.142143888354	raw	7296
G	-11	1	2363	0.745794419764	norm	7296
T	-10	1	6099	0.36687921078	raw	7296
T	-10	1	6099	1.18841063113	norm	7296
A	-10	1	5630	0.338666987488	raw	7296
A	-10	1	5630	1.09318431898	norm	7296
C	-10	1	2555	0.153693455245	raw	7296
C	-10	1	2555	0.805127639477	norm	7296
G	-10	1	2340	0.140760346487	raw	7296
G	-10	1	2340	0.738535311996	norm	7296
T	-9	1	5839	0.351239172281	raw	7296
T	-9	1	5839	1.13774875802	norm	7296
A	-9	1	5581	0.335719441771	raw	7296
A	-9	1	5581	1.08366992615	norm	7296
C	-9	1	2620	0.15760346487	raw	7296
C	-9	1	2620	0.825610338721	norm	7296
G	-9	1	2584	0.155437921078	raw	7296
G	-9	1	2584	0.815544977008	norm	7296
T	-8	1	5771	0.347148700674	raw	7296
T	-8	1	5771	1.12449872967	norm	7296
A	-8	1	5683	0.341855149182	raw	7296
A	-8	1	5683	1.10347539694	norm	7296
C	-8	1	2661	0.160069778633	raw	7296
C	-8	1	2661	0.838530195166	norm	7296
G	-8	1	2509	0.150926371511	raw	7296
G	-8	1	2509	0.791873973418	norm	7296
T	-7	1	5725	0.344381616939	raw	7296
T	-7	1	5725	1.1155354752	norm	7296
A	-7	1	5493	0.330425890279	raw	7296
A	-7	1	5493	1.06658285332	norm	7296
C	-7	1	2763	0.166205486044	raw	7296
C	-7	1	2763	0.870672277055	norm	7296
G	-7	1	2643	0.158987006737	raw	7296
G	-7	1	2643	0.834166166498	norm	7296
A	-6	1	5530	0.332651588065	raw	7296
A	-6	1	5530	1.07376719076	norm	7296
T	-6	1	5509	0.331388354187	raw	7296
T	-6	1	5509	1.07344714984	norm	7296
C	-6	1	2848	0.171318575553	raw	7296
C	-6	1	2848	0.897457345296	norm	7296
G	-6	1	2737	0.164641482194	raw	7296
G	-6	1	2737	0.863833824331	norm	7296
T	-5	1	5799	0.348833012512	raw	7296
T	-5	1	5799	1.1299546237	norm	7296
A	-5	1	5574	0.335298363811	raw	7296
A	-5	1	5574	1.08231072718	norm	7296
C	-5	1	2759	0.165964870067	raw	7296
C	-5	1	2759	0.869411803256	norm	7296
G	-5	1	2492	0.149903753609	raw	7296
G	-5	1	2492	0.786508545938	norm	7296
T	-4	1	5884	0.353946102021	raw	7296
T	-4	1	5884	1.14651715914	norm	7296
A	-4	1	5538	0.333132820019	raw	7296
A	-4	1	5538	1.07532056102	norm	7296
C	-4	1	2827	0.170055341675	raw	7296
C	-4	1	2827	0.890839857848	norm	7296
G	-4	1	2375	0.142865736285	raw	7296
G	-4	1	2375	0.749581780338	norm	7296
A	-3	1	5519	0.331989894129	raw	7296
A	-3	1	5519	1.07163130665	norm	7296
T	-3	1	5486	0.33000481232	raw	7296
T	-3	1	5486	1.06896552261	norm	7296
C	-3	1	3066	0.184432146295	raw	7296
C	-3	1	3066	0.966153167373	norm	7296
G	-3	1	2553	0.153573147257	raw	7296
G	-3	1	2553	0.805760962191	norm	7296
T	-2	1	6588	0.396294513956	raw	7296
T	-2	1	6588	1.28369392325	norm	7296
A	-2	1	5043	0.303356592878	raw	7296
A	-2	1	5043	0.97920577631	norm	7296
C	-2	1	2783	0.167408565929	raw	7296
C	-2	1	2783	0.876974646053	norm	7296
G	-2	1	2210	0.132940327238	raw	7296
G	-2	1	2210	0.697505572441	norm	7296
T	-1	1	5868	0.352983638114	raw	7296
T	-1	1	5868	1.14339950541	norm	7296
A	-1	1	5573	0.335238209817	raw	7296
A	-1	1	5573	1.08211655589	norm	7296
C	-1	1	2957	0.177875360924	raw	7296
C	-1	1	2957	0.931805256335	norm	7296
G	-1	1	2226	0.133902791145	raw	7296
G	-1	1	2226	0.70255538654	norm	7296
C	0	1	8069	0.485382579403	raw	7296
C	0	1	8069	2.54269077219	norm	7296
A	0	1	3655	0.219862848893	raw	7296
A	0	1	3655	0.709696036568	norm	7296
G	0	1	3001	0.18052213667	raw	7296
G	0	1	3001	0.947155756966	norm	7296
T	0	1	1899	0.114232435034	raw	7296
T	0	1	1899	0.370026527056	norm	7296
A	1	1	7085	0.426191049086	raw	7296
A	1	1	7085	1.37570353463	norm	7296
T	1	1	4701	0.282783926853	raw	7296
T	1	1	4701	0.916005636489	norm	7296
C	1	1	3284	0.197545717036	raw	7296
C	1	1	3284	1.03484898945	norm	7296
G	1	1	1554	0.093479307026	raw	7296
G	1	1	1554	0.490463194377	norm	7296
T	2	1	5524	0.3322906641	raw	7296
T	2	1	5524	1.07636995022	norm	7296
A	2	1	5179	0.311537536092	raw	7296
A	2	1	5179	1.00561307069	norm	7296
C	2	1	3109	0.187018768046	raw	7296
C	2	1	3109	0.979703260718	norm	7296
G	2	1	2812	0.169153031761	raw	7296
G	2	1	2812	0.88750482792	norm	7296
T	3	1	5843	0.351479788258	raw	7296
T	3	1	5843	1.13852817145	norm	7296
A	3	1	5053	0.30395813282	raw	7296
A	3	1	5053	0.981147489132	norm	7296
C	3	1	2871	0.172702117421	raw	7296
C	3	1	2871	0.904705069644	norm	7296
G	3	1	2857	0.171859961501	raw	7296
G	3	1	2857	0.901707430074	norm	7296
A	4	1	5665	0.340772377286	raw	7296
A	4	1	5665	1.09998031386	norm	7296
T	4	1	5459	0.328380654475	raw	7296
T	4	1	5459	1.06370448194	norm	7296
G	4	1	2770	0.166626564004	raw	7296
G	4	1	2770	0.87424906591	norm	7296
C	4	1	2730	0.164220404235	raw	7296
C	4	1	2730	0.860273368209	norm	7296
T	5	1	5397	0.324651106833	raw	7296
T	5	1	5397	1.05162357374	norm	7296
A	5	1	5229	0.314545235804	raw	7296
A	5	1	5229	1.01532163481	norm	7296
C	5	1	3102	0.186597690087	raw	7296
C	5	1	3102	0.977497431569	norm	7296
G	5	1	2896	0.174205967276	raw	7296
G	5	1	2896	0.914016351941	norm	7296
T	6	1	5660	0.340471607315	raw	7296
T	6	1	5660	1.10287000692	norm	7296
A	6	1	4605	0.277009143407	raw	7296
A	6	1	4605	0.894158754691	norm	7296
C	6	1	3196	0.192252165544	raw	7296
C	6	1	3196	1.00711856586	norm	7296
G	6	1	3163	0.190267083734	raw	7296
G	6	1	3163	0.99828512472	norm	7296
T	7	1	5661	0.340531761309	raw	7296
T	7	1	5661	1.10306486028	norm	7296
A	7	1	5029	0.302514436959	raw	7296
A	7	1	5029	0.976487378359	norm	7296
C	7	1	3072	0.18479307026	raw	7296
C	7	1	3072	0.968043878072	norm	7296
G	7	1	2862	0.172160731473	raw	7296
G	7	1	2862	0.90328549698	norm	7296
T	8	1	5746	0.345644850818	raw	7296
T	8	1	5746	1.11962739572	norm	7296
A	8	1	5204	0.313041385948	raw	7296
A	8	1	5204	1.01046735275	norm	7296
G	8	1	2842	0.170957651588	raw	7296
G	8	1	2842	0.896973229356	norm	7296
C	8	1	2832	0.170356111646	raw	7296
C	8	1	2832	0.892415450098	norm	7296
T	9	1	5871	0.353164100096	raw	7296
T	9	1	5871	1.14398406548	norm	7296
A	9	1	5144	0.309432146295	raw	7296
A	9	1	5144	0.998817075816	norm	7296
C	9	1	2839	0.170777189605	raw	7296
C	9	1	2839	0.894621279247	norm	7296
G	9	1	2770	0.166626564004	raw	7296
G	9	1	2770	0.87424906591	norm	7296
A	10	1	5538	0.333132820019	raw	7296
A	10	1	5538	1.07532056102	norm	7296
T	10	1	5476	0.329403272377	raw	7296
T	10	1	5476	1.06701698903	norm	7296
C	10	1	2824	0.169874879692	raw	7296
C	10	1	2824	0.889894502499	norm	7296
G	10	1	2786	0.167589027911	raw	7296
G	10	1	2786	0.879298880009	norm	7296
T	11	1	5530	0.332651588065	raw	7296
T	11	1	5530	1.07753907036	norm	7296
A	11	1	5446	0.327598652551	raw	7296
A	11	1	5446	1.05745680305	norm	7296
C	11	1	2921	0.175709817132	raw	7296
C	11	1	2921	0.920460992138	norm	7296
G	11	1	2727	0.164039942252	raw	7296
G	11	1	2727	0.860677690519	norm	7296
T	12	1	5686	0.342035611165	raw	7296
T	12	1	5686	1.10793619423	norm	7296
A	12	1	5172	0.311116458133	raw	7296
A	12	1	5172	1.00425387172	norm	7296
C	12	1	3058	0.183950914341	raw	7296
C	12	1	3058	0.963632219774	norm	7296
G	12	1	2708	0.162897016362	raw	7296
G	12	1	2708	0.854681036276	norm	7296
T	13	1	5800	0.348893166506	raw	7296
T	13	1	5800	1.13014947705	norm	7296
A	13	1	5207	0.313221847931	raw	7296
A	13	1	5207	1.0110498666	norm	7296
C	13	1	2866	0.172401347449	raw	7296
C	13	1	2866	0.903129477394	norm	7296
G	13	1	2751	0.165483638114	raw	7296
G	13	1	2751	0.868252411667	norm	7296
T	14	1	5702	0.342998075072	raw	7296
T	14	1	5702	1.11105384796	norm	7296
A	14	1	5307	0.319237247353	raw	7296
A	14	1	5307	1.03046699482	norm	7296
C	14	1	3038	0.182747834456	raw	7296
C	14	1	3038	0.957329850776	norm	7296
G	14	1	2577	0.155016843118	raw	7296
G	14	1	2577	0.813335683339	norm	7296
T	15	1	5593	0.336441289702	raw	7296
T	15	1	5593	1.08981483193	norm	7296
A	15	1	5116	0.307747834456	raw	7296
A	15	1	5116	0.993380279913	norm	7296
C	15	1	3053	0.18365014437	raw	7296
C	15	1	3053	0.962056627524	norm	7296
G	15	1	2862	0.172160731473	raw	7296
G	15	1	2862	0.90328549698	norm	7296
T	16	1	5788	0.348171318576	raw	7296
T	16	1	5788	1.12781123676	norm	7296
A	16	1	4837	0.290964870067	raw	7296
A	16	1	4837	0.939206492169	norm	7296
G	16	1	3173	0.190868623677	raw	7296
G	16	1	3173	1.00144125853	norm	7296
C	16	1	2826	0.16999518768	raw	7296
C	16	1	2826	0.890524739399	norm	7296
T	17	1	5901	0.354968719923	raw	7296
T	17	1	5901	1.14982966622	norm	7296
A	17	1	5271	0.317071703561	raw	7296
A	17	1	5271	1.02347682866	norm	7296
C	17	1	2742	0.164942252166	raw	7296
C	17	1	2742	0.864054789608	norm	7296
G	17	1	2710	0.16301732435	raw	7296
G	17	1	2710	0.855312263038	norm	7296
T	18	1	5397	0.324651106833	raw	7296
T	18	1	5397	1.05162357374	norm	7296
A	18	1	5343	0.321402791145	raw	7296
A	18	1	5343	1.03745716098	norm	7296
C	18	1	2998	0.180341674687	raw	7296
C	18	1	2998	0.94472511278	norm	7296
G	18	1	2886	0.173604427334	raw	7296
G	18	1	2886	0.910860218129	norm	7296
T	19	1	5651	0.339930221367	raw	7296
T	19	1	5651	1.1011163267	norm	7296
A	19	1	5375	0.323327718961	raw	7296
A	19	1	5375	1.04367064201	norm	7296
C	19	1	2857	0.171859961501	raw	7296
C	19	1	2857	0.900293411345	norm	7296
G	19	1	2741	0.164882098171	raw	7296
G	19	1	2741	0.865096277855	norm	7296
T	20	1	5890	0.354307025987	raw	7296
T	20	1	5890	1.14768627928	norm	7296
A	20	1	5253	0.315988931665	raw	7296
A	20	1	5253	1.01998174558	norm	7296
C	20	1	2755	0.16572425409	raw	7296
C	20	1	2755	0.868151329456	norm	7296
G	20	1	2726	0.163979788258	raw	7296
G	20	1	2726	0.860362077138	norm	7296
T	21	1	5551	0.333914821944	raw	7296
T	21	1	5551	1.08163099088	norm	7296
A	21	1	5330	0.32062078922	raw	7296
A	21	1	5330	1.03493293431	norm	7296
C	21	1	2984	0.179499518768	raw	7296
C	21	1	2984	0.940313454482	norm	7296
G	21	1	2759	0.165964870067	raw	7296
G	21	1	2759	0.870777318717	norm	7296
T	22	1	5727	0.344501924928	raw	7296
T	22	1	5727	1.11592518191	norm	7296
A	22	1	5340	0.321222329163	raw	7296
A	22	1	5340	1.03687464713	norm	7296
G	22	1	2813	0.169213185756	raw	7296
G	22	1	2813	0.887820441301	norm	7296
C	22	1	2744	0.165062560154	raw	7296
C	22	1	2744	0.864685026507	norm	7296
T	23	1	5828	0.350577478345	raw	7296
T	23	1	5828	1.13560537108	norm	7296
A	23	1	5119	0.307928296439	raw	7296
A	23	1	5119	0.99396279376	norm	7296
G	23	1	2846	0.171198267565	raw	7296
G	23	1	2846	0.898235682881	norm	7296
C	23	1	2831	0.170295957652	raw	7296
C	23	1	2831	0.892100331648	norm	7296
T	24	1	5671	0.341133301251	raw	7296
T	24	1	5671	1.10501339386	norm	7296
A	24	1	5205	0.313101539942	raw	7296
A	24	1	5205	1.01066152403	norm	7296
G	24	1	2894	0.174085659288	raw	7296
G	24	1	2894	0.913385125178	norm	7296
C	24	1	2854	0.171679499519	raw	7296
C	24	1	2854	0.899348055996	norm	7296
T	25	1	5724	0.344321462945	raw	7296
T	25	1	5724	1.11534062184	norm	7296
A	25	1	5618	0.337945139557	raw	7296
A	25	1	5618	1.09085426359	norm	7296
C	25	1	2699	0.162355630414	raw	7296
C	25	1	2699	0.850504696262	norm	7296
G	25	1	2583	0.155377767084	raw	7296
G	25	1	2583	0.815229363627	norm	7296
T	26	1	5822	0.350216554379	raw	7296
T	26	1	5822	1.13443625093	norm	7296
A	26	1	5128	0.308469682387	raw	7296
A	26	1	5128	0.9957103353	norm	7296
C	26	1	2951	0.177514436959	raw	7296
C	26	1	2951	0.929914545635	norm	7296
G	26	1	2723	0.163799326275	raw	7296
G	26	1	2723	0.859415236994	norm	7296
T	27	1	5788	0.348171318576	raw	7296
T	27	1	5788	1.12781123676	norm	7296
A	27	1	5172	0.311116458133	raw	7296
A	27	1	5172	1.00425387172	norm	7296
C	27	1	2842	0.170957651588	raw	7296
C	27	1	2842	0.895566634597	norm	7296
G	27	1	2822	0.169754571704	raw	7296
G	27	1	2822	0.890660961732	norm	7296
T	28	1	5898	0.35478825794	raw	7296
T	28	1	5898	1.14924510615	norm	7296
A	28	1	5370	0.323026948989	raw	7296
A	28	1	5370	1.0426997856	norm	7296
G	28	1	2683	0.161393166506	raw	7296
G	28	1	2683	0.846790701746	norm	7296
C	28	1	2673	0.160791626564	raw	7296
C	28	1	2673	0.842311616565	norm	7296
T	29	1	5841	0.351359480269	raw	7296
T	29	1	5841	1.13813846474	norm	7296
A	29	1	5124	0.30822906641	raw	7296
A	29	1	5124	0.994933650171	norm	7296
G	29	1	2839	0.170777189605	raw	7296
G	29	1	2839	0.896026389213	norm	7296
C	29	1	2820	0.169634263715	raw	7296
C	29	1	2820	0.888634028699	norm	7296
T	30	1	5884	0.353946102021	raw	7296
T	30	1	5884	1.14651715914	norm	7296
A	30	1	5184	0.311838306064	raw	7296
A	30	1	5184	1.0065839271	norm	7296
C	30	1	2832	0.170356111646	raw	7296
C	30	1	2832	0.892415450098	norm	7296
G	30	1	2724	0.163859480269	raw	7296
G	30	1	2724	0.859730850375	norm	7296
T	31	1	5921	0.356171799808	raw	7296
T	31	1	5921	1.15372673339	norm	7296
A	31	1	5340	0.321222329163	raw	7296
A	31	1	5340	1.03687464713	norm	7296
G	31	1	2696	0.162175168431	raw	7296
G	31	1	2696	0.850893675702	norm	7296
C	31	1	2667	0.160430702599	raw	7296
C	31	1	2667	0.840420905866	norm	7296
T	32	1	5807	0.349314244466	raw	7296
T	32	1	5807	1.13151345056	norm	7296
A	32	1	5573	0.335238209817	raw	7296
A	32	1	5573	1.08211655589	norm	7296
C	32	1	2725	0.163919634264	raw	7296
C	32	1	2725	0.858697775959	norm	7296
G	32	1	2519	0.151527911453	raw	7296
G	32	1	2519	0.79503010723	norm	7296
T	33	1	5974	0.359359961501	raw	7296
T	33	1	5974	1.16405396137	norm	7296
A	33	1	5273	0.31719201155	raw	7296
A	33	1	5273	1.02386517122	norm	7296
C	33	1	2800	0.168431183831	raw	7296
C	33	1	2800	0.882331659701	norm	7296
G	33	1	2577	0.155016843118	raw	7296
G	33	1	2577	0.813335683339	norm	7296
T	34	1	5819	0.350036092397	raw	7296
T	34	1	5819	1.13385169086	norm	7296
A	34	1	5545	0.333553897979	raw	7296
A	34	1	5545	1.07667975999	norm	7296
G	34	1	2644	0.159047160731	raw	7296
G	34	1	2644	0.83448177988	norm	7296
C	34	1	2616	0.157362848893	raw	7296
C	34	1	2616	0.824349864921	norm	7296
T	35	1	6210	0.373556304139	raw	7296
T	35	1	6210	1.21003935388	norm	7296
A	35	1	5326	0.320380173244	raw	7296
A	35	1	5326	1.03415624918	norm	7296
C	35	1	2700	0.162415784408	raw	7296
C	35	1	2700	0.850819814712	norm	7296
G	35	1	2388	0.14364773821	raw	7296
G	35	1	2388	0.753684754294	norm	7296
T	36	1	5984	0.359961501444	raw	7296
T	36	1	5984	1.16600249495	norm	7296
A	36	1	5322	0.320139557267	raw	7296
A	36	1	5322	1.03337956405	norm	7296
C	36	1	2751	0.165483638114	raw	7296
C	36	1	2751	0.866890855657	norm	7296
G	36	1	2567	0.154415303176	raw	7296
G	36	1	2567	0.810179549528	norm	7296
T	37	1	6196	0.372714148219	raw	7296
T	37	1	6196	1.20731140687	norm	7296
A	37	1	5482	0.329764196343	raw	7296
A	37	1	5482	1.06444696921	norm	7296
C	37	1	2484	0.149422521655	raw	7296
C	37	1	2484	0.782754229535	norm	7296
G	37	1	2462	0.148099133782	raw	7296
G	37	1	2462	0.777040144502	norm	7296
T	38	1	6065	0.364833974976	raw	7296
T	38	1	6065	1.18178561695	norm	7296
A	38	1	5559	0.334396053898	raw	7296
A	38	1	5559	1.07939815794	norm	7296
C	38	1	2595	0.156099615014	raw	7296
C	38	1	2595	0.817732377473	norm	7296
G	38	1	2405	0.144670356112	raw	7296
G	38	1	2405	0.759050181774	norm	7296
T	39	1	6107	0.367360442733	raw	7296
T	39	1	6107	1.189969458	norm	7296
A	39	1	5582	0.335779595765	raw	7296
A	39	1	5582	1.08386409743	norm	7296
C	39	1	2535	0.152490375361	raw	7296
C	39	1	2535	0.79882527048	norm	7296
G	39	1	2400	0.144369586141	raw	7296
G	39	1	2400	0.757472114868	norm	7296
T	40	1	6346	0.381737247353	raw	7296
T	40	1	6346	1.23653941058	norm	7296
A	40	1	5400	0.324831568816	raw	7296
A	40	1	5400	1.04852492407	norm	7296
C	40	1	2457	0.147798363811	raw	7296
C	40	1	2457	0.774246031388	norm	7296
G	40	1	2421	0.145632820019	raw	7296
G	40	1	2421	0.764099995873	norm	7296
T	41	1	6298	0.37884985563	raw	7296
T	41	1	6298	1.22718644939	norm	7296
A	41	1	5753	0.346065928778	raw	7296
A	41	1	5753	1.1170673867	norm	7296
G	41	1	2294	0.137993262753	raw	7296
G	41	1	2294	0.724017096461	norm	7296
C	41	1	2279	0.137090952839	raw	7296
C	41	1	2279	0.718154947307	norm	7296
T	42	1	6159	0.370488450433	raw	7296
T	42	1	6159	1.20010183262	norm	7296
A	42	1	5743	0.345464388835	raw	7296
A	42	1	5743	1.11512567387	norm	7296
G	42	1	2407	0.1447906641	raw	7296
G	42	1	2407	0.759681408536	norm	7296
C	42	1	2315	0.139256496631	raw	7296
C	42	1	2315	0.729499211503	norm	7296
T	43	1	6139	0.369285370549	raw	7296
T	43	1	6139	1.19620476546	norm	7296
A	43	1	5822	0.350216554379	raw	7296
A	43	1	5822	1.13046520517	norm	7296
G	43	1	2336	0.14051973051	raw	7296
G	43	1	2336	0.737272858471	norm	7296
C	43	1	2327	0.139978344562	raw	7296
C	43	1	2327	0.733280632902	norm	7296
T	44	1	6207	0.373375842156	raw	7296
T	44	1	6207	1.20945479381	norm	7296
A	44	1	5945	0.357615495669	raw	7296
A	44	1	5945	1.15434827289	norm	7296
G	44	1	2289	0.137692492782	raw	7296
G	44	1	2289	0.722439029555	norm	7296
C	44	1	2183	0.131316169394	raw	7296
C	44	1	2183	0.687903576117	norm	7296
T	45	1	6264	0.376804619827	raw	7296
T	45	1	6264	1.22056143522	norm	7296
A	45	1	5734	0.344923002887	raw	7296
A	45	1	5734	1.11337813233	norm	7296
G	45	1	2373	0.142745428296	raw	7296
G	45	1	2373	0.748950553576	norm	7296
C	45	1	2253	0.135526948989	raw	7296
C	45	1	2253	0.70996186761	norm	7296
T	46	1	6286	0.3781280077	raw	7296
T	46	1	6286	1.2248482091	norm	7296
A	46	1	5950	0.35791626564	raw	7296
A	46	1	5950	1.1553191293	norm	7296
G	46	1	2201	0.13239894129	raw	7296
G	46	1	2201	0.69466505201	norm	7296
C	46	1	2187	0.131556785371	raw	7296
C	46	1	2187	0.689164049917	norm	7296
T	47	1	6354	0.382218479307	raw	7296
T	47	1	6354	1.23809823745	norm	7296
A	47	1	5753	0.346065928778	raw	7296
A	47	1	5753	1.1170673867	norm	7296
G	47	1	2291	0.13781280077	raw	7296
G	47	1	2291	0.723070256318	norm	7296
C	47	1	2226	0.133902791145	raw	7296
C	47	1	2226	0.701453669463	norm	7296
A	48	1	6049	0.363871511068	raw	7296
A	48	1	6049	1.17454208624	norm	7296
T	48	1	5885	0.354006256015	raw	7296
T	48	1	5885	1.14671201249	norm	7296
G	48	1	2557	0.153813763234	raw	7296
G	48	1	2557	0.807023415716	norm	7296
C	48	1	2133	0.128308469682	raw	7296
C	48	1	2133	0.672147653622	norm	7296
T	49	1	6236	0.375120307988	raw	7296
T	49	1	6236	1.21510554119	norm	7296
A	49	1	5854	0.352141482194	raw	7296
A	49	1	5854	1.1366786862	norm	7296
G	49	1	2308	0.138835418672	raw	7296
G	49	1	2308	0.728435683798	norm	7296
C	49	1	2226	0.133902791145	raw	7296
C	49	1	2226	0.701453669463	norm	7296
T	50	1	6186	0.372112608277	raw	7296
T	50	1	6186	1.20536287329	norm	7296
A	50	1	6038	0.363209817132	raw	7296
A	50	1	6038	1.17240620213	norm	7296
G	50	1	2256	0.135707410972	raw	7296
G	50	1	2256	0.712023787976	norm	7296
C	50	1	2144	0.128970163619	raw	7296
C	50	1	2144	0.675613956571	norm	7296
A	51	1	6121	0.368202598653	raw	7296
A	51	1	6121	1.18852241856	norm	7296
T	51	1	6053	0.364112127045	raw	7296
T	51	1	6053	1.17944737666	norm	7296
G	51	1	2261	0.136008180943	raw	7296
G	51	1	2261	0.713601854882	norm	7296
C	51	1	2189	0.131677093359	raw	7296
C	51	1	2189	0.689794286817	norm	7296
T	52	1	6314	0.379812319538	raw	7296
T	52	1	6314	1.23030410312	norm	7296
A	52	1	6085	0.36603705486	raw	7296
A	52	1	6085	1.1815322524	norm	7296
C	52	1	2175	0.13083493744	raw	7296
C	52	1	2175	0.685382628518	norm	7296
G	52	1	2050	0.123315688162	raw	7296
G	52	1	2050	0.64700743145	norm	7296
A	53	1	6216	0.373917228104	raw	7296
A	53	1	6216	1.20696869037	norm	7296
T	53	1	6185	0.372052454283	raw	7296
T	53	1	6185	1.20516801993	norm	7296
G	53	1	2129	0.128067853705	raw	7296
G	53	1	2129	0.671940888564	norm	7296
C	53	1	2094	0.125962463908	raw	7296
C	53	1	2094	0.659858034077	norm	7296
T	54	1	6138	0.369225216554	raw	7296
T	54	1	6138	1.1960099121	norm	7296
A	54	1	6121	0.368202598653	raw	7296
A	54	1	6121	1.18852241856	norm	7296
C	54	1	2193	0.131917709336	raw	7296
C	54	1	2193	0.691054760616	norm	7296
G	54	1	2172	0.130654475457	raw	7296
G	54	1	2172	0.685512263956	norm	7296
T	55	1	6292	0.378488931665	raw	7296
T	55	1	6292	1.22601732925	norm	7296
A	55	1	6071	0.365194898941	raw	7296
A	55	1	6071	1.17881385445	norm	7296
C	55	1	2207	0.132759865255	raw	7296
C	55	1	2207	0.695466418915	norm	7296
G	55	1	2054	0.123556304139	raw	7296
G	55	1	2054	0.648269884974	norm	7296
A	56	1	6362	0.382699711261	raw	7296
A	56	1	6362	1.23531769758	norm	7296
T	56	1	6115	0.367841674687	raw	7296
T	56	1	6115	1.19152828486	norm	7296
C	56	1	2088	0.125601539942	raw	7296
C	56	1	2088	0.657967323377	norm	7296
G	56	1	2059	0.12385707411	raw	7296
G	56	1	2059	0.64984795188	norm	7296
T	57	1	6228	0.374639076035	raw	7296
T	57	1	6228	1.21354671433	norm	7296
A	57	1	6046	0.363691049086	raw	7296
A	57	1	6046	1.17395957239	norm	7296
G	57	1	2219	0.133481713186	raw	7296
G	57	1	2219	0.700346092872	norm	7296
C	57	1	2131	0.128188161694	raw	7296
C	57	1	2131	0.671517416723	norm	7296
T	58	1	6399	0.384925409047	raw	7296
T	58	1	6399	1.24686663856	norm	7296
A	58	1	6055	0.364232435034	raw	7296
A	58	1	6055	1.17570711393	norm	7296
G	58	1	2100	0.126323387873	raw	7296
G	58	1	2100	0.662788100509	norm	7296
C	58	1	2070	0.124518768046	raw	7296
C	58	1	2070	0.652295191279	norm	7296
T	59	1	6345	0.381677093359	raw	7296
T	59	1	6345	1.23634455723	norm	7296
A	59	1	6068	0.365014436959	raw	7296
A	59	1	6068	1.1782313406	norm	7296
G	59	1	2111	0.126985081809	raw	7296
G	59	1	2111	0.666259847703	norm	7296
C	59	1	2100	0.126323387873	raw	7296
C	59	1	2100	0.661748744776	norm	7296
A	60	1	6138	0.369225216554	raw	7296
A	60	1	6138	1.19182333036	norm	7296
T	60	1	5996	0.360683349374	raw	7296
T	60	1	5996	1.16834073524	norm	7296
G	60	1	2321	0.139617420597	raw	7296
G	60	1	2321	0.732538657754	norm	7296
C	60	1	2169	0.130474013474	raw	7296
C	60	1	2169	0.683491917819	norm	7296
T	61	1	6301	0.379030317613	raw	7296
T	61	1	6301	1.22777100947	norm	7296
A	61	1	6293	0.378549085659	raw	7296
A	61	1	6293	1.2219198791	norm	7296
G	61	1	2087	0.125541385948	raw	7296
G	61	1	2087	0.658685126554	norm	7296
C	61	1	1943	0.11687921078	raw	7296
C	61	1	1943	0.612275148143	norm	7296
A	62	1	6337	0.381195861405	raw	7296
A	62	1	6337	1.23046341552	norm	7296
T	62	1	6257	0.376383541867	raw	7296
T	62	1	6257	1.21919746171	norm	7296
G	62	1	2089	0.125661693936	raw	7296
G	62	1	2089	0.659316353316	norm	7296
C	62	1	1941	0.116758902791	raw	7296
C	62	1	1941	0.611644911243	norm	7296
T	63	1	6325	0.380474013474	raw	7296
T	63	1	6325	1.23244749006	norm	7296
A	63	1	6114	0.367781520693	raw	7296
A	63	1	6114	1.18716321958	norm	7296
G	63	1	2147	0.129150625602	raw	7296
G	63	1	2147	0.677621929426	norm	7296
C	63	1	2038	0.122593840231	raw	7296
C	63	1	2038	0.642211400883	norm	7296
T	64	1	6356	0.382338787295	raw	7296
T	64	1	6356	1.23848794417	norm	7296
A	64	1	6268	0.377045235804	raw	7296
A	64	1	6268	1.21706559705	norm	7296
C	64	1	2044	0.122954764196	raw	7296
C	64	1	2044	0.644102111582	norm	7296
G	64	1	1956	0.117661212705	raw	7296
G	64	1	1956	0.617339773617	norm	7296
T	65	1	6402	0.38510587103	raw	7296
T	65	1	6402	1.24745119864	norm	7296
A	65	1	6323	0.380353705486	raw	7296
A	65	1	6323	1.22774501757	norm	7296
G	65	1	1995	0.120007218479	raw	7296
G	65	1	1995	0.629648695484	norm	7296
C	65	1	1904	0.114533205005	raw	7296
C	65	1	1904	0.599985528597	norm	7296
A	66	1	6366	0.382940327238	raw	7296
A	66	1	6366	1.23609438271	norm	7296
T	66	1	6089	0.366277670837	raw	7296
T	66	1	6089	1.18646209755	norm	7296
G	66	1	2088	0.125601539942	raw	7296
G	66	1	2088	0.659000739935	norm	7296
C	66	1	2081	0.125180461983	raw	7296
C	66	1	2081	0.655761494228	norm	7296
A	67	1	6364	0.382820019249	raw	7296
A	67	1	6364	1.23570604014	norm	7296
T	67	1	6105	0.367240134745	raw	7296
T	67	1	6105	1.18957975128	norm	7296
G	67	1	2137	0.128549085659	raw	7296
G	67	1	2137	0.674465795614	norm	7296
C	67	1	2018	0.121390760346	raw	7296
C	67	1	2018	0.635909031885	norm	7296
A	68	1	6299	0.378910009625	raw	7296
A	68	1	6299	1.2230849068	norm	7296
T	68	1	6172	0.371270452358	raw	7296
T	68	1	6172	1.20263492627	norm	7296
C	68	1	2084	0.125360923965	raw	7296
C	68	1	2084	0.656706849578	norm	7296
G	68	1	2069	0.124458614052	raw	7296
G	68	1	2069	0.653004085692	norm	7296
T	69	1	6198	0.372834456208	raw	7296
T	69	1	6198	1.20770111358	norm	7296
A	69	1	6154	0.370187680462	raw	7296
A	69	1	6154	1.19493007087	norm	7296
G	69	1	2185	0.131436477382	raw	7296
G	69	1	2185	0.689615237911	norm	7296
C	69	1	2087	0.125541385948	raw	7296
C	69	1	2087	0.657652204927	norm	7296
T	70	1	6352	0.382098171319	raw	7296
T	70	1	6352	1.23770853073	norm	7296
A	70	1	6271	0.377225697786	raw	7296
A	70	1	6271	1.21764811089	norm	7296
C	70	1	2029	0.122052454283	raw	7296
C	70	1	2029	0.639375334834	norm	7296
G	70	1	1972	0.118623676612	raw	7296
G	70	1	1972	0.622389587717	norm	7296
T	71	1	6334	0.381015399423	raw	7296
T	71	1	6334	1.23420117029	norm	7296
A	71	1	6300	0.378970163619	raw	7296
A	71	1	6300	1.22327907808	norm	7296
G	71	1	2042	0.122834456208	raw	7296
G	71	1	2042	0.6444825244	norm	7296
C	71	1	1948	0.117179980751	raw	7296
C	71	1	1948	0.613850740392	norm	7296
A	72	1	6366	0.382940327238	raw	7296
A	72	1	6366	1.23609438271	norm	7296
T	72	1	6359	0.382519249278	raw	7296
T	72	1	6359	1.23907250424	norm	7296
C	72	1	1960	0.117901828681	raw	7296
C	72	1	1960	0.617632161791	norm	7296
G	72	1	1939	0.116638594803	raw	7296
G	72	1	1939	0.611974346137	norm	7296
A	73	1	6446	0.387752646776	raw	7296
A	73	1	6446	1.25162808529	norm	7296
T	73	1	6253	0.37614292589	raw	7296
T	73	1	6253	1.21841804828	norm	7296
G	73	1	2029	0.122052454283	raw	7296
G	73	1	2029	0.640379550445	norm	7296
C	73	1	1896	0.114051973051	raw	7296
C	73	1	1896	0.597464580998	norm	7296
A	74	1	6534	0.393046198268	raw	7296
A	74	1	6534	1.26871515812	norm	7296
T	74	1	6114	0.367781520693	raw	7296
T	74	1	6114	1.1913334315	norm	7296
G	74	1	2064	0.124157844081	raw	7296
G	74	1	2064	0.651426018786	norm	7296
C	74	1	1912	0.115014436959	raw	7296
C	74	1	1912	0.602506476196	norm	7296
A	75	1	6448	0.387872954764	raw	7296
A	75	1	6448	1.25201642785	norm	7296
T	75	1	6187	0.372172762271	raw	7296
T	75	1	6187	1.20555772664	norm	7296
G	75	1	2002	0.120428296439	raw	7296
G	75	1	2002	0.631857989152	norm	7296
C	75	1	1987	0.119525986526	raw	7296
C	75	1	1987	0.626140359938	norm	7296
A	76	1	6321	0.380233397498	raw	7296
A	76	1	6321	1.22735667501	norm	7296
T	76	1	6266	0.376924927815	raw	7296
T	76	1	6266	1.22095114194	norm	7296
G	76	1	2075	0.124819538017	raw	7296
G	76	1	2075	0.65489776598	norm	7296
C	76	1	1962	0.11802213667	raw	7296
C	76	1	1962	0.618262398691	norm	7296
A	77	1	6510	0.391602502406	raw	7296
A	77	1	6510	1.26405504735	norm	7296
T	77	1	6185	0.372052454283	raw	7296
T	77	1	6185	1.20516801993	norm	7296
C	77	1	1968	0.118383060635	raw	7296
C	77	1	1968	0.62015310939	norm	7296
G	77	1	1961	0.117961982676	raw	7296
G	77	1	1961	0.618917840523	norm	7296
A	78	1	6438	0.387271414822	raw	7296
A	78	1	6438	1.25007471503	norm	7296
T	78	1	6024	0.362367661213	raw	7296
T	78	1	6024	1.17379662927	norm	7296
G	78	1	2141	0.128789701636	raw	7296
G	78	1	2141	0.675728249138	norm	7296
C	78	1	2021	0.121571222329	raw	7296
C	78	1	2021	0.636854387234	norm	7296
A	79	1	6354	0.382218479307	raw	7296
A	79	1	6354	1.23376432732	norm	7296
T	79	1	6303	0.379150625602	raw	7296
T	79	1	6303	1.22816071619	norm	7296
C	79	1	1988	0.11958614052	raw	7296
C	79	1	1988	0.626455478388	norm	7296
G	79	1	1979	0.119044754572	raw	7296
G	79	1	1979	0.624598881385	norm	7296
A	80	1	6472	0.389316650626	raw	7296
A	80	1	6472	1.25667653862	norm	7296
T	80	1	6206	0.373315688162	raw	7296
T	80	1	6206	1.20925994045	norm	7296
C	80	1	2019	0.121450914341	raw	7296
C	80	1	2019	0.636224150335	norm	7296
G	80	1	1927	0.115916746872	raw	7296
G	80	1	1927	0.608186985563	norm	7296
A	81	1	6372	0.383301251203	raw	7296
A	81	1	6372	1.2372594104	norm	7296
T	81	1	6146	0.369706448508	raw	7296
T	81	1	6146	1.19756873896	norm	7296
G	81	1	2103	0.126503849856	raw	7296
G	81	1	2103	0.663734940653	norm	7296
C	81	1	2003	0.120488450433	raw	7296
C	81	1	2003	0.631182255136	norm	7296
A	82	1	6613	0.397798363811	raw	7296
A	82	1	6613	1.28405468942	norm	7296
T	82	1	6144	0.36958614052	raw	7296
T	82	1	6144	1.19717903225	norm	7296
G	82	1	2003	0.120488450433	raw	7296
G	82	1	2003	0.632173602534	norm	7296
C	82	1	1864	0.112127045236	raw	7296
C	82	1	1864	0.587380790601	norm	7296
A	83	1	6461	0.388654956689	raw	7296
A	83	1	6461	1.25454065452	norm	7296
T	83	1	6234	0.375	raw	7296
T	83	1	6234	1.21471583448	norm	7296
G	83	1	1976	0.118864292589	raw	7296
G	83	1	1976	0.623652041241	norm	7296
C	83	1	1953	0.117480750722	raw	7296
C	83	1	1953	0.615426332642	norm	7296
A	84	1	6219	0.374097690087	raw	7296
A	84	1	6219	1.20755120422	norm	7296
T	84	1	6144	0.36958614052	raw	7296
T	84	1	6144	1.19717903225	norm	7296
G	84	1	2173	0.130714629451	raw	7296
G	84	1	2173	0.685827877337	norm	7296
C	84	1	2088	0.125601539942	raw	7296
C	84	1	2088	0.657967323377	norm	7296
A	85	1	6363	0.382759865255	raw	7296
A	85	1	6363	1.23551186886	norm	7296
T	85	1	6185	0.372052454283	raw	7296
T	85	1	6185	1.20516801993	norm	7296
G	85	1	2097	0.12614292589	raw	7296
G	85	1	2097	0.661841260366	norm	7296
C	85	1	1979	0.119044754572	raw	7296
C	85	1	1979	0.623619412339	norm	7296
A	86	1	6391	0.384444177093	raw	7296
A	86	1	6391	1.24094866476	norm	7296
T	86	1	6350	0.38197786333	raw	7296
T	86	1	6350	1.23731882402	norm	7296
G	86	1	2031	0.122172762271	raw	7296
G	86	1	2031	0.641010777207	norm	7296
C	86	1	1852	0.111405197305	raw	7296
C	86	1	1852	0.583599369202	norm	7296
A	87	1	6384	0.384023099134	raw	7296
A	87	1	6384	1.23958946579	norm	7296
T	87	1	6188	0.372232916266	raw	7296
T	87	1	6188	1.20575258	norm	7296
G	87	1	2060	0.123917228104	raw	7296
G	87	1	2060	0.650163565262	norm	7296
C	87	1	1992	0.119826756497	raw	7296
C	87	1	1992	0.627715952188	norm	7296
A	88	1	6473	0.38937680462	raw	7296
A	88	1	6473	1.25687070991	norm	7296
T	88	1	6336	0.381135707411	raw	7296
T	88	1	6336	1.234590877	norm	7296
G	88	1	2041	0.122774302214	raw	7296
G	88	1	2041	0.644166911019	norm	7296
C	88	1	1774	0.106713185756	raw	7296
C	88	1	1774	0.559020130111	norm	7296
A	89	1	6402	0.38510587103	raw	7296
A	89	1	6402	1.24308454887	norm	7296
T	89	1	6254	0.376203079885	raw	7296
T	89	1	6254	1.21861290164	norm	7296
C	89	1	2028	0.121992300289	raw	7296
C	89	1	2028	0.639060216384	norm	7296
G	89	1	1940	0.116698748797	raw	7296
G	89	1	1940	0.612289959518	norm	7296
A	90	1	6331	0.38083493744	raw	7296
A	90	1	6331	1.22929838783	norm	7296
T	90	1	6138	0.369225216554	raw	7296
T	90	1	6138	1.1960099121	norm	7296
C	90	1	2094	0.125962463908	raw	7296
C	90	1	2094	0.659858034077	norm	7296
G	90	1	2061	0.123977382098	raw	7296
G	90	1	2061	0.650479178643	norm	7296
A	91	1	6559	0.394550048123	raw	7296
A	91	1	6559	1.27356944018	norm	7296
T	91	1	6145	0.369646294514	raw	7296
T	91	1	6145	1.1973738856	norm	7296
G	91	1	2099	0.126263233879	raw	7296
G	91	1	2099	0.662472487128	norm	7296
C	91	1	1821	0.109540423484	raw	7296
C	91	1	1821	0.573830697256	norm	7296
A	92	1	6423	0.386369104909	raw	7296
A	92	1	6423	1.24716214579	norm	7296
T	92	1	6268	0.377045235804	raw	7296
T	92	1	6268	1.22134084865	norm	7296
G	92	1	2042	0.122834456208	raw	7296
G	92	1	2042	0.6444825244	norm	7296
C	92	1	1891	0.11375120308	raw	7296
C	92	1	1891	0.595888988748	norm	7296
A	93	1	6227	0.37457892204	raw	7296
A	93	1	6227	1.20910457448	norm	7296
T	93	1	6180	0.371751684312	raw	7296
T	93	1	6180	1.20419375314	norm	7296
C	93	1	2158	0.129812319538	raw	7296
C	93	1	2158	0.68002561487	norm	7296
G	93	1	2059	0.12385707411	raw	7296
G	93	1	2059	0.64984795188	norm	7296
T	94	1	6444	0.387632338787	raw	7296
T	94	1	6444	1.25563503968	norm	7296
A	94	1	6349	0.381917709336	raw	7296
A	94	1	6349	1.23279347091	norm	7296
G	94	1	1926	0.115856592878	raw	7296
G	94	1	1926	0.607871372182	norm	7296
C	94	1	1905	0.114593358999	raw	7296
C	94	1	1905	0.600300647047	norm	7296
A	95	1	6527	0.392625120308	raw	7296
A	95	1	6527	1.26735595915	norm	7296
T	95	1	6234	0.375	raw	7296
T	95	1	6234	1.21471583448	norm	7296
G	95	1	1961	0.117961982676	raw	7296
G	95	1	1961	0.618917840523	norm	7296
C	95	1	1902	0.114412897016	raw	7296
C	95	1	1902	0.599355291697	norm	7296
T	96	1	6328	0.380654475457	raw	7296
T	96	1	6328	1.23303205014	norm	7296
A	96	1	6243	0.375541385948	raw	7296
A	96	1	6243	1.21221131499	norm	7296
G	96	1	2141	0.128789701636	raw	7296
G	96	1	2141	0.675728249138	norm	7296
C	96	1	1912	0.115014436959	raw	7296
C	96	1	1912	0.602506476196	norm	7296
A	97	1	6479	0.389737728585	raw	7296
A	97	1	6479	1.2580357376	norm	7296
T	97	1	6241	0.37542107796	raw	7296
T	97	1	6241	1.21607980798	norm	7296
C	97	1	1986	0.119465832531	raw	7296
C	97	1	1986	0.625825241488	norm	7296
G	97	1	1918	0.115375360924	raw	7296
G	97	1	1918	0.605346465132	norm	7296
A	98	1	6451	0.388053416747	raw	7296
A	98	1	6451	1.2525989417	norm	7296
T	98	1	6160	0.370548604427	raw	7296
T	98	1	6160	1.20029668598	norm	7296
G	98	1	2019	0.121450914341	raw	7296
G	98	1	2019	0.637223416633	norm	7296
C	98	1	1994	0.119947064485	raw	7296
C	98	1	1994	0.628346189087	norm	7296
A	99	1	6441	0.387451876805	raw	7296
A	99	1	6441	1.25065722887	norm	7296
T	99	1	6057	0.364352743022	raw	7296
T	99	1	6057	1.18022679009	norm	7296
G	99	1	2109	0.126864773821	raw	7296
G	99	1	2109	0.66562862094	norm	7296
C	99	1	2017	0.121330606352	raw	7296
C	99	1	2017	0.635593913435	norm	7296
A	100	1	6300	0.378970163619	raw	7296
A	100	1	6300	1.22327907808	norm	7296
T	100	1	6262	0.376684311838	raw	7296
T	100	1	6262	1.2201717285	norm	7296
G	100	1	2104	0.12656400385	raw	7296
G	100	1	2104	0.664050554034	norm	7296
C	100	1	1958	0.117781520693	raw	7296
C	100	1	1958	0.617001924891	norm	7296
