#nuc	offset	region.size	count	freq	norm.freq	total.sites
T	-100	1	5007	0.435884042831	raw	4847
T	-100	1	5007	1.07029533721	norm	4847
A	-100	1	4402	0.383215809176	raw	4847
A	-100	1	4402	0.908840965891	norm	4847
C	-100	1	1116	0.0971533037347	raw	4847
C	-100	1	1116	1.21429596985	norm	4847
G	-100	1	962	0.0837468442587	raw	4847
G	-100	1	962	0.919457385597	norm	4847
T	-99	1	4629	0.402977278663	raw	4847
T	-99	1	4629	0.989494131402	norm	4847
A	-99	1	4557	0.396709323583	raw	4847
A	-99	1	4557	0.940842408351	norm	4847
C	-99	1	1178	0.102550709498	raw	4847
C	-99	1	1178	1.28175685706	norm	4847
G	-99	1	1123	0.0977626882563	raw	4847
G	-99	1	1123	1.0733374678	norm	4847
A	-98	1	4742	0.412814485941	raw	4847
A	-98	1	4742	0.979037678385	norm	4847
T	-98	1	4713	0.410289892922	raw	4847
T	-98	1	4713	1.00744995491	norm	4847
C	-98	1	1117	0.0972403586663	raw	4847
C	-98	1	1117	1.21538404867	norm	4847
G	-98	1	915	0.0796552624706	raw	4847
G	-98	1	915	0.874535870916	norm	4847
A	-97	1	4765	0.414816749369	raw	4847
A	-97	1	4765	0.983786279525	norm	4847
T	-97	1	4605	0.400887960303	raw	4847
T	-97	1	4605	0.984363896113	norm	4847
C	-97	1	1137	0.0989814572996	raw	4847
C	-97	1	1137	1.23714562519	norm	4847
G	-97	1	980	0.0853138330286	raw	4847
G	-97	1	980	0.936661369943	norm	4847
T	-96	1	4752	0.413685035257	raw	4847
T	-96	1	4752	1.01578658726	norm	4847
A	-96	1	4546	0.395751719335	raw	4847
A	-96	1	4546	0.938571338241	norm	4847
C	-96	1	1169	0.101767215113	raw	4847
C	-96	1	1169	1.27196414763	norm	4847
G	-96	1	1020	0.0887960302951	raw	4847
G	-96	1	1020	0.974892446267	norm	4847
T	-95	1	4766	0.414903804301	raw	4847
T	-95	1	4766	1.01877922451	norm	4847
A	-95	1	4751	0.413597980326	raw	4847
A	-95	1	4751	0.980895826657	norm	4847
C	-95	1	1039	0.0904500739967	raw	4847
C	-95	1	1039	1.13051390024	norm	4847
G	-95	1	931	0.0810481413772	raw	4847
G	-95	1	931	0.889828301445	norm	4847
A	-94	1	4758	0.414207364847	raw	4847
A	-94	1	4758	0.982341053091	norm	4847
T	-94	1	4573	0.39810220249	raw	4847
T	-94	1	4573	0.977523582394	norm	4847
C	-94	1	1188	0.103421258814	raw	4847
C	-94	1	1188	1.29263764532	norm	4847
G	-94	1	968	0.0842691738487	raw	4847
G	-94	1	968	0.925192047045	norm	4847
A	-93	1	4615	0.40175850962	raw	4847
A	-93	1	4615	0.952817141659	norm	4847
T	-93	1	4604	0.400800905371	raw	4847
T	-93	1	4604	0.984150136309	norm	4847
C	-93	1	1183	0.102985984156	raw	4847
C	-93	1	1183	1.28719725119	norm	4847
G	-93	1	1085	0.0944546008531	raw	4847
G	-93	1	1085	1.03701794529	norm	4847
A	-92	1	4729	0.411682771829	raw	4847
A	-92	1	4729	0.976353686437	norm	4847
T	-92	1	4693	0.408548794289	raw	4847
T	-92	1	4693	1.00317475884	norm	4847
C	-92	1	1079	0.0939322712632	raw	4847
C	-92	1	1079	1.17403705328	norm	4847
G	-92	1	986	0.0858361626186	raw	4847
G	-92	1	986	0.942396031391	norm	4847
T	-91	1	4858	0.422912858013	raw	4847
T	-91	1	4858	1.03844512645	norm	4847
A	-91	1	4560	0.396970488378	raw	4847
A	-91	1	4560	0.941461791109	norm	4847
G	-91	1	1064	0.0926264472882	raw	4847
G	-91	1	1064	1.01694663022	norm	4847
C	-91	1	1005	0.0874902063202	raw	4847
C	-91	1	1005	1.09351922016	norm	4847
T	-90	1	4715	0.410464002786	raw	4847
T	-90	1	4715	1.00787747452	norm	4847
A	-90	1	4528	0.394184730565	raw	4847
A	-90	1	4528	0.934855041697	norm	4847
G	-90	1	1132	0.0985461826412	raw	4847
G	-90	1	1132	1.08193945997	norm	4847
C	-90	1	1112	0.096805084008	raw	4847
C	-90	1	1112	1.20994365454	norm	4847
T	-89	1	4748	0.413336815531	raw	4847
T	-89	1	4748	1.01493154804	norm	4847
A	-89	1	4675	0.406981805519	raw	4847
A	-89	1	4675	0.965204796806	norm	4847
G	-89	1	1101	0.0958474797597	raw	4847
G	-89	1	1101	1.05231037582	norm	4847
C	-89	1	963	0.0838338991904	raw	4847
C	-89	1	963	1.04781990946	norm	4847
T	-88	1	4739	0.412553321146	raw	4847
T	-88	1	4739	1.01300770981	norm	4847
A	-88	1	4619	0.402106729346	raw	4847
A	-88	1	4619	0.953642985336	norm	4847
C	-88	1	1165	0.101418995386	raw	4847
C	-88	1	1165	1.26761183232	norm	4847
G	-88	1	964	0.0839209541221	raw	4847
G	-88	1	964	0.921368939413	norm	4847
T	-87	1	4639	0.403847827979	raw	4847
T	-87	1	4639	0.991631729439	norm	4847
A	-87	1	4508	0.392443631932	raw	4847
A	-87	1	4508	0.930725823315	norm	4847
C	-87	1	1277	0.111169147732	raw	4847
C	-87	1	1277	1.38947666084	norm	4847
G	-87	1	1063	0.0925393923566	raw	4847
G	-87	1	1063	1.01599085332	norm	4847
T	-86	1	4803	0.418124836772	raw	4847
T	-86	1	4803	1.02668833725	norm	4847
A	-86	1	4626	0.402716113868	raw	4847
A	-86	1	4626	0.95508821177	norm	4847
G	-86	1	1057	0.0920170627666	raw	4847
G	-86	1	1057	1.01025619187	norm	4847
C	-86	1	1001	0.0871419865935	raw	4847
C	-86	1	1001	1.08916690485	norm	4847
T	-85	1	4708	0.409854618264	raw	4847
T	-85	1	4708	1.0063811559	norm	4847
A	-85	1	4606	0.400975015235	raw	4847
A	-85	1	4606	0.950958993387	norm	4847
C	-85	1	1167	0.101593105249	raw	4847
C	-85	1	1167	1.26978798997	norm	4847
G	-85	1	1006	0.0875772612518	raw	4847
G	-85	1	1006	0.961511569553	norm	4847
T	-84	1	4604	0.400800905371	raw	4847
T	-84	1	4604	0.984150136309	norm	4847
A	-84	1	4560	0.396970488378	raw	4847
A	-84	1	4560	0.941461791109	norm	4847
C	-84	1	1162	0.101157830591	raw	4847
C	-84	1	1162	1.26434759584	norm	4847
G	-84	1	1161	0.101070775659	raw	4847
G	-84	1	1161	1.10965699031	norm	4847
T	-83	1	4931	0.429267868025	raw	4847
T	-83	1	4931	1.05404959212	norm	4847
A	-83	1	4480	0.390006093845	raw	4847
A	-83	1	4480	0.924944917581	norm	4847
C	-83	1	1120	0.0975015234613	raw	4847
C	-83	1	1120	1.21864828515	norm	4847
G	-83	1	956	0.0832245146688	raw	4847
G	-83	1	956	0.913722724148	norm	4847
A	-82	1	4724	0.411247497171	raw	4847
A	-82	1	4724	0.975321381842	norm	4847
T	-82	1	4642	0.404108992774	raw	4847
T	-82	1	4642	0.99227300885	norm	4847
C	-82	1	1137	0.0989814572996	raw	4847
C	-82	1	1137	1.23714562519	norm	4847
G	-82	1	984	0.0856620527553	raw	4847
G	-82	1	984	0.940484477575	norm	4847
T	-81	1	4709	0.409941673196	raw	4847
T	-81	1	4709	1.0065949157	norm	4847
A	-81	1	4359	0.379472447114	raw	4847
A	-81	1	4359	0.899963146369	norm	4847
G	-81	1	1270	0.110559763211	raw	4847
G	-81	1	1270	1.21383667329	norm	4847
C	-81	1	1149	0.100026116479	raw	4847
C	-81	1	1149	1.2502025711	norm	4847
T	-80	1	4771	0.415339078959	raw	4847
T	-80	1	4771	1.01984802353	norm	4847
A	-80	1	4563	0.397231653173	raw	4847
A	-80	1	4563	0.942081173866	norm	4847
G	-80	1	1114	0.0969791938713	raw	4847
G	-80	1	1114	1.06473547563	norm	4847
C	-80	1	1039	0.0904500739967	raw	4847
C	-80	1	1039	1.13051390024	norm	4847
T	-79	1	4842	0.421519979107	raw	4847
T	-79	1	4842	1.03502496959	norm	4847
A	-79	1	4554	0.396448158788	raw	4847
A	-79	1	4554	0.940223025594	norm	4847
C	-79	1	1129	0.0982850178463	raw	4847
C	-79	1	1129	1.22844099458	norm	4847
G	-79	1	962	0.0837468442587	raw	4847
G	-79	1	962	0.919457385597	norm	4847
T	-78	1	4631	0.403151388526	raw	4847
T	-78	1	4631	0.989921651009	norm	4847
A	-78	1	4546	0.395751719335	raw	4847
A	-78	1	4546	0.938571338241	norm	4847
C	-78	1	1196	0.104117698268	raw	4847
C	-78	1	1196	1.30134227593	norm	4847
G	-78	1	1114	0.0969791938713	raw	4847
G	-78	1	1114	1.06473547563	norm	4847
A	-77	1	4737	0.412379211282	raw	4847
A	-77	1	4737	0.97800537379	norm	4847
T	-77	1	4614	0.401671454688	raw	4847
T	-77	1	4614	0.986287734346	norm	4847
C	-77	1	1074	0.0934969966049	raw	4847
C	-77	1	1074	1.16859665915	norm	4847
G	-77	1	1062	0.0924523374249	raw	4847
G	-77	1	1062	1.01503507641	norm	4847
T	-76	1	4965	0.432227735701	raw	4847
T	-76	1	4965	1.06131742545	norm	4847
A	-76	1	4373	0.380691216157	raw	4847
A	-76	1	4373	0.902853599237	norm	4847
C	-76	1	1105	0.0961956994864	raw	4847
C	-76	1	1105	1.20232710276	norm	4847
G	-76	1	1044	0.090885348655	raw	4847
G	-76	1	1044	0.997831092061	norm	4847
T	-75	1	4827	0.420214155132	raw	4847
T	-75	1	4827	1.03181857254	norm	4847
A	-75	1	4484	0.390354313572	raw	4847
A	-75	1	4484	0.925770761257	norm	4847
G	-75	1	1132	0.0985461826412	raw	4847
G	-75	1	1132	1.08193945997	norm	4847
C	-75	1	1044	0.090885348655	raw	4847
C	-75	1	1044	1.13595429437	norm	4847
T	-74	1	4870	0.423957517193	raw	4847
T	-74	1	4870	1.0410102441	norm	4847
A	-74	1	4437	0.386262731784	raw	4847
A	-74	1	4437	0.916067098059	norm	4847
C	-74	1	1107	0.0963698093497	raw	4847
C	-74	1	1107	1.20450326041	norm	4847
G	-74	1	1073	0.0934099416732	raw	4847
G	-74	1	1073	1.0255486224	norm	4847
A	-73	1	4617	0.401932619483	raw	4847
A	-73	1	4617	0.953230063498	norm	4847
T	-73	1	4542	0.395403499608	raw	4847
T	-73	1	4542	0.970897028479	norm	4847
C	-73	1	1238	0.107774005397	raw	4847
C	-73	1	1238	1.34704158662	norm	4847
G	-73	1	1090	0.0948898755114	raw	4847
G	-73	1	1090	1.04179682983	norm	4847
T	-72	1	4829	0.420388264995	raw	4847
T	-72	1	4829	1.03224609215	norm	4847
A	-72	1	4372	0.380604161226	raw	4847
A	-72	1	4372	0.902647138317	norm	4847
C	-72	1	1145	0.0996778967529	raw	4847
C	-72	1	1145	1.2458502558	norm	4847
G	-72	1	1141	0.0993296770262	raw	4847
G	-72	1	1141	1.09054145215	norm	4847
T	-71	1	4731	0.411856881692	raw	4847
T	-71	1	4731	1.01129763138	norm	4847
A	-71	1	4528	0.394184730565	raw	4847
A	-71	1	4528	0.934855041697	norm	4847
G	-71	1	1135	0.0988073474362	raw	4847
G	-71	1	1135	1.0848067907	norm	4847
C	-71	1	1093	0.0951510403064	raw	4847
C	-71	1	1093	1.18927015685	norm	4847
T	-70	1	4690	0.408287629494	raw	4847
T	-70	1	4690	1.00253347943	norm	4847
A	-70	1	4649	0.404718377296	raw	4847
A	-70	1	4649	0.959836812909	norm	4847
C	-70	1	1179	0.102637764429	raw	4847
C	-70	1	1179	1.28284493589	norm	4847
G	-70	1	969	0.0843562287804	raw	4847
G	-70	1	969	0.926147823953	norm	4847
T	-69	1	4651	0.404892487159	raw	4847
T	-69	1	4651	0.994196847084	norm	4847
A	-69	1	4473	0.389396709324	raw	4847
A	-69	1	4473	0.923499691147	norm	4847
C	-69	1	1271	0.110646818142	raw	4847
C	-69	1	1271	1.38294818788	norm	4847
G	-69	1	1092	0.0950639853748	raw	4847
G	-69	1	1092	1.04370838365	norm	4847
T	-68	1	4829	0.420388264995	raw	4847
T	-68	1	4829	1.03224609215	norm	4847
A	-68	1	4367	0.380168886567	raw	4847
A	-68	1	4367	0.901614833722	norm	4847
C	-68	1	1188	0.103421258814	raw	4847
C	-68	1	1188	1.29263764532	norm	4847
G	-68	1	1103	0.0960215896231	raw	4847
G	-68	1	1103	1.05422192964	norm	4847
T	-67	1	4745	0.413075650736	raw	4847
T	-67	1	4745	1.01429026863	norm	4847
A	-67	1	4530	0.394358840428	raw	4847
A	-67	1	4530	0.935267963536	norm	4847
C	-67	1	1188	0.103421258814	raw	4847
C	-67	1	1188	1.29263764532	norm	4847
G	-67	1	1024	0.0891442500218	raw	4847
G	-67	1	1024	0.978715553899	norm	4847
A	-66	1	4584	0.399059806738	raw	4847
A	-66	1	4584	0.946416853167	norm	4847
T	-66	1	4547	0.395838774267	raw	4847
T	-66	1	4547	0.971965827497	norm	4847
G	-66	1	1206	0.104988247584	raw	4847
G	-66	1	1206	1.15266695117	norm	4847
C	-66	1	1150	0.100113171411	raw	4847
C	-66	1	1150	1.25129064993	norm	4847
A	-65	1	4739	0.412553321146	raw	4847
A	-65	1	4739	0.978418295628	norm	4847
T	-65	1	4460	0.388264995212	raw	4847
T	-65	1	4460	0.953368724574	norm	4847
G	-65	1	1200	0.104465917994	raw	4847
G	-65	1	1200	1.14693228973	norm	4847
C	-65	1	1088	0.0947157656481	raw	4847
C	-65	1	1088	1.18382976272	norm	4847
A	-64	1	4720	0.410899277444	raw	4847
A	-64	1	4720	0.974495538165	norm	4847
T	-64	1	4693	0.408548794289	raw	4847
T	-64	1	4693	1.00317475884	norm	4847
C	-64	1	1215	0.105771741969	raw	4847
C	-64	1	1215	1.32201577362	norm	4847
G	-64	1	859	0.0747801862976	raw	4847
G	-64	1	859	0.821012364062	norm	4847
T	-63	1	4739	0.412553321146	raw	4847
T	-63	1	4739	1.01300770981	norm	4847
A	-63	1	4402	0.383215809176	raw	4847
A	-63	1	4402	0.908840965891	norm	4847
G	-63	1	1180	0.102724819361	raw	4847
G	-63	1	1180	1.12781675156	norm	4847
C	-63	1	1166	0.101506050318	raw	4847
C	-63	1	1166	1.26869991115	norm	4847
T	-62	1	4663	0.405937146339	raw	4847
T	-62	1	4663	0.996761964728	norm	4847
A	-62	1	4528	0.394184730565	raw	4847
A	-62	1	4528	0.934855041697	norm	4847
C	-62	1	1275	0.110995037869	raw	4847
C	-62	1	1275	1.38730050318	norm	4847
G	-62	1	1021	0.0888830852268	raw	4847
G	-62	1	1021	0.975848223175	norm	4847
T	-61	1	4671	0.406633585793	raw	4847
T	-61	1	4671	0.998472043158	norm	4847
A	-61	1	4641	0.404021937843	raw	4847
A	-61	1	4641	0.958185125556	norm	4847
C	-61	1	1252	0.108992774441	raw	4847
C	-61	1	1252	1.36227469019	norm	4847
G	-61	1	923	0.0803517019239	raw	4847
G	-61	1	923	0.882182086181	norm	4847
T	-60	1	4640	0.403934882911	raw	4847
T	-60	1	4640	0.991845489243	norm	4847
A	-60	1	4449	0.387307390964	raw	4847
A	-60	1	4449	0.918544629088	norm	4847
C	-60	1	1243	0.108209280056	raw	4847
C	-60	1	1243	1.35248198075	norm	4847
G	-60	1	1155	0.100548446069	raw	4847
G	-60	1	1155	1.10392232886	norm	4847
A	-59	1	4666	0.406198311134	raw	4847
A	-59	1	4666	0.963346648534	norm	4847
T	-59	1	4654	0.405153651954	raw	4847
T	-59	1	4654	0.994838126495	norm	4847
G	-59	1	1134	0.0987202925046	raw	4847
G	-59	1	1134	1.08385101379	norm	4847
C	-59	1	1033	0.0899277444067	raw	4847
C	-59	1	1033	1.12398542729	norm	4847
T	-58	1	4805	0.418298946635	raw	4847
T	-58	1	4805	1.02711585686	norm	4847
A	-58	1	4364	0.379907721772	raw	4847
A	-58	1	4364	0.900995450965	norm	4847
C	-58	1	1274	0.110907982937	raw	4847
C	-58	1	1274	1.38621242436	norm	4847
G	-58	1	1044	0.090885348655	raw	4847
G	-58	1	1044	0.997831092061	norm	4847
T	-57	1	4639	0.403847827979	raw	4847
T	-57	1	4639	0.991631729439	norm	4847
A	-57	1	4433	0.385914512057	raw	4847
A	-57	1	4433	0.915241254383	norm	4847
C	-57	1	1208	0.105162357448	raw	4847
C	-57	1	1208	1.31439922184	norm	4847
G	-57	1	1207	0.105075302516	raw	4847
G	-57	1	1207	1.15362272808	norm	4847
T	-56	1	4687	0.408026464699	raw	4847
T	-56	1	4687	1.00189220002	norm	4847
A	-56	1	4555	0.39653521372	raw	4847
A	-56	1	4555	0.940429486513	norm	4847
C	-56	1	1136	0.0988944023679	raw	4847
C	-56	1	1136	1.23605754637	norm	4847
G	-56	1	1109	0.096543919213	raw	4847
G	-56	1	1109	1.05995659109	norm	4847
T	-55	1	4661	0.405763036476	raw	4847
T	-55	1	4661	0.996334445121	norm	4847
A	-55	1	4617	0.401932619483	raw	4847
A	-55	1	4617	0.953230063498	norm	4847
C	-55	1	1207	0.105075302516	raw	4847
C	-55	1	1207	1.31331114301	norm	4847
G	-55	1	1002	0.0872290415252	raw	4847
G	-55	1	1002	0.957688461921	norm	4847
A	-54	1	4556	0.396622268652	raw	4847
A	-54	1	4556	0.940635947432	norm	4847
T	-54	1	4477	0.38974492905	raw	4847
T	-54	1	4477	0.957002641237	norm	4847
G	-54	1	1260	0.109689213894	raw	4847
G	-54	1	1260	1.20427890421	norm	4847
C	-54	1	1194	0.103943588404	raw	4847
C	-54	1	1194	1.29916611828	norm	4847
T	-53	1	4827	0.420214155132	raw	4847
T	-53	1	4827	1.03181857254	norm	4847
A	-53	1	4578	0.398537477148	raw	4847
A	-53	1	4578	0.945178087653	norm	4847
G	-53	1	1042	0.0907112387917	raw	4847
G	-53	1	1042	0.995919538245	norm	4847
C	-53	1	1040	0.0905371289284	raw	4847
C	-53	1	1040	1.13160197907	norm	4847
A	-52	1	4646	0.404457212501	raw	4847
A	-52	1	4646	0.959217430152	norm	4847
T	-52	1	4642	0.404108992774	raw	4847
T	-52	1	4642	0.99227300885	norm	4847
C	-52	1	1218	0.106032906764	raw	4847
C	-52	1	1218	1.3252800101	norm	4847
G	-52	1	981	0.0854008879603	raw	4847
G	-52	1	981	0.937617146851	norm	4847
T	-51	1	4555	0.39653521372	raw	4847
T	-51	1	4555	0.973675905927	norm	4847
A	-51	1	4467	0.388874379734	raw	4847
A	-51	1	4467	0.922260925632	norm	4847
C	-51	1	1281	0.111517367459	raw	4847
C	-51	1	1281	1.39382897614	norm	4847
G	-51	1	1184	0.103073039088	raw	4847
G	-51	1	1184	1.1316398592	norm	4847
T	-50	1	4696	0.408809959084	raw	4847
T	-50	1	4696	1.00381603825	norm	4847
A	-50	1	4494	0.391224862888	raw	4847
A	-50	1	4494	0.927835370448	norm	4847
G	-50	1	1151	0.100200226343	raw	4847
G	-50	1	1151	1.10009922123	norm	4847
C	-50	1	1146	0.0997649516845	raw	4847
C	-50	1	1146	1.24693833463	norm	4847
T	-49	1	4625	0.402629058936	raw	4847
T	-49	1	4625	0.988639092187	norm	4847
A	-49	1	4622	0.402367894141	raw	4847
A	-49	1	4622	0.954262368093	norm	4847
C	-49	1	1228	0.106903456081	raw	4847
C	-49	1	1228	1.33616079836	norm	4847
G	-49	1	1012	0.0880995908418	raw	4847
G	-49	1	1012	0.967246231002	norm	4847
A	-48	1	4479	0.389919038914	raw	4847
A	-48	1	4479	0.924738456661	norm	4847
T	-48	1	4471	0.38922259946	raw	4847
T	-48	1	4471	0.955720082415	norm	4847
C	-48	1	1405	0.122312178985	raw	4847
C	-48	1	1405	1.52875075057	norm	4847
G	-48	1	1132	0.0985461826412	raw	4847
G	-48	1	1132	1.08193945997	norm	4847
T	-47	1	4723	0.411160442239	raw	4847
T	-47	1	4723	1.00958755295	norm	4847
A	-47	1	4481	0.390093148777	raw	4847
A	-47	1	4481	0.9251513785	norm	4847
G	-47	1	1165	0.101418995386	raw	4847
G	-47	1	1165	1.11348009794	norm	4847
C	-47	1	1118	0.097327413598	raw	4847
C	-47	1	1118	1.2164721275	norm	4847
T	-46	1	4709	0.409941673196	raw	4847
T	-46	1	4709	1.0065949157	norm	4847
A	-46	1	4438	0.386349786715	raw	4847
A	-46	1	4438	0.916273558978	norm	4847
C	-46	1	1191	0.103682423609	raw	4847
C	-46	1	1191	1.2959018818	norm	4847
G	-46	1	1149	0.100026116479	raw	4847
G	-46	1	1149	1.09818766741	norm	4847
A	-45	1	4573	0.39810220249	raw	4847
A	-45	1	4573	0.944145783057	norm	4847
T	-45	1	4539	0.395142334813	raw	4847
T	-45	1	4539	0.970255749067	norm	4847
C	-45	1	1201	0.104552972926	raw	4847
C	-45	1	1201	1.30678267006	norm	4847
G	-45	1	1174	0.102202489771	raw	4847
G	-45	1	1174	1.12208209011	norm	4847
T	-44	1	4772	0.41542613389	raw	4847
T	-44	1	4772	1.02006178333	norm	4847
A	-44	1	4499	0.391660137547	raw	4847
A	-44	1	4499	0.928867675043	norm	4847
C	-44	1	1261	0.109776268826	raw	4847
C	-44	1	1261	1.37206739962	norm	4847
G	-44	1	955	0.0831374597371	raw	4847
G	-44	1	955	0.91276694724	norm	4847
T	-43	1	4641	0.404021937843	raw	4847
T	-43	1	4641	0.992059249046	norm	4847
A	-43	1	4444	0.386872116305	raw	4847
A	-43	1	4444	0.917512324493	norm	4847
G	-43	1	1211	0.105423522243	raw	4847
G	-43	1	1211	1.15744583571	norm	4847
C	-43	1	1191	0.103682423609	raw	4847
C	-43	1	1191	1.2959018818	norm	4847
T	-42	1	4682	0.407591190041	raw	4847
T	-42	1	4682	1.000823401	norm	4847
A	-42	1	4306	0.374858535736	raw	4847
A	-42	1	4306	0.889020717657	norm	4847
C	-42	1	1372	0.11943936624	raw	4847
C	-42	1	1372	1.49284414931	norm	4847
G	-42	1	1127	0.0981109079829	raw	4847
G	-42	1	1127	1.07716057543	norm	4847
T	-41	1	4717	0.410638112649	raw	4847
T	-41	1	4717	1.00830499413	norm	4847
A	-41	1	4541	0.395316444677	raw	4847
A	-41	1	4541	0.937539033646	norm	4847
G	-41	1	1116	0.0971533037347	raw	4847
G	-41	1	1116	1.06664702944	norm	4847
C	-41	1	1113	0.0968921389397	raw	4847
C	-41	1	1113	1.21103173337	norm	4847
T	-40	1	4608	0.401149125098	raw	4847
T	-40	1	4608	0.985005175524	norm	4847
A	-40	1	4510	0.392617741795	raw	4847
A	-40	1	4510	0.931138745154	norm	4847
C	-40	1	1218	0.106032906764	raw	4847
C	-40	1	1218	1.3252800101	norm	4847
G	-40	1	1151	0.100200226343	raw	4847
G	-40	1	1151	1.10009922123	norm	4847
T	-39	1	4529	0.394271785497	raw	4847
T	-39	1	4529	0.96811815103	norm	4847
A	-39	1	4501	0.39183424741	raw	4847
A	-39	1	4501	0.929280596882	norm	4847
G	-39	1	1240	0.107948115261	raw	4847
G	-39	1	1240	1.18516336605	norm	4847
C	-39	1	1217	0.105945851833	raw	4847
C	-39	1	1217	1.32419193127	norm	4847
T	-38	1	4535	0.394794115087	raw	4847
T	-38	1	4535	0.969400709853	norm	4847
A	-38	1	4510	0.392617741795	raw	4847
A	-38	1	4510	0.931138745154	norm	4847
G	-38	1	1264	0.110037433621	raw	4847
G	-38	1	1264	1.20810201184	norm	4847
C	-38	1	1178	0.102550709498	raw	4847
C	-38	1	1178	1.28175685706	norm	4847
T	-37	1	4612	0.401497344825	raw	4847
T	-37	1	4612	0.985860214739	norm	4847
A	-37	1	4377	0.381039435884	raw	4847
A	-37	1	4377	0.903679442913	norm	4847
C	-37	1	1315	0.114477235135	raw	4847
C	-37	1	1315	1.43082365623	norm	4847
G	-37	1	1183	0.102985984156	raw	4847
G	-37	1	1183	1.13068408229	norm	4847
T	-36	1	4451	0.387481500827	raw	4847
T	-36	1	4451	0.95144488634	norm	4847
A	-36	1	4331	0.377034909028	raw	4847
A	-36	1	4331	0.894182240634	norm	4847
G	-36	1	1356	0.118046487334	raw	4847
G	-36	1	1356	1.29603348739	norm	4847
C	-36	1	1349	0.117437102812	raw	4847
C	-36	1	1349	1.46781833631	norm	4847
A	-35	1	4658	0.405501871681	raw	4847
A	-35	1	4658	0.961694961181	norm	4847
T	-35	1	4498	0.391573082615	raw	4847
T	-35	1	4498	0.961491597115	norm	4847
G	-35	1	1220	0.106207016627	raw	4847
G	-35	1	1220	1.16604782789	norm	4847
C	-35	1	1111	0.0967180290763	raw	4847
C	-35	1	1111	1.20885557572	norm	4847
T	-34	1	4663	0.405937146339	raw	4847
T	-34	1	4663	0.996761964728	norm	4847
A	-34	1	4441	0.38661095151	raw	4847
A	-34	1	4441	0.916892941736	norm	4847
C	-34	1	1250	0.108818664577	raw	4847
C	-34	1	1250	1.36009853253	norm	4847
G	-34	1	1133	0.0986332375729	raw	4847
G	-34	1	1133	1.08289523688	norm	4847
A	-33	1	4541	0.395316444677	raw	4847
A	-33	1	4541	0.937539033646	norm	4847
T	-33	1	4237	0.368851745451	raw	4847
T	-33	1	4237	0.905700288345	norm	4847
G	-33	1	1387	0.120745190215	raw	4847
G	-33	1	1387	1.32566257154	norm	4847
C	-33	1	1322	0.115086619657	raw	4847
C	-33	1	1322	1.43844020801	norm	4847
T	-32	1	4491	0.390963698093	raw	4847
T	-32	1	4491	0.959995278489	norm	4847
A	-32	1	4310	0.375206755463	raw	4847
A	-32	1	4310	0.889846561333	norm	4847
G	-32	1	1410	0.122747453643	raw	4847
G	-32	1	1410	1.34764544043	norm	4847
C	-32	1	1276	0.111082092801	raw	4847
C	-32	1	1276	1.38838858201	norm	4847
T	-31	1	4607	0.401062070166	raw	4847
T	-31	1	4607	0.98479141572	norm	4847
A	-31	1	4333	0.377209018891	raw	4847
A	-31	1	4333	0.894595162472	norm	4847
C	-31	1	1323	0.115173674589	raw	4847
C	-31	1	1323	1.43952828683	norm	4847
G	-31	1	1224	0.106555236354	raw	4847
G	-31	1	1224	1.16987093552	norm	4847
A	-30	1	4628	0.402890223731	raw	4847
A	-30	1	4628	0.955501133608	norm	4847
T	-30	1	4268	0.371550448333	raw	4847
T	-30	1	4268	0.91232684226	norm	4847
C	-30	1	1313	0.114303125272	raw	4847
C	-30	1	1313	1.42864749857	norm	4847
G	-30	1	1278	0.111256202664	raw	4847
G	-30	1	1278	1.22148288856	norm	4847
T	-29	1	4592	0.399756246191	raw	4847
T	-29	1	4592	0.981585018664	norm	4847
A	-29	1	4377	0.381039435884	raw	4847
A	-29	1	4377	0.903679442913	norm	4847
C	-29	1	1294	0.11264908157	raw	4847
C	-29	1	1294	1.40797400088	norm	4847
G	-29	1	1224	0.106555236354	raw	4847
G	-29	1	1224	1.16987093552	norm	4847
T	-28	1	4504	0.392095412205	raw	4847
T	-28	1	4504	0.962774155937	norm	4847
A	-28	1	4474	0.389483764255	raw	4847
A	-28	1	4474	0.923706152066	norm	4847
C	-28	1	1307	0.113780795682	raw	4847
C	-28	1	1307	1.42211902562	norm	4847
G	-28	1	1202	0.104640027858	raw	4847
G	-28	1	1202	1.14884384354	norm	4847
A	-27	1	4468	0.388961434665	raw	4847
A	-27	1	4468	0.922467386551	norm	4847
T	-27	1	4199	0.365543658048	raw	4847
T	-27	1	4199	0.897577415804	norm	4847
C	-27	1	1489	0.129624793245	raw	4847
C	-27	1	1489	1.62014937195	norm	4847
G	-27	1	1331	0.115870114042	raw	4847
G	-27	1	1331	1.27213906469	norm	4847
T	-26	1	4570	0.397841037695	raw	4847
T	-26	1	4570	0.976882302983	norm	4847
A	-26	1	4331	0.377034909028	raw	4847
A	-26	1	4331	0.894182240634	norm	4847
C	-26	1	1325	0.115347784452	raw	4847
C	-26	1	1325	1.44170444449	norm	4847
G	-26	1	1261	0.109776268826	raw	4847
G	-26	1	1261	1.20523468112	norm	4847
A	-25	1	4403	0.383302864107	raw	4847
A	-25	1	4403	0.90904742681	norm	4847
T	-25	1	4364	0.379907721772	raw	4847
T	-25	1	4364	0.932847783417	norm	4847
C	-25	1	1444	0.12570732132	raw	4847
C	-25	1	1444	1.57118582478	norm	4847
G	-25	1	1276	0.111082092801	raw	4847
G	-25	1	1276	1.21957133474	norm	4847
A	-24	1	4313	0.375467920258	raw	4847
A	-24	1	4313	0.89046594409	norm	4847
T	-24	1	4282	0.372769217376	raw	4847
T	-24	1	4282	0.915319479512	norm	4847
C	-24	1	1512	0.131627056673	raw	4847
C	-24	1	1512	1.64517518495	norm	4847
G	-24	1	1380	0.120135805693	raw	4847
G	-24	1	1380	1.31897213318	norm	4847
T	-23	1	4426	0.385305127535	raw	4847
T	-23	1	4426	0.946100891247	norm	4847
A	-23	1	4345	0.378253678071	raw	4847
A	-23	1	4345	0.897072693502	norm	4847
G	-23	1	1402	0.12205101419	raw	4847
G	-23	1	1402	1.33999922516	norm	4847
C	-23	1	1314	0.114390180204	raw	4847
C	-23	1	1314	1.4297355774	norm	4847
A	-22	1	4391	0.382258204927	raw	4847
A	-22	1	4391	0.90656989578	norm	4847
T	-22	1	4264	0.371202228606	raw	4847
T	-22	1	4264	0.911471803045	norm	4847
C	-22	1	1587	0.138156176547	raw	4847
C	-22	1	1587	1.7267810969	norm	4847
G	-22	1	1245	0.108383389919	raw	4847
G	-22	1	1245	1.18994225059	norm	4847
T	-21	1	4329	0.376860799164	raw	4847
T	-21	1	4329	0.925366190287	norm	4847
A	-21	1	4085	0.355619395839	raw	4847
A	-21	1	4085	0.843392854535	norm	4847
C	-21	1	1644	0.143118307652	raw	4847
C	-21	1	1644	1.78880158999	norm	4847
G	-21	1	1429	0.124401497345	raw	4847
G	-21	1	1429	1.36580520168	norm	4847
T	-20	1	4387	0.381909985201	raw	4847
T	-20	1	4387	0.937764258903	norm	4847
A	-20	1	4270	0.371724558196	raw	4847
A	-20	1	4270	0.881588124569	norm	4847
C	-20	1	1457	0.126839035431	raw	4847
C	-20	1	1457	1.58533084952	norm	4847
G	-20	1	1373	0.119526421172	raw	4847
G	-20	1	1373	1.31228169483	norm	4847
A	-19	1	4353	0.378950117524	raw	4847
A	-19	1	4353	0.898724380854	norm	4847
T	-19	1	4296	0.373987986419	raw	4847
T	-19	1	4296	0.918312116764	norm	4847
C	-19	1	1531	0.133281100374	raw	4847
C	-19	1	1531	1.66584868265	norm	4847
G	-19	1	1307	0.113780795682	raw	4847
G	-19	1	1307	1.24920041889	norm	4847
T	-18	1	4250	0.369983459563	raw	4847
T	-18	1	4250	0.908479165793	norm	4847
A	-18	1	4162	0.362322625577	raw	4847
A	-18	1	4162	0.859290345306	norm	4847
C	-18	1	1674	0.145729955602	raw	4847
C	-18	1	1674	1.82144395477	norm	4847
G	-18	1	1401	0.121963959258	raw	4847
G	-18	1	1401	1.33904344825	norm	4847
T	-17	1	4383	0.381561765474	raw	4847
T	-17	1	4383	0.936909219688	norm	4847
A	-17	1	4144	0.360755636807	raw	4847
A	-17	1	4144	0.855574048762	norm	4847
C	-17	1	1548	0.134761034213	raw	4847
C	-17	1	1548	1.68434602269	norm	4847
G	-17	1	1412	0.122921563507	raw	4847
G	-17	1	1412	1.34955699424	norm	4847
T	-16	1	4233	0.368503525725	raw	4847
T	-16	1	4233	0.90484524913	norm	4847
A	-16	1	4209	0.366414207365	raw	4847
A	-16	1	4209	0.868994008504	norm	4847
C	-16	1	1649	0.14355358231	raw	4847
C	-16	1	1649	1.79424198412	norm	4847
G	-16	1	1396	0.1215286846	raw	4847
G	-16	1	1396	1.33426456371	norm	4847
T	-15	1	4234	0.368590580656	raw	4847
T	-15	1	4234	0.905059008934	norm	4847
A	-15	1	4165	0.362583790372	raw	4847
A	-15	1	4165	0.859909728063	norm	4847
C	-15	1	1659	0.144424131627	raw	4847
C	-15	1	1659	1.80512277238	norm	4847
G	-15	1	1429	0.124401497345	raw	4847
G	-15	1	1429	1.36580520168	norm	4847
A	-14	1	4232	0.368416470793	raw	4847
A	-14	1	4232	0.873742609643	norm	4847
T	-14	1	4220	0.367371811613	raw	4847
T	-14	1	4220	0.902066371682	norm	4847
C	-14	1	1604	0.139636110386	raw	4847
C	-14	1	1604	1.74527843695	norm	4847
G	-14	1	1431	0.124575607208	raw	4847
G	-14	1	1431	1.3677167555	norm	4847
T	-13	1	4248	0.3698093497	raw	4847
T	-13	1	4248	0.908051646186	norm	4847
A	-13	1	4165	0.362583790372	raw	4847
A	-13	1	4165	0.859909728063	norm	4847
C	-13	1	1694	0.147471054235	raw	4847
C	-13	1	1694	1.84320553129	norm	4847
G	-13	1	1380	0.120135805693	raw	4847
G	-13	1	1380	1.31897213318	norm	4847
T	-12	1	4273	0.371985722991	raw	4847
T	-12	1	4273	0.913395641279	norm	4847
A	-12	1	3954	0.344215199791	raw	4847
A	-12	1	3954	0.816346474132	norm	4847
C	-12	1	1744	0.151823800818	raw	4847
C	-12	1	1744	1.89760947259	norm	4847
G	-12	1	1516	0.131975276399	raw	4847
G	-12	1	1516	1.44895779269	norm	4847
T	-11	1	4256	0.370505789153	raw	4847
T	-11	1	4256	0.909761724616	norm	4847
A	-11	1	4206	0.36615304257	raw	4847
A	-11	1	4206	0.868374625746	norm	4847
C	-11	1	1663	0.144772351354	raw	4847
C	-11	1	1663	1.80947508768	norm	4847
G	-11	1	1362	0.118568816923	raw	4847
G	-11	1	1362	1.30176814884	norm	4847
T	-10	1	4389	0.382084095064	raw	4847
T	-10	1	4389	0.93819177851	norm	4847
A	-10	1	4112	0.357969878994	raw	4847
A	-10	1	4112	0.848967299351	norm	4847
C	-10	1	1617	0.140767824497	raw	4847
C	-10	1	1617	1.75942346169	norm	4847
G	-10	1	1369	0.119178201445	raw	4847
G	-10	1	1369	1.3084585872	norm	4847
T	-9	1	4281	0.372682162445	raw	4847
T	-9	1	4281	0.915105719709	norm	4847
A	-9	1	4034	0.351179594324	raw	4847
A	-9	1	4034	0.832863347661	norm	4847
G	-9	1	1591	0.138504396274	raw	4847
G	-9	1	1591	1.52064106079	norm	4847
C	-9	1	1581	0.137633846957	raw	4847
C	-9	1	1581	1.72025262395	norm	4847
T	-8	1	4222	0.367545921476	raw	4847
T	-8	1	4222	0.902493891289	norm	4847
A	-8	1	4069	0.354226516932	raw	4847
A	-8	1	4069	0.840089479829	norm	4847
C	-8	1	1646	0.143292417515	raw	4847
C	-8	1	1646	1.79097774764	norm	4847
G	-8	1	1550	0.134935144076	raw	4847
G	-8	1	1550	1.48145420756	norm	4847
T	-7	1	4185	0.364324889005	raw	4847
T	-7	1	4185	0.894584778552	norm	4847
A	-7	1	3826	0.333072168538	raw	4847
A	-7	1	3826	0.789919476487	norm	4847
C	-7	1	1806	0.157221206581	raw	4847
C	-7	1	1806	1.9650703598	norm	4847
G	-7	1	1670	0.145381735875	raw	4847
G	-7	1	1670	1.59614743653	norm	4847
A	-6	1	3975	0.346043353356	raw	4847
A	-6	1	3975	0.820682153434	norm	4847
T	-6	1	3972	0.345782188561	raw	4847
T	-6	1	3972	0.84905394036	norm	4847
C	-6	1	1839	0.160094019326	raw	4847
C	-6	1	1839	2.00097696106	norm	4847
G	-6	1	1701	0.148080438757	raw	4847
G	-6	1	1701	1.62577652069	norm	4847
T	-5	1	4164	0.36249673544	raw	4847
T	-5	1	4164	0.890095822674	norm	4847
A	-5	1	4038	0.351527814051	raw	4847
A	-5	1	4038	0.833689191337	norm	4847
C	-5	1	1707	0.148602768347	raw	4847
C	-5	1	1707	1.85735055603	norm	4847
G	-5	1	1578	0.137372682162	raw	4847
G	-5	1	1578	1.50821596099	norm	4847
T	-4	1	4210	0.366501262297	raw	4847
T	-4	1	4210	0.899928773645	norm	4847
A	-4	1	4054	0.352920692957	raw	4847
A	-4	1	4054	0.836992566043	norm	4847
C	-4	1	1823	0.15870114042	raw	4847
C	-4	1	1823	1.98356769985	norm	4847
G	-4	1	1400	0.121876904327	raw	4847
G	-4	1	1400	1.33808767135	norm	4847
A	-3	1	4029	0.350744319666	raw	4847
A	-3	1	4029	0.831831043065	norm	4847
T	-3	1	3882	0.337947244711	raw	4847
T	-3	1	3882	0.829815558026	norm	4847
C	-3	1	1964	0.170975885784	raw	4847
C	-3	1	1964	2.13698681432	norm	4847
G	-3	1	1612	0.140332549839	raw	4847
G	-3	1	1612	1.54071237586	norm	4847
T	-2	1	4860	0.423086967877	raw	4847
T	-2	1	4860	1.03887264606	norm	4847
A	-2	1	3513	0.305823974928	raw	4847
A	-2	1	3513	0.725297208808	norm	4847
C	-2	1	1800	0.156698876991	raw	4847
C	-2	1	1800	1.95854188685	norm	4847
G	-2	1	1314	0.114390180204	raw	4847
G	-2	1	1314	1.25589085725	norm	4847
T	-1	1	4348	0.378514842866	raw	4847
T	-1	1	4348	0.929427626558	norm	4847
A	-1	1	3771	0.328284147297	raw	4847
A	-1	1	3771	0.778564125937	norm	4847
C	-1	1	2059	0.179246104292	raw	4847
C	-1	1	2059	2.24035430279	norm	4847
G	-1	1	1309	0.113954905545	raw	4847
G	-1	1	1309	1.25111197271	norm	4847
C	0	1	5860	0.510141899539	raw	4847
C	0	1	5860	6.37614192052	norm	4847
A	0	1	2873	0.250108818665	raw	4847
A	0	1	2873	0.593162220582	norm	4847
G	0	1	1560	0.135805693393	raw	4847
G	0	1	1560	1.49101197664	norm	4847
T	0	1	1194	0.103943588404	raw	4847
T	0	1	1194	0.255229205637	norm	4847
A	1	1	4816	0.419256550884	raw	4847
A	1	1	4816	0.994315786399	norm	4847
T	1	1	3845	0.33472621224	raw	4847
T	1	1	3845	0.821906445288	norm	4847
C	1	1	2051	0.178549664839	raw	4847
C	1	1	2051	2.23164967218	norm	4847
G	1	1	775	0.067467572038	raw	4847
G	1	1	775	0.740727103781	norm	4847
T	2	1	4027	0.350570209802	raw	4847
T	2	1	4027	0.860810729565	norm	4847
A	2	1	3778	0.328893531819	raw	4847
A	2	1	3778	0.78000935237	norm	4847
C	2	1	1923	0.167406633586	raw	4847
C	2	1	1923	2.09237558245	norm	4847
G	2	1	1759	0.153129624793	raw	4847
G	2	1	1759	1.68121158136	norm	4847
T	3	1	4476	0.389657874119	raw	4847
T	3	1	4476	0.956788881433	norm	4847
A	3	1	3491	0.303908766432	raw	4847
A	3	1	3491	0.720755068588	norm	4847
G	3	1	1850	0.161051623574	raw	4847
G	3	1	1850	1.76818727999	norm	4847
C	3	1	1670	0.145381735875	raw	4847
C	3	1	1670	1.81709163946	norm	4847
A	4	1	4206	0.36615304257	raw	4847
A	4	1	4206	0.868374625746	norm	4847
T	4	1	3784	0.329415861409	raw	4847
T	4	1	3784	0.808867097262	norm	4847
G	4	1	1923	0.167406633586	raw	4847
G	4	1	1923	1.83795899429	norm	4847
C	4	1	1574	0.137024462436	raw	4847
C	4	1	1574	1.71263607217	norm	4847
T	5	1	3908	0.340210672935	raw	4847
T	5	1	3908	0.835373312923	norm	4847
A	5	1	3654	0.318098720293	raw	4847
A	5	1	3654	0.754408198402	norm	4847
C	5	1	1985	0.172804039349	raw	4847
C	5	1	1985	2.15983646966	norm	4847
G	5	1	1940	0.168886567424	raw	4847
G	5	1	1940	1.85420720172	norm	4847
T	6	1	4175	0.363454339688	raw	4847
T	6	1	4175	0.892447180515	norm	4847
A	6	1	3087	0.26873857404	raw	4847
A	6	1	3087	0.63734485727	norm	4847
C	6	1	2208	0.192217289109	raw	4847
C	6	1	2208	2.40247804787	norm	4847
G	6	1	2017	0.175589797162	raw	4847
G	6	1	2017	1.92780202365	norm	4847
T	7	1	4148	0.361103856533	raw	4847
T	7	1	4148	0.886675665814	norm	4847
A	7	1	3475	0.302515887525	raw	4847
A	7	1	3475	0.717451693882	norm	4847
C	7	1	2085	0.181509532515	raw	4847
C	7	1	2085	2.26864435227	norm	4847
G	7	1	1779	0.154870723426	raw	4847
G	7	1	1779	1.70032711952	norm	4847
T	8	1	4210	0.366501262297	raw	4847
T	8	1	4210	0.899928773645	norm	4847
A	8	1	3698	0.321929137286	raw	4847
A	8	1	3698	0.763492478842	norm	4847
C	8	1	1845	0.160616348916	raw	4847
C	8	1	1845	2.00750543402	norm	4847
G	8	1	1734	0.150953251502	raw	4847
G	8	1	1734	1.65731715865	norm	4847
T	9	1	4302	0.374510316009	raw	4847
T	9	1	4302	0.919594675587	norm	4847
A	9	1	3557	0.309654391921	raw	4847
A	9	1	3557	0.734381489249	norm	4847
G	9	1	1903	0.165665534953	raw	4847
G	9	1	1903	1.81884345612	norm	4847
C	9	1	1725	0.150169757117	raw	4847
C	9	1	1725	1.8769359749	norm	4847
T	10	1	3926	0.341777661705	raw	4847
T	10	1	3926	0.839220989389	norm	4847
A	10	1	3844	0.334639157308	raw	4847
A	10	1	3844	0.793635773031	norm	4847
G	10	1	1873	0.163053887003	raw	4847
G	10	1	1873	1.79017014888	norm	4847
C	10	1	1844	0.160529293985	raw	4847
C	10	1	1844	2.00641735519	norm	4847
T	11	1	3937	0.342735265953	raw	4847
T	11	1	3937	0.84157234723	norm	4847
A	11	1	3857	0.33577087142	raw	4847
A	11	1	3857	0.796319764979	norm	4847
C	11	1	1952	0.169931226604	raw	4847
C	11	1	1952	2.1239298684	norm	4847
G	11	1	1741	0.151562636023	raw	4847
G	11	1	1741	1.66400759701	norm	4847
T	12	1	4106	0.357447549404	raw	4847
T	12	1	4106	0.877697754058	norm	4847
A	12	1	3660	0.318621049882	raw	4847
A	12	1	3660	0.755646963916	norm	4847
C	12	1	2013	0.175241577435	raw	4847
C	12	1	2013	2.19030267679	norm	4847
G	12	1	1708	0.148689823278	raw	4847
G	12	1	1708	1.63246695904	norm	4847
T	13	1	4238	0.368938800383	raw	4847
T	13	1	4238	0.905914048149	norm	4847
A	13	1	3649	0.317663445634	raw	4847
A	13	1	3649	0.753375893806	norm	4847
C	13	1	1828	0.159136415078	raw	4847
C	13	1	1828	1.98900809398	norm	4847
G	13	1	1772	0.154261338905	raw	4847
G	13	1	1772	1.69363668116	norm	4847
T	14	1	4170	0.36301906503	raw	4847
T	14	1	4170	0.891378381496	norm	4847
A	14	1	3747	0.326194828937	raw	4847
A	14	1	3747	0.773609063878	norm	4847
C	14	1	2017	0.175589797162	raw	4847
C	14	1	2017	2.1946549921	norm	4847
G	14	1	1553	0.135196308871	raw	4847
G	14	1	1553	1.48432153829	norm	4847
T	15	1	4089	0.355967615565	raw	4847
T	15	1	4089	0.874063837395	norm	4847
A	15	1	3553	0.309306172195	raw	4847
A	15	1	3553	0.733555645572	norm	4847
C	15	1	1996	0.173761643597	raw	4847
C	15	1	1996	2.17180533675	norm	4847
G	15	1	1849	0.160964568643	raw	4847
G	15	1	1849	1.76723150309	norm	4847
T	16	1	4310	0.375206755463	raw	4847
T	16	1	4310	0.921304754016	norm	4847
A	16	1	3307	0.287890659006	raw	4847
A	16	1	3307	0.682766259473	norm	4847
G	16	1	2013	0.175241577435	raw	4847
G	16	1	2013	1.92397891601	norm	4847
C	16	1	1857	0.161661008096	raw	4847
C	16	1	1857	2.02056237993	norm	4847
T	17	1	4271	0.371811613128	raw	4847
T	17	1	4271	0.912968121671	norm	4847
A	17	1	3754	0.326804213459	raw	4847
A	17	1	3754	0.775054290312	norm	4847
C	17	1	1784	0.155305998085	raw	4847
C	17	1	1784	1.94113262563	norm	4847
G	17	1	1678	0.146078175329	raw	4847
G	17	1	1678	1.6037936518	norm	4847
T	18	1	3887	0.33838251937	raw	4847
T	18	1	3887	0.830884357045	norm	4847
A	18	1	3753	0.326717158527	raw	4847
A	18	1	3753	0.774847829393	norm	4847
C	18	1	1988	0.173065204144	raw	4847
C	18	1	1988	2.16310070614	norm	4847
G	18	1	1859	0.161835117959	raw	4847
G	18	1	1859	1.77678927217	norm	4847
T	19	1	4193	0.365021328458	raw	4847
T	19	1	4193	0.896294856982	norm	4847
A	19	1	3671	0.319578654131	raw	4847
A	19	1	3671	0.757918034026	norm	4847
G	19	1	1817	0.15817881083	raw	4847
G	19	1	1817	1.73664664203	norm	4847
C	19	1	1806	0.157221206581	raw	4847
C	19	1	1806	1.9650703598	norm	4847
T	20	1	4326	0.376599634369	raw	4847
T	20	1	4326	0.924724910876	norm	4847
A	20	1	3570	0.310786106033	raw	4847
A	20	1	3570	0.737065481197	norm	4847
C	20	1	1844	0.160529293985	raw	4847
C	20	1	1844	2.00641735519	norm	4847
G	20	1	1747	0.152084965613	raw	4847
G	20	1	1747	1.66974225846	norm	4847
T	21	1	4085	0.355619395839	raw	4847
T	21	1	4085	0.87320879818	norm	4847
A	21	1	3729	0.324627840167	raw	4847
A	21	1	3729	0.769892767334	norm	4847
C	21	1	1925	0.167580743449	raw	4847
C	21	1	1925	2.0945517401	norm	4847
G	21	1	1748	0.152172020545	raw	4847
G	21	1	1748	1.67069803537	norm	4847
T	22	1	4231	0.368329415861	raw	4847
T	22	1	4231	0.904417729523	norm	4847
A	22	1	3755	0.32689126839	raw	4847
A	22	1	3755	0.775260751231	norm	4847
G	22	1	1793	0.15608949247	raw	4847
G	22	1	1793	1.71370799623	norm	4847
C	22	1	1708	0.148689823278	raw	4847
C	22	1	1708	1.85843863485	norm	4847
T	23	1	4307	0.374945590668	raw	4847
T	23	1	4307	0.920663474605	norm	4847
A	23	1	3543	0.308435622878	raw	4847
A	23	1	3543	0.731491036381	norm	4847
C	23	1	1865	0.162357447549	raw	4847
C	23	1	1865	2.02926701054	norm	4847
G	23	1	1772	0.154261338905	raw	4847
G	23	1	1772	1.69363668116	norm	4847
T	24	1	4132	0.359710977627	raw	4847
T	24	1	4132	0.883255508955	norm	4847
A	24	1	3603	0.313658918778	raw	4847
A	24	1	3603	0.743878691527	norm	4847
G	24	1	1911	0.166361974406	raw	4847
G	24	1	1911	1.82648967139	norm	4847
C	24	1	1841	0.16026812919	raw	4847
C	24	1	1841	2.00315311872	norm	4847
T	25	1	4155	0.361713241055	raw	4847
T	25	1	4155	0.88817198444	norm	4847
A	25	1	3992	0.347523287194	raw	4847
A	25	1	3992	0.824191989058	norm	4847
G	25	1	1672	0.145555845739	raw	4847
G	25	1	1672	1.59805899035	norm	4847
C	25	1	1668	0.145207626012	raw	4847
C	25	1	1668	1.81491548181	norm	4847
T	26	1	4369	0.380342996431	raw	4847
T	26	1	4369	0.933916582436	norm	4847
A	26	1	3558	0.309741446853	raw	4847
A	26	1	3558	0.734587950168	norm	4847
C	26	1	1876	0.163315051798	raw	4847
C	26	1	1876	2.04123587763	norm	4847
G	26	1	1684	0.146600504919	raw	4847
G	26	1	1684	1.60952831325	norm	4847
T	27	1	4187	0.364498998868	raw	4847
T	27	1	4187	0.895012298159	norm	4847
A	27	1	3694	0.321580917559	raw	4847
A	27	1	3694	0.762666635166	norm	4847
G	27	1	1805	0.15713415165	raw	4847
G	27	1	1805	1.72517731913	norm	4847
C	27	1	1801	0.156785931923	raw	4847
C	27	1	1801	1.95962996567	norm	4847
T	28	1	4374	0.380778271089	raw	4847
T	28	1	4374	0.934985381454	norm	4847
A	28	1	3778	0.328893531819	raw	4847
A	28	1	3778	0.78000935237	norm	4847
G	28	1	1726	0.150256812048	raw	4847
G	28	1	1726	1.64967094339	norm	4847
C	28	1	1609	0.140071385044	raw	4847
C	28	1	1609	1.75071883108	norm	4847
T	29	1	4342	0.377992513276	raw	4847
T	29	1	4342	0.928145067735	norm	4847
A	29	1	3587	0.312266039871	raw	4847
A	29	1	3587	0.740575316822	norm	4847
C	29	1	1795	0.156263602333	raw	4847
C	29	1	1795	1.95310149272	norm	4847
G	29	1	1763	0.15347784452	raw	4847
G	29	1	1763	1.68503468899	norm	4847
T	30	1	4310	0.375206755463	raw	4847
T	30	1	4310	0.921304754016	norm	4847
A	30	1	3646	0.317402280839	raw	4847
A	30	1	3646	0.752756511049	norm	4847
C	30	1	1835	0.1597457996	raw	4847
C	30	1	1835	1.99662464576	norm	4847
G	30	1	1696	0.147645164099	raw	4847
G	30	1	1696	1.62099763615	norm	4847
T	31	1	4391	0.382258204927	raw	4847
T	31	1	4391	0.938619298117	norm	4847
A	31	1	3802	0.330982850178	raw	4847
A	31	1	3802	0.784964414429	norm	4847
G	31	1	1655	0.1440759119	raw	4847
G	31	1	1655	1.58181078291	norm	4847
C	31	1	1639	0.142683032994	raw	4847
C	31	1	1639	1.78336119586	norm	4847
T	32	1	4316	0.375729085053	raw	4847
T	32	1	4316	0.922587312839	norm	4847
A	32	1	3895	0.339078958823	raw	4847
A	32	1	3895	0.804165279905	norm	4847
C	32	1	1705	0.148428658484	raw	4847
C	32	1	1705	1.85517439838	norm	4847
G	32	1	1571	0.136763297641	raw	4847
G	32	1	1571	1.50152552263	norm	4847
T	33	1	4460	0.388264995212	raw	4847
T	33	1	4460	0.953368724574	norm	4847
A	33	1	3641	0.316967006181	raw	4847
A	33	1	3641	0.751724206453	norm	4847
C	33	1	1796	0.156350657265	raw	4847
C	33	1	1796	1.95418957154	norm	4847
G	33	1	1590	0.138417341342	raw	4847
G	33	1	1590	1.51968528389	norm	4847
T	34	1	4339	0.377731348481	raw	4847
T	34	1	4339	0.927503788324	norm	4847
A	34	1	3888	0.338469574301	raw	4847
A	34	1	3888	0.802720053472	norm	4847
G	34	1	1656	0.144162966832	raw	4847
G	34	1	1656	1.58276655982	norm	4847
C	34	1	1604	0.139636110386	raw	4847
C	34	1	1604	1.74527843695	norm	4847
T	35	1	4654	0.405153651954	raw	4847
T	35	1	4654	0.994838126495	norm	4847
A	35	1	3744	0.325933664142	raw	4847
A	35	1	3744	0.772989681121	norm	4847
C	35	1	1651	0.143727692174	raw	4847
C	35	1	1651	1.79641814177	norm	4847
G	35	1	1438	0.12518499173	raw	4847
G	35	1	1438	1.37440719385	norm	4847
T	36	1	4462	0.388439105075	raw	4847
T	36	1	4462	0.953796244181	norm	4847
A	36	1	3798	0.330634630452	raw	4847
A	36	1	3798	0.784138570752	norm	4847
G	36	1	1632	0.142073648472	raw	4847
G	36	1	1632	1.55982791403	norm	4847
C	36	1	1595	0.138852616001	raw	4847
C	36	1	1595	1.73548572751	norm	4847
T	37	1	4566	0.397492817968	raw	4847
T	37	1	4566	0.976027263768	norm	4847
A	37	1	3993	0.347610342126	raw	4847
A	37	1	3993	0.824398449977	norm	4847
C	37	1	1487	0.129450683381	raw	4847
C	37	1	1487	1.6179732143	norm	4847
G	37	1	1441	0.125446156525	raw	4847
G	37	1	1441	1.37727452458	norm	4847
T	38	1	4517	0.393227126317	raw	4847
T	38	1	4517	0.965553033386	norm	4847
A	38	1	3917	0.34099416732	raw	4847
A	38	1	3917	0.808707420126	norm	4847
C	38	1	1581	0.137633846957	raw	4847
C	38	1	1581	1.72025262395	norm	4847
G	38	1	1472	0.128144859406	raw	4847
G	38	1	1472	1.40690360873	norm	4847
T	39	1	4557	0.396709323583	raw	4847
T	39	1	4557	0.974103425534	norm	4847
A	39	1	4014	0.349438495691	raw	4847
A	39	1	4014	0.828734129279	norm	4847
C	39	1	1509	0.131365891878	raw	4847
C	39	1	1509	1.64191094847	norm	4847
G	39	1	1407	0.122486288848	raw	4847
G	39	1	1407	1.3447781097	norm	4847
T	40	1	4784	0.41647079307	raw	4847
T	40	1	4784	1.02262690098	norm	4847
A	40	1	3834	0.333768607992	raw	4847
A	40	1	3834	0.79157116384	norm	4847
C	40	1	1459	0.127013145295	raw	4847
C	40	1	1459	1.58750700717	norm	4847
G	40	1	1410	0.122747453643	raw	4847
G	40	1	1410	1.34764544043	norm	4847
T	41	1	4680	0.407417080178	raw	4847
T	41	1	4680	1.00039588139	norm	4847
A	41	1	4100	0.356925219814	raw	4847
A	41	1	4100	0.846489768321	norm	4847
C	41	1	1359	0.118307652128	raw	4847
C	41	1	1359	1.47869912457	norm	4847
G	41	1	1348	0.11735004788	raw	4847
G	41	1	1348	1.28838727213	norm	4847
T	42	1	4564	0.397318708105	raw	4847
T	42	1	4564	0.97559974416	norm	4847
A	42	1	4017	0.349699660486	raw	4847
A	42	1	4017	0.829353512036	norm	4847
C	42	1	1456	0.1267519805	raw	4847
C	42	1	1456	1.5842427707	norm	4847
G	42	1	1450	0.12622965091	raw	4847
G	42	1	1450	1.38587651675	norm	4847
T	43	1	4524	0.393836510838	raw	4847
T	43	1	4524	0.967049352012	norm	4847
A	43	1	4237	0.368851745451	raw	4847
A	43	1	4237	0.874774914239	norm	4847
G	43	1	1417	0.123356838165	raw	4847
G	43	1	1417	1.35433587878	norm	4847
C	43	1	1309	0.113954905545	raw	4847
C	43	1	1309	1.42429518327	norm	4847
T	44	1	4587	0.399320971533	raw	4847
T	44	1	4587	0.980516219646	norm	4847
A	44	1	4310	0.375206755463	raw	4847
A	44	1	4310	0.889846561333	norm	4847
G	44	1	1318	0.11473839993	raw	4847
G	44	1	1318	1.25971396488	norm	4847
C	44	1	1272	0.110733873074	raw	4847
C	44	1	1272	1.38403626671	norm	4847
T	45	1	4741	0.412727431009	raw	4847
T	45	1	4741	1.01343522942	norm	4847
A	45	1	4162	0.362322625577	raw	4847
A	45	1	4162	0.859290345306	norm	4847
G	45	1	1343	0.116914773222	raw	4847
G	45	1	1343	1.28360838758	norm	4847
C	45	1	1241	0.108035170192	raw	4847
C	45	1	1241	1.3503058231	norm	4847
T	46	1	4665	0.406111256203	raw	4847
T	46	1	4665	0.997189484336	norm	4847
A	46	1	4392	0.382345259859	raw	4847
A	46	1	4392	0.906776356699	norm	4847
G	46	1	1228	0.106903456081	raw	4847
G	46	1	1228	1.17369404315	norm	4847
C	46	1	1202	0.104640027858	raw	4847
C	46	1	1202	1.30787074888	norm	4847
T	47	1	4724	0.411247497171	raw	4847
T	47	1	4724	1.00980131275	norm	4847
A	47	1	4152	0.36145207626	raw	4847
A	47	1	4152	0.857225736115	norm	4847
G	47	1	1374	0.119613476103	raw	4847
G	47	1	1374	1.31323747174	norm	4847
C	47	1	1237	0.107686950466	raw	4847
C	47	1	1237	1.3459535078	norm	4847
A	48	1	4375	0.380865326021	raw	4847
A	48	1	4375	0.903266521075	norm	4847
T	48	1	4357	0.379298337251	raw	4847
T	48	1	4357	0.931351464791	norm	4847
G	48	1	1517	0.132062331331	raw	4847
G	48	1	1517	1.44991356959	norm	4847
C	48	1	1238	0.107774005397	raw	4847
C	48	1	1238	1.34704158662	norm	4847
T	49	1	4659	0.405588926613	raw	4847
T	49	1	4659	0.995906925513	norm	4847
A	49	1	4245	0.369548184905	raw	4847
A	49	1	4245	0.876426601591	norm	4847
G	49	1	1309	0.113954905545	raw	4847
G	49	1	1309	1.25111197271	norm	4847
C	49	1	1274	0.110907982937	raw	4847
C	49	1	1274	1.38621242436	norm	4847
T	50	1	4676	0.407068860451	raw	4847
T	50	1	4676	0.999540842177	norm	4847
A	50	1	4385	0.381735875337	raw	4847
A	50	1	4385	0.905331130266	norm	4847
C	50	1	1213	0.105597632106	raw	4847
C	50	1	1213	1.31983961597	norm	4847
G	50	1	1213	0.105597632106	raw	4847
G	50	1	1213	1.15935738953	norm	4847
A	51	1	4516	0.393140071385	raw	4847
A	51	1	4516	0.932377510668	norm	4847
T	51	1	4486	0.390528423435	raw	4847
T	51	1	4486	0.95892647947	norm	4847
G	51	1	1277	0.111169147732	raw	4847
G	51	1	1277	1.22052711165	norm	4847
C	51	1	1208	0.105162357448	raw	4847
C	51	1	1208	1.31439922184	norm	4847
T	52	1	4719	0.410812222512	raw	4847
T	52	1	4719	1.00873251374	norm	4847
A	52	1	4332	0.377121963959	raw	4847
A	52	1	4332	0.894388701553	norm	4847
C	52	1	1272	0.110733873074	raw	4847
C	52	1	1272	1.38403626671	norm	4847
G	52	1	1164	0.101331940454	raw	4847
G	52	1	1164	1.11252432103	norm	4847
T	53	1	4636	0.403586663184	raw	4847
T	53	1	4636	0.990990450028	norm	4847
A	53	1	4496	0.391398972752	raw	4847
A	53	1	4496	0.928248292286	norm	4847
G	53	1	1194	0.103943588404	raw	4847
G	53	1	1194	1.14119762828	norm	4847
C	53	1	1161	0.101070775659	raw	4847
C	53	1	1161	1.26325951702	norm	4847
T	54	1	4606	0.400975015235	raw	4847
T	54	1	4606	0.984577655916	norm	4847
A	54	1	4439	0.386436841647	raw	4847
A	54	1	4439	0.916480019897	norm	4847
C	54	1	1225	0.106642291286	raw	4847
C	54	1	1225	1.33289656188	norm	4847
G	54	1	1217	0.105945851833	raw	4847
G	54	1	1217	1.16318049716	norm	4847
T	55	1	4718	0.410725167581	raw	4847
T	55	1	4718	1.00851875393	norm	4847
A	55	1	4461	0.388352050144	raw	4847
A	55	1	4461	0.921022160118	norm	4847
C	55	1	1249	0.108731609646	raw	4847
C	55	1	1249	1.35901045371	norm	4847
G	55	1	1059	0.0921911726299	raw	4847
G	55	1	1059	1.01216774568	norm	4847
A	56	1	4651	0.404892487159	raw	4847
A	56	1	4651	0.960249734747	norm	4847
T	56	1	4599	0.400365630713	raw	4847
T	56	1	4599	0.98308133729	norm	4847
C	56	1	1178	0.102550709498	raw	4847
C	56	1	1178	1.28175685706	norm	4847
G	56	1	1059	0.0921911726299	raw	4847
G	56	1	1059	1.01216774568	norm	4847
T	57	1	4574	0.398189257421	raw	4847
T	57	1	4574	0.977737342197	norm	4847
A	57	1	4406	0.383564028902	raw	4847
A	57	1	4406	0.909666809567	norm	4847
G	57	1	1307	0.113780795682	raw	4847
G	57	1	1307	1.24920041889	norm	4847
C	57	1	1200	0.104465917994	raw	4847
C	57	1	1200	1.30569459123	norm	4847
T	58	1	4863	0.423348132672	raw	4847
T	58	1	4863	1.03951392547	norm	4847
A	58	1	4401	0.383128754244	raw	4847
A	58	1	4401	0.908634504971	norm	4847
G	58	1	1153	0.100374336206	raw	4847
G	58	1	1153	1.10201077504	norm	4847
C	58	1	1070	0.0931487768782	raw	4847
C	58	1	1070	1.16424434385	norm	4847
T	59	1	4786	0.416644902934	raw	4847
T	59	1	4786	1.02305442059	norm	4847
A	59	1	4405	0.383476973971	raw	4847
A	59	1	4405	0.909460348648	norm	4847
G	59	1	1183	0.102985984156	raw	4847
G	59	1	1183	1.13068408229	norm	4847
C	59	1	1113	0.0968921389397	raw	4847
C	59	1	1113	1.21103173337	norm	4847
T	60	1	4483	0.39026725864	raw	4847
T	60	1	4483	0.958285200059	norm	4847
A	60	1	4477	0.38974492905	raw	4847
A	60	1	4477	0.924325534823	norm	4847
G	60	1	1323	0.115173674589	raw	4847
G	60	1	1323	1.26449284942	norm	4847
C	60	1	1204	0.104814137721	raw	4847
C	60	1	1204	1.31004690654	norm	4847
T	61	1	4839	0.421258814312	raw	4847
T	61	1	4839	1.03438369018	norm	4847
A	61	1	4470	0.389135544529	raw	4847
A	61	1	4470	0.922880308389	norm	4847
G	61	1	1183	0.102985984156	raw	4847
G	61	1	1183	1.13068408229	norm	4847
C	61	1	995	0.0866196570036	raw	4847
C	61	1	995	1.0826384319	norm	4847
T	62	1	4725	0.411334552102	raw	4847
T	62	1	4725	1.01001507256	norm	4847
A	62	1	4602	0.400626795508	raw	4847
A	62	1	4602	0.950133149711	norm	4847
G	62	1	1113	0.0968921389397	raw	4847
G	62	1	1113	1.06377969872	norm	4847
C	62	1	1047	0.09114651345	raw	4847
C	62	1	1047	1.13921853085	norm	4847
T	63	1	4767	0.414990859232	raw	4847
T	63	1	4767	1.01899298431	norm	4847
A	63	1	4484	0.390354313572	raw	4847
A	63	1	4484	0.925770761257	norm	4847
G	63	1	1193	0.103856533473	raw	4847
G	63	1	1193	1.14024185137	norm	4847
C	63	1	1043	0.0907982937233	raw	4847
C	63	1	1043	1.13486621555	norm	4847
T	64	1	4803	0.418124836772	raw	4847
T	64	1	4803	1.02668833725	norm	4847
A	64	1	4603	0.40071385044	raw	4847
A	64	1	4603	0.95033961063	norm	4847
G	64	1	1050	0.091407678245	raw	4847
G	64	1	1050	1.00356575351	norm	4847
C	64	1	1031	0.0897536345434	raw	4847
C	64	1	1031	1.12180926963	norm	4847
T	65	1	4814	0.41908244102	raw	4847
T	65	1	4814	1.02903969509	norm	4847
A	65	1	4679	0.407330025246	raw	4847
A	65	1	4679	0.966030640482	norm	4847
G	65	1	1017	0.0885348655001	raw	4847
G	65	1	1017	0.972025115542	norm	4847
C	65	1	977	0.0850526682337	raw	4847
C	65	1	977	1.06305301303	norm	4847
A	66	1	4694	0.408635849221	raw	4847
A	66	1	4694	0.969127554269	norm	4847
T	66	1	4591	0.39966919126	raw	4847
T	66	1	4591	0.981371258861	norm	4847
C	66	1	1110	0.0966309741447	raw	4847
C	66	1	1110	1.20776749689	norm	4847
G	66	1	1092	0.0950639853748	raw	4847
G	66	1	1092	1.04370838365	norm	4847
A	67	1	4725	0.411334552102	raw	4847
A	67	1	4725	0.975527842761	norm	4847
T	67	1	4534	0.394707060155	raw	4847
T	67	1	4534	0.969186950049	norm	4847
G	67	1	1163	0.101244885523	raw	4847
G	67	1	1163	1.11156854413	norm	4847
C	67	1	1065	0.0927135022199	raw	4847
C	67	1	1065	1.15880394972	norm	4847
T	68	1	4632	0.403238443458	raw	4847
T	68	1	4632	0.990135410813	norm	4847
A	68	1	4630	0.403064333594	raw	4847
A	68	1	4630	0.955914055446	norm	4847
C	68	1	1118	0.097327413598	raw	4847
C	68	1	1118	1.2164721275	norm	4847
G	68	1	1107	0.0963698093497	raw	4847
G	68	1	1107	1.05804503727	norm	4847
T	69	1	4619	0.402106729346	raw	4847
T	69	1	4619	0.987356533365	norm	4847
A	69	1	4490	0.390876643162	raw	4847
A	69	1	4490	0.927009526772	norm	4847
G	69	1	1253	0.109079829372	raw	4847
G	69	1	1253	1.19758846586	norm	4847
C	69	1	1125	0.0979367981196	raw	4847
C	69	1	1125	1.22408867928	norm	4847
T	70	1	4783	0.416383738139	raw	4847
T	70	1	4783	1.02241314117	norm	4847
A	70	1	4601	0.400539740576	raw	4847
A	70	1	4601	0.949926688792	norm	4847
G	70	1	1063	0.0925393923566	raw	4847
G	70	1	1063	1.01599085332	norm	4847
C	70	1	1040	0.0905371289284	raw	4847
C	70	1	1040	1.13160197907	norm	4847
A	71	1	4734	0.412118046487	raw	4847
A	71	1	4734	0.977385991033	norm	4847
T	71	1	4666	0.406198311134	raw	4847
T	71	1	4666	0.997403244139	norm	4847
G	71	1	1097	0.0954992600331	raw	4847
G	71	1	1097	1.04848726819	norm	4847
C	71	1	990	0.0861843823453	raw	4847
C	71	1	990	1.07719803777	norm	4847
T	72	1	4781	0.416209628275	raw	4847
T	72	1	4781	1.02198562157	norm	4847
A	72	1	4744	0.412988595804	raw	4847
A	72	1	4744	0.979450600224	norm	4847
C	72	1	1058	0.0921041176983	raw	4847
C	72	1	1058	1.15118739794	norm	4847
G	72	1	904	0.0786976582223	raw	4847
G	72	1	904	0.864022324927	norm	4847
A	73	1	4775	0.415687298685	raw	4847
A	73	1	4775	0.985850888716	norm	4847
T	73	1	4699	0.409071123879	raw	4847
T	73	1	4699	1.00445731766	norm	4847
G	73	1	1030	0.0896665796117	raw	4847
G	73	1	1030	0.984450215348	norm	4847
C	73	1	983	0.0855749978236	raw	4847
C	73	1	983	1.06958148598	norm	4847
A	74	1	4843	0.421607034038	raw	4847
A	74	1	4843	0.999890231215	norm	4847
T	74	1	4581	0.398798641943	raw	4847
T	74	1	4581	0.979233660823	norm	4847
G	74	1	1095	0.0953251501698	raw	4847
G	74	1	1095	1.04657571437	norm	4847
C	74	1	968	0.0842691738487	raw	4847
C	74	1	968	1.05326030359	norm	4847
A	75	1	4704	0.409506398537	raw	4847
A	75	1	4704	0.97119216346	norm	4847
T	75	1	4688	0.408113519631	raw	4847
T	75	1	4688	1.00210595982	norm	4847
C	75	1	1061	0.0923652824933	raw	4847
C	75	1	1061	1.15445163441	norm	4847
G	75	1	1034	0.0900147993384	raw	4847
G	75	1	1034	0.98827332298	norm	4847
T	76	1	4784	0.41647079307	raw	4847
T	76	1	4784	1.02262690098	norm	4847
A	76	1	4659	0.405588926613	raw	4847
A	76	1	4659	0.9619014221	norm	4847
G	76	1	1127	0.0981109079829	raw	4847
G	76	1	1127	1.07716057543	norm	4847
C	76	1	917	0.0798293723339	raw	4847
C	76	1	917	0.997768283467	norm	4847
A	77	1	4852	0.422390528423	raw	4847
A	77	1	4852	1.00174837949	norm	4847
T	77	1	4617	0.401932619483	raw	4847
T	77	1	4617	0.986929013757	norm	4847
C	77	1	1054	0.0917558979716	raw	4847
C	77	1	1054	1.14683508263	norm	4847
G	77	1	964	0.0839209541221	raw	4847
G	77	1	964	0.921368939413	norm	4847
A	78	1	4782	0.416296683207	raw	4847
A	78	1	4782	0.98729611515	norm	4847
T	78	1	4437	0.386262731784	raw	4847
T	78	1	4437	0.948452249088	norm	4847
G	78	1	1158	0.100809610864	raw	4847
G	78	1	1158	1.10678965959	norm	4847
C	78	1	1110	0.0966309741447	raw	4847
C	78	1	1110	1.20776749689	norm	4847
T	79	1	4766	0.414903804301	raw	4847
T	79	1	4766	1.01877922451	norm	4847
A	79	1	4722	0.411073387307	raw	4847
A	79	1	4722	0.974908460003	norm	4847
G	79	1	1060	0.0922782275616	raw	4847
G	79	1	1060	1.01312352259	norm	4847
C	79	1	939	0.0817445808305	raw	4847
C	79	1	939	1.02170601764	norm	4847
A	80	1	4753	0.413772090189	raw	4847
A	80	1	4753	0.981308748496	norm	4847
T	80	1	4666	0.406198311134	raw	4847
T	80	1	4666	0.997403244139	norm	4847
C	80	1	1076	0.0936711064682	raw	4847
C	80	1	1076	1.1707728168	norm	4847
G	80	1	992	0.0863584922086	raw	4847
G	80	1	992	0.94813069284	norm	4847
A	81	1	4733	0.412030991556	raw	4847
A	81	1	4733	0.977179530114	norm	4847
T	81	1	4576	0.398363367285	raw	4847
T	81	1	4576	0.978164861805	norm	4847
G	81	1	1103	0.0960215896231	raw	4847
G	81	1	1103	1.05422192964	norm	4847
C	81	1	1075	0.0935840515365	raw	4847
C	81	1	1075	1.16968473798	norm	4847
A	82	1	4838	0.42117175938	raw	4847
A	82	1	4838	0.998857926619	norm	4847
T	82	1	4684	0.407765299904	raw	4847
T	82	1	4684	1.00125092061	norm	4847
G	82	1	1063	0.0925393923566	raw	4847
G	82	1	1063	1.01599085332	norm	4847
C	82	1	902	0.078523548359	raw	4847
C	82	1	902	0.981447101076	norm	4847
A	83	1	4798	0.417689562114	raw	4847
A	83	1	4798	0.990599489855	norm	4847
T	83	1	4623	0.402454949073	raw	4847
T	83	1	4623	0.98821157258	norm	4847
C	83	1	1055	0.0918429529033	raw	4847
C	83	1	1055	1.14792316146	norm	4847
G	83	1	1011	0.0880125359102	raw	4847
G	83	1	1011	0.966290454094	norm	4847
T	84	1	4679	0.407330025246	raw	4847
T	84	1	4679	1.00018212159	norm	4847
A	84	1	4518	0.393314181248	raw	4847
A	84	1	4518	0.932790432506	norm	4847
G	84	1	1231	0.107164620876	raw	4847
G	84	1	1231	1.17656137388	norm	4847
C	84	1	1059	0.0921911726299	raw	4847
C	84	1	1059	1.15227547676	norm	4847
A	85	1	4720	0.410899277444	raw	4847
A	85	1	4720	0.974495538165	norm	4847
T	85	1	4637	0.403673718116	raw	4847
T	85	1	4637	0.991204209832	norm	4847
G	85	1	1169	0.101767215113	raw	4847
G	85	1	1169	1.11730320557	norm	4847
C	85	1	961	0.0836597893271	raw	4847
C	85	1	961	1.04564375181	norm	4847
A	86	1	4752	0.413685035257	raw	4847
A	86	1	4752	0.981102287576	norm	4847
T	86	1	4740	0.412640376077	raw	4847
T	86	1	4740	1.01322146961	norm	4847
G	86	1	1062	0.0924523374249	raw	4847
G	86	1	1062	1.01503507641	norm	4847
C	86	1	933	0.0812222512405	raw	4847
C	86	1	933	1.01517754468	norm	4847
A	87	1	4681	0.407504135109	raw	4847
A	87	1	4681	0.96644356232	norm	4847
T	87	1	4584	0.399059806738	raw	4847
T	87	1	4584	0.979874940235	norm	4847
G	87	1	1154	0.100461391138	raw	4847
G	87	1	1154	1.10296655195	norm	4847
C	87	1	1068	0.0929746670149	raw	4847
C	87	1	1068	1.1620681862	norm	4847
A	88	1	4806	0.418386001567	raw	4847
A	88	1	4806	0.992251177208	norm	4847
T	88	1	4677	0.407155915383	raw	4847
T	88	1	4677	0.99975460198	norm	4847
G	88	1	1117	0.0972403586663	raw	4847
G	88	1	1117	1.06760280635	norm	4847
C	88	1	887	0.0772177243841	raw	4847
C	88	1	887	0.965125918686	norm	4847
T	89	1	4761	0.414468529642	raw	4847
T	89	1	4761	1.01771042549	norm	4847
A	89	1	4676	0.407068860451	raw	4847
A	89	1	4676	0.965411257725	norm	4847
C	89	1	1035	0.09010185427	raw	4847
C	89	1	1035	1.12616158494	norm	4847
G	89	1	1015	0.0883607556368	raw	4847
G	89	1	1015	0.970113561726	norm	4847
T	90	1	4625	0.402629058936	raw	4847
T	90	1	4625	0.988639092187	norm	4847
A	90	1	4596	0.400104465918	raw	4847
A	90	1	4596	0.948894384196	norm	4847
G	90	1	1139	0.0991555671629	raw	4847
G	90	1	1139	1.08862989833	norm	4847
C	90	1	1127	0.0981109079829	raw	4847
C	90	1	1127	1.22626483693	norm	4847
A	91	1	4825	0.420040045269	raw	4847
A	91	1	4825	0.996173934671	norm	4847
T	91	1	4689	0.408200574563	raw	4847
T	91	1	4689	1.00231971962	norm	4847
G	91	1	1103	0.0960215896231	raw	4847
G	91	1	1103	1.05422192964	norm	4847
C	91	1	870	0.0757377905458	raw	4847
C	91	1	870	0.946628578643	norm	4847
A	92	1	4729	0.411682771829	raw	4847
A	92	1	4729	0.976353686437	norm	4847
T	92	1	4723	0.411160442239	raw	4847
T	92	1	4723	1.00958755295	norm	4847
G	92	1	1018	0.0886219204318	raw	4847
G	92	1	1018	0.97298089245	norm	4847
C	92	1	1017	0.0885348655001	raw	4847
C	92	1	1017	1.10657616607	norm	4847
A	93	1	4662	0.405850091408	raw	4847
A	93	1	4662	0.962520804857	norm	4847
T	93	1	4624	0.402542004005	raw	4847
T	93	1	4624	0.988425332383	norm	4847
G	93	1	1163	0.101244885523	raw	4847
G	93	1	1163	1.11156854413	norm	4847
C	93	1	1038	0.090363019065	raw	4847
C	93	1	1038	1.12942582142	norm	4847
T	94	1	4840	0.421345869243	raw	4847
T	94	1	4840	1.03459744999	norm	4847
A	94	1	4704	0.409506398537	raw	4847
A	94	1	4704	0.97119216346	norm	4847
G	94	1	1026	0.0893183598851	raw	4847
G	94	1	1026	0.980627107715	norm	4847
C	94	1	917	0.0798293723339	raw	4847
C	94	1	917	0.997768283467	norm	4847
A	95	1	4915	0.427874989118	raw	4847
A	95	1	4915	1.01475541739	norm	4847
T	95	1	4630	0.403064333594	raw	4847
T	95	1	4630	0.989707891206	norm	4847
C	95	1	1001	0.0871419865935	raw	4847
C	95	1	1001	1.08916690485	norm	4847
G	95	1	941	0.0819186906938	raw	4847
G	95	1	941	0.899386070526	norm	4847
T	96	1	4699	0.409071123879	raw	4847
T	96	1	4699	1.00445731766	norm	4847
A	96	1	4630	0.403064333594	raw	4847
A	96	1	4630	0.955914055446	norm	4847
G	96	1	1163	0.101244885523	raw	4847
G	96	1	1163	1.11156854413	norm	4847
C	96	1	995	0.0866196570036	raw	4847
C	96	1	995	1.0826384319	norm	4847
A	97	1	4800	0.417863671977	raw	4847
A	97	1	4800	0.991012411693	norm	4847
T	97	1	4645	0.404370157569	raw	4847
T	97	1	4645	0.992914288261	norm	4847
G	97	1	1060	0.0922782275616	raw	4847
G	97	1	1060	1.01312352259	norm	4847
C	97	1	982	0.085487942892	raw	4847
C	97	1	982	1.06849340716	norm	4847
A	98	1	4777	0.415861408549	raw	4847
A	98	1	4777	0.986263810554	norm	4847
T	98	1	4731	0.411856881692	raw	4847
T	98	1	4731	1.01129763138	norm	4847
C	98	1	991	0.0862714372769	raw	4847
C	98	1	991	1.07828611659	norm	4847
G	98	1	988	0.0860102724819	raw	4847
G	98	1	988	0.944307585207	norm	4847
A	99	1	4766	0.414903804301	raw	4847
A	99	1	4766	0.983992740444	norm	4847
T	99	1	4503	0.392008357273	raw	4847
T	99	1	4503	0.962560396134	norm	4847
G	99	1	1139	0.0991555671629	raw	4847
G	99	1	1139	1.08862989833	norm	4847
C	99	1	1079	0.0939322712632	raw	4847
C	99	1	1079	1.17403705328	norm	4847
T	100	1	4737	0.412379211282	raw	4847
T	100	1	4737	1.0125801902	norm	4847
A	100	1	4636	0.403586663184	raw	4847
A	100	1	4636	0.957152820961	norm	4847
G	100	1	1089	0.0948028205798	raw	4847
G	100	1	1089	1.04084105293	norm	4847
C	100	1	1025	0.0892313049534	raw	4847
C	100	1	1025	1.11528079668	norm	4847
