#nuc	offset	region.size	count	freq	norm.freq	total.sites
T	-100	1	1	1.0	raw	1
T	-100	1	1	3.1925214755	norm	1
A	-99	1	1	1.0	raw	1
A	-99	1	1	3.36780383795	norm	1
C	-98	1	1	1.0	raw	1
C	-98	1	1	4.92056074765	norm	1
A	-97	1	1	1.0	raw	1
A	-97	1	1	3.36780383795	norm	1
C	-96	1	1	1.0	raw	1
C	-96	1	1	4.92056074765	norm	1
G	-95	1	1	1.0	raw	1
G	-95	1	1	5.35877862595	norm	1
A	-94	1	1	1.0	raw	1
A	-94	1	1	3.36780383795	norm	1
C	-93	1	1	1.0	raw	1
C	-93	1	1	4.92056074765	norm	1
G	-92	1	1	1.0	raw	1
G	-92	1	1	5.35877862595	norm	1
A	-91	1	1	1.0	raw	1
A	-91	1	1	3.36780383795	norm	1
C	-90	1	1	1.0	raw	1
C	-90	1	1	4.92056074765	norm	1
T	-89	1	1	1.0	raw	1
T	-89	1	1	3.1925214755	norm	1
T	-88	1	1	1.0	raw	1
T	-88	1	1	3.1925214755	norm	1
G	-87	1	1	1.0	raw	1
G	-87	1	1	5.35877862595	norm	1
A	-86	1	1	1.0	raw	1
A	-86	1	1	3.36780383795	norm	1
T	-85	1	1	1.0	raw	1
T	-85	1	1	3.1925214755	norm	1
T	-84	1	1	1.0	raw	1
T	-84	1	1	3.1925214755	norm	1
G	-83	1	1	1.0	raw	1
G	-83	1	1	5.35877862595	norm	1
G	-82	1	1	1.0	raw	1
G	-82	1	1	5.35877862595	norm	1
A	-81	1	1	1.0	raw	1
A	-81	1	1	3.36780383795	norm	1
T	-80	1	1	1.0	raw	1
T	-80	1	1	3.1925214755	norm	1
A	-79	1	1	1.0	raw	1
A	-79	1	1	3.36780383795	norm	1
A	-78	1	1	1.0	raw	1
A	-78	1	1	3.36780383795	norm	1
A	-77	1	1	1.0	raw	1
A	-77	1	1	3.36780383795	norm	1
T	-76	1	1	1.0	raw	1
T	-76	1	1	3.1925214755	norm	1
A	-75	1	1	1.0	raw	1
A	-75	1	1	3.36780383795	norm	1
C	-74	1	1	1.0	raw	1
C	-74	1	1	4.92056074765	norm	1
A	-73	1	1	1.0	raw	1
A	-73	1	1	3.36780383795	norm	1
A	-72	1	1	1.0	raw	1
A	-72	1	1	3.36780383795	norm	1
C	-71	1	1	1.0	raw	1
C	-71	1	1	4.92056074765	norm	1
C	-70	1	1	1.0	raw	1
C	-70	1	1	4.92056074765	norm	1
T	-69	1	1	1.0	raw	1
T	-69	1	1	3.1925214755	norm	1
A	-68	1	1	1.0	raw	1
A	-68	1	1	3.36780383795	norm	1
C	-67	1	1	1.0	raw	1
C	-67	1	1	4.92056074765	norm	1
T	-66	1	1	1.0	raw	1
T	-66	1	1	3.1925214755	norm	1
A	-65	1	1	1.0	raw	1
A	-65	1	1	3.36780383795	norm	1
A	-64	1	1	1.0	raw	1
A	-64	1	1	3.36780383795	norm	1
T	-63	1	1	1.0	raw	1
T	-63	1	1	3.1925214755	norm	1
G	-62	1	1	1.0	raw	1
G	-62	1	1	5.35877862595	norm	1
T	-61	1	1	1.0	raw	1
T	-61	1	1	3.1925214755	norm	1
G	-60	1	1	1.0	raw	1
G	-60	1	1	5.35877862595	norm	1
T	-59	1	1	1.0	raw	1
T	-59	1	1	3.1925214755	norm	1
A	-58	1	1	1.0	raw	1
A	-58	1	1	3.36780383795	norm	1
T	-57	1	1	1.0	raw	1
T	-57	1	1	3.1925214755	norm	1
T	-56	1	1	1.0	raw	1
T	-56	1	1	3.1925214755	norm	1
G	-55	1	1	1.0	raw	1
G	-55	1	1	5.35877862595	norm	1
C	-54	1	1	1.0	raw	1
C	-54	1	1	4.92056074765	norm	1
C	-53	1	1	1.0	raw	1
C	-53	1	1	4.92056074765	norm	1
T	-52	1	1	1.0	raw	1
T	-52	1	1	3.1925214755	norm	1
T	-51	1	1	1.0	raw	1
T	-51	1	1	3.1925214755	norm	1
G	-50	1	1	1.0	raw	1
G	-50	1	1	5.35877862595	norm	1
T	-49	1	1	1.0	raw	1
T	-49	1	1	3.1925214755	norm	1
C	-48	1	1	1.0	raw	1
C	-48	1	1	4.92056074765	norm	1
G	-47	1	1	1.0	raw	1
G	-47	1	1	5.35877862595	norm	1
T	-46	1	1	1.0	raw	1
T	-46	1	1	3.1925214755	norm	1
T	-45	1	1	1.0	raw	1
T	-45	1	1	3.1925214755	norm	1
A	-44	1	1	1.0	raw	1
A	-44	1	1	3.36780383795	norm	1
G	-43	1	1	1.0	raw	1
G	-43	1	1	5.35877862595	norm	1
T	-42	1	1	1.0	raw	1
T	-42	1	1	3.1925214755	norm	1
T	-41	1	1	1.0	raw	1
T	-41	1	1	3.1925214755	norm	1
C	-40	1	1	1.0	raw	1
C	-40	1	1	4.92056074765	norm	1
T	-39	1	1	1.0	raw	1
T	-39	1	1	3.1925214755	norm	1
C	-38	1	1	1.0	raw	1
C	-38	1	1	4.92056074765	norm	1
T	-37	1	1	1.0	raw	1
T	-37	1	1	3.1925214755	norm	1
C	-36	1	1	1.0	raw	1
C	-36	1	1	4.92056074765	norm	1
G	-35	1	1	1.0	raw	1
G	-35	1	1	5.35877862595	norm	1
G	-34	1	1	1.0	raw	1
G	-34	1	1	5.35877862595	norm	1
T	-33	1	1	1.0	raw	1
T	-33	1	1	3.1925214755	norm	1
G	-32	1	1	1.0	raw	1
G	-32	1	1	5.35877862595	norm	1
T	-31	1	1	1.0	raw	1
T	-31	1	1	3.1925214755	norm	1
A	-30	1	1	1.0	raw	1
A	-30	1	1	3.36780383795	norm	1
A	-29	1	1	1.0	raw	1
A	-29	1	1	3.36780383795	norm	1
G	-28	1	1	1.0	raw	1
G	-28	1	1	5.35877862595	norm	1
T	-27	1	1	1.0	raw	1
T	-27	1	1	3.1925214755	norm	1
A	-26	1	1	1.0	raw	1
A	-26	1	1	3.36780383795	norm	1
C	-25	1	1	1.0	raw	1
C	-25	1	1	4.92056074765	norm	1
T	-24	1	1	1.0	raw	1
T	-24	1	1	3.1925214755	norm	1
C	-23	1	1	1.0	raw	1
C	-23	1	1	4.92056074765	norm	1
G	-22	1	1	1.0	raw	1
G	-22	1	1	5.35877862595	norm	1
A	-21	1	1	1.0	raw	1
A	-21	1	1	3.36780383795	norm	1
T	-20	1	1	1.0	raw	1
T	-20	1	1	3.1925214755	norm	1
A	-19	1	1	1.0	raw	1
A	-19	1	1	3.36780383795	norm	1
T	-18	1	1	1.0	raw	1
T	-18	1	1	3.1925214755	norm	1
T	-17	1	1	1.0	raw	1
T	-17	1	1	3.1925214755	norm	1
A	-16	1	1	1.0	raw	1
A	-16	1	1	3.36780383795	norm	1
T	-15	1	1	1.0	raw	1
T	-15	1	1	3.1925214755	norm	1
G	-14	1	1	1.0	raw	1
G	-14	1	1	5.35877862595	norm	1
A	-13	1	1	1.0	raw	1
A	-13	1	1	3.36780383795	norm	1
T	-12	1	1	1.0	raw	1
T	-12	1	1	3.1925214755	norm	1
A	-11	1	1	1.0	raw	1
A	-11	1	1	3.36780383795	norm	1
G	-10	1	1	1.0	raw	1
G	-10	1	1	5.35877862595	norm	1
T	-9	1	1	1.0	raw	1
T	-9	1	1	3.1925214755	norm	1
A	-8	1	1	1.0	raw	1
A	-8	1	1	3.36780383795	norm	1
T	-7	1	1	1.0	raw	1
T	-7	1	1	3.1925214755	norm	1
T	-6	1	1	1.0	raw	1
T	-6	1	1	3.1925214755	norm	1
C	-5	1	1	1.0	raw	1
C	-5	1	1	4.92056074765	norm	1
G	-4	1	1	1.0	raw	1
G	-4	1	1	5.35877862595	norm	1
T	-3	1	1	1.0	raw	1
T	-3	1	1	3.1925214755	norm	1
T	-2	1	1	1.0	raw	1
T	-2	1	1	3.1925214755	norm	1
A	-1	1	1	1.0	raw	1
A	-1	1	1	3.36780383795	norm	1
A	0	1	1	1.0	raw	1
A	0	1	1	3.36780383795	norm	1
G	1	1	1	1.0	raw	1
G	1	1	1	5.35877862595	norm	1
C	2	1	1	1.0	raw	1
C	2	1	1	4.92056074765	norm	1
G	3	1	1	1.0	raw	1
G	3	1	1	5.35877862595	norm	1
A	4	1	1	1.0	raw	1
A	4	1	1	3.36780383795	norm	1
C	5	1	1	1.0	raw	1
C	5	1	1	4.92056074765	norm	1
T	6	1	1	1.0	raw	1
T	6	1	1	3.1925214755	norm	1
C	7	1	1	1.0	raw	1
C	7	1	1	4.92056074765	norm	1
A	8	1	1	1.0	raw	1
A	8	1	1	3.36780383795	norm	1
A	9	1	1	1.0	raw	1
A	9	1	1	3.36780383795	norm	1
A	10	1	1	1.0	raw	1
A	10	1	1	3.36780383795	norm	1
G	11	1	1	1.0	raw	1
G	11	1	1	5.35877862595	norm	1
C	12	1	1	1.0	raw	1
C	12	1	1	4.92056074765	norm	1
T	13	1	1	1.0	raw	1
T	13	1	1	3.1925214755	norm	1
A	14	1	1	1.0	raw	1
A	14	1	1	3.36780383795	norm	1
T	15	1	1	1.0	raw	1
T	15	1	1	3.1925214755	norm	1
A	16	1	1	1.0	raw	1
A	16	1	1	3.36780383795	norm	1
A	17	1	1	1.0	raw	1
A	17	1	1	3.36780383795	norm	1
C	18	1	1	1.0	raw	1
C	18	1	1	4.92056074765	norm	1
A	19	1	1	1.0	raw	1
A	19	1	1	3.36780383795	norm	1
G	20	1	1	1.0	raw	1
G	20	1	1	5.35877862595	norm	1
T	21	1	1	1.0	raw	1
T	21	1	1	3.1925214755	norm	1
T	22	1	1	1.0	raw	1
T	22	1	1	3.1925214755	norm	1
A	23	1	1	1.0	raw	1
A	23	1	1	3.36780383795	norm	1
T	24	1	1	1.0	raw	1
T	24	1	1	3.1925214755	norm	1
T	25	1	1	1.0	raw	1
T	25	1	1	3.1925214755	norm	1
T	26	1	1	1.0	raw	1
T	26	1	1	3.1925214755	norm	1
A	27	1	1	1.0	raw	1
A	27	1	1	3.36780383795	norm	1
G	28	1	1	1.0	raw	1
G	28	1	1	5.35877862595	norm	1
T	29	1	1	1.0	raw	1
T	29	1	1	3.1925214755	norm	1
G	30	1	1	1.0	raw	1
G	30	1	1	5.35877862595	norm	1
A	31	1	1	1.0	raw	1
A	31	1	1	3.36780383795	norm	1
G	32	1	1	1.0	raw	1
G	32	1	1	5.35877862595	norm	1
G	33	1	1	1.0	raw	1
G	33	1	1	5.35877862595	norm	1
T	34	1	1	1.0	raw	1
T	34	1	1	3.1925214755	norm	1
C	35	1	1	1.0	raw	1
C	35	1	1	4.92056074765	norm	1
A	36	1	1	1.0	raw	1
A	36	1	1	3.36780383795	norm	1
A	37	1	1	1.0	raw	1
A	37	1	1	3.36780383795	norm	1
A	38	1	1	1.0	raw	1
A	38	1	1	3.36780383795	norm	1
T	39	1	1	1.0	raw	1
T	39	1	1	3.1925214755	norm	1
T	40	1	1	1.0	raw	1
T	40	1	1	3.1925214755	norm	1
T	41	1	1	1.0	raw	1
T	41	1	1	3.1925214755	norm	1
A	42	1	1	1.0	raw	1
A	42	1	1	3.36780383795	norm	1
T	43	1	1	1.0	raw	1
T	43	1	1	3.1925214755	norm	1
G	44	1	1	1.0	raw	1
G	44	1	1	5.35877862595	norm	1
T	45	1	1	1.0	raw	1
T	45	1	1	3.1925214755	norm	1
T	46	1	1	1.0	raw	1
T	46	1	1	3.1925214755	norm	1
C	47	1	1	1.0	raw	1
C	47	1	1	4.92056074765	norm	1
T	48	1	1	1.0	raw	1
T	48	1	1	3.1925214755	norm	1
G	49	1	1	1.0	raw	1
G	49	1	1	5.35877862595	norm	1
C	50	1	1	1.0	raw	1
C	50	1	1	4.92056074765	norm	1
G	51	1	1	1.0	raw	1
G	51	1	1	5.35877862595	norm	1
T	52	1	1	1.0	raw	1
T	52	1	1	3.1925214755	norm	1
T	53	1	1	1.0	raw	1
T	53	1	1	3.1925214755	norm	1
T	54	1	1	1.0	raw	1
T	54	1	1	3.1925214755	norm	1
T	55	1	1	1.0	raw	1
T	55	1	1	3.1925214755	norm	1
T	56	1	1	1.0	raw	1
T	56	1	1	3.1925214755	norm	1
C	57	1	1	1.0	raw	1
C	57	1	1	4.92056074765	norm	1
G	58	1	1	1.0	raw	1
G	58	1	1	5.35877862595	norm	1
T	59	1	1	1.0	raw	1
T	59	1	1	3.1925214755	norm	1
T	60	1	1	1.0	raw	1
T	60	1	1	3.1925214755	norm	1
G	61	1	1	1.0	raw	1
G	61	1	1	5.35877862595	norm	1
T	62	1	1	1.0	raw	1
T	62	1	1	3.1925214755	norm	1
T	63	1	1	1.0	raw	1
T	63	1	1	3.1925214755	norm	1
A	64	1	1	1.0	raw	1
A	64	1	1	3.36780383795	norm	1
A	65	1	1	1.0	raw	1
A	65	1	1	3.36780383795	norm	1
G	66	1	1	1.0	raw	1
G	66	1	1	5.35877862595	norm	1
A	67	1	1	1.0	raw	1
A	67	1	1	3.36780383795	norm	1
C	68	1	1	1.0	raw	1
C	68	1	1	4.92056074765	norm	1
C	69	1	1	1.0	raw	1
C	69	1	1	4.92056074765	norm	1
T	70	1	1	1.0	raw	1
T	70	1	1	3.1925214755	norm	1
T	71	1	1	1.0	raw	1
T	71	1	1	3.1925214755	norm	1
C	72	1	1	1.0	raw	1
C	72	1	1	4.92056074765	norm	1
G	73	1	1	1.0	raw	1
G	73	1	1	5.35877862595	norm	1
G	74	1	1	1.0	raw	1
G	74	1	1	5.35877862595	norm	1
A	75	1	1	1.0	raw	1
A	75	1	1	3.36780383795	norm	1
G	76	1	1	1.0	raw	1
G	76	1	1	5.35877862595	norm	1
T	77	1	1	1.0	raw	1
T	77	1	1	3.1925214755	norm	1
A	78	1	1	1.0	raw	1
A	78	1	1	3.36780383795	norm	1
A	79	1	1	1.0	raw	1
A	79	1	1	3.36780383795	norm	1
T	80	1	1	1.0	raw	1
T	80	1	1	3.1925214755	norm	1
T	81	1	1	1.0	raw	1
T	81	1	1	3.1925214755	norm	1
T	82	1	1	1.0	raw	1
T	82	1	1	3.1925214755	norm	1
C	83	1	1	1.0	raw	1
C	83	1	1	4.92056074765	norm	1
T	84	1	1	1.0	raw	1
T	84	1	1	3.1925214755	norm	1
T	85	1	1	1.0	raw	1
T	85	1	1	3.1925214755	norm	1
T	86	1	1	1.0	raw	1
T	86	1	1	3.1925214755	norm	1
A	87	1	1	1.0	raw	1
A	87	1	1	3.36780383795	norm	1
A	88	1	1	1.0	raw	1
A	88	1	1	3.36780383795	norm	1
C	89	1	1	1.0	raw	1
C	89	1	1	4.92056074765	norm	1
T	90	1	1	1.0	raw	1
T	90	1	1	3.1925214755	norm	1
A	91	1	1	1.0	raw	1
A	91	1	1	3.36780383795	norm	1
A	92	1	1	1.0	raw	1
A	92	1	1	3.36780383795	norm	1
G	93	1	1	1.0	raw	1
G	93	1	1	5.35877862595	norm	1
G	94	1	1	1.0	raw	1
G	94	1	1	5.35877862595	norm	1
A	95	1	1	1.0	raw	1
A	95	1	1	3.36780383795	norm	1
C	96	1	1	1.0	raw	1
C	96	1	1	4.92056074765	norm	1
G	97	1	1	1.0	raw	1
G	97	1	1	5.35877862595	norm	1
A	98	1	1	1.0	raw	1
A	98	1	1	3.36780383795	norm	1
A	99	1	1	1.0	raw	1
A	99	1	1	3.36780383795	norm	1
C	100	1	1	1.0	raw	1
C	100	1	1	4.92056074765	norm	1
