#nuc	offset	region.size	count	freq	norm.freq	total.sites
T	-100	1	20	0.377358490566	raw	53
T	-100	1	20	1.22235555671	norm	53
A	-100	1	14	0.264150943396	raw	53
A	-100	1	14	0.852653727211	norm	53
C	-100	1	10	0.188679245283	raw	53
C	-100	1	10	0.988401719062	norm	53
G	-100	1	9	0.169811320755	raw	53
G	-100	1	9	0.890958710205	norm	53
T	-99	1	20	0.377358490566	raw	53
T	-99	1	20	1.22235555671	norm	53
A	-99	1	18	0.339622641509	raw	53
A	-99	1	18	1.09626907784	norm	53
C	-99	1	9	0.169811320755	raw	53
C	-99	1	9	0.889561547156	norm	53
G	-99	1	6	0.11320754717	raw	53
G	-99	1	6	0.59397247347	norm	53
A	-98	1	18	0.339622641509	raw	53
A	-98	1	18	1.09626907784	norm	53
T	-98	1	15	0.283018867925	raw	53
T	-98	1	15	0.916766667529	norm	53
C	-98	1	14	0.264150943396	raw	53
C	-98	1	14	1.38376240669	norm	53
G	-98	1	6	0.11320754717	raw	53
G	-98	1	6	0.59397247347	norm	53
T	-97	1	16	0.301886792453	raw	53
T	-97	1	16	0.977884445364	norm	53
A	-97	1	13	0.245283018868	raw	53
A	-97	1	13	0.791749889553	norm	53
C	-97	1	13	0.245283018868	raw	53
C	-97	1	13	1.28492223478	norm	53
G	-97	1	11	0.207547169811	raw	53
G	-97	1	11	1.0889495347	norm	53
A	-96	1	20	0.377358490566	raw	53
A	-96	1	20	1.21807675316	norm	53
C	-96	1	14	0.264150943396	raw	53
C	-96	1	14	1.38376240669	norm	53
T	-96	1	10	0.188679245283	raw	53
T	-96	1	10	0.611177778353	norm	53
G	-96	1	9	0.169811320755	raw	53
G	-96	1	9	0.890958710205	norm	53
A	-95	1	15	0.283018867925	raw	53
A	-95	1	15	0.913557564869	norm	53
T	-95	1	15	0.283018867925	raw	53
T	-95	1	15	0.916766667529	norm	53
C	-95	1	12	0.22641509434	raw	53
C	-95	1	12	1.18608206287	norm	53
G	-95	1	11	0.207547169811	raw	53
G	-95	1	11	1.0889495347	norm	53
A	-94	1	18	0.339622641509	raw	53
A	-94	1	18	1.09626907784	norm	53
T	-94	1	16	0.301886792453	raw	53
T	-94	1	16	0.977884445364	norm	53
C	-94	1	11	0.207547169811	raw	53
C	-94	1	11	1.08724189097	norm	53
G	-94	1	8	0.150943396226	raw	53
G	-94	1	8	0.79196329796	norm	53
T	-93	1	16	0.301886792453	raw	53
T	-93	1	16	0.977884445364	norm	53
A	-93	1	14	0.264150943396	raw	53
A	-93	1	14	0.852653727211	norm	53
C	-93	1	12	0.22641509434	raw	53
C	-93	1	12	1.18608206287	norm	53
G	-93	1	11	0.207547169811	raw	53
G	-93	1	11	1.0889495347	norm	53
A	-92	1	21	0.396226415094	raw	53
A	-92	1	21	1.27898059082	norm	53
G	-92	1	13	0.245283018868	raw	53
G	-92	1	13	1.28694035919	norm	53
T	-92	1	12	0.22641509434	raw	53
T	-92	1	12	0.733413334023	norm	53
C	-92	1	7	0.132075471698	raw	53
C	-92	1	7	0.691881203343	norm	53
A	-91	1	15	0.283018867925	raw	53
A	-91	1	15	0.913557564869	norm	53
C	-91	1	14	0.264150943396	raw	53
C	-91	1	14	1.38376240669	norm	53
T	-91	1	14	0.264150943396	raw	53
T	-91	1	14	0.855648889694	norm	53
G	-91	1	10	0.188679245283	raw	53
G	-91	1	10	0.98995412245	norm	53
A	-90	1	25	0.471698113208	raw	53
A	-90	1	25	1.52259594145	norm	53
T	-90	1	15	0.283018867925	raw	53
T	-90	1	15	0.916766667529	norm	53
C	-90	1	7	0.132075471698	raw	53
C	-90	1	7	0.691881203343	norm	53
G	-90	1	6	0.11320754717	raw	53
G	-90	1	6	0.59397247347	norm	53
A	-89	1	19	0.358490566038	raw	53
A	-89	1	19	1.1571729155	norm	53
T	-89	1	13	0.245283018868	raw	53
T	-89	1	13	0.794531111858	norm	53
C	-89	1	11	0.207547169811	raw	53
C	-89	1	11	1.08724189097	norm	53
G	-89	1	10	0.188679245283	raw	53
G	-89	1	10	0.98995412245	norm	53
A	-88	1	19	0.358490566038	raw	53
A	-88	1	19	1.1571729155	norm	53
T	-88	1	15	0.283018867925	raw	53
T	-88	1	15	0.916766667529	norm	53
G	-88	1	10	0.188679245283	raw	53
G	-88	1	10	0.98995412245	norm	53
C	-88	1	9	0.169811320755	raw	53
C	-88	1	9	0.889561547156	norm	53
T	-87	1	19	0.358490566038	raw	53
T	-87	1	19	1.16123777887	norm	53
A	-87	1	17	0.320754716981	raw	53
A	-87	1	17	1.03536524018	norm	53
C	-87	1	9	0.169811320755	raw	53
C	-87	1	9	0.889561547156	norm	53
G	-87	1	8	0.150943396226	raw	53
G	-87	1	8	0.79196329796	norm	53
A	-86	1	20	0.377358490566	raw	53
A	-86	1	20	1.21807675316	norm	53
T	-86	1	14	0.264150943396	raw	53
T	-86	1	14	0.855648889694	norm	53
C	-86	1	10	0.188679245283	raw	53
C	-86	1	10	0.988401719062	norm	53
G	-86	1	9	0.169811320755	raw	53
G	-86	1	9	0.890958710205	norm	53
A	-85	1	18	0.339622641509	raw	53
A	-85	1	18	1.09626907784	norm	53
T	-85	1	18	0.339622641509	raw	53
T	-85	1	18	1.10012000103	norm	53
G	-85	1	9	0.169811320755	raw	53
G	-85	1	9	0.890958710205	norm	53
C	-85	1	8	0.150943396226	raw	53
C	-85	1	8	0.790721375249	norm	53
A	-84	1	17	0.320754716981	raw	53
A	-84	1	17	1.03536524018	norm	53
C	-84	1	13	0.245283018868	raw	53
C	-84	1	13	1.28492223478	norm	53
T	-84	1	13	0.245283018868	raw	53
T	-84	1	13	0.794531111858	norm	53
G	-84	1	10	0.188679245283	raw	53
G	-84	1	10	0.98995412245	norm	53
A	-83	1	17	0.320754716981	raw	53
A	-83	1	17	1.03536524018	norm	53
T	-83	1	15	0.283018867925	raw	53
T	-83	1	15	0.916766667529	norm	53
G	-83	1	11	0.207547169811	raw	53
G	-83	1	11	1.0889495347	norm	53
C	-83	1	10	0.188679245283	raw	53
C	-83	1	10	0.988401719062	norm	53
A	-82	1	18	0.339622641509	raw	53
A	-82	1	18	1.09626907784	norm	53
G	-82	1	14	0.264150943396	raw	53
G	-82	1	14	1.38593577143	norm	53
T	-82	1	13	0.245283018868	raw	53
T	-82	1	13	0.794531111858	norm	53
C	-82	1	8	0.150943396226	raw	53
C	-82	1	8	0.790721375249	norm	53
T	-81	1	17	0.320754716981	raw	53
T	-81	1	17	1.0390022232	norm	53
A	-81	1	15	0.283018867925	raw	53
A	-81	1	15	0.913557564869	norm	53
G	-81	1	14	0.264150943396	raw	53
G	-81	1	14	1.38593577143	norm	53
C	-81	1	7	0.132075471698	raw	53
C	-81	1	7	0.691881203343	norm	53
A	-80	1	23	0.433962264151	raw	53
A	-80	1	23	1.40078826613	norm	53
T	-80	1	21	0.396226415094	raw	53
T	-80	1	21	1.28347333454	norm	53
C	-80	1	5	0.0943396226415	raw	53
C	-80	1	5	0.494200859531	norm	53
G	-80	1	4	0.0754716981132	raw	53
G	-80	1	4	0.39598164898	norm	53
A	-79	1	19	0.358490566038	raw	53
A	-79	1	19	1.1571729155	norm	53
T	-79	1	14	0.264150943396	raw	53
T	-79	1	14	0.855648889694	norm	53
C	-79	1	11	0.207547169811	raw	53
C	-79	1	11	1.08724189097	norm	53
G	-79	1	9	0.169811320755	raw	53
G	-79	1	9	0.890958710205	norm	53
A	-78	1	19	0.358490566038	raw	53
A	-78	1	19	1.1571729155	norm	53
G	-78	1	13	0.245283018868	raw	53
G	-78	1	13	1.28694035919	norm	53
C	-78	1	11	0.207547169811	raw	53
C	-78	1	11	1.08724189097	norm	53
T	-78	1	10	0.188679245283	raw	53
T	-78	1	10	0.611177778353	norm	53
T	-77	1	19	0.358490566038	raw	53
T	-77	1	19	1.16123777887	norm	53
A	-77	1	18	0.339622641509	raw	53
A	-77	1	18	1.09626907784	norm	53
G	-77	1	9	0.169811320755	raw	53
G	-77	1	9	0.890958710205	norm	53
C	-77	1	7	0.132075471698	raw	53
C	-77	1	7	0.691881203343	norm	53
A	-76	1	17	0.320754716981	raw	53
A	-76	1	17	1.03536524018	norm	53
T	-76	1	15	0.283018867925	raw	53
T	-76	1	15	0.916766667529	norm	53
G	-76	1	12	0.22641509434	raw	53
G	-76	1	12	1.18794494694	norm	53
C	-76	1	9	0.169811320755	raw	53
C	-76	1	9	0.889561547156	norm	53
A	-75	1	20	0.377358490566	raw	53
A	-75	1	20	1.21807675316	norm	53
C	-75	1	13	0.245283018868	raw	53
C	-75	1	13	1.28492223478	norm	53
T	-75	1	12	0.22641509434	raw	53
T	-75	1	12	0.733413334023	norm	53
G	-75	1	8	0.150943396226	raw	53
G	-75	1	8	0.79196329796	norm	53
A	-74	1	20	0.377358490566	raw	53
A	-74	1	20	1.21807675316	norm	53
T	-74	1	15	0.283018867925	raw	53
T	-74	1	15	0.916766667529	norm	53
C	-74	1	9	0.169811320755	raw	53
C	-74	1	9	0.889561547156	norm	53
G	-74	1	9	0.169811320755	raw	53
G	-74	1	9	0.890958710205	norm	53
T	-73	1	22	0.415094339623	raw	53
T	-73	1	22	1.34459111238	norm	53
A	-73	1	14	0.264150943396	raw	53
A	-73	1	14	0.852653727211	norm	53
C	-73	1	12	0.22641509434	raw	53
C	-73	1	12	1.18608206287	norm	53
G	-73	1	5	0.0943396226415	raw	53
G	-73	1	5	0.494977061225	norm	53
A	-72	1	20	0.377358490566	raw	53
A	-72	1	20	1.21807675316	norm	53
T	-72	1	12	0.22641509434	raw	53
T	-72	1	12	0.733413334023	norm	53
G	-72	1	11	0.207547169811	raw	53
G	-72	1	11	1.0889495347	norm	53
C	-72	1	10	0.188679245283	raw	53
C	-72	1	10	0.988401719062	norm	53
T	-71	1	16	0.301886792453	raw	53
T	-71	1	16	0.977884445364	norm	53
A	-71	1	15	0.283018867925	raw	53
A	-71	1	15	0.913557564869	norm	53
C	-71	1	11	0.207547169811	raw	53
C	-71	1	11	1.08724189097	norm	53
G	-71	1	11	0.207547169811	raw	53
G	-71	1	11	1.0889495347	norm	53
A	-70	1	19	0.358490566038	raw	53
A	-70	1	19	1.1571729155	norm	53
T	-70	1	15	0.283018867925	raw	53
T	-70	1	15	0.916766667529	norm	53
G	-70	1	10	0.188679245283	raw	53
G	-70	1	10	0.98995412245	norm	53
C	-70	1	9	0.169811320755	raw	53
C	-70	1	9	0.889561547156	norm	53
A	-69	1	19	0.358490566038	raw	53
A	-69	1	19	1.1571729155	norm	53
T	-69	1	12	0.22641509434	raw	53
T	-69	1	12	0.733413334023	norm	53
C	-69	1	11	0.207547169811	raw	53
C	-69	1	11	1.08724189097	norm	53
G	-69	1	11	0.207547169811	raw	53
G	-69	1	11	1.0889495347	norm	53
A	-68	1	20	0.377358490566	raw	53
A	-68	1	20	1.21807675316	norm	53
G	-68	1	15	0.283018867925	raw	53
G	-68	1	15	1.48493118368	norm	53
C	-68	1	10	0.188679245283	raw	53
C	-68	1	10	0.988401719062	norm	53
T	-68	1	8	0.150943396226	raw	53
T	-68	1	8	0.488942222682	norm	53
A	-67	1	16	0.301886792453	raw	53
A	-67	1	16	0.974461402527	norm	53
T	-67	1	16	0.301886792453	raw	53
T	-67	1	16	0.977884445364	norm	53
G	-67	1	11	0.207547169811	raw	53
G	-67	1	11	1.0889495347	norm	53
C	-67	1	10	0.188679245283	raw	53
C	-67	1	10	0.988401719062	norm	53
A	-66	1	18	0.339622641509	raw	53
A	-66	1	18	1.09626907784	norm	53
T	-66	1	15	0.283018867925	raw	53
T	-66	1	15	0.916766667529	norm	53
C	-66	1	12	0.22641509434	raw	53
C	-66	1	12	1.18608206287	norm	53
G	-66	1	8	0.150943396226	raw	53
G	-66	1	8	0.79196329796	norm	53
A	-65	1	21	0.396226415094	raw	53
A	-65	1	21	1.27898059082	norm	53
T	-65	1	20	0.377358490566	raw	53
T	-65	1	20	1.22235555671	norm	53
C	-65	1	8	0.150943396226	raw	53
C	-65	1	8	0.790721375249	norm	53
G	-65	1	4	0.0754716981132	raw	53
G	-65	1	4	0.39598164898	norm	53
T	-64	1	22	0.415094339623	raw	53
T	-64	1	22	1.34459111238	norm	53
A	-64	1	16	0.301886792453	raw	53
A	-64	1	16	0.974461402527	norm	53
C	-64	1	9	0.169811320755	raw	53
C	-64	1	9	0.889561547156	norm	53
G	-64	1	6	0.11320754717	raw	53
G	-64	1	6	0.59397247347	norm	53
T	-63	1	18	0.339622641509	raw	53
T	-63	1	18	1.10012000103	norm	53
C	-63	1	14	0.264150943396	raw	53
C	-63	1	14	1.38376240669	norm	53
A	-63	1	11	0.207547169811	raw	53
A	-63	1	11	0.669942214237	norm	53
G	-63	1	10	0.188679245283	raw	53
G	-63	1	10	0.98995412245	norm	53
T	-62	1	20	0.377358490566	raw	53
T	-62	1	20	1.22235555671	norm	53
A	-62	1	16	0.301886792453	raw	53
A	-62	1	16	0.974461402527	norm	53
G	-62	1	13	0.245283018868	raw	53
G	-62	1	13	1.28694035919	norm	53
C	-62	1	4	0.0754716981132	raw	53
C	-62	1	4	0.395360687625	norm	53
T	-61	1	21	0.396226415094	raw	53
T	-61	1	21	1.28347333454	norm	53
A	-61	1	13	0.245283018868	raw	53
A	-61	1	13	0.791749889553	norm	53
G	-61	1	10	0.188679245283	raw	53
G	-61	1	10	0.98995412245	norm	53
C	-61	1	9	0.169811320755	raw	53
C	-61	1	9	0.889561547156	norm	53
A	-60	1	20	0.377358490566	raw	53
A	-60	1	20	1.21807675316	norm	53
T	-60	1	13	0.245283018868	raw	53
T	-60	1	13	0.794531111858	norm	53
C	-60	1	11	0.207547169811	raw	53
C	-60	1	11	1.08724189097	norm	53
G	-60	1	9	0.169811320755	raw	53
G	-60	1	9	0.890958710205	norm	53
T	-59	1	17	0.320754716981	raw	53
T	-59	1	17	1.0390022232	norm	53
A	-59	1	15	0.283018867925	raw	53
A	-59	1	15	0.913557564869	norm	53
C	-59	1	11	0.207547169811	raw	53
C	-59	1	11	1.08724189097	norm	53
G	-59	1	10	0.188679245283	raw	53
G	-59	1	10	0.98995412245	norm	53
T	-58	1	21	0.396226415094	raw	53
T	-58	1	21	1.28347333454	norm	53
A	-58	1	17	0.320754716981	raw	53
A	-58	1	17	1.03536524018	norm	53
C	-58	1	9	0.169811320755	raw	53
C	-58	1	9	0.889561547156	norm	53
G	-58	1	6	0.11320754717	raw	53
G	-58	1	6	0.59397247347	norm	53
A	-57	1	19	0.358490566038	raw	53
A	-57	1	19	1.1571729155	norm	53
T	-57	1	15	0.283018867925	raw	53
T	-57	1	15	0.916766667529	norm	53
C	-57	1	11	0.207547169811	raw	53
C	-57	1	11	1.08724189097	norm	53
G	-57	1	8	0.150943396226	raw	53
G	-57	1	8	0.79196329796	norm	53
A	-56	1	21	0.396226415094	raw	53
A	-56	1	21	1.27898059082	norm	53
T	-56	1	15	0.283018867925	raw	53
T	-56	1	15	0.916766667529	norm	53
C	-56	1	9	0.169811320755	raw	53
C	-56	1	9	0.889561547156	norm	53
G	-56	1	8	0.150943396226	raw	53
G	-56	1	8	0.79196329796	norm	53
A	-55	1	21	0.396226415094	raw	53
A	-55	1	21	1.27898059082	norm	53
T	-55	1	17	0.320754716981	raw	53
T	-55	1	17	1.0390022232	norm	53
C	-55	1	8	0.150943396226	raw	53
C	-55	1	8	0.790721375249	norm	53
G	-55	1	7	0.132075471698	raw	53
G	-55	1	7	0.692967885715	norm	53
A	-54	1	16	0.301886792453	raw	53
A	-54	1	16	0.974461402527	norm	53
T	-54	1	15	0.283018867925	raw	53
T	-54	1	15	0.916766667529	norm	53
C	-54	1	12	0.22641509434	raw	53
C	-54	1	12	1.18608206287	norm	53
G	-54	1	10	0.188679245283	raw	53
G	-54	1	10	0.98995412245	norm	53
A	-53	1	23	0.433962264151	raw	53
A	-53	1	23	1.40078826613	norm	53
T	-53	1	11	0.207547169811	raw	53
T	-53	1	11	0.672295556188	norm	53
C	-53	1	10	0.188679245283	raw	53
C	-53	1	10	0.988401719062	norm	53
G	-53	1	9	0.169811320755	raw	53
G	-53	1	9	0.890958710205	norm	53
T	-52	1	21	0.396226415094	raw	53
T	-52	1	21	1.28347333454	norm	53
A	-52	1	14	0.264150943396	raw	53
A	-52	1	14	0.852653727211	norm	53
C	-52	1	10	0.188679245283	raw	53
C	-52	1	10	0.988401719062	norm	53
G	-52	1	8	0.150943396226	raw	53
G	-52	1	8	0.79196329796	norm	53
T	-51	1	17	0.320754716981	raw	53
T	-51	1	17	1.0390022232	norm	53
A	-51	1	15	0.283018867925	raw	53
A	-51	1	15	0.913557564869	norm	53
G	-51	1	14	0.264150943396	raw	53
G	-51	1	14	1.38593577143	norm	53
C	-51	1	7	0.132075471698	raw	53
C	-51	1	7	0.691881203343	norm	53
T	-50	1	20	0.377358490566	raw	53
T	-50	1	20	1.22235555671	norm	53
A	-50	1	15	0.283018867925	raw	53
A	-50	1	15	0.913557564869	norm	53
C	-50	1	9	0.169811320755	raw	53
C	-50	1	9	0.889561547156	norm	53
G	-50	1	9	0.169811320755	raw	53
G	-50	1	9	0.890958710205	norm	53
A	-49	1	26	0.490566037736	raw	53
A	-49	1	26	1.58349977911	norm	53
G	-49	1	11	0.207547169811	raw	53
G	-49	1	11	1.0889495347	norm	53
T	-49	1	10	0.188679245283	raw	53
T	-49	1	10	0.611177778353	norm	53
C	-49	1	6	0.11320754717	raw	53
C	-49	1	6	0.593041031437	norm	53
T	-48	1	20	0.377358490566	raw	53
T	-48	1	20	1.22235555671	norm	53
A	-48	1	15	0.283018867925	raw	53
A	-48	1	15	0.913557564869	norm	53
C	-48	1	10	0.188679245283	raw	53
C	-48	1	10	0.988401719062	norm	53
G	-48	1	8	0.150943396226	raw	53
G	-48	1	8	0.79196329796	norm	53
A	-47	1	17	0.320754716981	raw	53
A	-47	1	17	1.03536524018	norm	53
G	-47	1	17	0.320754716981	raw	53
G	-47	1	17	1.68292200817	norm	53
C	-47	1	11	0.207547169811	raw	53
C	-47	1	11	1.08724189097	norm	53
T	-47	1	8	0.150943396226	raw	53
T	-47	1	8	0.488942222682	norm	53
T	-46	1	20	0.377358490566	raw	53
T	-46	1	20	1.22235555671	norm	53
A	-46	1	18	0.339622641509	raw	53
A	-46	1	18	1.09626907784	norm	53
C	-46	1	10	0.188679245283	raw	53
C	-46	1	10	0.988401719062	norm	53
G	-46	1	5	0.0943396226415	raw	53
G	-46	1	5	0.494977061225	norm	53
A	-45	1	21	0.396226415094	raw	53
A	-45	1	21	1.27898059082	norm	53
T	-45	1	15	0.283018867925	raw	53
T	-45	1	15	0.916766667529	norm	53
G	-45	1	9	0.169811320755	raw	53
G	-45	1	9	0.890958710205	norm	53
C	-45	1	8	0.150943396226	raw	53
C	-45	1	8	0.790721375249	norm	53
A	-44	1	18	0.339622641509	raw	53
A	-44	1	18	1.09626907784	norm	53
T	-44	1	16	0.301886792453	raw	53
T	-44	1	16	0.977884445364	norm	53
C	-44	1	10	0.188679245283	raw	53
C	-44	1	10	0.988401719062	norm	53
G	-44	1	9	0.169811320755	raw	53
G	-44	1	9	0.890958710205	norm	53
T	-43	1	18	0.339622641509	raw	53
T	-43	1	18	1.10012000103	norm	53
C	-43	1	13	0.245283018868	raw	53
C	-43	1	13	1.28492223478	norm	53
G	-43	1	12	0.22641509434	raw	53
G	-43	1	12	1.18794494694	norm	53
A	-43	1	10	0.188679245283	raw	53
A	-43	1	10	0.609038376579	norm	53
T	-42	1	21	0.396226415094	raw	53
T	-42	1	21	1.28347333454	norm	53
A	-42	1	16	0.301886792453	raw	53
A	-42	1	16	0.974461402527	norm	53
C	-42	1	10	0.188679245283	raw	53
C	-42	1	10	0.988401719062	norm	53
G	-42	1	6	0.11320754717	raw	53
G	-42	1	6	0.59397247347	norm	53
T	-41	1	19	0.358490566038	raw	53
T	-41	1	19	1.16123777887	norm	53
A	-41	1	14	0.264150943396	raw	53
A	-41	1	14	0.852653727211	norm	53
C	-41	1	10	0.188679245283	raw	53
C	-41	1	10	0.988401719062	norm	53
G	-41	1	10	0.188679245283	raw	53
G	-41	1	10	0.98995412245	norm	53
A	-40	1	21	0.396226415094	raw	53
A	-40	1	21	1.27898059082	norm	53
T	-40	1	16	0.301886792453	raw	53
T	-40	1	16	0.977884445364	norm	53
C	-40	1	9	0.169811320755	raw	53
C	-40	1	9	0.889561547156	norm	53
G	-40	1	7	0.132075471698	raw	53
G	-40	1	7	0.692967885715	norm	53
A	-39	1	19	0.358490566038	raw	53
A	-39	1	19	1.1571729155	norm	53
T	-39	1	18	0.339622641509	raw	53
T	-39	1	18	1.10012000103	norm	53
G	-39	1	9	0.169811320755	raw	53
G	-39	1	9	0.890958710205	norm	53
C	-39	1	7	0.132075471698	raw	53
C	-39	1	7	0.691881203343	norm	53
A	-38	1	16	0.301886792453	raw	53
A	-38	1	16	0.974461402527	norm	53
C	-38	1	14	0.264150943396	raw	53
C	-38	1	14	1.38376240669	norm	53
T	-38	1	12	0.22641509434	raw	53
T	-38	1	12	0.733413334023	norm	53
G	-38	1	11	0.207547169811	raw	53
G	-38	1	11	1.0889495347	norm	53
T	-37	1	24	0.452830188679	raw	53
T	-37	1	24	1.46682666805	norm	53
A	-37	1	13	0.245283018868	raw	53
A	-37	1	13	0.791749889553	norm	53
G	-37	1	11	0.207547169811	raw	53
G	-37	1	11	1.0889495347	norm	53
C	-37	1	5	0.0943396226415	raw	53
C	-37	1	5	0.494200859531	norm	53
A	-36	1	18	0.339622641509	raw	53
A	-36	1	18	1.09626907784	norm	53
T	-36	1	12	0.22641509434	raw	53
T	-36	1	12	0.733413334023	norm	53
G	-36	1	12	0.22641509434	raw	53
G	-36	1	12	1.18794494694	norm	53
C	-36	1	11	0.207547169811	raw	53
C	-36	1	11	1.08724189097	norm	53
A	-35	1	18	0.339622641509	raw	53
A	-35	1	18	1.09626907784	norm	53
C	-35	1	15	0.283018867925	raw	53
C	-35	1	15	1.48260257859	norm	53
T	-35	1	10	0.188679245283	raw	53
T	-35	1	10	0.611177778353	norm	53
G	-35	1	10	0.188679245283	raw	53
G	-35	1	10	0.98995412245	norm	53
T	-34	1	22	0.415094339623	raw	53
T	-34	1	22	1.34459111238	norm	53
C	-34	1	12	0.22641509434	raw	53
C	-34	1	12	1.18608206287	norm	53
G	-34	1	10	0.188679245283	raw	53
G	-34	1	10	0.98995412245	norm	53
A	-34	1	9	0.169811320755	raw	53
A	-34	1	9	0.548134538921	norm	53
C	-33	1	18	0.339622641509	raw	53
C	-33	1	18	1.77912309431	norm	53
A	-33	1	16	0.301886792453	raw	53
A	-33	1	16	0.974461402527	norm	53
T	-33	1	12	0.22641509434	raw	53
T	-33	1	12	0.733413334023	norm	53
G	-33	1	7	0.132075471698	raw	53
G	-33	1	7	0.692967885715	norm	53
A	-32	1	21	0.396226415094	raw	53
A	-32	1	21	1.27898059082	norm	53
T	-32	1	14	0.264150943396	raw	53
T	-32	1	14	0.855648889694	norm	53
C	-32	1	9	0.169811320755	raw	53
C	-32	1	9	0.889561547156	norm	53
G	-32	1	9	0.169811320755	raw	53
G	-32	1	9	0.890958710205	norm	53
T	-31	1	19	0.358490566038	raw	53
T	-31	1	19	1.16123777887	norm	53
A	-31	1	18	0.339622641509	raw	53
A	-31	1	18	1.09626907784	norm	53
G	-31	1	9	0.169811320755	raw	53
G	-31	1	9	0.890958710205	norm	53
C	-31	1	7	0.132075471698	raw	53
C	-31	1	7	0.691881203343	norm	53
T	-30	1	26	0.490566037736	raw	53
T	-30	1	26	1.58906222372	norm	53
A	-30	1	12	0.22641509434	raw	53
A	-30	1	12	0.730846051895	norm	53
C	-30	1	8	0.150943396226	raw	53
C	-30	1	8	0.790721375249	norm	53
G	-30	1	7	0.132075471698	raw	53
G	-30	1	7	0.692967885715	norm	53
T	-29	1	22	0.415094339623	raw	53
T	-29	1	22	1.34459111238	norm	53
A	-29	1	13	0.245283018868	raw	53
A	-29	1	13	0.791749889553	norm	53
C	-29	1	12	0.22641509434	raw	53
C	-29	1	12	1.18608206287	norm	53
G	-29	1	6	0.11320754717	raw	53
G	-29	1	6	0.59397247347	norm	53
T	-28	1	17	0.320754716981	raw	53
T	-28	1	17	1.0390022232	norm	53
A	-28	1	15	0.283018867925	raw	53
A	-28	1	15	0.913557564869	norm	53
G	-28	1	15	0.283018867925	raw	53
G	-28	1	15	1.48493118368	norm	53
C	-28	1	6	0.11320754717	raw	53
C	-28	1	6	0.593041031437	norm	53
T	-27	1	21	0.396226415094	raw	53
T	-27	1	21	1.28347333454	norm	53
G	-27	1	14	0.264150943396	raw	53
G	-27	1	14	1.38593577143	norm	53
A	-27	1	12	0.22641509434	raw	53
A	-27	1	12	0.730846051895	norm	53
C	-27	1	6	0.11320754717	raw	53
C	-27	1	6	0.593041031437	norm	53
T	-26	1	24	0.452830188679	raw	53
T	-26	1	24	1.46682666805	norm	53
G	-26	1	11	0.207547169811	raw	53
G	-26	1	11	1.0889495347	norm	53
A	-26	1	10	0.188679245283	raw	53
A	-26	1	10	0.609038376579	norm	53
C	-26	1	8	0.150943396226	raw	53
C	-26	1	8	0.790721375249	norm	53
A	-25	1	17	0.320754716981	raw	53
A	-25	1	17	1.03536524018	norm	53
T	-25	1	16	0.301886792453	raw	53
T	-25	1	16	0.977884445364	norm	53
G	-25	1	12	0.22641509434	raw	53
G	-25	1	12	1.18794494694	norm	53
C	-25	1	8	0.150943396226	raw	53
C	-25	1	8	0.790721375249	norm	53
T	-24	1	20	0.377358490566	raw	53
T	-24	1	20	1.22235555671	norm	53
A	-24	1	17	0.320754716981	raw	53
A	-24	1	17	1.03536524018	norm	53
C	-24	1	11	0.207547169811	raw	53
C	-24	1	11	1.08724189097	norm	53
G	-24	1	5	0.0943396226415	raw	53
G	-24	1	5	0.494977061225	norm	53
A	-23	1	21	0.396226415094	raw	53
A	-23	1	21	1.27898059082	norm	53
T	-23	1	16	0.301886792453	raw	53
T	-23	1	16	0.977884445364	norm	53
C	-23	1	11	0.207547169811	raw	53
C	-23	1	11	1.08724189097	norm	53
G	-23	1	5	0.0943396226415	raw	53
G	-23	1	5	0.494977061225	norm	53
A	-22	1	17	0.320754716981	raw	53
A	-22	1	17	1.03536524018	norm	53
C	-22	1	17	0.320754716981	raw	53
C	-22	1	17	1.6802829224	norm	53
G	-22	1	12	0.22641509434	raw	53
G	-22	1	12	1.18794494694	norm	53
T	-22	1	7	0.132075471698	raw	53
T	-22	1	7	0.427824444847	norm	53
A	-21	1	18	0.339622641509	raw	53
A	-21	1	18	1.09626907784	norm	53
T	-21	1	15	0.283018867925	raw	53
T	-21	1	15	0.916766667529	norm	53
G	-21	1	13	0.245283018868	raw	53
G	-21	1	13	1.28694035919	norm	53
C	-21	1	7	0.132075471698	raw	53
C	-21	1	7	0.691881203343	norm	53
A	-20	1	20	0.377358490566	raw	53
A	-20	1	20	1.21807675316	norm	53
T	-20	1	18	0.339622641509	raw	53
T	-20	1	18	1.10012000103	norm	53
C	-20	1	8	0.150943396226	raw	53
C	-20	1	8	0.790721375249	norm	53
G	-20	1	7	0.132075471698	raw	53
G	-20	1	7	0.692967885715	norm	53
A	-19	1	18	0.339622641509	raw	53
A	-19	1	18	1.09626907784	norm	53
T	-19	1	14	0.264150943396	raw	53
T	-19	1	14	0.855648889694	norm	53
G	-19	1	12	0.22641509434	raw	53
G	-19	1	12	1.18794494694	norm	53
C	-19	1	9	0.169811320755	raw	53
C	-19	1	9	0.889561547156	norm	53
T	-18	1	21	0.396226415094	raw	53
T	-18	1	21	1.28347333454	norm	53
A	-18	1	13	0.245283018868	raw	53
A	-18	1	13	0.791749889553	norm	53
G	-18	1	11	0.207547169811	raw	53
G	-18	1	11	1.0889495347	norm	53
C	-18	1	8	0.150943396226	raw	53
C	-18	1	8	0.790721375249	norm	53
T	-17	1	23	0.433962264151	raw	53
T	-17	1	23	1.40570889021	norm	53
G	-17	1	11	0.207547169811	raw	53
G	-17	1	11	1.0889495347	norm	53
A	-17	1	10	0.188679245283	raw	53
A	-17	1	10	0.609038376579	norm	53
C	-17	1	9	0.169811320755	raw	53
C	-17	1	9	0.889561547156	norm	53
A	-16	1	16	0.301886792453	raw	53
A	-16	1	16	0.974461402527	norm	53
T	-16	1	16	0.301886792453	raw	53
T	-16	1	16	0.977884445364	norm	53
G	-16	1	13	0.245283018868	raw	53
G	-16	1	13	1.28694035919	norm	53
C	-16	1	8	0.150943396226	raw	53
C	-16	1	8	0.790721375249	norm	53
A	-15	1	19	0.358490566038	raw	53
A	-15	1	19	1.1571729155	norm	53
T	-15	1	19	0.358490566038	raw	53
T	-15	1	19	1.16123777887	norm	53
C	-15	1	8	0.150943396226	raw	53
C	-15	1	8	0.790721375249	norm	53
G	-15	1	7	0.132075471698	raw	53
G	-15	1	7	0.692967885715	norm	53
T	-14	1	21	0.396226415094	raw	53
T	-14	1	21	1.28347333454	norm	53
A	-14	1	17	0.320754716981	raw	53
A	-14	1	17	1.03536524018	norm	53
C	-14	1	11	0.207547169811	raw	53
C	-14	1	11	1.08724189097	norm	53
G	-14	1	4	0.0754716981132	raw	53
G	-14	1	4	0.39598164898	norm	53
A	-13	1	18	0.339622641509	raw	53
A	-13	1	18	1.09626907784	norm	53
T	-13	1	18	0.339622641509	raw	53
T	-13	1	18	1.10012000103	norm	53
C	-13	1	11	0.207547169811	raw	53
C	-13	1	11	1.08724189097	norm	53
G	-13	1	6	0.11320754717	raw	53
G	-13	1	6	0.59397247347	norm	53
T	-12	1	18	0.339622641509	raw	53
T	-12	1	18	1.10012000103	norm	53
G	-12	1	14	0.264150943396	raw	53
G	-12	1	14	1.38593577143	norm	53
A	-12	1	12	0.22641509434	raw	53
A	-12	1	12	0.730846051895	norm	53
C	-12	1	9	0.169811320755	raw	53
C	-12	1	9	0.889561547156	norm	53
T	-11	1	22	0.415094339623	raw	53
T	-11	1	22	1.34459111238	norm	53
A	-11	1	13	0.245283018868	raw	53
A	-11	1	13	0.791749889553	norm	53
C	-11	1	10	0.188679245283	raw	53
C	-11	1	10	0.988401719062	norm	53
G	-11	1	8	0.150943396226	raw	53
G	-11	1	8	0.79196329796	norm	53
A	-10	1	18	0.339622641509	raw	53
A	-10	1	18	1.09626907784	norm	53
T	-10	1	18	0.339622641509	raw	53
T	-10	1	18	1.10012000103	norm	53
C	-10	1	10	0.188679245283	raw	53
C	-10	1	10	0.988401719062	norm	53
G	-10	1	7	0.132075471698	raw	53
G	-10	1	7	0.692967885715	norm	53
A	-9	1	19	0.358490566038	raw	53
A	-9	1	19	1.1571729155	norm	53
T	-9	1	15	0.283018867925	raw	53
T	-9	1	15	0.916766667529	norm	53
G	-9	1	13	0.245283018868	raw	53
G	-9	1	13	1.28694035919	norm	53
C	-9	1	6	0.11320754717	raw	53
C	-9	1	6	0.593041031437	norm	53
T	-8	1	17	0.320754716981	raw	53
T	-8	1	17	1.0390022232	norm	53
G	-8	1	13	0.245283018868	raw	53
G	-8	1	13	1.28694035919	norm	53
C	-8	1	12	0.22641509434	raw	53
C	-8	1	12	1.18608206287	norm	53
A	-8	1	11	0.207547169811	raw	53
A	-8	1	11	0.669942214237	norm	53
T	-7	1	24	0.452830188679	raw	53
T	-7	1	24	1.46682666805	norm	53
C	-7	1	11	0.207547169811	raw	53
C	-7	1	11	1.08724189097	norm	53
A	-7	1	10	0.188679245283	raw	53
A	-7	1	10	0.609038376579	norm	53
G	-7	1	8	0.150943396226	raw	53
G	-7	1	8	0.79196329796	norm	53
T	-6	1	20	0.377358490566	raw	53
T	-6	1	20	1.22235555671	norm	53
A	-6	1	12	0.22641509434	raw	53
A	-6	1	12	0.730846051895	norm	53
C	-6	1	11	0.207547169811	raw	53
C	-6	1	11	1.08724189097	norm	53
G	-6	1	10	0.188679245283	raw	53
G	-6	1	10	0.98995412245	norm	53
T	-5	1	22	0.415094339623	raw	53
T	-5	1	22	1.34459111238	norm	53
A	-5	1	11	0.207547169811	raw	53
A	-5	1	11	0.669942214237	norm	53
G	-5	1	11	0.207547169811	raw	53
G	-5	1	11	1.0889495347	norm	53
C	-5	1	9	0.169811320755	raw	53
C	-5	1	9	0.889561547156	norm	53
T	-4	1	17	0.320754716981	raw	53
T	-4	1	17	1.0390022232	norm	53
A	-4	1	15	0.283018867925	raw	53
A	-4	1	15	0.913557564869	norm	53
C	-4	1	11	0.207547169811	raw	53
C	-4	1	11	1.08724189097	norm	53
G	-4	1	10	0.188679245283	raw	53
G	-4	1	10	0.98995412245	norm	53
T	-3	1	23	0.433962264151	raw	53
T	-3	1	23	1.40570889021	norm	53
A	-3	1	12	0.22641509434	raw	53
A	-3	1	12	0.730846051895	norm	53
C	-3	1	11	0.207547169811	raw	53
C	-3	1	11	1.08724189097	norm	53
G	-3	1	7	0.132075471698	raw	53
G	-3	1	7	0.692967885715	norm	53
T	-2	1	21	0.396226415094	raw	53
T	-2	1	21	1.28347333454	norm	53
A	-2	1	17	0.320754716981	raw	53
A	-2	1	17	1.03536524018	norm	53
G	-2	1	8	0.150943396226	raw	53
G	-2	1	8	0.79196329796	norm	53
C	-2	1	7	0.132075471698	raw	53
C	-2	1	7	0.691881203343	norm	53
T	-1	1	26	0.490566037736	raw	53
T	-1	1	26	1.58906222372	norm	53
A	-1	1	16	0.301886792453	raw	53
A	-1	1	16	0.974461402527	norm	53
G	-1	1	10	0.188679245283	raw	53
G	-1	1	10	0.98995412245	norm	53
C	-1	1	1	0.0188679245283	raw	53
C	-1	1	1	0.0988401719062	norm	53
A	0	1	20	0.377358490566	raw	53
A	0	1	20	1.21807675316	norm	53
C	0	1	14	0.264150943396	raw	53
C	0	1	14	1.38376240669	norm	53
T	0	1	10	0.188679245283	raw	53
T	0	1	10	0.611177778353	norm	53
G	0	1	9	0.169811320755	raw	53
G	0	1	9	0.890958710205	norm	53
T	1	1	20	0.377358490566	raw	53
T	1	1	20	1.22235555671	norm	53
A	1	1	17	0.320754716981	raw	53
A	1	1	17	1.03536524018	norm	53
G	1	1	9	0.169811320755	raw	53
G	1	1	9	0.890958710205	norm	53
C	1	1	7	0.132075471698	raw	53
C	1	1	7	0.691881203343	norm	53
A	2	1	24	0.452830188679	raw	53
A	2	1	24	1.46169210379	norm	53
T	2	1	15	0.283018867925	raw	53
T	2	1	15	0.916766667529	norm	53
C	2	1	10	0.188679245283	raw	53
C	2	1	10	0.988401719062	norm	53
G	2	1	4	0.0754716981132	raw	53
G	2	1	4	0.39598164898	norm	53
A	3	1	17	0.320754716981	raw	53
A	3	1	17	1.03536524018	norm	53
T	3	1	15	0.283018867925	raw	53
T	3	1	15	0.916766667529	norm	53
C	3	1	13	0.245283018868	raw	53
C	3	1	13	1.28492223478	norm	53
G	3	1	8	0.150943396226	raw	53
G	3	1	8	0.79196329796	norm	53
A	4	1	24	0.452830188679	raw	53
A	4	1	24	1.46169210379	norm	53
T	4	1	16	0.301886792453	raw	53
T	4	1	16	0.977884445364	norm	53
G	4	1	10	0.188679245283	raw	53
G	4	1	10	0.98995412245	norm	53
C	4	1	3	0.0566037735849	raw	53
C	4	1	3	0.296520515719	norm	53
A	5	1	20	0.377358490566	raw	53
A	5	1	20	1.21807675316	norm	53
T	5	1	18	0.339622641509	raw	53
T	5	1	18	1.10012000103	norm	53
C	5	1	9	0.169811320755	raw	53
C	5	1	9	0.889561547156	norm	53
G	5	1	6	0.11320754717	raw	53
G	5	1	6	0.59397247347	norm	53
A	6	1	18	0.339622641509	raw	53
A	6	1	18	1.09626907784	norm	53
T	6	1	18	0.339622641509	raw	53
T	6	1	18	1.10012000103	norm	53
G	6	1	9	0.169811320755	raw	53
G	6	1	9	0.890958710205	norm	53
C	6	1	8	0.150943396226	raw	53
C	6	1	8	0.790721375249	norm	53
A	7	1	16	0.301886792453	raw	53
A	7	1	16	0.974461402527	norm	53
T	7	1	16	0.301886792453	raw	53
T	7	1	16	0.977884445364	norm	53
G	7	1	11	0.207547169811	raw	53
G	7	1	11	1.0889495347	norm	53
C	7	1	10	0.188679245283	raw	53
C	7	1	10	0.988401719062	norm	53
T	8	1	21	0.396226415094	raw	53
T	8	1	21	1.28347333454	norm	53
A	8	1	17	0.320754716981	raw	53
A	8	1	17	1.03536524018	norm	53
G	8	1	8	0.150943396226	raw	53
G	8	1	8	0.79196329796	norm	53
C	8	1	7	0.132075471698	raw	53
C	8	1	7	0.691881203343	norm	53
A	9	1	17	0.320754716981	raw	53
A	9	1	17	1.03536524018	norm	53
T	9	1	17	0.320754716981	raw	53
T	9	1	17	1.0390022232	norm	53
G	9	1	10	0.188679245283	raw	53
G	9	1	10	0.98995412245	norm	53
C	9	1	9	0.169811320755	raw	53
C	9	1	9	0.889561547156	norm	53
A	10	1	19	0.358490566038	raw	53
A	10	1	19	1.1571729155	norm	53
G	10	1	16	0.301886792453	raw	53
G	10	1	16	1.58392659592	norm	53
T	10	1	11	0.207547169811	raw	53
T	10	1	11	0.672295556188	norm	53
C	10	1	7	0.132075471698	raw	53
C	10	1	7	0.691881203343	norm	53
T	11	1	19	0.358490566038	raw	53
T	11	1	19	1.16123777887	norm	53
A	11	1	13	0.245283018868	raw	53
A	11	1	13	0.791749889553	norm	53
G	11	1	12	0.22641509434	raw	53
G	11	1	12	1.18794494694	norm	53
C	11	1	9	0.169811320755	raw	53
C	11	1	9	0.889561547156	norm	53
C	12	1	18	0.339622641509	raw	53
C	12	1	18	1.77912309431	norm	53
A	12	1	15	0.283018867925	raw	53
A	12	1	15	0.913557564869	norm	53
G	12	1	11	0.207547169811	raw	53
G	12	1	11	1.0889495347	norm	53
T	12	1	9	0.169811320755	raw	53
T	12	1	9	0.550060000517	norm	53
T	13	1	17	0.320754716981	raw	53
T	13	1	17	1.0390022232	norm	53
A	13	1	13	0.245283018868	raw	53
A	13	1	13	0.791749889553	norm	53
C	13	1	12	0.22641509434	raw	53
C	13	1	12	1.18608206287	norm	53
G	13	1	11	0.207547169811	raw	53
G	13	1	11	1.0889495347	norm	53
T	14	1	21	0.396226415094	raw	53
T	14	1	21	1.28347333454	norm	53
A	14	1	13	0.245283018868	raw	53
A	14	1	13	0.791749889553	norm	53
C	14	1	10	0.188679245283	raw	53
C	14	1	10	0.988401719062	norm	53
G	14	1	9	0.169811320755	raw	53
G	14	1	9	0.890958710205	norm	53
T	15	1	18	0.339622641509	raw	53
T	15	1	18	1.10012000103	norm	53
C	15	1	15	0.283018867925	raw	53
C	15	1	15	1.48260257859	norm	53
A	15	1	13	0.245283018868	raw	53
A	15	1	13	0.791749889553	norm	53
G	15	1	7	0.132075471698	raw	53
G	15	1	7	0.692967885715	norm	53
A	16	1	17	0.320754716981	raw	53
A	16	1	17	1.03536524018	norm	53
T	16	1	17	0.320754716981	raw	53
T	16	1	17	1.0390022232	norm	53
G	16	1	11	0.207547169811	raw	53
G	16	1	11	1.0889495347	norm	53
C	16	1	8	0.150943396226	raw	53
C	16	1	8	0.790721375249	norm	53
A	17	1	23	0.433962264151	raw	53
A	17	1	23	1.40078826613	norm	53
C	17	1	13	0.245283018868	raw	53
C	17	1	13	1.28492223478	norm	53
T	17	1	9	0.169811320755	raw	53
T	17	1	9	0.550060000517	norm	53
G	17	1	8	0.150943396226	raw	53
G	17	1	8	0.79196329796	norm	53
A	18	1	21	0.396226415094	raw	53
A	18	1	21	1.27898059082	norm	53
T	18	1	17	0.320754716981	raw	53
T	18	1	17	1.0390022232	norm	53
C	18	1	9	0.169811320755	raw	53
C	18	1	9	0.889561547156	norm	53
G	18	1	6	0.11320754717	raw	53
G	18	1	6	0.59397247347	norm	53
A	19	1	23	0.433962264151	raw	53
A	19	1	23	1.40078826613	norm	53
T	19	1	13	0.245283018868	raw	53
T	19	1	13	0.794531111858	norm	53
G	19	1	9	0.169811320755	raw	53
G	19	1	9	0.890958710205	norm	53
C	19	1	8	0.150943396226	raw	53
C	19	1	8	0.790721375249	norm	53
T	20	1	19	0.358490566038	raw	53
T	20	1	19	1.16123777887	norm	53
G	20	1	14	0.264150943396	raw	53
G	20	1	14	1.38593577143	norm	53
C	20	1	11	0.207547169811	raw	53
C	20	1	11	1.08724189097	norm	53
A	20	1	9	0.169811320755	raw	53
A	20	1	9	0.548134538921	norm	53
A	21	1	16	0.301886792453	raw	53
A	21	1	16	0.974461402527	norm	53
G	21	1	15	0.283018867925	raw	53
G	21	1	15	1.48493118368	norm	53
T	21	1	12	0.22641509434	raw	53
T	21	1	12	0.733413334023	norm	53
C	21	1	10	0.188679245283	raw	53
C	21	1	10	0.988401719062	norm	53
T	22	1	19	0.358490566038	raw	53
T	22	1	19	1.16123777887	norm	53
G	22	1	14	0.264150943396	raw	53
G	22	1	14	1.38593577143	norm	53
A	22	1	10	0.188679245283	raw	53
A	22	1	10	0.609038376579	norm	53
C	22	1	10	0.188679245283	raw	53
C	22	1	10	0.988401719062	norm	53
T	23	1	17	0.320754716981	raw	53
T	23	1	17	1.0390022232	norm	53
A	23	1	15	0.283018867925	raw	53
A	23	1	15	0.913557564869	norm	53
G	23	1	13	0.245283018868	raw	53
G	23	1	13	1.28694035919	norm	53
C	23	1	8	0.150943396226	raw	53
C	23	1	8	0.790721375249	norm	53
A	24	1	15	0.283018867925	raw	53
A	24	1	15	0.913557564869	norm	53
C	24	1	15	0.283018867925	raw	53
C	24	1	15	1.48260257859	norm	53
T	24	1	14	0.264150943396	raw	53
T	24	1	14	0.855648889694	norm	53
G	24	1	9	0.169811320755	raw	53
G	24	1	9	0.890958710205	norm	53
T	25	1	16	0.301886792453	raw	53
T	25	1	16	0.977884445364	norm	53
G	25	1	15	0.283018867925	raw	53
G	25	1	15	1.48493118368	norm	53
A	25	1	11	0.207547169811	raw	53
A	25	1	11	0.669942214237	norm	53
C	25	1	11	0.207547169811	raw	53
C	25	1	11	1.08724189097	norm	53
A	26	1	20	0.377358490566	raw	53
A	26	1	20	1.21807675316	norm	53
T	26	1	17	0.320754716981	raw	53
T	26	1	17	1.0390022232	norm	53
C	26	1	8	0.150943396226	raw	53
C	26	1	8	0.790721375249	norm	53
G	26	1	8	0.150943396226	raw	53
G	26	1	8	0.79196329796	norm	53
A	27	1	23	0.433962264151	raw	53
A	27	1	23	1.40078826613	norm	53
T	27	1	18	0.339622641509	raw	53
T	27	1	18	1.10012000103	norm	53
C	27	1	8	0.150943396226	raw	53
C	27	1	8	0.790721375249	norm	53
G	27	1	4	0.0754716981132	raw	53
G	27	1	4	0.39598164898	norm	53
T	28	1	22	0.415094339623	raw	53
T	28	1	22	1.34459111238	norm	53
A	28	1	14	0.264150943396	raw	53
A	28	1	14	0.852653727211	norm	53
G	28	1	9	0.169811320755	raw	53
G	28	1	9	0.890958710205	norm	53
C	28	1	8	0.150943396226	raw	53
C	28	1	8	0.790721375249	norm	53
A	29	1	20	0.377358490566	raw	53
A	29	1	20	1.21807675316	norm	53
T	29	1	19	0.358490566038	raw	53
T	29	1	19	1.16123777887	norm	53
C	29	1	7	0.132075471698	raw	53
C	29	1	7	0.691881203343	norm	53
G	29	1	7	0.132075471698	raw	53
G	29	1	7	0.692967885715	norm	53
A	30	1	19	0.358490566038	raw	53
A	30	1	19	1.1571729155	norm	53
T	30	1	12	0.22641509434	raw	53
T	30	1	12	0.733413334023	norm	53
C	30	1	11	0.207547169811	raw	53
C	30	1	11	1.08724189097	norm	53
G	30	1	11	0.207547169811	raw	53
G	30	1	11	1.0889495347	norm	53
T	31	1	18	0.339622641509	raw	53
T	31	1	18	1.10012000103	norm	53
G	31	1	15	0.283018867925	raw	53
G	31	1	15	1.48493118368	norm	53
A	31	1	14	0.264150943396	raw	53
A	31	1	14	0.852653727211	norm	53
C	31	1	6	0.11320754717	raw	53
C	31	1	6	0.593041031437	norm	53
T	32	1	16	0.301886792453	raw	53
T	32	1	16	0.977884445364	norm	53
A	32	1	14	0.264150943396	raw	53
A	32	1	14	0.852653727211	norm	53
G	32	1	14	0.264150943396	raw	53
G	32	1	14	1.38593577143	norm	53
C	32	1	9	0.169811320755	raw	53
C	32	1	9	0.889561547156	norm	53
A	33	1	19	0.358490566038	raw	53
A	33	1	19	1.1571729155	norm	53
G	33	1	13	0.245283018868	raw	53
G	33	1	13	1.28694035919	norm	53
T	33	1	12	0.22641509434	raw	53
T	33	1	12	0.733413334023	norm	53
C	33	1	9	0.169811320755	raw	53
C	33	1	9	0.889561547156	norm	53
A	34	1	21	0.396226415094	raw	53
A	34	1	21	1.27898059082	norm	53
C	34	1	12	0.22641509434	raw	53
C	34	1	12	1.18608206287	norm	53
T	34	1	10	0.188679245283	raw	53
T	34	1	10	0.611177778353	norm	53
G	34	1	10	0.188679245283	raw	53
G	34	1	10	0.98995412245	norm	53
C	35	1	15	0.283018867925	raw	53
C	35	1	15	1.48260257859	norm	53
A	35	1	14	0.264150943396	raw	53
A	35	1	14	0.852653727211	norm	53
T	35	1	13	0.245283018868	raw	53
T	35	1	13	0.794531111858	norm	53
G	35	1	11	0.207547169811	raw	53
G	35	1	11	1.0889495347	norm	53
A	36	1	18	0.339622641509	raw	53
A	36	1	18	1.09626907784	norm	53
T	36	1	16	0.301886792453	raw	53
T	36	1	16	0.977884445364	norm	53
G	36	1	10	0.188679245283	raw	53
G	36	1	10	0.98995412245	norm	53
C	36	1	9	0.169811320755	raw	53
C	36	1	9	0.889561547156	norm	53
A	37	1	18	0.339622641509	raw	53
A	37	1	18	1.09626907784	norm	53
C	37	1	15	0.283018867925	raw	53
C	37	1	15	1.48260257859	norm	53
G	37	1	11	0.207547169811	raw	53
G	37	1	11	1.0889495347	norm	53
T	37	1	9	0.169811320755	raw	53
T	37	1	9	0.550060000517	norm	53
T	38	1	21	0.396226415094	raw	53
T	38	1	21	1.28347333454	norm	53
A	38	1	20	0.377358490566	raw	53
A	38	1	20	1.21807675316	norm	53
C	38	1	8	0.150943396226	raw	53
C	38	1	8	0.790721375249	norm	53
G	38	1	4	0.0754716981132	raw	53
G	38	1	4	0.39598164898	norm	53
A	39	1	16	0.301886792453	raw	53
A	39	1	16	0.974461402527	norm	53
C	39	1	13	0.245283018868	raw	53
C	39	1	13	1.28492223478	norm	53
T	39	1	13	0.245283018868	raw	53
T	39	1	13	0.794531111858	norm	53
G	39	1	11	0.207547169811	raw	53
G	39	1	11	1.0889495347	norm	53
T	40	1	23	0.433962264151	raw	53
T	40	1	23	1.40570889021	norm	53
G	40	1	12	0.22641509434	raw	53
G	40	1	12	1.18794494694	norm	53
C	40	1	10	0.188679245283	raw	53
C	40	1	10	0.988401719062	norm	53
A	40	1	8	0.150943396226	raw	53
A	40	1	8	0.487230701263	norm	53
T	41	1	27	0.509433962264	raw	53
T	41	1	27	1.65018000155	norm	53
A	41	1	16	0.301886792453	raw	53
A	41	1	16	0.974461402527	norm	53
C	41	1	5	0.0943396226415	raw	53
C	41	1	5	0.494200859531	norm	53
G	41	1	5	0.0943396226415	raw	53
G	41	1	5	0.494977061225	norm	53
A	42	1	22	0.415094339623	raw	53
A	42	1	22	1.33988442847	norm	53
T	42	1	16	0.301886792453	raw	53
T	42	1	16	0.977884445364	norm	53
C	42	1	9	0.169811320755	raw	53
C	42	1	9	0.889561547156	norm	53
G	42	1	6	0.11320754717	raw	53
G	42	1	6	0.59397247347	norm	53
C	43	1	17	0.320754716981	raw	53
C	43	1	17	1.6802829224	norm	53
A	43	1	16	0.301886792453	raw	53
A	43	1	16	0.974461402527	norm	53
T	43	1	10	0.188679245283	raw	53
T	43	1	10	0.611177778353	norm	53
G	43	1	10	0.188679245283	raw	53
G	43	1	10	0.98995412245	norm	53
T	44	1	20	0.377358490566	raw	53
T	44	1	20	1.22235555671	norm	53
A	44	1	14	0.264150943396	raw	53
A	44	1	14	0.852653727211	norm	53
G	44	1	13	0.245283018868	raw	53
G	44	1	13	1.28694035919	norm	53
C	44	1	6	0.11320754717	raw	53
C	44	1	6	0.593041031437	norm	53
A	45	1	20	0.377358490566	raw	53
A	45	1	20	1.21807675316	norm	53
T	45	1	15	0.283018867925	raw	53
T	45	1	15	0.916766667529	norm	53
C	45	1	10	0.188679245283	raw	53
C	45	1	10	0.988401719062	norm	53
G	45	1	8	0.150943396226	raw	53
G	45	1	8	0.79196329796	norm	53
T	46	1	23	0.433962264151	raw	53
T	46	1	23	1.40570889021	norm	53
G	46	1	13	0.245283018868	raw	53
G	46	1	13	1.28694035919	norm	53
A	46	1	11	0.207547169811	raw	53
A	46	1	11	0.669942214237	norm	53
C	46	1	6	0.11320754717	raw	53
C	46	1	6	0.593041031437	norm	53
T	47	1	18	0.339622641509	raw	53
T	47	1	18	1.10012000103	norm	53
C	47	1	13	0.245283018868	raw	53
C	47	1	13	1.28492223478	norm	53
G	47	1	12	0.22641509434	raw	53
G	47	1	12	1.18794494694	norm	53
A	47	1	10	0.188679245283	raw	53
A	47	1	10	0.609038376579	norm	53
A	48	1	19	0.358490566038	raw	53
A	48	1	19	1.1571729155	norm	53
T	48	1	15	0.283018867925	raw	53
T	48	1	15	0.916766667529	norm	53
G	48	1	10	0.188679245283	raw	53
G	48	1	10	0.98995412245	norm	53
C	48	1	9	0.169811320755	raw	53
C	48	1	9	0.889561547156	norm	53
A	49	1	21	0.396226415094	raw	53
A	49	1	21	1.27898059082	norm	53
T	49	1	19	0.358490566038	raw	53
T	49	1	19	1.16123777887	norm	53
G	49	1	7	0.132075471698	raw	53
G	49	1	7	0.692967885715	norm	53
C	49	1	6	0.11320754717	raw	53
C	49	1	6	0.593041031437	norm	53
T	50	1	18	0.339622641509	raw	53
T	50	1	18	1.10012000103	norm	53
G	50	1	14	0.264150943396	raw	53
G	50	1	14	1.38593577143	norm	53
C	50	1	11	0.207547169811	raw	53
C	50	1	11	1.08724189097	norm	53
A	50	1	10	0.188679245283	raw	53
A	50	1	10	0.609038376579	norm	53
A	51	1	20	0.377358490566	raw	53
A	51	1	20	1.21807675316	norm	53
T	51	1	13	0.245283018868	raw	53
T	51	1	13	0.794531111858	norm	53
C	51	1	12	0.22641509434	raw	53
C	51	1	12	1.18608206287	norm	53
G	51	1	8	0.150943396226	raw	53
G	51	1	8	0.79196329796	norm	53
A	52	1	18	0.339622641509	raw	53
A	52	1	18	1.09626907784	norm	53
T	52	1	14	0.264150943396	raw	53
T	52	1	14	0.855648889694	norm	53
C	52	1	12	0.22641509434	raw	53
C	52	1	12	1.18608206287	norm	53
G	52	1	9	0.169811320755	raw	53
G	52	1	9	0.890958710205	norm	53
A	53	1	19	0.358490566038	raw	53
A	53	1	19	1.1571729155	norm	53
T	53	1	13	0.245283018868	raw	53
T	53	1	13	0.794531111858	norm	53
C	53	1	11	0.207547169811	raw	53
C	53	1	11	1.08724189097	norm	53
G	53	1	10	0.188679245283	raw	53
G	53	1	10	0.98995412245	norm	53
C	54	1	14	0.264150943396	raw	53
C	54	1	14	1.38376240669	norm	53
G	54	1	14	0.264150943396	raw	53
G	54	1	14	1.38593577143	norm	53
A	54	1	13	0.245283018868	raw	53
A	54	1	13	0.791749889553	norm	53
T	54	1	12	0.22641509434	raw	53
T	54	1	12	0.733413334023	norm	53
T	55	1	20	0.377358490566	raw	53
T	55	1	20	1.22235555671	norm	53
A	55	1	14	0.264150943396	raw	53
A	55	1	14	0.852653727211	norm	53
C	55	1	12	0.22641509434	raw	53
C	55	1	12	1.18608206287	norm	53
G	55	1	7	0.132075471698	raw	53
G	55	1	7	0.692967885715	norm	53
T	56	1	20	0.377358490566	raw	53
T	56	1	20	1.22235555671	norm	53
A	56	1	18	0.339622641509	raw	53
A	56	1	18	1.09626907784	norm	53
C	56	1	10	0.188679245283	raw	53
C	56	1	10	0.988401719062	norm	53
G	56	1	5	0.0943396226415	raw	53
G	56	1	5	0.494977061225	norm	53
A	57	1	17	0.320754716981	raw	53
A	57	1	17	1.03536524018	norm	53
T	57	1	15	0.283018867925	raw	53
T	57	1	15	0.916766667529	norm	53
C	57	1	11	0.207547169811	raw	53
C	57	1	11	1.08724189097	norm	53
G	57	1	10	0.188679245283	raw	53
G	57	1	10	0.98995412245	norm	53
A	58	1	20	0.377358490566	raw	53
A	58	1	20	1.21807675316	norm	53
T	58	1	13	0.245283018868	raw	53
T	58	1	13	0.794531111858	norm	53
G	58	1	12	0.22641509434	raw	53
G	58	1	12	1.18794494694	norm	53
C	58	1	8	0.150943396226	raw	53
C	58	1	8	0.790721375249	norm	53
A	59	1	21	0.396226415094	raw	53
A	59	1	21	1.27898059082	norm	53
T	59	1	16	0.301886792453	raw	53
T	59	1	16	0.977884445364	norm	53
C	59	1	9	0.169811320755	raw	53
C	59	1	9	0.889561547156	norm	53
G	59	1	7	0.132075471698	raw	53
G	59	1	7	0.692967885715	norm	53
A	60	1	19	0.358490566038	raw	53
A	60	1	19	1.1571729155	norm	53
T	60	1	14	0.264150943396	raw	53
T	60	1	14	0.855648889694	norm	53
G	60	1	12	0.22641509434	raw	53
G	60	1	12	1.18794494694	norm	53
C	60	1	8	0.150943396226	raw	53
C	60	1	8	0.790721375249	norm	53
A	61	1	24	0.452830188679	raw	53
A	61	1	24	1.46169210379	norm	53
T	61	1	22	0.415094339623	raw	53
T	61	1	22	1.34459111238	norm	53
C	61	1	4	0.0754716981132	raw	53
C	61	1	4	0.395360687625	norm	53
G	61	1	3	0.0566037735849	raw	53
G	61	1	3	0.296986236735	norm	53
A	62	1	20	0.377358490566	raw	53
A	62	1	20	1.21807675316	norm	53
G	62	1	14	0.264150943396	raw	53
G	62	1	14	1.38593577143	norm	53
T	62	1	13	0.245283018868	raw	53
T	62	1	13	0.794531111858	norm	53
C	62	1	6	0.11320754717	raw	53
C	62	1	6	0.593041031437	norm	53
A	63	1	18	0.339622641509	raw	53
A	63	1	18	1.09626907784	norm	53
T	63	1	14	0.264150943396	raw	53
T	63	1	14	0.855648889694	norm	53
G	63	1	13	0.245283018868	raw	53
G	63	1	13	1.28694035919	norm	53
C	63	1	8	0.150943396226	raw	53
C	63	1	8	0.790721375249	norm	53
A	64	1	21	0.396226415094	raw	53
A	64	1	21	1.27898059082	norm	53
T	64	1	17	0.320754716981	raw	53
T	64	1	17	1.0390022232	norm	53
G	64	1	8	0.150943396226	raw	53
G	64	1	8	0.79196329796	norm	53
C	64	1	7	0.132075471698	raw	53
C	64	1	7	0.691881203343	norm	53
T	65	1	19	0.358490566038	raw	53
T	65	1	19	1.16123777887	norm	53
A	65	1	15	0.283018867925	raw	53
A	65	1	15	0.913557564869	norm	53
G	65	1	14	0.264150943396	raw	53
G	65	1	14	1.38593577143	norm	53
C	65	1	5	0.0943396226415	raw	53
C	65	1	5	0.494200859531	norm	53
A	66	1	19	0.358490566038	raw	53
A	66	1	19	1.1571729155	norm	53
T	66	1	14	0.264150943396	raw	53
T	66	1	14	0.855648889694	norm	53
G	66	1	12	0.22641509434	raw	53
G	66	1	12	1.18794494694	norm	53
C	66	1	8	0.150943396226	raw	53
C	66	1	8	0.790721375249	norm	53
T	67	1	17	0.320754716981	raw	53
T	67	1	17	1.0390022232	norm	53
A	67	1	15	0.283018867925	raw	53
A	67	1	15	0.913557564869	norm	53
G	67	1	11	0.207547169811	raw	53
G	67	1	11	1.0889495347	norm	53
C	67	1	10	0.188679245283	raw	53
C	67	1	10	0.988401719062	norm	53
C	68	1	17	0.320754716981	raw	53
C	68	1	17	1.6802829224	norm	53
T	68	1	16	0.301886792453	raw	53
T	68	1	16	0.977884445364	norm	53
A	68	1	14	0.264150943396	raw	53
A	68	1	14	0.852653727211	norm	53
G	68	1	6	0.11320754717	raw	53
G	68	1	6	0.59397247347	norm	53
T	69	1	24	0.452830188679	raw	53
T	69	1	24	1.46682666805	norm	53
A	69	1	13	0.245283018868	raw	53
A	69	1	13	0.791749889553	norm	53
G	69	1	9	0.169811320755	raw	53
G	69	1	9	0.890958710205	norm	53
C	69	1	7	0.132075471698	raw	53
C	69	1	7	0.691881203343	norm	53
A	70	1	16	0.301886792453	raw	53
A	70	1	16	0.974461402527	norm	53
T	70	1	14	0.264150943396	raw	53
T	70	1	14	0.855648889694	norm	53
G	70	1	12	0.22641509434	raw	53
G	70	1	12	1.18794494694	norm	53
C	70	1	11	0.207547169811	raw	53
C	70	1	11	1.08724189097	norm	53
T	71	1	19	0.358490566038	raw	53
T	71	1	19	1.16123777887	norm	53
A	71	1	15	0.283018867925	raw	53
A	71	1	15	0.913557564869	norm	53
C	71	1	10	0.188679245283	raw	53
C	71	1	10	0.988401719062	norm	53
G	71	1	9	0.169811320755	raw	53
G	71	1	9	0.890958710205	norm	53
T	72	1	23	0.433962264151	raw	53
T	72	1	23	1.40570889021	norm	53
A	72	1	16	0.301886792453	raw	53
A	72	1	16	0.974461402527	norm	53
C	72	1	9	0.169811320755	raw	53
C	72	1	9	0.889561547156	norm	53
G	72	1	5	0.0943396226415	raw	53
G	72	1	5	0.494977061225	norm	53
A	73	1	19	0.358490566038	raw	53
A	73	1	19	1.1571729155	norm	53
T	73	1	13	0.245283018868	raw	53
T	73	1	13	0.794531111858	norm	53
G	73	1	13	0.245283018868	raw	53
G	73	1	13	1.28694035919	norm	53
C	73	1	8	0.150943396226	raw	53
C	73	1	8	0.790721375249	norm	53
T	74	1	22	0.415094339623	raw	53
T	74	1	22	1.34459111238	norm	53
A	74	1	15	0.283018867925	raw	53
A	74	1	15	0.913557564869	norm	53
G	74	1	9	0.169811320755	raw	53
G	74	1	9	0.890958710205	norm	53
C	74	1	7	0.132075471698	raw	53
C	74	1	7	0.691881203343	norm	53
T	75	1	21	0.396226415094	raw	53
T	75	1	21	1.28347333454	norm	53
A	75	1	12	0.22641509434	raw	53
A	75	1	12	0.730846051895	norm	53
C	75	1	11	0.207547169811	raw	53
C	75	1	11	1.08724189097	norm	53
G	75	1	9	0.169811320755	raw	53
G	75	1	9	0.890958710205	norm	53
T	76	1	20	0.377358490566	raw	53
T	76	1	20	1.22235555671	norm	53
A	76	1	16	0.301886792453	raw	53
A	76	1	16	0.974461402527	norm	53
G	76	1	10	0.188679245283	raw	53
G	76	1	10	0.98995412245	norm	53
C	76	1	7	0.132075471698	raw	53
C	76	1	7	0.691881203343	norm	53
T	77	1	19	0.358490566038	raw	53
T	77	1	19	1.16123777887	norm	53
A	77	1	17	0.320754716981	raw	53
A	77	1	17	1.03536524018	norm	53
G	77	1	12	0.22641509434	raw	53
G	77	1	12	1.18794494694	norm	53
C	77	1	5	0.0943396226415	raw	53
C	77	1	5	0.494200859531	norm	53
A	78	1	19	0.358490566038	raw	53
A	78	1	19	1.1571729155	norm	53
T	78	1	14	0.264150943396	raw	53
T	78	1	14	0.855648889694	norm	53
C	78	1	10	0.188679245283	raw	53
C	78	1	10	0.988401719062	norm	53
G	78	1	10	0.188679245283	raw	53
G	78	1	10	0.98995412245	norm	53
A	79	1	20	0.377358490566	raw	53
A	79	1	20	1.21807675316	norm	53
T	79	1	17	0.320754716981	raw	53
T	79	1	17	1.0390022232	norm	53
G	79	1	9	0.169811320755	raw	53
G	79	1	9	0.890958710205	norm	53
C	79	1	7	0.132075471698	raw	53
C	79	1	7	0.691881203343	norm	53
A	80	1	19	0.358490566038	raw	53
A	80	1	19	1.1571729155	norm	53
T	80	1	16	0.301886792453	raw	53
T	80	1	16	0.977884445364	norm	53
G	80	1	10	0.188679245283	raw	53
G	80	1	10	0.98995412245	norm	53
C	80	1	8	0.150943396226	raw	53
C	80	1	8	0.790721375249	norm	53
A	81	1	19	0.358490566038	raw	53
A	81	1	19	1.1571729155	norm	53
T	81	1	16	0.301886792453	raw	53
T	81	1	16	0.977884445364	norm	53
C	81	1	10	0.188679245283	raw	53
C	81	1	10	0.988401719062	norm	53
G	81	1	8	0.150943396226	raw	53
G	81	1	8	0.79196329796	norm	53
A	82	1	16	0.301886792453	raw	53
A	82	1	16	0.974461402527	norm	53
T	82	1	14	0.264150943396	raw	53
T	82	1	14	0.855648889694	norm	53
C	82	1	12	0.22641509434	raw	53
C	82	1	12	1.18608206287	norm	53
G	82	1	11	0.207547169811	raw	53
G	82	1	11	1.0889495347	norm	53
T	83	1	21	0.396226415094	raw	53
T	83	1	21	1.28347333454	norm	53
A	83	1	15	0.283018867925	raw	53
A	83	1	15	0.913557564869	norm	53
C	83	1	11	0.207547169811	raw	53
C	83	1	11	1.08724189097	norm	53
G	83	1	6	0.11320754717	raw	53
G	83	1	6	0.59397247347	norm	53
A	84	1	19	0.358490566038	raw	53
A	84	1	19	1.1571729155	norm	53
T	84	1	15	0.283018867925	raw	53
T	84	1	15	0.916766667529	norm	53
C	84	1	13	0.245283018868	raw	53
C	84	1	13	1.28492223478	norm	53
G	84	1	6	0.11320754717	raw	53
G	84	1	6	0.59397247347	norm	53
A	85	1	19	0.358490566038	raw	53
A	85	1	19	1.1571729155	norm	53
T	85	1	17	0.320754716981	raw	53
T	85	1	17	1.0390022232	norm	53
C	85	1	9	0.169811320755	raw	53
C	85	1	9	0.889561547156	norm	53
G	85	1	8	0.150943396226	raw	53
G	85	1	8	0.79196329796	norm	53
A	86	1	18	0.339622641509	raw	53
A	86	1	18	1.09626907784	norm	53
T	86	1	16	0.301886792453	raw	53
T	86	1	16	0.977884445364	norm	53
C	86	1	11	0.207547169811	raw	53
C	86	1	11	1.08724189097	norm	53
G	86	1	8	0.150943396226	raw	53
G	86	1	8	0.79196329796	norm	53
A	87	1	19	0.358490566038	raw	53
A	87	1	19	1.1571729155	norm	53
T	87	1	15	0.283018867925	raw	53
T	87	1	15	0.916766667529	norm	53
G	87	1	10	0.188679245283	raw	53
G	87	1	10	0.98995412245	norm	53
C	87	1	9	0.169811320755	raw	53
C	87	1	9	0.889561547156	norm	53
T	88	1	22	0.415094339623	raw	53
T	88	1	22	1.34459111238	norm	53
A	88	1	17	0.320754716981	raw	53
A	88	1	17	1.03536524018	norm	53
C	88	1	10	0.188679245283	raw	53
C	88	1	10	0.988401719062	norm	53
G	88	1	4	0.0754716981132	raw	53
G	88	1	4	0.39598164898	norm	53
A	89	1	19	0.358490566038	raw	53
A	89	1	19	1.1571729155	norm	53
T	89	1	17	0.320754716981	raw	53
T	89	1	17	1.0390022232	norm	53
G	89	1	11	0.207547169811	raw	53
G	89	1	11	1.0889495347	norm	53
C	89	1	6	0.11320754717	raw	53
C	89	1	6	0.593041031437	norm	53
A	90	1	17	0.320754716981	raw	53
A	90	1	17	1.03536524018	norm	53
T	90	1	14	0.264150943396	raw	53
T	90	1	14	0.855648889694	norm	53
C	90	1	13	0.245283018868	raw	53
C	90	1	13	1.28492223478	norm	53
G	90	1	9	0.169811320755	raw	53
G	90	1	9	0.890958710205	norm	53
A	91	1	17	0.320754716981	raw	53
A	91	1	17	1.03536524018	norm	53
T	91	1	13	0.245283018868	raw	53
T	91	1	13	0.794531111858	norm	53
G	91	1	12	0.22641509434	raw	53
G	91	1	12	1.18794494694	norm	53
C	91	1	11	0.207547169811	raw	53
C	91	1	11	1.08724189097	norm	53
A	92	1	23	0.433962264151	raw	53
A	92	1	23	1.40078826613	norm	53
T	92	1	14	0.264150943396	raw	53
T	92	1	14	0.855648889694	norm	53
C	92	1	9	0.169811320755	raw	53
C	92	1	9	0.889561547156	norm	53
G	92	1	7	0.132075471698	raw	53
G	92	1	7	0.692967885715	norm	53
A	93	1	23	0.433962264151	raw	53
A	93	1	23	1.40078826613	norm	53
T	93	1	15	0.283018867925	raw	53
T	93	1	15	0.916766667529	norm	53
C	93	1	8	0.150943396226	raw	53
C	93	1	8	0.790721375249	norm	53
G	93	1	7	0.132075471698	raw	53
G	93	1	7	0.692967885715	norm	53
A	94	1	19	0.358490566038	raw	53
A	94	1	19	1.1571729155	norm	53
C	94	1	14	0.264150943396	raw	53
C	94	1	14	1.38376240669	norm	53
G	94	1	14	0.264150943396	raw	53
G	94	1	14	1.38593577143	norm	53
T	94	1	6	0.11320754717	raw	53
T	94	1	6	0.366706667012	norm	53
A	95	1	15	0.283018867925	raw	53
A	95	1	15	0.913557564869	norm	53
T	95	1	15	0.283018867925	raw	53
T	95	1	15	0.916766667529	norm	53
G	95	1	13	0.245283018868	raw	53
G	95	1	13	1.28694035919	norm	53
C	95	1	10	0.188679245283	raw	53
C	95	1	10	0.988401719062	norm	53
T	96	1	19	0.358490566038	raw	53
T	96	1	19	1.16123777887	norm	53
A	96	1	14	0.264150943396	raw	53
A	96	1	14	0.852653727211	norm	53
G	96	1	13	0.245283018868	raw	53
G	96	1	13	1.28694035919	norm	53
C	96	1	7	0.132075471698	raw	53
C	96	1	7	0.691881203343	norm	53
T	97	1	19	0.358490566038	raw	53
T	97	1	19	1.16123777887	norm	53
A	97	1	17	0.320754716981	raw	53
A	97	1	17	1.03536524018	norm	53
C	97	1	11	0.207547169811	raw	53
C	97	1	11	1.08724189097	norm	53
G	97	1	6	0.11320754717	raw	53
G	97	1	6	0.59397247347	norm	53
T	98	1	19	0.358490566038	raw	53
T	98	1	19	1.16123777887	norm	53
A	98	1	16	0.301886792453	raw	53
A	98	1	16	0.974461402527	norm	53
G	98	1	11	0.207547169811	raw	53
G	98	1	11	1.0889495347	norm	53
C	98	1	7	0.132075471698	raw	53
C	98	1	7	0.691881203343	norm	53
T	99	1	18	0.339622641509	raw	53
T	99	1	18	1.10012000103	norm	53
A	99	1	16	0.301886792453	raw	53
A	99	1	16	0.974461402527	norm	53
C	99	1	12	0.22641509434	raw	53
C	99	1	12	1.18608206287	norm	53
G	99	1	7	0.132075471698	raw	53
G	99	1	7	0.692967885715	norm	53
A	100	1	15	0.283018867925	raw	53
A	100	1	15	0.913557564869	norm	53
C	100	1	15	0.283018867925	raw	53
C	100	1	15	1.48260257859	norm	53
T	100	1	15	0.283018867925	raw	53
T	100	1	15	0.916766667529	norm	53
G	100	1	8	0.150943396226	raw	53
G	100	1	8	0.79196329796	norm	53
