#nuc	offset	region.size	count	freq	norm.freq	total.sites
T	-100	1	501	0.40964840556	raw	1056
T	-100	1	501	1.3269504128	norm	1056
A	-100	1	491	0.401471790679	raw	1056
A	-100	1	491	1.29591215648	norm	1056
C	-100	1	125	0.102207686018	raw	1056
C	-100	1	125	0.535417938576	norm	1056
G	-100	1	106	0.0866721177433	raw	1056
G	-100	1	106	0.454747527385	norm	1056
T	-99	1	519	0.424366312347	raw	1056
T	-99	1	519	1.37462527793	norm	1056
A	-99	1	458	0.37448896157	raw	1056
A	-99	1	458	1.20881419077	norm	1056
C	-99	1	130	0.106295993459	raw	1056
C	-99	1	130	0.556834656119	norm	1056
G	-99	1	116	0.0948487326247	raw	1056
G	-99	1	116	0.497648237516	norm	1056
T	-98	1	510	0.417007358953	raw	1056
T	-98	1	510	1.35078784537	norm	1056
A	-98	1	480	0.392477514309	raw	1056
A	-98	1	480	1.26687950124	norm	1056
C	-98	1	135	0.110384300899	raw	1056
C	-98	1	135	0.578251373662	norm	1056
G	-98	1	98	0.0801308258381	raw	1056
G	-98	1	98	0.420426959281	norm	1056
T	-97	1	509	0.416189697465	raw	1056
T	-97	1	509	1.34813924175	norm	1056
A	-97	1	484	0.395748160262	raw	1056
A	-97	1	484	1.27743683042	norm	1056
C	-97	1	128	0.104660670482	raw	1056
C	-97	1	128	0.548267969102	norm	1056
G	-97	1	102	0.0834014717907	raw	1056
G	-97	1	102	0.437587243333	norm	1056
T	-96	1	506	0.413736713001	raw	1056
T	-96	1	506	1.3401934309	norm	1056
A	-96	1	500	0.408830744072	raw	1056
A	-96	1	500	1.31966614713	norm	1056
G	-96	1	109	0.0891251022077	raw	1056
G	-96	1	109	0.467617740425	norm	1056
C	-96	1	108	0.0883074407195	raw	1056
C	-96	1	108	0.46260109893	norm	1056
T	-95	1	513	0.419460343418	raw	1056
T	-95	1	513	1.35873365622	norm	1056
A	-95	1	487	0.398201144726	raw	1056
A	-95	1	487	1.2853548273	norm	1056
G	-95	1	115	0.0940310711365	raw	1056
G	-95	1	115	0.493358166503	norm	1056
C	-95	1	108	0.0883074407195	raw	1056
C	-95	1	108	0.46260109893	norm	1056
A	-94	1	515	0.421095666394	raw	1056
A	-94	1	515	1.35925613154	norm	1056
T	-94	1	487	0.398201144726	raw	1056
T	-94	1	487	1.28986996215	norm	1056
C	-94	1	117	0.0956663941128	raw	1056
C	-94	1	117	0.501151190507	norm	1056
G	-94	1	104	0.085036794767	raw	1056
G	-94	1	104	0.446167385359	norm	1056
T	-93	1	485	0.39656582175	raw	1056
T	-93	1	485	1.28457275491	norm	1056
A	-93	1	461	0.376941946034	raw	1056
A	-93	1	461	1.21673218765	norm	1056
C	-93	1	143	0.116925592805	raw	1056
C	-93	1	143	0.612518121731	norm	1056
G	-93	1	134	0.109566639411	raw	1056
G	-93	1	134	0.574869515751	norm	1056
T	-92	1	511	0.417825020442	raw	1056
T	-92	1	511	1.35343644899	norm	1056
A	-92	1	481	0.393295175797	raw	1056
A	-92	1	481	1.26951883354	norm	1056
G	-92	1	122	0.0997547015536	raw	1056
G	-92	1	122	0.523388663595	norm	1056
C	-92	1	109	0.0891251022077	raw	1056
C	-92	1	109	0.466884442438	norm	1056
T	-91	1	502	0.410466067048	raw	1056
T	-91	1	502	1.32959901642	norm	1056
A	-91	1	480	0.392477514309	raw	1056
A	-91	1	480	1.26687950124	norm	1056
C	-91	1	129	0.105478331971	raw	1056
C	-91	1	129	0.55255131261	norm	1056
G	-91	1	112	0.0915780866721	raw	1056
G	-91	1	112	0.480487953464	norm	1056
T	-90	1	509	0.416189697465	raw	1056
T	-90	1	509	1.34813924175	norm	1056
A	-90	1	482	0.394112837285	raw	1056
A	-90	1	482	1.27215816583	norm	1056
C	-90	1	134	0.109566639411	raw	1056
C	-90	1	134	0.573968030153	norm	1056
G	-90	1	98	0.0801308258381	raw	1056
G	-90	1	98	0.420426959281	norm	1056
A	-89	1	522	0.426819296811	raw	1056
A	-89	1	522	1.3777314576	norm	1056
T	-89	1	476	0.389206868357	raw	1056
T	-89	1	476	1.26073532234	norm	1056
G	-89	1	119	0.0973017170891	raw	1056
G	-89	1	119	0.510518450555	norm	1056
C	-89	1	106	0.0866721177433	raw	1056
C	-89	1	106	0.454034411912	norm	1056
T	-88	1	502	0.410466067048	raw	1056
T	-88	1	502	1.32959901642	norm	1056
A	-88	1	499	0.408013082584	raw	1056
A	-88	1	499	1.31702681483	norm	1056
C	-88	1	116	0.0948487326247	raw	1056
C	-88	1	116	0.496867846998	norm	1056
G	-88	1	106	0.0866721177433	raw	1056
G	-88	1	106	0.454747527385	norm	1056
T	-87	1	513	0.419460343418	raw	1056
T	-87	1	513	1.35873365622	norm	1056
A	-87	1	466	0.381030253475	raw	1056
A	-87	1	466	1.22992884912	norm	1056
C	-87	1	129	0.105478331971	raw	1056
C	-87	1	129	0.55255131261	norm	1056
G	-87	1	115	0.0940310711365	raw	1056
G	-87	1	115	0.493358166503	norm	1056
T	-86	1	540	0.441537203598	raw	1056
T	-86	1	540	1.43024595392	norm	1056
A	-86	1	472	0.385936222404	raw	1056
A	-86	1	472	1.24576484289	norm	1056
C	-86	1	110	0.0899427636958	raw	1056
C	-86	1	110	0.471167785947	norm	1056
G	-86	1	101	0.0825838103025	raw	1056
G	-86	1	101	0.43329717232	norm	1056
A	-85	1	502	0.410466067048	raw	1056
A	-85	1	502	1.32494481171	norm	1056
T	-85	1	492	0.402289452167	raw	1056
T	-85	1	492	1.30311298024	norm	1056
C	-85	1	130	0.106295993459	raw	1056
C	-85	1	130	0.556834656119	norm	1056
G	-85	1	99	0.0809484873262	raw	1056
G	-85	1	99	0.424717030294	norm	1056
T	-84	1	515	0.421095666394	raw	1056
T	-84	1	515	1.36403086346	norm	1056
A	-84	1	460	0.376124284546	raw	1056
A	-84	1	460	1.21409285536	norm	1056
C	-84	1	141	0.115290269828	raw	1056
C	-84	1	141	0.603951434714	norm	1056
G	-84	1	107	0.0874897792314	raw	1056
G	-84	1	107	0.459037598399	norm	1056
T	-83	1	521	0.426001635323	raw	1056
T	-83	1	521	1.37992248517	norm	1056
A	-83	1	475	0.388389206868	raw	1056
A	-83	1	475	1.25368283977	norm	1056
C	-83	1	119	0.0973017170891	raw	1056
C	-83	1	119	0.509717877524	norm	1056
G	-83	1	108	0.0883074407195	raw	1056
G	-83	1	108	0.463327669412	norm	1056
T	-82	1	519	0.424366312347	raw	1056
T	-82	1	519	1.37462527793	norm	1056
A	-82	1	501	0.40964840556	raw	1056
A	-82	1	501	1.32230547942	norm	1056
G	-82	1	109	0.0891251022077	raw	1056
G	-82	1	109	0.467617740425	norm	1056
C	-82	1	94	0.0768601798855	raw	1056
C	-82	1	94	0.402634289809	norm	1056
A	-81	1	476	0.389206868357	raw	1056
A	-81	1	476	1.25632217206	norm	1056
T	-81	1	456	0.372853638594	raw	1056
T	-81	1	456	1.20776324998	norm	1056
G	-81	1	160	0.130825838103	raw	1056
G	-81	1	160	0.686411362091	norm	1056
C	-81	1	131	0.107113654947	raw	1056
C	-81	1	131	0.561117999628	norm	1056
T	-80	1	525	0.429272281276	raw	1056
T	-80	1	525	1.39051689965	norm	1056
A	-80	1	488	0.399018806214	raw	1056
A	-80	1	488	1.2879941596	norm	1056
G	-80	1	116	0.0948487326247	raw	1056
G	-80	1	116	0.497648237516	norm	1056
C	-80	1	94	0.0768601798855	raw	1056
C	-80	1	94	0.402634289809	norm	1056
T	-79	1	513	0.419460343418	raw	1056
T	-79	1	513	1.35873365622	norm	1056
A	-79	1	497	0.406377759608	raw	1056
A	-79	1	497	1.31174815024	norm	1056
G	-79	1	115	0.0940310711365	raw	1056
G	-79	1	115	0.493358166503	norm	1056
C	-79	1	98	0.0801308258381	raw	1056
C	-79	1	98	0.419767663844	norm	1056
T	-78	1	492	0.402289452167	raw	1056
T	-78	1	492	1.30311298024	norm	1056
A	-78	1	461	0.376941946034	raw	1056
A	-78	1	461	1.21673218765	norm	1056
C	-78	1	154	0.125919869174	raw	1056
C	-78	1	154	0.659634900326	norm	1056
G	-78	1	116	0.0948487326247	raw	1056
G	-78	1	116	0.497648237516	norm	1056
A	-77	1	511	0.417825020442	raw	1056
A	-77	1	511	1.34869880236	norm	1056
T	-77	1	473	0.386753883892	raw	1056
T	-77	1	473	1.25278951149	norm	1056
C	-77	1	124	0.10139002453	raw	1056
C	-77	1	124	0.531134595067	norm	1056
G	-77	1	115	0.0940310711365	raw	1056
G	-77	1	115	0.493358166503	norm	1056
T	-76	1	517	0.42273098937	raw	1056
T	-76	1	517	1.3693280707	norm	1056
A	-76	1	462	0.377759607522	raw	1056
A	-76	1	462	1.21937151994	norm	1056
C	-76	1	126	0.103025347506	raw	1056
C	-76	1	126	0.539701282085	norm	1056
G	-76	1	118	0.096484055601	raw	1056
G	-76	1	118	0.506228379542	norm	1056
T	-75	1	514	0.420278004906	raw	1056
T	-75	1	514	1.36138225984	norm	1056
A	-75	1	472	0.385936222404	raw	1056
A	-75	1	472	1.24576484289	norm	1056
C	-75	1	133	0.108748977923	raw	1056
C	-75	1	133	0.569684686645	norm	1056
G	-75	1	104	0.085036794767	raw	1056
G	-75	1	104	0.446167385359	norm	1056
T	-74	1	513	0.419460343418	raw	1056
T	-74	1	513	1.35873365622	norm	1056
A	-74	1	479	0.391659852821	raw	1056
A	-74	1	479	1.26424016895	norm	1056
C	-74	1	123	0.100572363042	raw	1056
C	-74	1	123	0.526851251559	norm	1056
G	-74	1	108	0.0883074407195	raw	1056
G	-74	1	108	0.463327669412	norm	1056
T	-73	1	523	0.427636958299	raw	1056
T	-73	1	523	1.38521969241	norm	1056
A	-73	1	466	0.381030253475	raw	1056
A	-73	1	466	1.22992884912	norm	1056
C	-73	1	124	0.10139002453	raw	1056
C	-73	1	124	0.531134595067	norm	1056
G	-73	1	110	0.0899427636958	raw	1056
G	-73	1	110	0.471907811438	norm	1056
A	-72	1	479	0.391659852821	raw	1056
A	-72	1	479	1.26424016895	norm	1056
T	-72	1	474	0.38757154538	raw	1056
T	-72	1	474	1.25543811511	norm	1056
G	-72	1	144	0.117743254293	raw	1056
G	-72	1	144	0.617770225882	norm	1056
C	-72	1	126	0.103025347506	raw	1056
C	-72	1	126	0.539701282085	norm	1056
A	-71	1	508	0.415372035977	raw	1056
A	-71	1	508	1.34078080548	norm	1056
T	-71	1	472	0.385936222404	raw	1056
T	-71	1	472	1.25014090787	norm	1056
C	-71	1	124	0.10139002453	raw	1056
C	-71	1	124	0.531134595067	norm	1056
G	-71	1	119	0.0973017170891	raw	1056
G	-71	1	119	0.510518450555	norm	1056
A	-70	1	507	0.414554374489	raw	1056
A	-70	1	507	1.33814147319	norm	1056
T	-70	1	506	0.413736713001	raw	1056
T	-70	1	506	1.3401934309	norm	1056
C	-70	1	116	0.0948487326247	raw	1056
C	-70	1	116	0.496867846998	norm	1056
G	-70	1	94	0.0768601798855	raw	1056
G	-70	1	94	0.403266675229	norm	1056
T	-69	1	502	0.410466067048	raw	1056
T	-69	1	502	1.32959901642	norm	1056
A	-69	1	462	0.377759607522	raw	1056
A	-69	1	462	1.21937151994	norm	1056
C	-69	1	132	0.107931316435	raw	1056
C	-69	1	132	0.565401343136	norm	1056
G	-69	1	127	0.103843008994	raw	1056
G	-69	1	127	0.54483901866	norm	1056
A	-68	1	493	0.403107113655	raw	1056
A	-68	1	493	1.30119082107	norm	1056
T	-68	1	474	0.38757154538	raw	1056
T	-68	1	474	1.25543811511	norm	1056
C	-68	1	136	0.111201962388	raw	1056
C	-68	1	136	0.582534717171	norm	1056
G	-68	1	120	0.0981193785773	raw	1056
G	-68	1	120	0.514808521568	norm	1056
T	-67	1	496	0.405560098119	raw	1056
T	-67	1	496	1.31370739471	norm	1056
A	-67	1	477	0.390024529845	raw	1056
A	-67	1	477	1.25896150436	norm	1056
G	-67	1	132	0.107931316435	raw	1056
G	-67	1	132	0.566289373725	norm	1056
C	-67	1	118	0.096484055601	raw	1056
C	-67	1	118	0.505434534016	norm	1056
T	-66	1	504	0.412101390025	raw	1056
T	-66	1	504	1.33489622366	norm	1056
A	-66	1	473	0.386753883892	raw	1056
A	-66	1	473	1.24840417518	norm	1056
G	-66	1	125	0.102207686018	raw	1056
G	-66	1	125	0.536258876634	norm	1056
C	-66	1	121	0.0989370400654	raw	1056
C	-66	1	121	0.518284564542	norm	1056
A	-65	1	509	0.416189697465	raw	1056
A	-65	1	509	1.34342013777	norm	1056
T	-65	1	474	0.38757154538	raw	1056
T	-65	1	474	1.25543811511	norm	1056
C	-65	1	123	0.100572363042	raw	1056
C	-65	1	123	0.526851251559	norm	1056
G	-65	1	117	0.0956663941128	raw	1056
G	-65	1	117	0.501938308529	norm	1056
T	-64	1	522	0.426819296811	raw	1056
T	-64	1	522	1.38257108879	norm	1056
A	-64	1	485	0.39656582175	raw	1056
A	-64	1	485	1.28007616271	norm	1056
C	-64	1	120	0.0981193785773	raw	1056
C	-64	1	120	0.514001221033	norm	1056
G	-64	1	96	0.0784955028618	raw	1056
G	-64	1	96	0.411846817255	norm	1056
T	-63	1	486	0.397383483238	raw	1056
T	-63	1	486	1.28722135853	norm	1056
A	-63	1	474	0.38757154538	raw	1056
A	-63	1	474	1.25104350748	norm	1056
C	-63	1	141	0.115290269828	raw	1056
C	-63	1	141	0.603951434714	norm	1056
G	-63	1	122	0.0997547015536	raw	1056
G	-63	1	122	0.523388663595	norm	1056
T	-62	1	525	0.429272281276	raw	1056
T	-62	1	525	1.39051689965	norm	1056
A	-62	1	451	0.368765331153	raw	1056
A	-62	1	451	1.19033886471	norm	1056
G	-62	1	128	0.104660670482	raw	1056
G	-62	1	128	0.549129089673	norm	1056
C	-62	1	119	0.0973017170891	raw	1056
C	-62	1	119	0.509717877524	norm	1056
T	-61	1	507	0.414554374489	raw	1056
T	-61	1	507	1.34284203451	norm	1056
A	-61	1	479	0.391659852821	raw	1056
A	-61	1	479	1.26424016895	norm	1056
C	-61	1	134	0.109566639411	raw	1056
C	-61	1	134	0.573968030153	norm	1056
G	-61	1	103	0.0842191332788	raw	1056
G	-61	1	103	0.441877314346	norm	1056
T	-60	1	500	0.408830744072	raw	1056
T	-60	1	500	1.32430180919	norm	1056
A	-60	1	453	0.370400654129	raw	1056
A	-60	1	453	1.1956175293	norm	1056
C	-60	1	153	0.125102207686	raw	1056
C	-60	1	153	0.655351556817	norm	1056
G	-60	1	117	0.0956663941128	raw	1056
G	-60	1	117	0.501938308529	norm	1056
A	-59	1	496	0.405560098119	raw	1056
A	-59	1	496	1.30910881795	norm	1056
T	-59	1	478	0.390842191333	raw	1056
T	-59	1	478	1.26603252958	norm	1056
C	-59	1	125	0.102207686018	raw	1056
C	-59	1	125	0.535417938576	norm	1056
G	-59	1	124	0.10139002453	raw	1056
G	-59	1	124	0.531968805621	norm	1056
T	-58	1	511	0.417825020442	raw	1056
T	-58	1	511	1.35343644899	norm	1056
A	-58	1	478	0.390842191333	raw	1056
A	-58	1	478	1.26160083665	norm	1056
C	-58	1	125	0.102207686018	raw	1056
C	-58	1	125	0.535417938576	norm	1056
G	-58	1	109	0.0891251022077	raw	1056
G	-58	1	109	0.467617740425	norm	1056
T	-57	1	501	0.40964840556	raw	1056
T	-57	1	501	1.3269504128	norm	1056
A	-57	1	451	0.368765331153	raw	1056
A	-57	1	451	1.19033886471	norm	1056
C	-57	1	147	0.120196238757	raw	1056
C	-57	1	147	0.629651495765	norm	1056
G	-57	1	124	0.10139002453	raw	1056
G	-57	1	124	0.531968805621	norm	1056
T	-56	1	497	0.406377759608	raw	1056
T	-56	1	497	1.31635599833	norm	1056
A	-56	1	489	0.399836467702	raw	1056
A	-56	1	489	1.29063349189	norm	1056
C	-56	1	121	0.0989370400654	raw	1056
C	-56	1	121	0.518284564542	norm	1056
G	-56	1	116	0.0948487326247	raw	1056
G	-56	1	116	0.497648237516	norm	1056
T	-55	1	532	0.434995911693	raw	1056
T	-55	1	532	1.40905712497	norm	1056
A	-55	1	463	0.378577269011	raw	1056
A	-55	1	463	1.22201085224	norm	1056
C	-55	1	122	0.0997547015536	raw	1056
C	-55	1	122	0.52256790805	norm	1056
G	-55	1	106	0.0866721177433	raw	1056
G	-55	1	106	0.454747527385	norm	1056
T	-54	1	513	0.419460343418	raw	1056
T	-54	1	513	1.35873365622	norm	1056
A	-54	1	458	0.37448896157	raw	1056
A	-54	1	458	1.20881419077	norm	1056
G	-54	1	127	0.103843008994	raw	1056
G	-54	1	127	0.54483901866	norm	1056
C	-54	1	125	0.102207686018	raw	1056
C	-54	1	125	0.535417938576	norm	1056
T	-53	1	494	0.403924775143	raw	1056
T	-53	1	494	1.30841018748	norm	1056
A	-53	1	479	0.391659852821	raw	1056
A	-53	1	479	1.26424016895	norm	1056
G	-53	1	129	0.105478331971	raw	1056
G	-53	1	129	0.553419160686	norm	1056
C	-53	1	121	0.0989370400654	raw	1056
C	-53	1	121	0.518284564542	norm	1056
T	-52	1	513	0.419460343418	raw	1056
T	-52	1	513	1.35873365622	norm	1056
A	-52	1	484	0.395748160262	raw	1056
A	-52	1	484	1.27743683042	norm	1056
C	-52	1	128	0.104660670482	raw	1056
C	-52	1	128	0.548267969102	norm	1056
G	-52	1	98	0.0801308258381	raw	1056
G	-52	1	98	0.420426959281	norm	1056
T	-51	1	490	0.400654129191	raw	1056
T	-51	1	490	1.297815773	norm	1056
A	-51	1	479	0.391659852821	raw	1056
A	-51	1	479	1.26424016895	norm	1056
G	-51	1	130	0.106295993459	raw	1056
G	-51	1	130	0.557709231699	norm	1056
C	-51	1	124	0.10139002453	raw	1056
C	-51	1	124	0.531134595067	norm	1056
T	-50	1	524	0.428454619787	raw	1056
T	-50	1	524	1.38786829603	norm	1056
A	-50	1	442	0.36140637776	raw	1056
A	-50	1	442	1.16658487406	norm	1056
C	-50	1	139	0.113654946852	raw	1056
C	-50	1	139	0.595384747696	norm	1056
G	-50	1	118	0.096484055601	raw	1056
G	-50	1	118	0.506228379542	norm	1056
A	-49	1	503	0.411283728536	raw	1056
A	-49	1	503	1.32758414401	norm	1056
T	-49	1	469	0.383483237939	raw	1056
T	-49	1	469	1.24219509702	norm	1056
G	-49	1	130	0.106295993459	raw	1056
G	-49	1	130	0.557709231699	norm	1056
C	-49	1	121	0.0989370400654	raw	1056
C	-49	1	121	0.518284564542	norm	1056
T	-48	1	524	0.428454619787	raw	1056
T	-48	1	524	1.38786829603	norm	1056
A	-48	1	438	0.358135731807	raw	1056
A	-48	1	438	1.15602754488	norm	1056
C	-48	1	137	0.112019623876	raw	1056
C	-48	1	137	0.586818060679	norm	1056
G	-48	1	124	0.10139002453	raw	1056
G	-48	1	124	0.531968805621	norm	1056
T	-47	1	495	0.404742436631	raw	1056
T	-47	1	495	1.31105879109	norm	1056
A	-47	1	483	0.394930498774	raw	1056
A	-47	1	483	1.27479749812	norm	1056
G	-47	1	126	0.103025347506	raw	1056
G	-47	1	126	0.540548947647	norm	1056
C	-47	1	119	0.0973017170891	raw	1056
C	-47	1	119	0.509717877524	norm	1056
T	-46	1	526	0.430089942764	raw	1056
T	-46	1	526	1.39316550326	norm	1056
A	-46	1	459	0.375306623058	raw	1056
A	-46	1	459	1.21145352306	norm	1056
C	-46	1	120	0.0981193785773	raw	1056
C	-46	1	120	0.514001221033	norm	1056
G	-46	1	118	0.096484055601	raw	1056
G	-46	1	118	0.506228379542	norm	1056
A	-45	1	487	0.398201144726	raw	1056
A	-45	1	487	1.2853548273	norm	1056
T	-45	1	470	0.384300899428	raw	1056
T	-45	1	470	1.24484370063	norm	1056
C	-45	1	137	0.112019623876	raw	1056
C	-45	1	137	0.586818060679	norm	1056
G	-45	1	129	0.105478331971	raw	1056
G	-45	1	129	0.553419160686	norm	1056
T	-44	1	518	0.423548650859	raw	1056
T	-44	1	518	1.37197667432	norm	1056
A	-44	1	475	0.388389206868	raw	1056
A	-44	1	475	1.25368283977	norm	1056
C	-44	1	118	0.096484055601	raw	1056
C	-44	1	118	0.505434534016	norm	1056
G	-44	1	112	0.0915780866721	raw	1056
G	-44	1	112	0.480487953464	norm	1056
T	-43	1	499	0.408013082584	raw	1056
T	-43	1	499	1.32165320557	norm	1056
A	-43	1	488	0.399018806214	raw	1056
A	-43	1	488	1.2879941596	norm	1056
C	-43	1	124	0.10139002453	raw	1056
C	-43	1	124	0.531134595067	norm	1056
G	-43	1	112	0.0915780866721	raw	1056
G	-43	1	112	0.480487953464	norm	1056
T	-42	1	497	0.406377759608	raw	1056
T	-42	1	497	1.31635599833	norm	1056
A	-42	1	461	0.376941946034	raw	1056
A	-42	1	461	1.21673218765	norm	1056
C	-42	1	135	0.110384300899	raw	1056
C	-42	1	135	0.578251373662	norm	1056
G	-42	1	130	0.106295993459	raw	1056
G	-42	1	130	0.557709231699	norm	1056
T	-41	1	517	0.42273098937	raw	1056
T	-41	1	517	1.3693280707	norm	1056
A	-41	1	470	0.384300899428	raw	1056
A	-41	1	470	1.2404861783	norm	1056
G	-41	1	120	0.0981193785773	raw	1056
G	-41	1	120	0.514808521568	norm	1056
C	-41	1	116	0.0948487326247	raw	1056
C	-41	1	116	0.496867846998	norm	1056
A	-40	1	495	0.404742436631	raw	1056
A	-40	1	495	1.30646948565	norm	1056
T	-40	1	476	0.389206868357	raw	1056
T	-40	1	476	1.26073532234	norm	1056
G	-40	1	132	0.107931316435	raw	1056
G	-40	1	132	0.566289373725	norm	1056
C	-40	1	120	0.0981193785773	raw	1056
C	-40	1	120	0.514001221033	norm	1056
A	-39	1	501	0.40964840556	raw	1056
A	-39	1	501	1.32230547942	norm	1056
T	-39	1	473	0.386753883892	raw	1056
T	-39	1	473	1.25278951149	norm	1056
G	-39	1	136	0.111201962388	raw	1056
G	-39	1	136	0.583449657778	norm	1056
C	-39	1	113	0.0923957481603	raw	1056
C	-39	1	113	0.484017816473	norm	1056
T	-38	1	470	0.384300899428	raw	1056
T	-38	1	470	1.24484370063	norm	1056
A	-38	1	468	0.382665576451	raw	1056
A	-38	1	468	1.23520751371	norm	1056
G	-38	1	149	0.121831561733	raw	1056
G	-38	1	149	0.639220580948	norm	1056
C	-38	1	136	0.111201962388	raw	1056
C	-38	1	136	0.582534717171	norm	1056
T	-37	1	501	0.40964840556	raw	1056
T	-37	1	501	1.3269504128	norm	1056
A	-37	1	452	0.369582992641	raw	1056
A	-37	1	452	1.192978197	norm	1056
C	-37	1	135	0.110384300899	raw	1056
C	-37	1	135	0.578251373662	norm	1056
G	-37	1	135	0.110384300899	raw	1056
G	-37	1	135	0.579159586765	norm	1056
A	-36	1	462	0.377759607522	raw	1056
A	-36	1	462	1.21937151994	norm	1056
T	-36	1	450	0.367947669665	raw	1056
T	-36	1	450	1.19187162827	norm	1056
C	-36	1	163	0.133278822567	raw	1056
C	-36	1	163	0.698184991903	norm	1056
G	-36	1	148	0.121013900245	raw	1056
G	-36	1	148	0.634930509934	norm	1056
A	-35	1	513	0.419460343418	raw	1056
A	-35	1	513	1.35397746695	norm	1056
T	-35	1	448	0.366312346688	raw	1056
T	-35	1	448	1.18657442103	norm	1056
C	-35	1	142	0.116107931316	raw	1056
C	-35	1	142	0.608234778222	norm	1056
G	-35	1	120	0.0981193785773	raw	1056
G	-35	1	120	0.514808521568	norm	1056
T	-34	1	481	0.393295175797	raw	1056
T	-34	1	481	1.27397834044	norm	1056
A	-34	1	476	0.389206868357	raw	1056
A	-34	1	476	1.25632217206	norm	1056
C	-34	1	141	0.115290269828	raw	1056
C	-34	1	141	0.603951434714	norm	1056
G	-34	1	125	0.102207686018	raw	1056
G	-34	1	125	0.536258876634	norm	1056
T	-33	1	492	0.402289452167	raw	1056
T	-33	1	492	1.30311298024	norm	1056
A	-33	1	452	0.369582992641	raw	1056
A	-33	1	452	1.192978197	norm	1056
C	-33	1	143	0.116925592805	raw	1056
C	-33	1	143	0.612518121731	norm	1056
G	-33	1	136	0.111201962388	raw	1056
G	-33	1	136	0.583449657778	norm	1056
T	-32	1	497	0.406377759608	raw	1056
T	-32	1	497	1.31635599833	norm	1056
A	-32	1	452	0.369582992641	raw	1056
A	-32	1	452	1.192978197	norm	1056
C	-32	1	137	0.112019623876	raw	1056
C	-32	1	137	0.586818060679	norm	1056
G	-32	1	137	0.112019623876	raw	1056
G	-32	1	137	0.587739728791	norm	1056
A	-31	1	498	0.407195421096	raw	1056
A	-31	1	498	1.31438748254	norm	1056
T	-31	1	467	0.381847914963	raw	1056
T	-31	1	467	1.23689788978	norm	1056
C	-31	1	135	0.110384300899	raw	1056
C	-31	1	135	0.578251373662	norm	1056
G	-31	1	123	0.100572363042	raw	1056
G	-31	1	123	0.527678734608	norm	1056
A	-30	1	497	0.406377759608	raw	1056
A	-30	1	497	1.31174815024	norm	1056
T	-30	1	458	0.37448896157	raw	1056
T	-30	1	458	1.21306045721	norm	1056
C	-30	1	143	0.116925592805	raw	1056
C	-30	1	143	0.612518121731	norm	1056
G	-30	1	125	0.102207686018	raw	1056
G	-30	1	125	0.536258876634	norm	1056
A	-29	1	472	0.385936222404	raw	1056
A	-29	1	472	1.24576484289	norm	1056
T	-29	1	472	0.385936222404	raw	1056
T	-29	1	472	1.25014090787	norm	1056
C	-29	1	152	0.124284546198	raw	1056
C	-29	1	152	0.651068213308	norm	1056
G	-29	1	127	0.103843008994	raw	1056
G	-29	1	127	0.54483901866	norm	1056
T	-28	1	514	0.420278004906	raw	1056
T	-28	1	514	1.36138225984	norm	1056
A	-28	1	443	0.362224039248	raw	1056
A	-28	1	443	1.16922420635	norm	1056
C	-28	1	139	0.113654946852	raw	1056
C	-28	1	139	0.595384747696	norm	1056
G	-28	1	127	0.103843008994	raw	1056
G	-28	1	127	0.54483901866	norm	1056
A	-27	1	462	0.377759607522	raw	1056
A	-27	1	462	1.21937151994	norm	1056
T	-27	1	447	0.3654946852	raw	1056
T	-27	1	447	1.18392581741	norm	1056
G	-27	1	158	0.129190515127	raw	1056
G	-27	1	158	0.677831220065	norm	1056
C	-27	1	156	0.12755519215	raw	1056
C	-27	1	156	0.668201587343	norm	1056
T	-26	1	486	0.397383483238	raw	1056
T	-26	1	486	1.28722135853	norm	1056
A	-26	1	429	0.350776778414	raw	1056
A	-26	1	429	1.13227355423	norm	1056
C	-26	1	164	0.134096484056	raw	1056
C	-26	1	164	0.702468335412	norm	1056
G	-26	1	144	0.117743254293	raw	1056
G	-26	1	144	0.617770225882	norm	1056
A	-25	1	470	0.384300899428	raw	1056
A	-25	1	470	1.2404861783	norm	1056
T	-25	1	467	0.381847914963	raw	1056
T	-25	1	467	1.23689788978	norm	1056
C	-25	1	143	0.116925592805	raw	1056
C	-25	1	143	0.612518121731	norm	1056
G	-25	1	143	0.116925592805	raw	1056
G	-25	1	143	0.613480154869	norm	1056
T	-24	1	461	0.376941946034	raw	1056
T	-24	1	461	1.22100626807	norm	1056
A	-24	1	451	0.368765331153	raw	1056
A	-24	1	451	1.19033886471	norm	1056
C	-24	1	169	0.138184791496	raw	1056
C	-24	1	169	0.723885052955	norm	1056
G	-24	1	142	0.116107931316	raw	1056
G	-24	1	142	0.609190083856	norm	1056
A	-23	1	484	0.395748160262	raw	1056
A	-23	1	484	1.27743683042	norm	1056
T	-23	1	462	0.377759607522	raw	1056
T	-23	1	462	1.22365487169	norm	1056
C	-23	1	142	0.116107931316	raw	1056
C	-23	1	142	0.608234778222	norm	1056
G	-23	1	135	0.110384300899	raw	1056
G	-23	1	135	0.579159586765	norm	1056
T	-22	1	465	0.380212591987	raw	1056
T	-22	1	465	1.23160068254	norm	1056
A	-22	1	452	0.369582992641	raw	1056
A	-22	1	452	1.192978197	norm	1056
C	-22	1	168	0.137367130008	raw	1056
C	-22	1	168	0.719601709446	norm	1056
G	-22	1	138	0.112837285364	raw	1056
G	-22	1	138	0.592029799804	norm	1056
T	-21	1	471	0.385118560916	raw	1056
T	-21	1	471	1.24749230425	norm	1056
A	-21	1	422	0.345053147997	raw	1056
A	-21	1	422	1.11379822817	norm	1056
G	-21	1	166	0.135731807032	raw	1056
G	-21	1	166	0.71215178817	norm	1056
C	-21	1	164	0.134096484056	raw	1056
C	-21	1	164	0.702468335412	norm	1056
A	-20	1	457	0.373671300082	raw	1056
A	-20	1	457	1.20617485847	norm	1056
T	-20	1	445	0.363859362224	raw	1056
T	-20	1	445	1.17862861018	norm	1056
C	-20	1	188	0.153720359771	raw	1056
C	-20	1	188	0.805268579618	norm	1056
G	-20	1	133	0.108748977923	raw	1056
G	-20	1	133	0.570579444738	norm	1056
T	-19	1	488	0.399018806214	raw	1056
T	-19	1	488	1.29251856577	norm	1056
A	-19	1	425	0.347506132461	raw	1056
A	-19	1	425	1.12171622506	norm	1056
C	-19	1	175	0.143090760425	raw	1056
C	-19	1	175	0.749585114006	norm	1056
G	-19	1	135	0.110384300899	raw	1056
G	-19	1	135	0.579159586765	norm	1056
T	-18	1	456	0.372853638594	raw	1056
T	-18	1	456	1.20776324998	norm	1056
A	-18	1	417	0.340964840556	raw	1056
A	-18	1	417	1.1006015667	norm	1056
C	-18	1	181	0.147996729354	raw	1056
C	-18	1	181	0.775285175058	norm	1056
G	-18	1	169	0.138184791496	raw	1056
G	-18	1	169	0.725022001209	norm	1056
T	-17	1	457	0.373671300082	raw	1056
T	-17	1	457	1.2104118536	norm	1056
A	-17	1	438	0.358135731807	raw	1056
A	-17	1	438	1.15602754488	norm	1056
G	-17	1	168	0.137367130008	raw	1056
G	-17	1	168	0.720731930196	norm	1056
C	-17	1	160	0.130825838103	raw	1056
C	-17	1	160	0.685334961377	norm	1056
T	-16	1	459	0.375306623058	raw	1056
T	-16	1	459	1.21570906083	norm	1056
A	-16	1	433	0.354047424366	raw	1056
A	-16	1	433	1.14283088341	norm	1056
C	-16	1	172	0.140637775961	raw	1056
C	-16	1	172	0.73673508348	norm	1056
G	-16	1	159	0.130008176615	raw	1056
G	-16	1	159	0.682121291078	norm	1056
A	-15	1	450	0.367947669665	raw	1056
A	-15	1	450	1.18769953241	norm	1056
T	-15	1	434	0.354865085854	raw	1056
T	-15	1	434	1.14949397037	norm	1056
C	-15	1	176	0.143908421913	raw	1056
C	-15	1	176	0.753868457515	norm	1056
G	-15	1	163	0.133278822567	raw	1056
G	-15	1	163	0.699281575131	norm	1056
T	-14	1	464	0.379394930499	raw	1056
T	-14	1	464	1.22895207892	norm	1056
A	-14	1	415	0.33932951758	raw	1056
A	-14	1	415	1.09532290211	norm	1056
C	-14	1	197	0.161079313164	raw	1056
C	-14	1	197	0.843818671196	norm	1056
G	-14	1	147	0.120196238757	raw	1056
G	-14	1	147	0.630640438921	norm	1056
A	-13	1	492	0.402289452167	raw	1056
A	-13	1	492	1.29855148877	norm	1056
T	-13	1	446	0.364677023712	raw	1056
T	-13	1	446	1.18127721379	norm	1056
C	-13	1	144	0.117743254293	raw	1056
C	-13	1	144	0.616801465239	norm	1056
G	-13	1	141	0.115290269828	raw	1056
G	-13	1	141	0.604900012843	norm	1056
T	-12	1	445	0.363859362224	raw	1056
T	-12	1	445	1.17862861018	norm	1056
A	-12	1	420	0.34341782502	raw	1056
A	-12	1	420	1.10851956359	norm	1056
C	-12	1	195	0.159443990188	raw	1056
C	-12	1	195	0.835251984178	norm	1056
G	-12	1	163	0.133278822567	raw	1056
G	-12	1	163	0.699281575131	norm	1056
A	-11	1	453	0.370400654129	raw	1056
A	-11	1	453	1.1956175293	norm	1056
T	-11	1	422	0.345053147997	raw	1056
T	-11	1	422	1.11771072695	norm	1056
C	-11	1	183	0.14963205233	raw	1056
C	-11	1	183	0.783851862075	norm	1056
G	-11	1	165	0.134914145544	raw	1056
G	-11	1	165	0.707861717157	norm	1056
T	-10	1	447	0.3654946852	raw	1056
T	-10	1	447	1.18392581741	norm	1056
A	-10	1	444	0.363041700736	raw	1056
A	-10	1	444	1.17186353865	norm	1056
C	-10	1	187	0.152902698283	raw	1056
C	-10	1	187	0.80098523611	norm	1056
G	-10	1	145	0.118560915781	raw	1056
G	-10	1	145	0.622060296895	norm	1056
T	-9	1	477	0.390024529845	raw	1056
T	-9	1	477	1.26338392596	norm	1056
A	-9	1	420	0.34341782502	raw	1056
A	-9	1	420	1.10851956359	norm	1056
G	-9	1	182	0.148814390842	raw	1056
G	-9	1	182	0.780792924379	norm	1056
C	-9	1	144	0.117743254293	raw	1056
C	-9	1	144	0.616801465239	norm	1056
T	-8	1	436	0.356500408831	raw	1056
T	-8	1	436	1.15479117761	norm	1056
A	-8	1	414	0.338511856092	raw	1056
A	-8	1	414	1.09268356982	norm	1056
C	-8	1	199	0.162714636141	raw	1056
C	-8	1	199	0.852385358213	norm	1056
G	-8	1	174	0.142273098937	raw	1056
G	-8	1	174	0.746472356274	norm	1056
T	-7	1	439	0.358953393295	raw	1056
T	-7	1	439	1.16273698847	norm	1056
A	-7	1	429	0.350776778414	raw	1056
A	-7	1	429	1.13227355423	norm	1056
C	-7	1	209	0.170891251022	raw	1056
C	-7	1	209	0.895218793299	norm	1056
G	-7	1	146	0.119378577269	raw	1056
G	-7	1	146	0.626350367908	norm	1056
T	-6	1	445	0.363859362224	raw	1056
T	-6	1	445	1.17862861018	norm	1056
A	-6	1	396	0.323793949305	raw	1056
A	-6	1	396	1.04517558852	norm	1056
C	-6	1	206	0.168438266558	raw	1056
C	-6	1	206	0.882368762773	norm	1056
G	-6	1	176	0.143908421913	raw	1056
G	-6	1	176	0.7550524983	norm	1056
A	-5	1	446	0.364677023712	raw	1056
A	-5	1	446	1.17714220324	norm	1056
T	-5	1	428	0.349959116926	raw	1056
T	-5	1	428	1.13360234866	norm	1056
C	-5	1	189	0.154538021259	raw	1056
C	-5	1	189	0.809551923127	norm	1056
G	-5	1	160	0.130825838103	raw	1056
G	-5	1	160	0.686411362091	norm	1056
T	-4	1	443	0.362224039248	raw	1056
T	-4	1	443	1.17333140294	norm	1056
A	-4	1	434	0.354865085854	raw	1056
A	-4	1	434	1.14547021571	norm	1056
C	-4	1	192	0.156991005724	raw	1056
C	-4	1	192	0.822401953653	norm	1056
G	-4	1	154	0.125919869174	raw	1056
G	-4	1	154	0.660670936013	norm	1056
A	-3	1	439	0.358953393295	raw	1056
A	-3	1	439	1.15866687718	norm	1056
T	-3	1	421	0.344235486509	raw	1056
T	-3	1	421	1.11506212333	norm	1056
C	-3	1	189	0.154538021259	raw	1056
C	-3	1	189	0.809551923127	norm	1056
G	-3	1	174	0.142273098937	raw	1056
G	-3	1	174	0.746472356274	norm	1056
T	-2	1	516	0.421913327882	raw	1056
T	-2	1	516	1.36667946708	norm	1056
A	-2	1	374	0.305805396566	raw	1056
A	-2	1	374	0.98711027805	norm	1056
C	-2	1	185	0.151267375307	raw	1056
C	-2	1	185	0.792418549092	norm	1056
G	-2	1	148	0.121013900245	raw	1056
G	-2	1	148	0.634930509934	norm	1056
T	-1	1	456	0.372853638594	raw	1056
T	-1	1	456	1.20776324998	norm	1056
A	-1	1	433	0.354047424366	raw	1056
A	-1	1	433	1.14283088341	norm	1056
C	-1	1	172	0.140637775961	raw	1056
C	-1	1	172	0.73673508348	norm	1056
G	-1	1	162	0.132461161079	raw	1056
G	-1	1	162	0.694991504117	norm	1056
C	0	1	578	0.472608340147	raw	1056
C	0	1	578	2.47577254798	norm	1056
A	0	1	303	0.247751430908	raw	1056
A	0	1	303	0.799717685158	norm	1056
G	0	1	194	0.1586263287	raw	1056
G	0	1	194	0.832273776536	norm	1056
T	0	1	148	0.121013900245	raw	1056
T	0	1	148	0.391993335519	norm	1056
A	1	1	514	0.420278004906	raw	1056
A	1	1	514	1.35661679925	norm	1056
T	1	1	403	0.329517579722	raw	1056
T	1	1	403	1.0673872582	norm	1056
C	1	1	195	0.159443990188	raw	1056
C	1	1	195	0.835251984178	norm	1056
G	1	1	111	0.090760425184	raw	1056
G	1	1	111	0.476197882451	norm	1056
A	2	1	443	0.362224039248	raw	1056
A	2	1	443	1.16922420635	norm	1056
T	2	1	414	0.338511856092	raw	1056
T	2	1	414	1.09652189801	norm	1056
C	2	1	186	0.152085036795	raw	1056
C	2	1	186	0.796701892601	norm	1056
G	2	1	180	0.147179067866	raw	1056
G	2	1	180	0.772212782353	norm	1056
T	3	1	478	0.390842191333	raw	1056
T	3	1	478	1.26603252958	norm	1056
A	3	1	394	0.322158626329	raw	1056
A	3	1	394	1.03989692394	norm	1056
G	3	1	186	0.152085036795	raw	1056
G	3	1	186	0.797953208431	norm	1056
C	3	1	165	0.134914145544	raw	1056
C	3	1	165	0.70675167892	norm	1056
A	4	1	443	0.362224039248	raw	1056
A	4	1	443	1.16922420635	norm	1056
T	4	1	419	0.342600163532	raw	1056
T	4	1	419	1.1097649161	norm	1056
G	4	1	206	0.168438266558	raw	1056
G	4	1	206	0.883754628693	norm	1056
C	4	1	155	0.126737530662	raw	1056
C	4	1	155	0.663918243834	norm	1056
T	5	1	405	0.331152902698	raw	1056
T	5	1	405	1.07268446544	norm	1056
A	5	1	404	0.33033524121	raw	1056
A	5	1	404	1.06629024688	norm	1056
G	5	1	210	0.17170891251	raw	1056
G	5	1	210	0.900914912745	norm	1056
C	5	1	204	0.166802943581	raw	1056
C	5	1	204	0.873802075756	norm	1056
T	6	1	421	0.344235486509	raw	1056
T	6	1	421	1.11506212333	norm	1056
A	6	1	368	0.300899427637	raw	1056
A	6	1	368	0.971274284285	norm	1056
G	6	1	224	0.183156173344	raw	1056
G	6	1	224	0.960975906928	norm	1056
C	6	1	210	0.17170891251	raw	1056
C	6	1	210	0.899502136808	norm	1056
T	7	1	440	0.359771054783	raw	1056
T	7	1	440	1.16538559208	norm	1056
A	7	1	393	0.321340964841	raw	1056
A	7	1	393	1.03725759164	norm	1056
C	7	1	207	0.169255928046	raw	1056
C	7	1	207	0.886652106282	norm	1056
G	7	1	183	0.14963205233	raw	1056
G	7	1	183	0.785082995392	norm	1056
T	8	1	453	0.370400654129	raw	1056
T	8	1	453	1.19981743912	norm	1056
A	8	1	399	0.326246933769	raw	1056
A	8	1	399	1.05309358541	norm	1056
C	8	1	186	0.152085036795	raw	1056
C	8	1	186	0.796701892601	norm	1056
G	8	1	185	0.151267375307	raw	1056
G	8	1	185	0.793663137418	norm	1056
T	9	1	443	0.362224039248	raw	1056
T	9	1	443	1.17333140294	norm	1056
A	9	1	376	0.307440719542	raw	1056
A	9	1	376	0.992388942639	norm	1056
G	9	1	225	0.183973834832	raw	1056
G	9	1	225	0.965265977941	norm	1056
C	9	1	179	0.146361406378	raw	1056
C	9	1	179	0.766718488041	norm	1056
A	10	1	421	0.344235486509	raw	1056
A	10	1	421	1.11115889588	norm	1056
T	10	1	418	0.341782502044	raw	1056
T	10	1	418	1.10711631248	norm	1056
G	10	1	207	0.169255928046	raw	1056
G	10	1	207	0.888044699706	norm	1056
C	10	1	177	0.144726083401	raw	1056
C	10	1	177	0.758151801024	norm	1056
A	11	1	413	0.337694194603	raw	1056
A	11	1	413	1.09004423753	norm	1056
T	11	1	410	0.335241210139	raw	1056
T	11	1	410	1.08592748353	norm	1056
G	11	1	203	0.165985282093	raw	1056
G	11	1	203	0.870884415653	norm	1056
C	11	1	197	0.161079313164	raw	1056
C	11	1	197	0.843818671196	norm	1056
T	12	1	445	0.363859362224	raw	1056
T	12	1	445	1.17862861018	norm	1056
A	12	1	377	0.30825838103	raw	1056
A	12	1	377	0.995028274933	norm	1056
C	12	1	215	0.175797219951	raw	1056
C	12	1	215	0.920918854351	norm	1056
G	12	1	186	0.152085036795	raw	1056
G	12	1	186	0.797953208431	norm	1056
T	13	1	415	0.33932951758	raw	1056
T	13	1	415	1.09917050162	norm	1056
A	13	1	398	0.325429272281	raw	1056
A	13	1	398	1.05045425311	norm	1056
G	13	1	214	0.174979558463	raw	1056
G	13	1	214	0.918075196797	norm	1056
C	13	1	196	0.160261651676	raw	1056
C	13	1	196	0.839535327687	norm	1056
T	14	1	421	0.344235486509	raw	1056
T	14	1	421	1.11506212333	norm	1056
A	14	1	399	0.326246933769	raw	1056
A	14	1	399	1.05309358541	norm	1056
C	14	1	206	0.168438266558	raw	1056
C	14	1	206	0.882368762773	norm	1056
G	14	1	197	0.161079313164	raw	1056
G	14	1	197	0.845143989575	norm	1056
T	15	1	410	0.335241210139	raw	1056
T	15	1	410	1.08592748353	norm	1056
A	15	1	393	0.321340964841	raw	1056
A	15	1	393	1.03725759164	norm	1056
C	15	1	217	0.177432542927	raw	1056
C	15	1	217	0.929485541368	norm	1056
G	15	1	203	0.165985282093	raw	1056
G	15	1	203	0.870884415653	norm	1056
A	16	1	403	0.329517579722	raw	1056
A	16	1	403	1.06365091458	norm	1056
T	16	1	398	0.325429272281	raw	1056
T	16	1	398	1.05414424011	norm	1056
G	16	1	222	0.181520850368	raw	1056
G	16	1	222	0.952395764902	norm	1056
C	16	1	200	0.163532297629	raw	1056
C	16	1	200	0.856668701721	norm	1056
T	17	1	434	0.354865085854	raw	1056
T	17	1	434	1.14949397037	norm	1056
A	17	1	416	0.340147179068	raw	1056
A	17	1	416	1.09796223441	norm	1056
C	17	1	197	0.161079313164	raw	1056
C	17	1	197	0.843818671196	norm	1056
G	17	1	176	0.143908421913	raw	1056
G	17	1	176	0.7550524983	norm	1056
T	18	1	394	0.322158626329	raw	1056
T	18	1	394	1.04354982564	norm	1056
A	18	1	389	0.318070318888	raw	1056
A	18	1	389	1.02670026246	norm	1056
C	18	1	228	0.186426819297	raw	1056
C	18	1	228	0.976602319962	norm	1056
G	18	1	212	0.173344235487	raw	1056
G	18	1	212	0.909495054771	norm	1056
T	19	1	429	0.350776778414	raw	1056
T	19	1	429	1.13625095228	norm	1056
A	19	1	365	0.298446443173	raw	1056
A	19	1	365	0.963356287402	norm	1056
C	19	1	217	0.177432542927	raw	1056
C	19	1	217	0.929485541368	norm	1056
G	19	1	212	0.173344235487	raw	1056
G	19	1	212	0.909495054771	norm	1056
T	20	1	460	0.376124284546	raw	1056
T	20	1	460	1.21835766445	norm	1056
A	20	1	371	0.303352412101	raw	1056
A	20	1	371	0.979192281168	norm	1056
C	20	1	198	0.161896974652	raw	1056
C	20	1	198	0.848102014704	norm	1056
G	20	1	194	0.1586263287	raw	1056
G	20	1	194	0.832273776536	norm	1056
A	21	1	421	0.344235486509	raw	1056
A	21	1	421	1.11115889588	norm	1056
T	21	1	411	0.336058871627	raw	1056
T	21	1	411	1.08857608715	norm	1056
G	21	1	201	0.164349959117	raw	1056
G	21	1	201	0.862304273627	norm	1056
C	21	1	190	0.155355682747	raw	1056
C	21	1	190	0.813835266635	norm	1056
A	22	1	427	0.349141455437	raw	1056
A	22	1	427	1.12699488965	norm	1056
T	22	1	397	0.324611610793	raw	1056
T	22	1	397	1.05149563649	norm	1056
C	22	1	210	0.17170891251	raw	1056
C	22	1	210	0.899502136808	norm	1056
G	22	1	189	0.154538021259	raw	1056
G	22	1	189	0.81082342147	norm	1056
T	23	1	455	0.372035977105	raw	1056
T	23	1	455	1.20511464636	norm	1056
A	23	1	380	0.310711365495	raw	1056
A	23	1	380	1.00294627182	norm	1056
C	23	1	201	0.164349959117	raw	1056
C	23	1	201	0.86095204523	norm	1056
G	23	1	187	0.152902698283	raw	1056
G	23	1	187	0.802243279444	norm	1056
T	24	1	434	0.354865085854	raw	1056
T	24	1	434	1.14949397037	norm	1056
A	24	1	364	0.297628781684	raw	1056
A	24	1	364	0.960716955108	norm	1056
G	24	1	225	0.183973834832	raw	1056
G	24	1	225	0.965265977941	norm	1056
C	24	1	200	0.163532297629	raw	1056
C	24	1	200	0.856668701721	norm	1056
A	25	1	429	0.350776778414	raw	1056
A	25	1	429	1.13227355423	norm	1056
T	25	1	404	0.33033524121	raw	1056
T	25	1	404	1.07003586182	norm	1056
G	25	1	199	0.162714636141	raw	1056
G	25	1	199	0.853724131601	norm	1056
C	25	1	191	0.156173344235	raw	1056
C	25	1	191	0.818118610144	norm	1056
T	26	1	445	0.363859362224	raw	1056
T	26	1	445	1.17862861018	norm	1056
A	26	1	390	0.318887980376	raw	1056
A	26	1	390	1.02933959476	norm	1056
C	26	1	194	0.1586263287	raw	1056
C	26	1	194	0.83096864067	norm	1056
G	26	1	194	0.1586263287	raw	1056
G	26	1	194	0.832273776536	norm	1056
T	27	1	408	0.333605887163	raw	1056
T	27	1	408	1.0806302763	norm	1056
A	27	1	406	0.331970564186	raw	1056
A	27	1	406	1.07156891147	norm	1056
C	27	1	207	0.169255928046	raw	1056
C	27	1	207	0.886652106282	norm	1056
G	27	1	202	0.165167620605	raw	1056
G	27	1	202	0.86659434464	norm	1056
T	28	1	436	0.356500408831	raw	1056
T	28	1	436	1.15479117761	norm	1056
A	28	1	412	0.336876533115	raw	1056
A	28	1	412	1.08740490523	norm	1056
G	28	1	199	0.162714636141	raw	1056
G	28	1	199	0.853724131601	norm	1056
C	28	1	176	0.143908421913	raw	1056
C	28	1	176	0.753868457515	norm	1056
T	29	1	427	0.349141455437	raw	1056
T	29	1	427	1.13095374504	norm	1056
A	29	1	426	0.348323793949	raw	1056
A	29	1	426	1.12435555735	norm	1056
C	29	1	198	0.161896974652	raw	1056
C	29	1	198	0.848102014704	norm	1056
G	29	1	172	0.140637775961	raw	1056
G	29	1	172	0.737892214248	norm	1056
T	30	1	448	0.366312346688	raw	1056
T	30	1	448	1.18657442103	norm	1056
A	30	1	404	0.33033524121	raw	1056
A	30	1	404	1.06629024688	norm	1056
G	30	1	188	0.153720359771	raw	1056
G	30	1	188	0.806533350457	norm	1056
C	30	1	183	0.14963205233	raw	1056
C	30	1	183	0.783851862075	norm	1056
T	31	1	429	0.350776778414	raw	1056
T	31	1	429	1.13625095228	norm	1056
A	31	1	407	0.332788225675	raw	1056
A	31	1	407	1.07420824376	norm	1056
C	31	1	200	0.163532297629	raw	1056
C	31	1	200	0.856668701721	norm	1056
G	31	1	187	0.152902698283	raw	1056
G	31	1	187	0.802243279444	norm	1056
T	32	1	441	0.360588716271	raw	1056
T	32	1	441	1.1680341957	norm	1056
A	32	1	420	0.34341782502	raw	1056
A	32	1	420	1.10851956359	norm	1056
C	32	1	191	0.156173344235	raw	1056
C	32	1	191	0.818118610144	norm	1056
G	32	1	171	0.139820114473	raw	1056
G	32	1	171	0.733602143235	norm	1056
T	33	1	427	0.349141455437	raw	1056
T	33	1	427	1.13095374504	norm	1056
A	33	1	394	0.322158626329	raw	1056
A	33	1	394	1.03989692394	norm	1056
G	33	1	205	0.16762060507	raw	1056
G	33	1	205	0.879464557679	norm	1056
C	33	1	197	0.161079313164	raw	1056
C	33	1	197	0.843818671196	norm	1056
T	34	1	448	0.366312346688	raw	1056
T	34	1	448	1.18657442103	norm	1056
A	34	1	423	0.345870809485	raw	1056
A	34	1	423	1.11643756047	norm	1056
C	34	1	181	0.147996729354	raw	1056
C	34	1	181	0.775285175058	norm	1056
G	34	1	171	0.139820114473	raw	1056
G	34	1	171	0.733602143235	norm	1056
A	35	1	427	0.349141455437	raw	1056
A	35	1	427	1.12699488965	norm	1056
T	35	1	412	0.336876533115	raw	1056
T	35	1	412	1.09122469077	norm	1056
C	35	1	205	0.16762060507	raw	1056
C	35	1	205	0.878085419265	norm	1056
G	35	1	179	0.146361406378	raw	1056
G	35	1	179	0.76792271134	norm	1056
T	36	1	467	0.381847914963	raw	1056
T	36	1	467	1.23689788978	norm	1056
A	36	1	413	0.337694194603	raw	1056
A	36	1	413	1.09004423753	norm	1056
G	36	1	175	0.143090760425	raw	1056
G	36	1	175	0.750762427287	norm	1056
C	36	1	168	0.137367130008	raw	1056
C	36	1	168	0.719601709446	norm	1056
A	37	1	460	0.376124284546	raw	1056
A	37	1	460	1.21409285536	norm	1056
T	37	1	408	0.333605887163	raw	1056
T	37	1	408	1.0806302763	norm	1056
C	37	1	182	0.148814390842	raw	1056
C	37	1	182	0.779568518567	norm	1056
G	37	1	173	0.141455437449	raw	1056
G	37	1	173	0.742182285261	norm	1056
T	38	1	472	0.385936222404	raw	1056
T	38	1	472	1.25014090787	norm	1056
A	38	1	417	0.340964840556	raw	1056
A	38	1	417	1.1006015667	norm	1056
C	38	1	170	0.139002452984	raw	1056
C	38	1	170	0.728168396463	norm	1056
G	38	1	164	0.134096484056	raw	1056
G	38	1	164	0.703571646144	norm	1056
T	39	1	465	0.380212591987	raw	1056
T	39	1	465	1.23160068254	norm	1056
A	39	1	423	0.345870809485	raw	1056
A	39	1	423	1.11643756047	norm	1056
C	39	1	175	0.143090760425	raw	1056
C	39	1	175	0.749585114006	norm	1056
G	39	1	160	0.130825838103	raw	1056
G	39	1	160	0.686411362091	norm	1056
T	40	1	490	0.400654129191	raw	1056
T	40	1	490	1.297815773	norm	1056
A	40	1	398	0.325429272281	raw	1056
A	40	1	398	1.05045425311	norm	1056
C	40	1	169	0.138184791496	raw	1056
C	40	1	169	0.723885052955	norm	1056
G	40	1	166	0.135731807032	raw	1056
G	40	1	166	0.71215178817	norm	1056
T	41	1	492	0.402289452167	raw	1056
T	41	1	492	1.30311298024	norm	1056
A	41	1	447	0.3654946852	raw	1056
A	41	1	447	1.17978153553	norm	1056
C	41	1	148	0.121013900245	raw	1056
C	41	1	148	0.633934839274	norm	1056
G	41	1	136	0.111201962388	raw	1056
G	41	1	136	0.583449657778	norm	1056
T	42	1	473	0.386753883892	raw	1056
T	42	1	473	1.25278951149	norm	1056
A	42	1	424	0.346688470973	raw	1056
A	42	1	424	1.11907689276	norm	1056
G	42	1	177	0.144726083401	raw	1056
G	42	1	177	0.759342569314	norm	1056
C	42	1	149	0.121831561733	raw	1056
C	42	1	149	0.638218182783	norm	1056
T	43	1	468	0.382665576451	raw	1056
T	43	1	468	1.2395464934	norm	1056
A	43	1	429	0.350776778414	raw	1056
A	43	1	429	1.13227355423	norm	1056
C	43	1	165	0.134914145544	raw	1056
C	43	1	165	0.70675167892	norm	1056
G	43	1	161	0.131643499591	raw	1056
G	43	1	161	0.690701433104	norm	1056
T	44	1	489	0.399836467702	raw	1056
T	44	1	489	1.29516716938	norm	1056
A	44	1	448	0.366312346688	raw	1056
A	44	1	448	1.18242086782	norm	1056
C	44	1	150	0.122649223222	raw	1056
C	44	1	150	0.642501526291	norm	1056
G	44	1	136	0.111201962388	raw	1056
G	44	1	136	0.583449657778	norm	1056
T	45	1	482	0.394112837285	raw	1056
T	45	1	482	1.27662694406	norm	1056
A	45	1	446	0.364677023712	raw	1056
A	45	1	446	1.17714220324	norm	1056
C	45	1	167	0.13654946852	raw	1056
C	45	1	167	0.715318365937	norm	1056
G	45	1	128	0.104660670482	raw	1056
G	45	1	128	0.549129089673	norm	1056
T	46	1	494	0.403924775143	raw	1056
T	46	1	494	1.30841018748	norm	1056
A	46	1	435	0.355682747343	raw	1056
A	46	1	435	1.148109548	norm	1056
G	46	1	155	0.126737530662	raw	1056
G	46	1	155	0.664961007026	norm	1056
C	46	1	139	0.113654946852	raw	1056
C	46	1	139	0.595384747696	norm	1056
A	47	1	464	0.379394930499	raw	1056
A	47	1	464	1.22465018453	norm	1056
T	47	1	461	0.376941946034	raw	1056
T	47	1	461	1.22100626807	norm	1056
C	47	1	149	0.121831561733	raw	1056
C	47	1	149	0.638218182783	norm	1056
G	47	1	149	0.121831561733	raw	1056
G	47	1	149	0.639220580948	norm	1056
A	48	1	472	0.385936222404	raw	1056
A	48	1	472	1.24576484289	norm	1056
T	48	1	460	0.376124284546	raw	1056
T	48	1	460	1.21835766445	norm	1056
G	48	1	165	0.134914145544	raw	1056
G	48	1	165	0.707861717157	norm	1056
C	48	1	126	0.103025347506	raw	1056
C	48	1	126	0.539701282085	norm	1056
T	49	1	493	0.403107113655	raw	1056
T	49	1	493	1.30576158386	norm	1056
A	49	1	456	0.372853638594	raw	1056
A	49	1	456	1.20353552618	norm	1056
C	49	1	138	0.112837285364	raw	1056
C	49	1	138	0.591101404188	norm	1056
G	49	1	136	0.111201962388	raw	1056
G	49	1	136	0.583449657778	norm	1056
T	50	1	501	0.40964840556	raw	1056
T	50	1	501	1.3269504128	norm	1056
A	50	1	438	0.358135731807	raw	1056
A	50	1	438	1.15602754488	norm	1056
C	50	1	142	0.116107931316	raw	1056
C	50	1	142	0.608234778222	norm	1056
G	50	1	142	0.116107931316	raw	1056
G	50	1	142	0.609190083856	norm	1056
T	51	1	469	0.383483237939	raw	1056
T	51	1	469	1.24219509702	norm	1056
A	51	1	443	0.362224039248	raw	1056
A	51	1	443	1.16922420635	norm	1056
C	51	1	166	0.135731807032	raw	1056
C	51	1	166	0.711035022429	norm	1056
G	51	1	145	0.118560915781	raw	1056
G	51	1	145	0.622060296895	norm	1056
A	52	1	473	0.386753883892	raw	1056
A	52	1	473	1.24840417518	norm	1056
T	52	1	460	0.376124284546	raw	1056
T	52	1	460	1.21835766445	norm	1056
C	52	1	147	0.120196238757	raw	1056
C	52	1	147	0.629651495765	norm	1056
G	52	1	143	0.116925592805	raw	1056
G	52	1	143	0.613480154869	norm	1056
T	53	1	494	0.403924775143	raw	1056
T	53	1	494	1.30841018748	norm	1056
A	53	1	468	0.382665576451	raw	1056
A	53	1	468	1.23520751371	norm	1056
C	53	1	147	0.120196238757	raw	1056
C	53	1	147	0.629651495765	norm	1056
G	53	1	114	0.0932134096484	raw	1056
G	53	1	114	0.48906809549	norm	1056
T	54	1	480	0.392477514309	raw	1056
T	54	1	480	1.27132973682	norm	1056
A	54	1	450	0.367947669665	raw	1056
A	54	1	450	1.18769953241	norm	1056
C	54	1	150	0.122649223222	raw	1056
C	54	1	150	0.642501526291	norm	1056
G	54	1	143	0.116925592805	raw	1056
G	54	1	143	0.613480154869	norm	1056
T	55	1	516	0.421913327882	raw	1056
T	55	1	516	1.36667946708	norm	1056
A	55	1	434	0.354865085854	raw	1056
A	55	1	434	1.14547021571	norm	1056
C	55	1	154	0.125919869174	raw	1056
C	55	1	154	0.659634900326	norm	1056
G	55	1	119	0.0973017170891	raw	1056
G	55	1	119	0.510518450555	norm	1056
T	56	1	502	0.410466067048	raw	1056
T	56	1	502	1.32959901642	norm	1056
A	56	1	481	0.393295175797	raw	1056
A	56	1	481	1.26951883354	norm	1056
C	56	1	123	0.100572363042	raw	1056
C	56	1	123	0.526851251559	norm	1056
G	56	1	117	0.0956663941128	raw	1056
G	56	1	117	0.501938308529	norm	1056
T	57	1	505	0.412919051513	raw	1056
T	57	1	505	1.33754482728	norm	1056
A	57	1	471	0.385118560916	raw	1056
A	57	1	471	1.24312551059	norm	1056
C	57	1	130	0.106295993459	raw	1056
C	57	1	130	0.556834656119	norm	1056
G	57	1	117	0.0956663941128	raw	1056
G	57	1	117	0.501938308529	norm	1056
T	58	1	480	0.392477514309	raw	1056
T	58	1	480	1.27132973682	norm	1056
A	58	1	471	0.385118560916	raw	1056
A	58	1	471	1.24312551059	norm	1056
G	58	1	137	0.112019623876	raw	1056
G	58	1	137	0.587739728791	norm	1056
C	58	1	135	0.110384300899	raw	1056
C	58	1	135	0.578251373662	norm	1056
T	59	1	504	0.412101390025	raw	1056
T	59	1	504	1.33489622366	norm	1056
A	59	1	486	0.397383483238	raw	1056
A	59	1	486	1.28271549501	norm	1056
G	59	1	120	0.0981193785773	raw	1056
G	59	1	120	0.514808521568	norm	1056
C	59	1	113	0.0923957481603	raw	1056
C	59	1	113	0.484017816473	norm	1056
A	60	1	492	0.402289452167	raw	1056
A	60	1	492	1.29855148877	norm	1056
T	60	1	453	0.370400654129	raw	1056
T	60	1	453	1.19981743912	norm	1056
G	60	1	142	0.116107931316	raw	1056
G	60	1	142	0.609190083856	norm	1056
C	60	1	136	0.111201962388	raw	1056
C	60	1	136	0.582534717171	norm	1056
T	61	1	500	0.408830744072	raw	1056
T	61	1	500	1.32430180919	norm	1056
A	61	1	467	0.381847914963	raw	1056
A	61	1	467	1.23256818142	norm	1056
G	61	1	140	0.11447260834	raw	1056
G	61	1	140	0.60060994183	norm	1056
C	61	1	116	0.0948487326247	raw	1056
C	61	1	116	0.496867846998	norm	1056
A	62	1	529	0.432542927228	raw	1056
A	62	1	529	1.39620678366	norm	1056
T	62	1	432	0.353229762878	raw	1056
T	62	1	432	1.14419676314	norm	1056
G	62	1	136	0.111201962388	raw	1056
G	62	1	136	0.583449657778	norm	1056
C	62	1	126	0.103025347506	raw	1056
C	62	1	126	0.539701282085	norm	1056
T	63	1	505	0.412919051513	raw	1056
T	63	1	505	1.33754482728	norm	1056
A	63	1	469	0.383483237939	raw	1056
A	63	1	469	1.237846846	norm	1056
G	63	1	130	0.106295993459	raw	1056
G	63	1	130	0.557709231699	norm	1056
C	63	1	119	0.0973017170891	raw	1056
C	63	1	119	0.509717877524	norm	1056
A	64	1	484	0.395748160262	raw	1056
A	64	1	484	1.27743683042	norm	1056
T	64	1	480	0.392477514309	raw	1056
T	64	1	480	1.27132973682	norm	1056
G	64	1	143	0.116925592805	raw	1056
G	64	1	143	0.613480154869	norm	1056
C	64	1	116	0.0948487326247	raw	1056
C	64	1	116	0.496867846998	norm	1056
A	65	1	512	0.41864268193	raw	1056
A	65	1	512	1.35133813466	norm	1056
T	65	1	474	0.38757154538	raw	1056
T	65	1	474	1.25543811511	norm	1056
C	65	1	123	0.100572363042	raw	1056
C	65	1	123	0.526851251559	norm	1056
G	65	1	114	0.0932134096484	raw	1056
G	65	1	114	0.48906809549	norm	1056
A	66	1	524	0.428454619787	raw	1056
A	66	1	524	1.38301012219	norm	1056
T	66	1	471	0.385118560916	raw	1056
T	66	1	471	1.24749230425	norm	1056
G	66	1	118	0.096484055601	raw	1056
G	66	1	118	0.506228379542	norm	1056
C	66	1	110	0.0899427636958	raw	1056
C	66	1	110	0.471167785947	norm	1056
T	67	1	477	0.390024529845	raw	1056
T	67	1	477	1.26338392596	norm	1056
A	67	1	475	0.388389206868	raw	1056
A	67	1	475	1.25368283977	norm	1056
G	67	1	141	0.115290269828	raw	1056
G	67	1	141	0.604900012843	norm	1056
C	67	1	130	0.106295993459	raw	1056
C	67	1	130	0.556834656119	norm	1056
T	68	1	487	0.398201144726	raw	1056
T	68	1	487	1.28986996215	norm	1056
A	68	1	469	0.383483237939	raw	1056
A	68	1	469	1.237846846	norm	1056
C	68	1	142	0.116107931316	raw	1056
C	68	1	142	0.608234778222	norm	1056
G	68	1	125	0.102207686018	raw	1056
G	68	1	125	0.536258876634	norm	1056
A	69	1	498	0.407195421096	raw	1056
A	69	1	498	1.31438748254	norm	1056
T	69	1	467	0.381847914963	raw	1056
T	69	1	467	1.23689788978	norm	1056
G	69	1	154	0.125919869174	raw	1056
G	69	1	154	0.660670936013	norm	1056
C	69	1	104	0.085036794767	raw	1056
C	69	1	104	0.445467724895	norm	1056
T	70	1	513	0.419460343418	raw	1056
T	70	1	513	1.35873365622	norm	1056
A	70	1	460	0.376124284546	raw	1056
A	70	1	460	1.21409285536	norm	1056
C	70	1	132	0.107931316435	raw	1056
C	70	1	132	0.565401343136	norm	1056
G	70	1	118	0.096484055601	raw	1056
G	70	1	118	0.506228379542	norm	1056
A	71	1	513	0.419460343418	raw	1056
A	71	1	513	1.35397746695	norm	1056
T	71	1	474	0.38757154538	raw	1056
T	71	1	474	1.25543811511	norm	1056
G	71	1	131	0.107113654947	raw	1056
G	71	1	131	0.561999302712	norm	1056
C	71	1	105	0.0858544562551	raw	1056
C	71	1	105	0.449751068404	norm	1056
T	72	1	513	0.419460343418	raw	1056
T	72	1	513	1.35873365622	norm	1056
A	72	1	491	0.401471790679	raw	1056
A	72	1	491	1.29591215648	norm	1056
C	72	1	118	0.096484055601	raw	1056
C	72	1	118	0.505434534016	norm	1056
G	72	1	101	0.0825838103025	raw	1056
G	72	1	101	0.43329717232	norm	1056
T	73	1	511	0.417825020442	raw	1056
T	73	1	511	1.35343644899	norm	1056
A	73	1	479	0.391659852821	raw	1056
A	73	1	479	1.26424016895	norm	1056
G	73	1	121	0.0989370400654	raw	1056
G	73	1	121	0.519098592582	norm	1056
C	73	1	112	0.0915780866721	raw	1056
C	73	1	112	0.479734472964	norm	1056
T	74	1	513	0.419460343418	raw	1056
T	74	1	513	1.35873365622	norm	1056
A	74	1	485	0.39656582175	raw	1056
A	74	1	485	1.28007616271	norm	1056
G	74	1	116	0.0948487326247	raw	1056
G	74	1	116	0.497648237516	norm	1056
C	74	1	109	0.0891251022077	raw	1056
C	74	1	109	0.466884442438	norm	1056
T	75	1	493	0.403107113655	raw	1056
T	75	1	493	1.30576158386	norm	1056
A	75	1	481	0.393295175797	raw	1056
A	75	1	481	1.26951883354	norm	1056
C	75	1	129	0.105478331971	raw	1056
C	75	1	129	0.55255131261	norm	1056
G	75	1	120	0.0981193785773	raw	1056
G	75	1	120	0.514808521568	norm	1056
T	76	1	521	0.426001635323	raw	1056
T	76	1	521	1.37992248517	norm	1056
A	76	1	477	0.390024529845	raw	1056
A	76	1	477	1.25896150436	norm	1056
G	76	1	145	0.118560915781	raw	1056
G	76	1	145	0.622060296895	norm	1056
C	76	1	80	0.0654129190515	raw	1056
C	76	1	80	0.342667480689	norm	1056
A	77	1	537	0.439084219133	raw	1056
A	77	1	537	1.41732144201	norm	1056
T	77	1	448	0.366312346688	raw	1056
T	77	1	448	1.18657442103	norm	1056
G	77	1	129	0.105478331971	raw	1056
G	77	1	129	0.553419160686	norm	1056
C	77	1	109	0.0891251022077	raw	1056
C	77	1	109	0.466884442438	norm	1056
T	78	1	503	0.411283728536	raw	1056
T	78	1	503	1.33224762004	norm	1056
A	78	1	480	0.392477514309	raw	1056
A	78	1	480	1.26687950124	norm	1056
G	78	1	130	0.106295993459	raw	1056
G	78	1	130	0.557709231699	norm	1056
C	78	1	110	0.0899427636958	raw	1056
C	78	1	110	0.471167785947	norm	1056
A	79	1	520	0.425183973835	raw	1056
A	79	1	520	1.37245279301	norm	1056
T	79	1	471	0.385118560916	raw	1056
T	79	1	471	1.24749230425	norm	1056
G	79	1	128	0.104660670482	raw	1056
G	79	1	128	0.549129089673	norm	1056
C	79	1	104	0.085036794767	raw	1056
C	79	1	104	0.445467724895	norm	1056
A	80	1	504	0.412101390025	raw	1056
A	80	1	504	1.3302234763	norm	1056
T	80	1	488	0.399018806214	raw	1056
T	80	1	488	1.29251856577	norm	1056
C	80	1	119	0.0973017170891	raw	1056
C	80	1	119	0.509717877524	norm	1056
G	80	1	112	0.0915780866721	raw	1056
G	80	1	112	0.480487953464	norm	1056
A	81	1	524	0.428454619787	raw	1056
A	81	1	524	1.38301012219	norm	1056
T	81	1	461	0.376941946034	raw	1056
T	81	1	461	1.22100626807	norm	1056
G	81	1	127	0.103843008994	raw	1056
G	81	1	127	0.54483901866	norm	1056
C	81	1	111	0.090760425184	raw	1056
C	81	1	111	0.475451129455	norm	1056
A	82	1	505	0.412919051513	raw	1056
A	82	1	505	1.3328628086	norm	1056
T	82	1	474	0.38757154538	raw	1056
T	82	1	474	1.25543811511	norm	1056
G	82	1	130	0.106295993459	raw	1056
G	82	1	130	0.557709231699	norm	1056
C	82	1	114	0.0932134096484	raw	1056
C	82	1	114	0.488301159981	norm	1056
A	83	1	525	0.429272281276	raw	1056
A	83	1	525	1.38564945448	norm	1056
T	83	1	478	0.390842191333	raw	1056
T	83	1	478	1.26603252958	norm	1056
C	83	1	112	0.0915780866721	raw	1056
C	83	1	112	0.479734472964	norm	1056
G	83	1	108	0.0883074407195	raw	1056
G	83	1	108	0.463327669412	norm	1056
T	84	1	482	0.394112837285	raw	1056
T	84	1	482	1.27662694406	norm	1056
A	84	1	480	0.392477514309	raw	1056
A	84	1	480	1.26687950124	norm	1056
G	84	1	131	0.107113654947	raw	1056
G	84	1	131	0.561999302712	norm	1056
C	84	1	130	0.106295993459	raw	1056
C	84	1	130	0.556834656119	norm	1056
A	85	1	501	0.40964840556	raw	1056
A	85	1	501	1.32230547942	norm	1056
T	85	1	484	0.395748160262	raw	1056
T	85	1	484	1.28192415129	norm	1056
G	85	1	122	0.0997547015536	raw	1056
G	85	1	122	0.523388663595	norm	1056
C	85	1	116	0.0948487326247	raw	1056
C	85	1	116	0.496867846998	norm	1056
A	86	1	501	0.40964840556	raw	1056
A	86	1	501	1.32230547942	norm	1056
T	86	1	497	0.406377759608	raw	1056
T	86	1	497	1.31635599833	norm	1056
C	86	1	117	0.0956663941128	raw	1056
C	86	1	117	0.501151190507	norm	1056
G	86	1	108	0.0883074407195	raw	1056
G	86	1	108	0.463327669412	norm	1056
A	87	1	526	0.430089942764	raw	1056
A	87	1	526	1.38828878678	norm	1056
T	87	1	423	0.345870809485	raw	1056
T	87	1	423	1.12035933057	norm	1056
C	87	1	137	0.112019623876	raw	1056
C	87	1	137	0.586818060679	norm	1056
G	87	1	137	0.112019623876	raw	1056
G	87	1	137	0.587739728791	norm	1056
T	88	1	513	0.419460343418	raw	1056
T	88	1	513	1.35873365622	norm	1056
A	88	1	480	0.392477514309	raw	1056
A	88	1	480	1.26687950124	norm	1056
G	88	1	133	0.108748977923	raw	1056
G	88	1	133	0.570579444738	norm	1056
C	88	1	97	0.07931316435	raw	1056
C	88	1	97	0.415484320335	norm	1056
T	89	1	477	0.390024529845	raw	1056
T	89	1	477	1.26338392596	norm	1056
A	89	1	467	0.381847914963	raw	1056
A	89	1	467	1.23256818142	norm	1056
G	89	1	140	0.11447260834	raw	1056
G	89	1	140	0.60060994183	norm	1056
C	89	1	139	0.113654946852	raw	1056
C	89	1	139	0.595384747696	norm	1056
T	90	1	518	0.423548650859	raw	1056
T	90	1	518	1.37197667432	norm	1056
A	90	1	450	0.367947669665	raw	1056
A	90	1	450	1.18769953241	norm	1056
C	90	1	131	0.107113654947	raw	1056
C	90	1	131	0.561117999628	norm	1056
G	90	1	124	0.10139002453	raw	1056
G	90	1	124	0.531968805621	norm	1056
A	91	1	514	0.420278004906	raw	1056
A	91	1	514	1.35661679925	norm	1056
T	91	1	457	0.373671300082	raw	1056
T	91	1	457	1.2104118536	norm	1056
G	91	1	132	0.107931316435	raw	1056
G	91	1	132	0.566289373725	norm	1056
C	91	1	120	0.0981193785773	raw	1056
C	91	1	120	0.514001221033	norm	1056
A	92	1	503	0.411283728536	raw	1056
A	92	1	503	1.32758414401	norm	1056
T	92	1	493	0.403107113655	raw	1056
T	92	1	493	1.30576158386	norm	1056
C	92	1	123	0.100572363042	raw	1056
C	92	1	123	0.526851251559	norm	1056
G	92	1	104	0.085036794767	raw	1056
G	92	1	104	0.446167385359	norm	1056
A	93	1	479	0.391659852821	raw	1056
A	93	1	479	1.26424016895	norm	1056
T	93	1	472	0.385936222404	raw	1056
T	93	1	472	1.25014090787	norm	1056
G	93	1	137	0.112019623876	raw	1056
G	93	1	137	0.587739728791	norm	1056
C	93	1	135	0.110384300899	raw	1056
C	93	1	135	0.578251373662	norm	1056
A	94	1	500	0.408830744072	raw	1056
A	94	1	500	1.31966614713	norm	1056
T	94	1	461	0.376941946034	raw	1056
T	94	1	461	1.22100626807	norm	1056
G	94	1	140	0.11447260834	raw	1056
G	94	1	140	0.60060994183	norm	1056
C	94	1	122	0.0997547015536	raw	1056
C	94	1	122	0.52256790805	norm	1056
A	95	1	515	0.421095666394	raw	1056
A	95	1	515	1.35925613154	norm	1056
T	95	1	471	0.385118560916	raw	1056
T	95	1	471	1.24749230425	norm	1056
G	95	1	120	0.0981193785773	raw	1056
G	95	1	120	0.514808521568	norm	1056
C	95	1	117	0.0956663941128	raw	1056
C	95	1	117	0.501151190507	norm	1056
T	96	1	519	0.424366312347	raw	1056
T	96	1	519	1.37462527793	norm	1056
A	96	1	434	0.354865085854	raw	1056
A	96	1	434	1.14547021571	norm	1056
G	96	1	141	0.115290269828	raw	1056
G	96	1	141	0.604900012843	norm	1056
C	96	1	129	0.105478331971	raw	1056
C	96	1	129	0.55255131261	norm	1056
A	97	1	519	0.424366312347	raw	1056
A	97	1	519	1.36981346072	norm	1056
T	97	1	472	0.385936222404	raw	1056
T	97	1	472	1.25014090787	norm	1056
C	97	1	116	0.0948487326247	raw	1056
C	97	1	116	0.496867846998	norm	1056
G	97	1	116	0.0948487326247	raw	1056
G	97	1	116	0.497648237516	norm	1056
A	98	1	497	0.406377759608	raw	1056
A	98	1	497	1.31174815024	norm	1056
T	98	1	494	0.403924775143	raw	1056
T	98	1	494	1.30841018748	norm	1056
G	98	1	120	0.0981193785773	raw	1056
G	98	1	120	0.514808521568	norm	1056
C	98	1	112	0.0915780866721	raw	1056
C	98	1	112	0.479734472964	norm	1056
A	99	1	494	0.403924775143	raw	1056
A	99	1	494	1.30383015336	norm	1056
T	99	1	456	0.372853638594	raw	1056
T	99	1	456	1.20776324998	norm	1056
G	99	1	145	0.118560915781	raw	1056
G	99	1	145	0.622060296895	norm	1056
C	99	1	128	0.104660670482	raw	1056
C	99	1	128	0.548267969102	norm	1056
A	100	1	503	0.411283728536	raw	1056
A	100	1	503	1.32758414401	norm	1056
T	100	1	482	0.394112837285	raw	1056
T	100	1	482	1.27662694406	norm	1056
G	100	1	126	0.103025347506	raw	1056
G	100	1	126	0.540548947647	norm	1056
C	100	1	112	0.0915780866721	raw	1056
C	100	1	112	0.479734472964	norm	1056
