#nuc	offset	region.size	count	freq	norm.freq	total.sites
T	-100	1	481	0.411111111111	raw	1003
T	-100	1	481	1.0094664224	norm	1003
A	-100	1	477	0.407692307692	raw	1003
A	-100	1	477	0.966889835538	norm	1003
C	-100	1	115	0.0982905982906	raw	1003
C	-100	1	115	1.22851074323	norm	1003
G	-100	1	97	0.082905982906	raw	1003
G	-100	1	97	0.910225560948	norm	1003
T	-99	1	499	0.426495726496	raw	1003
T	-99	1	499	1.04724271263	norm	1003
A	-99	1	440	0.376068376068	raw	1003
A	-99	1	440	0.891889995045	norm	1003
C	-99	1	121	0.103418803419	raw	1003
C	-99	1	121	1.29260695592	norm	1003
G	-99	1	110	0.0940170940171	raw	1003
G	-99	1	110	1.03221455365	norm	1003
T	-98	1	495	0.423076923077	raw	1003
T	-98	1	495	1.03884798147	norm	1003
A	-98	1	462	0.394871794872	raw	1003
A	-98	1	462	0.936484494797	norm	1003
C	-98	1	121	0.103418803419	raw	1003
C	-98	1	121	1.29260695592	norm	1003
G	-98	1	92	0.0786324786325	raw	1003
G	-98	1	92	0.8633067176	norm	1003
T	-97	1	493	0.421367521368	raw	1003
T	-97	1	493	1.03465061589	norm	1003
A	-97	1	471	0.402564102564	raw	1003
A	-97	1	471	0.954727699242	norm	1003
C	-97	1	115	0.0982905982906	raw	1003
C	-97	1	115	1.22851074323	norm	1003
G	-97	1	91	0.0777777777778	raw	1003
G	-97	1	91	0.853922948931	norm	1003
T	-96	1	496	0.423931623932	raw	1003
T	-96	1	496	1.04094666426	norm	1003
A	-96	1	480	0.410256410256	raw	1003
A	-96	1	480	0.972970903686	norm	1003
G	-96	1	100	0.0854700854701	raw	1003
G	-96	1	100	0.938376866957	norm	1003
C	-96	1	94	0.0803418803419	raw	1003
C	-96	1	94	1.00417399881	norm	1003
T	-95	1	498	0.425641025641	raw	1003
T	-95	1	498	1.04514402984	norm	1003
A	-95	1	472	0.403418803419	raw	1003
A	-95	1	472	0.956754721958	norm	1003
G	-95	1	104	0.0888888888889	raw	1003
G	-95	1	104	0.975911941635	norm	1003
C	-95	1	96	0.0820512820513	raw	1003
C	-95	1	96	1.02553940304	norm	1003
A	-94	1	497	0.424786324786	raw	1003
A	-94	1	497	1.00743028986	norm	1003
T	-94	1	471	0.402564102564	raw	1003
T	-94	1	471	0.988479594487	norm	1003
C	-94	1	106	0.0905982905983	raw	1003
C	-94	1	106	1.13236642419	norm	1003
G	-94	1	96	0.0820512820513	raw	1003
G	-94	1	96	0.900841792279	norm	1003
T	-93	1	469	0.400854700855	raw	1003
T	-93	1	469	0.984282228906	norm	1003
A	-93	1	447	0.382051282051	raw	1003
A	-93	1	447	0.906079154057	norm	1003
C	-93	1	131	0.111965811966	raw	1003
C	-93	1	131	1.39943397707	norm	1003
G	-93	1	123	0.105128205128	raw	1003
G	-93	1	123	1.15420354636	norm	1003
T	-92	1	499	0.426495726496	raw	1003
T	-92	1	499	1.04724271263	norm	1003
A	-92	1	460	0.393162393162	raw	1003
A	-92	1	460	0.932430449365	norm	1003
G	-92	1	109	0.0931623931624	raw	1003
G	-92	1	109	1.02283078498	norm	1003
C	-92	1	102	0.0871794871795	raw	1003
C	-92	1	102	1.08963561573	norm	1003
T	-91	1	488	0.417094017094	raw	1003
T	-91	1	488	1.02415720193	norm	1003
A	-91	1	465	0.397435897436	raw	1003
A	-91	1	465	0.942565562945	norm	1003
C	-91	1	115	0.0982905982906	raw	1003
C	-91	1	115	1.22851074323	norm	1003
G	-91	1	102	0.0871794871795	raw	1003
G	-91	1	102	0.957144404296	norm	1003
T	-90	1	494	0.422222222222	raw	1003
T	-90	1	494	1.03674929868	norm	1003
A	-90	1	457	0.390598290598	raw	1003
A	-90	1	457	0.926349381217	norm	1003
C	-90	1	127	0.108547008547	raw	1003
C	-90	1	127	1.35670316861	norm	1003
G	-90	1	92	0.0786324786325	raw	1003
G	-90	1	92	0.8633067176	norm	1003
A	-89	1	503	0.429914529915	raw	1003
A	-89	1	503	1.01959242615	norm	1003
T	-89	1	463	0.395726495726	raw	1003
T	-89	1	463	0.971690132161	norm	1003
G	-89	1	109	0.0931623931624	raw	1003
G	-89	1	109	1.02283078498	norm	1003
C	-89	1	95	0.0811965811966	raw	1003
C	-89	1	95	1.01485670093	norm	1003
T	-88	1	487	0.416239316239	raw	1003
T	-88	1	487	1.02205851914	norm	1003
A	-88	1	480	0.410256410256	raw	1003
A	-88	1	480	0.972970903686	norm	1003
C	-88	1	107	0.091452991453	raw	1003
C	-88	1	107	1.14304912631	norm	1003
G	-88	1	96	0.0820512820513	raw	1003
G	-88	1	96	0.900841792279	norm	1003
T	-87	1	494	0.422222222222	raw	1003
T	-87	1	494	1.03674929868	norm	1003
A	-87	1	449	0.383760683761	raw	1003
A	-87	1	449	0.910133199489	norm	1003
C	-87	1	120	0.102564102564	raw	1003
C	-87	1	120	1.2819242538	norm	1003
G	-87	1	107	0.091452991453	raw	1003
G	-87	1	107	1.00406324764	norm	1003
T	-86	1	526	0.449572649573	raw	1003
T	-86	1	526	1.10390714798	norm	1003
A	-86	1	452	0.386324786325	raw	1003
A	-86	1	452	0.916214267637	norm	1003
C	-86	1	100	0.0854700854701	raw	1003
C	-86	1	100	1.0682702115	norm	1003
G	-86	1	92	0.0786324786325	raw	1003
G	-86	1	92	0.8633067176	norm	1003
A	-85	1	484	0.413675213675	raw	1003
A	-85	1	484	0.98107899455	norm	1003
T	-85	1	474	0.405128205128	raw	1003
T	-85	1	474	0.99477564286	norm	1003
C	-85	1	122	0.104273504274	raw	1003
C	-85	1	122	1.30328965803	norm	1003
G	-85	1	90	0.0769230769231	raw	1003
G	-85	1	90	0.844539180261	norm	1003
T	-84	1	502	0.42905982906	raw	1003
T	-84	1	502	1.053538761	norm	1003
A	-84	1	443	0.378632478632	raw	1003
A	-84	1	443	0.897971063193	norm	1003
C	-84	1	128	0.109401709402	raw	1003
C	-84	1	128	1.36738587072	norm	1003
G	-84	1	97	0.082905982906	raw	1003
G	-84	1	97	0.910225560948	norm	1003
T	-83	1	506	0.432478632479	raw	1003
T	-83	1	506	1.06193349217	norm	1003
A	-83	1	458	0.391452991453	raw	1003
A	-83	1	458	0.928376403933	norm	1003
C	-83	1	109	0.0931623931624	raw	1003
C	-83	1	109	1.16441453054	norm	1003
G	-83	1	97	0.082905982906	raw	1003
G	-83	1	97	0.910225560948	norm	1003
T	-82	1	506	0.432478632479	raw	1003
T	-82	1	506	1.06193349217	norm	1003
A	-82	1	483	0.412820512821	raw	1003
A	-82	1	483	0.979051971834	norm	1003
G	-82	1	95	0.0811965811966	raw	1003
G	-82	1	95	0.891458023609	norm	1003
C	-82	1	86	0.0735042735043	raw	1003
C	-82	1	86	0.918712381892	norm	1003
A	-81	1	461	0.394017094017	raw	1003
A	-81	1	461	0.934457472081	norm	1003
T	-81	1	439	0.375213675214	raw	1003
T	-81	1	439	0.92132174518	norm	1003
G	-81	1	146	0.124786324786	raw	1003
G	-81	1	146	1.37003022576	norm	1003
C	-81	1	124	0.105982905983	raw	1003
C	-81	1	124	1.32465506226	norm	1003
T	-80	1	504	0.430769230769	raw	1003
T	-80	1	504	1.05773612659	norm	1003
A	-80	1	465	0.397435897436	raw	1003
A	-80	1	465	0.942565562945	norm	1003
G	-80	1	112	0.0957264957265	raw	1003
G	-80	1	112	1.05098209099	norm	1003
C	-80	1	89	0.0760683760684	raw	1003
C	-80	1	89	0.950760488237	norm	1003
T	-79	1	499	0.426495726496	raw	1003
T	-79	1	499	1.04724271263	norm	1003
A	-79	1	478	0.408547008547	raw	1003
A	-79	1	478	0.968916858254	norm	1003
G	-79	1	106	0.0905982905983	raw	1003
G	-79	1	106	0.994679478974	norm	1003
C	-79	1	87	0.074358974359	raw	1003
C	-79	1	87	0.929395084007	norm	1003
T	-78	1	482	0.411965811966	raw	1003
T	-78	1	482	1.01156510519	norm	1003
A	-78	1	442	0.377777777778	raw	1003
A	-78	1	442	0.895944040477	norm	1003
C	-78	1	143	0.122222222222	raw	1003
C	-78	1	143	1.52762640245	norm	1003
G	-78	1	103	0.0880341880342	raw	1003
G	-78	1	103	0.966528172966	norm	1003
A	-77	1	493	0.421367521368	raw	1003
A	-77	1	493	0.999322198994	norm	1003
T	-77	1	454	0.388034188034	raw	1003
T	-77	1	454	0.952801987043	norm	1003
C	-77	1	117	0.1	raw	1003
C	-77	1	117	1.24987614746	norm	1003
G	-77	1	106	0.0905982905983	raw	1003
G	-77	1	106	0.994679478974	norm	1003
T	-76	1	502	0.42905982906	raw	1003
T	-76	1	502	1.053538761	norm	1003
A	-76	1	445	0.380341880342	raw	1003
A	-76	1	445	0.902025108625	norm	1003
C	-76	1	117	0.1	raw	1003
C	-76	1	117	1.24987614746	norm	1003
G	-76	1	106	0.0905982905983	raw	1003
G	-76	1	106	0.994679478974	norm	1003
T	-75	1	502	0.42905982906	raw	1003
T	-75	1	502	1.053538761	norm	1003
A	-75	1	452	0.386324786325	raw	1003
A	-75	1	452	0.916214267637	norm	1003
C	-75	1	120	0.102564102564	raw	1003
C	-75	1	120	1.2819242538	norm	1003
G	-75	1	96	0.0820512820513	raw	1003
G	-75	1	96	0.900841792279	norm	1003
T	-74	1	498	0.425641025641	raw	1003
T	-74	1	498	1.04514402984	norm	1003
A	-74	1	459	0.392307692308	raw	1003
A	-74	1	459	0.930403426649	norm	1003
C	-74	1	114	0.0974358974359	raw	1003
C	-74	1	114	1.21782804111	norm	1003
G	-74	1	99	0.0846153846154	raw	1003
G	-74	1	99	0.928993098287	norm	1003
T	-73	1	501	0.428205128205	raw	1003
T	-73	1	501	1.05144007821	norm	1003
A	-73	1	452	0.386324786325	raw	1003
A	-73	1	452	0.916214267637	norm	1003
C	-73	1	112	0.0957264957265	raw	1003
C	-73	1	112	1.19646263688	norm	1003
G	-73	1	105	0.0897435897436	raw	1003
G	-73	1	105	0.985295710305	norm	1003
T	-72	1	462	0.394871794872	raw	1003
T	-72	1	462	0.96959144937	norm	1003
A	-72	1	459	0.392307692308	raw	1003
A	-72	1	459	0.930403426649	norm	1003
G	-72	1	133	0.113675213675	raw	1003
G	-72	1	133	1.24804123305	norm	1003
C	-72	1	116	0.0991452991453	raw	1003
C	-72	1	116	1.23919344534	norm	1003
A	-71	1	493	0.421367521368	raw	1003
A	-71	1	493	0.999322198994	norm	1003
T	-71	1	456	0.389743589744	raw	1003
T	-71	1	456	0.956999352625	norm	1003
C	-71	1	113	0.0965811965812	raw	1003
C	-71	1	113	1.207145339	norm	1003
G	-71	1	108	0.0923076923077	raw	1003
G	-71	1	108	1.01344701631	norm	1003
T	-70	1	491	0.419658119658	raw	1003
T	-70	1	491	1.0304532503	norm	1003
A	-70	1	488	0.417094017094	raw	1003
A	-70	1	488	0.989187085414	norm	1003
C	-70	1	107	0.091452991453	raw	1003
C	-70	1	107	1.14304912631	norm	1003
G	-70	1	84	0.0717948717949	raw	1003
G	-70	1	84	0.788236568244	norm	1003
T	-69	1	490	0.418803418803	raw	1003
T	-69	1	490	1.02835456751	norm	1003
A	-69	1	443	0.378632478632	raw	1003
A	-69	1	443	0.897971063193	norm	1003
C	-69	1	121	0.103418803419	raw	1003
C	-69	1	121	1.29260695592	norm	1003
G	-69	1	116	0.0991452991453	raw	1003
G	-69	1	116	1.08851716567	norm	1003
A	-68	1	473	0.404273504274	raw	1003
A	-68	1	473	0.958781744674	norm	1003
T	-68	1	466	0.398290598291	raw	1003
T	-68	1	466	0.977986180533	norm	1003
C	-68	1	126	0.107692307692	raw	1003
C	-68	1	126	1.34602046649	norm	1003
G	-68	1	105	0.0897435897436	raw	1003
G	-68	1	105	0.985295710305	norm	1003
T	-67	1	480	0.410256410256	raw	1003
T	-67	1	480	1.0073677396	norm	1003
A	-67	1	461	0.394017094017	raw	1003
A	-67	1	461	0.934457472081	norm	1003
G	-67	1	121	0.103418803419	raw	1003
G	-67	1	121	1.13543600902	norm	1003
C	-67	1	108	0.0923076923077	raw	1003
C	-67	1	108	1.15373182842	norm	1003
T	-66	1	489	0.417948717949	raw	1003
T	-66	1	489	1.02625588472	norm	1003
A	-66	1	455	0.388888888889	raw	1003
A	-66	1	455	0.922295335785	norm	1003
G	-66	1	117	0.1	raw	1003
G	-66	1	117	1.09790093434	norm	1003
C	-66	1	109	0.0931623931624	raw	1003
C	-66	1	109	1.16441453054	norm	1003
A	-65	1	488	0.417094017094	raw	1003
A	-65	1	488	0.989187085414	norm	1003
T	-65	1	454	0.388034188034	raw	1003
T	-65	1	454	0.952801987043	norm	1003
C	-65	1	115	0.0982905982906	raw	1003
C	-65	1	115	1.22851074323	norm	1003
G	-65	1	113	0.0965811965812	raw	1003
G	-65	1	113	1.06036585966	norm	1003
T	-64	1	500	0.42735042735	raw	1003
T	-64	1	500	1.04934139542	norm	1003
A	-64	1	469	0.400854700855	raw	1003
A	-64	1	469	0.95067365381	norm	1003
C	-64	1	111	0.0948717948718	raw	1003
C	-64	1	111	1.18577993477	norm	1003
G	-64	1	90	0.0769230769231	raw	1003
G	-64	1	90	0.844539180261	norm	1003
T	-63	1	468	0.4	raw	1003
T	-63	1	468	0.982183546115	norm	1003
A	-63	1	463	0.395726495726	raw	1003
A	-63	1	463	0.938511517513	norm	1003
C	-63	1	127	0.108547008547	raw	1003
C	-63	1	127	1.35670316861	norm	1003
G	-63	1	112	0.0957264957265	raw	1003
G	-63	1	112	1.05098209099	norm	1003
T	-62	1	505	0.431623931624	raw	1003
T	-62	1	505	1.05983480938	norm	1003
A	-62	1	435	0.371794871795	raw	1003
A	-62	1	435	0.881754881465	norm	1003
C	-62	1	115	0.0982905982906	raw	1003
C	-62	1	115	1.22851074323	norm	1003
G	-62	1	115	0.0982905982906	raw	1003
G	-62	1	115	1.079133397	norm	1003
T	-61	1	486	0.415384615385	raw	1003
T	-61	1	486	1.01995983635	norm	1003
A	-61	1	466	0.398290598291	raw	1003
A	-61	1	466	0.944592585661	norm	1003
C	-61	1	125	0.106837606838	raw	1003
C	-61	1	125	1.33533776438	norm	1003
G	-61	1	93	0.0794871794872	raw	1003
G	-61	1	93	0.87269048627	norm	1003
T	-60	1	487	0.416239316239	raw	1003
T	-60	1	487	1.02205851914	norm	1003
A	-60	1	433	0.370085470085	raw	1003
A	-60	1	433	0.877700836033	norm	1003
C	-60	1	142	0.121367521368	raw	1003
C	-60	1	142	1.51694370033	norm	1003
G	-60	1	108	0.0923076923077	raw	1003
G	-60	1	108	1.01344701631	norm	1003
A	-59	1	481	0.411111111111	raw	1003
A	-59	1	481	0.974997926402	norm	1003
T	-59	1	461	0.394017094017	raw	1003
T	-59	1	461	0.967492766579	norm	1003
C	-59	1	114	0.0974358974359	raw	1003
C	-59	1	114	1.21782804111	norm	1003
G	-59	1	114	0.0974358974359	raw	1003
G	-59	1	114	1.06974962833	norm	1003
T	-58	1	490	0.418803418803	raw	1003
T	-58	1	490	1.02835456751	norm	1003
A	-58	1	461	0.394017094017	raw	1003
A	-58	1	461	0.934457472081	norm	1003
C	-58	1	116	0.0991452991453	raw	1003
C	-58	1	116	1.23919344534	norm	1003
G	-58	1	103	0.0880341880342	raw	1003
G	-58	1	103	0.966528172966	norm	1003
T	-57	1	486	0.415384615385	raw	1003
T	-57	1	486	1.01995983635	norm	1003
A	-57	1	432	0.369230769231	raw	1003
A	-57	1	432	0.875673813317	norm	1003
C	-57	1	136	0.116239316239	raw	1003
C	-57	1	136	1.45284748764	norm	1003
G	-57	1	116	0.0991452991453	raw	1003
G	-57	1	116	1.08851716567	norm	1003
T	-56	1	482	0.411965811966	raw	1003
T	-56	1	482	1.01156510519	norm	1003
A	-56	1	468	0.4	raw	1003
A	-56	1	468	0.948646631094	norm	1003
C	-56	1	112	0.0957264957265	raw	1003
C	-56	1	112	1.19646263688	norm	1003
G	-56	1	108	0.0923076923077	raw	1003
G	-56	1	108	1.01344701631	norm	1003
T	-55	1	515	0.440170940171	raw	1003
T	-55	1	515	1.08082163728	norm	1003
A	-55	1	442	0.377777777778	raw	1003
A	-55	1	442	0.895944040477	norm	1003
C	-55	1	114	0.0974358974359	raw	1003
C	-55	1	114	1.21782804111	norm	1003
G	-55	1	99	0.0846153846154	raw	1003
G	-55	1	99	0.928993098287	norm	1003
T	-54	1	498	0.425641025641	raw	1003
T	-54	1	498	1.04514402984	norm	1003
A	-54	1	442	0.377777777778	raw	1003
A	-54	1	442	0.895944040477	norm	1003
G	-54	1	117	0.1	raw	1003
G	-54	1	117	1.09790093434	norm	1003
C	-54	1	113	0.0965811965812	raw	1003
C	-54	1	113	1.207145339	norm	1003
T	-53	1	483	0.412820512821	raw	1003
T	-53	1	483	1.01366378798	norm	1003
A	-53	1	456	0.389743589744	raw	1003
A	-53	1	456	0.924322358501	norm	1003
G	-53	1	120	0.102564102564	raw	1003
G	-53	1	120	1.12605224035	norm	1003
C	-53	1	111	0.0948717948718	raw	1003
C	-53	1	111	1.18577993477	norm	1003
T	-52	1	492	0.420512820513	raw	1003
T	-52	1	492	1.0325519331	norm	1003
A	-52	1	470	0.401709401709	raw	1003
A	-52	1	470	0.952700676526	norm	1003
C	-52	1	118	0.100854700855	raw	1003
C	-52	1	118	1.26055884957	norm	1003
G	-52	1	90	0.0769230769231	raw	1003
G	-52	1	90	0.844539180261	norm	1003
T	-51	1	473	0.404273504274	raw	1003
T	-51	1	473	0.992676960069	norm	1003
A	-51	1	464	0.396581196581	raw	1003
A	-51	1	464	0.940538540229	norm	1003
C	-51	1	117	0.1	raw	1003
C	-51	1	117	1.24987614746	norm	1003
G	-51	1	116	0.0991452991453	raw	1003
G	-51	1	116	1.08851716567	norm	1003
T	-50	1	504	0.430769230769	raw	1003
T	-50	1	504	1.05773612659	norm	1003
A	-50	1	427	0.364957264957	raw	1003
A	-50	1	427	0.865538699737	norm	1003
C	-50	1	130	0.111111111111	raw	1003
C	-50	1	130	1.38875127495	norm	1003
G	-50	1	109	0.0931623931624	raw	1003
G	-50	1	109	1.02283078498	norm	1003
A	-49	1	477	0.407692307692	raw	1003
A	-49	1	477	0.966889835538	norm	1003
T	-49	1	459	0.392307692308	raw	1003
T	-49	1	459	0.963295400997	norm	1003
G	-49	1	119	0.101709401709	raw	1003
G	-49	1	119	1.11666847168	norm	1003
C	-49	1	115	0.0982905982906	raw	1003
C	-49	1	115	1.22851074323	norm	1003
T	-48	1	504	0.430769230769	raw	1003
T	-48	1	504	1.05773612659	norm	1003
A	-48	1	423	0.361538461538	raw	1003
A	-48	1	423	0.857430608873	norm	1003
C	-48	1	127	0.108547008547	raw	1003
C	-48	1	127	1.35670316861	norm	1003
G	-48	1	116	0.0991452991453	raw	1003
G	-48	1	116	1.08851716567	norm	1003
T	-47	1	487	0.416239316239	raw	1003
T	-47	1	487	1.02205851914	norm	1003
A	-47	1	466	0.398290598291	raw	1003
A	-47	1	466	0.944592585661	norm	1003
G	-47	1	109	0.0931623931624	raw	1003
G	-47	1	109	1.02283078498	norm	1003
C	-47	1	108	0.0923076923077	raw	1003
C	-47	1	108	1.15373182842	norm	1003
T	-46	1	506	0.432478632479	raw	1003
T	-46	1	506	1.06193349217	norm	1003
A	-46	1	441	0.376923076923	raw	1003
A	-46	1	441	0.893917017761	norm	1003
G	-46	1	113	0.0965811965812	raw	1003
G	-46	1	113	1.06036585966	norm	1003
C	-46	1	110	0.0940170940171	raw	1003
C	-46	1	110	1.17509723265	norm	1003
A	-45	1	466	0.398290598291	raw	1003
A	-45	1	466	0.944592585661	norm	1003
T	-45	1	455	0.388888888889	raw	1003
T	-45	1	455	0.954900669834	norm	1003
C	-45	1	129	0.110256410256	raw	1003
C	-45	1	129	1.37806857284	norm	1003
G	-45	1	120	0.102564102564	raw	1003
G	-45	1	120	1.12605224035	norm	1003
T	-44	1	502	0.42905982906	raw	1003
T	-44	1	502	1.053538761	norm	1003
A	-44	1	457	0.390598290598	raw	1003
A	-44	1	457	0.926349381217	norm	1003
C	-44	1	108	0.0923076923077	raw	1003
C	-44	1	108	1.15373182842	norm	1003
G	-44	1	103	0.0880341880342	raw	1003
G	-44	1	103	0.966528172966	norm	1003
T	-43	1	481	0.411111111111	raw	1003
T	-43	1	481	1.0094664224	norm	1003
A	-43	1	478	0.408547008547	raw	1003
A	-43	1	478	0.968916858254	norm	1003
C	-43	1	111	0.0948717948718	raw	1003
C	-43	1	111	1.18577993477	norm	1003
G	-43	1	100	0.0854700854701	raw	1003
G	-43	1	100	0.938376866957	norm	1003
T	-42	1	476	0.406837606838	raw	1003
T	-42	1	476	0.998973008442	norm	1003
A	-42	1	445	0.380341880342	raw	1003
A	-42	1	445	0.902025108625	norm	1003
C	-42	1	125	0.106837606838	raw	1003
C	-42	1	125	1.33533776438	norm	1003
G	-42	1	124	0.105982905983	raw	1003
G	-42	1	124	1.16358731503	norm	1003
T	-41	1	498	0.425641025641	raw	1003
T	-41	1	498	1.04514402984	norm	1003
A	-41	1	456	0.389743589744	raw	1003
A	-41	1	456	0.924322358501	norm	1003
G	-41	1	110	0.0940170940171	raw	1003
G	-41	1	110	1.03221455365	norm	1003
C	-41	1	106	0.0905982905983	raw	1003
C	-41	1	106	1.13236642419	norm	1003
A	-40	1	474	0.405128205128	raw	1003
A	-40	1	474	0.96080876739	norm	1003
T	-40	1	460	0.393162393162	raw	1003
T	-40	1	460	0.965394083788	norm	1003
G	-40	1	125	0.106837606838	raw	1003
G	-40	1	125	1.1729710837	norm	1003
C	-40	1	111	0.0948717948718	raw	1003
C	-40	1	111	1.18577993477	norm	1003
A	-39	1	482	0.411965811966	raw	1003
A	-39	1	482	0.977024949118	norm	1003
T	-39	1	455	0.388888888889	raw	1003
T	-39	1	455	0.954900669834	norm	1003
G	-39	1	127	0.108547008547	raw	1003
G	-39	1	127	1.19173862104	norm	1003
C	-39	1	106	0.0905982905983	raw	1003
C	-39	1	106	1.13236642419	norm	1003
T	-38	1	458	0.391452991453	raw	1003
T	-38	1	458	0.961196718206	norm	1003
A	-38	1	452	0.386324786325	raw	1003
A	-38	1	452	0.916214267637	norm	1003
G	-38	1	138	0.117948717949	raw	1003
G	-38	1	138	1.2949600764	norm	1003
C	-38	1	122	0.104273504274	raw	1003
C	-38	1	122	1.30328965803	norm	1003
T	-37	1	477	0.407692307692	raw	1003
T	-37	1	477	1.00107169123	norm	1003
A	-37	1	439	0.375213675214	raw	1003
A	-37	1	439	0.889862972329	norm	1003
C	-37	1	130	0.111111111111	raw	1003
C	-37	1	130	1.38875127495	norm	1003
G	-37	1	124	0.105982905983	raw	1003
G	-37	1	124	1.16358731503	norm	1003
A	-36	1	444	0.379487179487	raw	1003
A	-36	1	444	0.899998085909	norm	1003
T	-36	1	438	0.374358974359	raw	1003
T	-36	1	438	0.919223062389	norm	1003
C	-36	1	152	0.129914529915	raw	1003
C	-36	1	152	1.62377072148	norm	1003
G	-36	1	136	0.116239316239	raw	1003
G	-36	1	136	1.27619253906	norm	1003
A	-35	1	495	0.423076923077	raw	1003
A	-35	1	495	1.00337624443	norm	1003
T	-35	1	438	0.374358974359	raw	1003
T	-35	1	438	0.919223062389	norm	1003
C	-35	1	127	0.108547008547	raw	1003
C	-35	1	127	1.35670316861	norm	1003
G	-35	1	110	0.0940170940171	raw	1003
G	-35	1	110	1.03221455365	norm	1003
A	-34	1	467	0.399145299145	raw	1003
A	-34	1	467	0.946619608378	norm	1003
T	-34	1	459	0.392307692308	raw	1003
T	-34	1	459	0.963295400997	norm	1003
C	-34	1	129	0.110256410256	raw	1003
C	-34	1	129	1.37806857284	norm	1003
G	-34	1	115	0.0982905982906	raw	1003
G	-34	1	115	1.079133397	norm	1003
T	-33	1	480	0.410256410256	raw	1003
T	-33	1	480	1.0073677396	norm	1003
A	-33	1	436	0.37264957265	raw	1003
A	-33	1	436	0.883781904181	norm	1003
G	-33	1	129	0.110256410256	raw	1003
G	-33	1	129	1.21050615837	norm	1003
C	-33	1	125	0.106837606838	raw	1003
C	-33	1	125	1.33533776438	norm	1003
T	-32	1	483	0.412820512821	raw	1003
T	-32	1	483	1.01366378798	norm	1003
A	-32	1	431	0.368376068376	raw	1003
A	-32	1	431	0.873646790601	norm	1003
C	-32	1	128	0.109401709402	raw	1003
C	-32	1	128	1.36738587072	norm	1003
G	-32	1	128	0.109401709402	raw	1003
G	-32	1	128	1.20112238971	norm	1003
A	-31	1	480	0.410256410256	raw	1003
A	-31	1	480	0.972970903686	norm	1003
T	-31	1	448	0.382905982906	raw	1003
T	-31	1	448	0.940209890298	norm	1003
C	-31	1	128	0.109401709402	raw	1003
C	-31	1	128	1.36738587072	norm	1003
G	-31	1	114	0.0974358974359	raw	1003
G	-31	1	114	1.06974962833	norm	1003
A	-30	1	485	0.41452991453	raw	1003
A	-30	1	485	0.983106017266	norm	1003
T	-30	1	432	0.369230769231	raw	1003
T	-30	1	432	0.906630965644	norm	1003
C	-30	1	135	0.115384615385	raw	1003
C	-30	1	135	1.44216478553	norm	1003
G	-30	1	118	0.100854700855	raw	1003
G	-30	1	118	1.10728470301	norm	1003
A	-29	1	459	0.392307692308	raw	1003
A	-29	1	459	0.930403426649	norm	1003
T	-29	1	450	0.384615384615	raw	1003
T	-29	1	450	0.94440725588	norm	1003
C	-29	1	140	0.119658119658	raw	1003
C	-29	1	140	1.4955782961	norm	1003
G	-29	1	121	0.103418803419	raw	1003
G	-29	1	121	1.13543600902	norm	1003
T	-28	1	497	0.424786324786	raw	1003
T	-28	1	497	1.04304534705	norm	1003
A	-28	1	428	0.365811965812	raw	1003
A	-28	1	428	0.867565722453	norm	1003
C	-28	1	133	0.113675213675	raw	1003
C	-28	1	133	1.4207993813	norm	1003
G	-28	1	112	0.0957264957265	raw	1003
G	-28	1	112	1.05098209099	norm	1003
A	-27	1	450	0.384615384615	raw	1003
A	-27	1	450	0.912160222205	norm	1003
T	-27	1	426	0.364102564103	raw	1003
T	-27	1	426	0.894038868899	norm	1003
C	-27	1	150	0.128205128205	raw	1003
C	-27	1	150	1.60240531725	norm	1003
G	-27	1	144	0.123076923077	raw	1003
G	-27	1	144	1.35126268842	norm	1003
T	-26	1	462	0.394871794872	raw	1003
T	-26	1	462	0.96959144937	norm	1003
A	-26	1	419	0.35811965812	raw	1003
A	-26	1	419	0.849322518009	norm	1003
C	-26	1	156	0.133333333333	raw	1003
C	-26	1	156	1.66650152994	norm	1003
G	-26	1	133	0.113675213675	raw	1003
G	-26	1	133	1.24804123305	norm	1003
A	-25	1	453	0.387179487179	raw	1003
A	-25	1	453	0.918241290353	norm	1003
T	-25	1	451	0.38547008547	raw	1003
T	-25	1	451	0.94650593867	norm	1003
C	-25	1	135	0.115384615385	raw	1003
C	-25	1	135	1.44216478553	norm	1003
G	-25	1	131	0.111965811966	raw	1003
G	-25	1	131	1.22927369571	norm	1003
T	-24	1	441	0.376923076923	raw	1003
T	-24	1	441	0.925519110762	norm	1003
A	-24	1	434	0.37094017094	raw	1003
A	-24	1	434	0.879727858749	norm	1003
C	-24	1	158	0.135042735043	raw	1003
C	-24	1	158	1.68786693417	norm	1003
G	-24	1	137	0.117094017094	raw	1003
G	-24	1	137	1.28557630773	norm	1003
A	-23	1	463	0.395726495726	raw	1003
A	-23	1	463	0.938511517513	norm	1003
T	-23	1	446	0.381196581197	raw	1003
T	-23	1	446	0.936012524716	norm	1003
C	-23	1	131	0.111965811966	raw	1003
C	-23	1	131	1.39943397707	norm	1003
G	-23	1	130	0.111111111111	raw	1003
G	-23	1	130	1.21988992704	norm	1003
T	-22	1	458	0.391452991453	raw	1003
T	-22	1	458	0.961196718206	norm	1003
A	-22	1	435	0.371794871795	raw	1003
A	-22	1	435	0.881754881465	norm	1003
C	-22	1	151	0.12905982906	raw	1003
C	-22	1	151	1.61308801937	norm	1003
G	-22	1	126	0.107692307692	raw	1003
G	-22	1	126	1.18235485237	norm	1003
T	-21	1	456	0.389743589744	raw	1003
T	-21	1	456	0.956999352625	norm	1003
A	-21	1	404	0.345299145299	raw	1003
A	-21	1	404	0.818917177269	norm	1003
C	-21	1	157	0.134188034188	raw	1003
C	-21	1	157	1.67718423206	norm	1003
G	-21	1	153	0.130769230769	raw	1003
G	-21	1	153	1.43571660644	norm	1003
A	-20	1	437	0.373504273504	raw	1003
A	-20	1	437	0.885808926897	norm	1003
T	-20	1	427	0.364957264957	raw	1003
T	-20	1	427	0.89613755169	norm	1003
C	-20	1	180	0.153846153846	raw	1003
C	-20	1	180	1.9228863807	norm	1003
G	-20	1	126	0.107692307692	raw	1003
G	-20	1	126	1.18235485237	norm	1003
T	-19	1	474	0.405128205128	raw	1003
T	-19	1	474	0.99477564286	norm	1003
A	-19	1	407	0.347863247863	raw	1003
A	-19	1	407	0.824998245417	norm	1003
C	-19	1	166	0.14188034188	raw	1003
C	-19	1	166	1.77332855109	norm	1003
G	-19	1	123	0.105128205128	raw	1003
G	-19	1	123	1.15420354636	norm	1003
T	-18	1	435	0.371794871795	raw	1003
T	-18	1	435	0.912927014017	norm	1003
A	-18	1	404	0.345299145299	raw	1003
A	-18	1	404	0.818917177269	norm	1003
C	-18	1	173	0.147863247863	raw	1003
C	-18	1	173	1.8481074659	norm	1003
G	-18	1	158	0.135042735043	raw	1003
G	-18	1	158	1.48263544979	norm	1003
T	-17	1	434	0.37094017094	raw	1003
T	-17	1	434	0.910828331226	norm	1003
A	-17	1	428	0.365811965812	raw	1003
A	-17	1	428	0.867565722453	norm	1003
G	-17	1	157	0.134188034188	raw	1003
G	-17	1	157	1.47325168112	norm	1003
C	-17	1	151	0.12905982906	raw	1003
C	-17	1	151	1.61308801937	norm	1003
T	-16	1	443	0.378632478632	raw	1003
T	-16	1	443	0.929716476344	norm	1003
A	-16	1	417	0.35641025641	raw	1003
A	-16	1	417	0.845268472577	norm	1003
C	-16	1	164	0.140170940171	raw	1003
C	-16	1	164	1.75196314686	norm	1003
G	-16	1	146	0.124786324786	raw	1003
G	-16	1	146	1.37003022576	norm	1003
A	-15	1	431	0.368376068376	raw	1003
A	-15	1	431	0.873646790601	norm	1003
T	-15	1	415	0.354700854701	raw	1003
T	-15	1	415	0.8709533582	norm	1003
C	-15	1	168	0.14358974359	raw	1003
C	-15	1	168	1.79469395532	norm	1003
G	-15	1	156	0.133333333333	raw	1003
G	-15	1	156	1.46386791245	norm	1003
T	-14	1	443	0.378632478632	raw	1003
T	-14	1	443	0.929716476344	norm	1003
A	-14	1	398	0.340170940171	raw	1003
A	-14	1	398	0.806755040973	norm	1003
C	-14	1	186	0.158974358974	raw	1003
C	-14	1	186	1.98698259339	norm	1003
G	-14	1	143	0.122222222222	raw	1003
G	-14	1	143	1.34187891975	norm	1003
A	-13	1	474	0.405128205128	raw	1003
A	-13	1	474	0.96080876739	norm	1003
T	-13	1	428	0.365811965812	raw	1003
T	-13	1	428	0.898236234481	norm	1003
G	-13	1	135	0.115384615385	raw	1003
G	-13	1	135	1.26680877039	norm	1003
C	-13	1	133	0.113675213675	raw	1003
C	-13	1	133	1.4207993813	norm	1003
T	-12	1	427	0.364957264957	raw	1003
T	-12	1	427	0.89613755169	norm	1003
A	-12	1	408	0.348717948718	raw	1003
A	-12	1	408	0.827025268133	norm	1003
C	-12	1	186	0.158974358974	raw	1003
C	-12	1	186	1.98698259339	norm	1003
G	-12	1	149	0.12735042735	raw	1003
G	-12	1	149	1.39818153177	norm	1003
A	-11	1	440	0.376068376068	raw	1003
A	-11	1	440	0.891889995045	norm	1003
T	-11	1	400	0.34188034188	raw	1003
T	-11	1	400	0.839473116337	norm	1003
C	-11	1	173	0.147863247863	raw	1003
C	-11	1	173	1.8481074659	norm	1003
G	-11	1	157	0.134188034188	raw	1003
G	-11	1	157	1.47325168112	norm	1003
T	-10	1	429	0.366666666667	raw	1003
T	-10	1	429	0.900334917272	norm	1003
A	-10	1	426	0.364102564103	raw	1003
A	-10	1	426	0.863511677021	norm	1003
C	-10	1	177	0.151282051282	raw	1003
C	-10	1	177	1.89083827436	norm	1003
G	-10	1	138	0.117948717949	raw	1003
G	-10	1	138	1.2949600764	norm	1003
T	-9	1	462	0.394871794872	raw	1003
T	-9	1	462	0.96959144937	norm	1003
A	-9	1	401	0.342735042735	raw	1003
A	-9	1	401	0.812836109121	norm	1003
G	-9	1	169	0.144444444444	raw	1003
G	-9	1	169	1.58585690516	norm	1003
C	-9	1	138	0.117948717949	raw	1003
C	-9	1	138	1.47421289187	norm	1003
T	-8	1	419	0.35811965812	raw	1003
T	-8	1	419	0.879348089363	norm	1003
A	-8	1	403	0.344444444444	raw	1003
A	-8	1	403	0.816890154553	norm	1003
C	-8	1	187	0.159829059829	raw	1003
C	-8	1	187	1.99766529551	norm	1003
G	-8	1	161	0.137606837607	raw	1003
G	-8	1	161	1.5107867558	norm	1003
A	-7	1	419	0.35811965812	raw	1003
A	-7	1	419	0.849322518009	norm	1003
T	-7	1	415	0.354700854701	raw	1003
T	-7	1	415	0.8709533582	norm	1003
C	-7	1	198	0.169230769231	raw	1003
C	-7	1	198	2.11517501877	norm	1003
G	-7	1	138	0.117948717949	raw	1003
G	-7	1	138	1.2949600764	norm	1003
T	-6	1	425	0.363247863248	raw	1003
T	-6	1	425	0.891940186109	norm	1003
A	-6	1	384	0.328205128205	raw	1003
A	-6	1	384	0.778376722949	norm	1003
C	-6	1	195	0.166666666667	raw	1003
C	-6	1	195	2.08312691243	norm	1003
G	-6	1	166	0.14188034188	raw	1003
G	-6	1	166	1.55770559915	norm	1003
A	-5	1	435	0.371794871795	raw	1003
A	-5	1	435	0.881754881465	norm	1003
T	-5	1	406	0.347008547009	raw	1003
T	-5	1	406	0.852065213082	norm	1003
C	-5	1	180	0.153846153846	raw	1003
C	-5	1	180	1.9228863807	norm	1003
G	-5	1	149	0.12735042735	raw	1003
G	-5	1	149	1.39818153177	norm	1003
T	-4	1	426	0.364102564103	raw	1003
T	-4	1	426	0.894038868899	norm	1003
A	-4	1	419	0.35811965812	raw	1003
A	-4	1	419	0.849322518009	norm	1003
C	-4	1	181	0.154700854701	raw	1003
C	-4	1	181	1.93356908282	norm	1003
G	-4	1	144	0.123076923077	raw	1003
G	-4	1	144	1.35126268842	norm	1003
A	-3	1	427	0.364957264957	raw	1003
A	-3	1	427	0.865538699737	norm	1003
T	-3	1	398	0.340170940171	raw	1003
T	-3	1	398	0.835275750756	norm	1003
C	-3	1	178	0.152136752137	raw	1003
C	-3	1	178	1.90152097647	norm	1003
G	-3	1	167	0.142735042735	raw	1003
G	-3	1	167	1.56708936782	norm	1003
T	-2	1	495	0.423076923077	raw	1003
T	-2	1	495	1.03884798147	norm	1003
A	-2	1	357	0.305128205128	raw	1003
A	-2	1	357	0.723647109616	norm	1003
C	-2	1	178	0.152136752137	raw	1003
C	-2	1	178	1.90152097647	norm	1003
G	-2	1	140	0.119658119658	raw	1003
G	-2	1	140	1.31372761374	norm	1003
T	-1	1	430	0.367521367521	raw	1003
T	-1	1	430	0.902433600063	norm	1003
A	-1	1	417	0.35641025641	raw	1003
A	-1	1	417	0.845268472577	norm	1003
C	-1	1	171	0.146153846154	raw	1003
C	-1	1	171	1.82674206167	norm	1003
G	-1	1	152	0.129914529915	raw	1003
G	-1	1	152	1.42633283777	norm	1003
C	0	1	564	0.482051282051	raw	1003
C	0	1	564	6.02504399287	norm	1003
A	0	1	283	0.24188034188	raw	1003
A	0	1	283	0.573647428631	norm	1003
G	0	1	185	0.15811965812	raw	1003
G	0	1	185	1.73599720387	norm	1003
T	0	1	138	0.117948717949	raw	1003
T	0	1	138	0.289618225136	norm	1003
A	1	1	497	0.424786324786	raw	1003
A	1	1	497	1.00743028986	norm	1003
T	1	1	383	0.32735042735	raw	1003
T	1	1	383	0.803795508893	norm	1003
C	1	1	188	0.160683760684	raw	1003
C	1	1	188	2.00834799762	norm	1003
G	1	1	102	0.0871794871795	raw	1003
G	1	1	102	0.957144404296	norm	1003
A	2	1	419	0.35811965812	raw	1003
A	2	1	419	0.849322518009	norm	1003
T	2	1	399	0.341025641026	raw	1003
T	2	1	399	0.837374433547	norm	1003
C	2	1	176	0.150427350427	raw	1003
C	2	1	176	1.88015557224	norm	1003
G	2	1	176	0.150427350427	raw	1003
G	2	1	176	1.65154328584	norm	1003
T	3	1	463	0.395726495726	raw	1003
T	3	1	463	0.971690132161	norm	1003
A	3	1	377	0.322222222222	raw	1003
A	3	1	377	0.764187563936	norm	1003
G	3	1	178	0.152136752137	raw	1003
G	3	1	178	1.67031082318	norm	1003
C	3	1	152	0.129914529915	raw	1003
C	3	1	152	1.62377072148	norm	1003
A	4	1	419	0.35811965812	raw	1003
A	4	1	419	0.849322518009	norm	1003
T	4	1	403	0.344444444444	raw	1003
T	4	1	403	0.84576916471	norm	1003
G	4	1	196	0.167521367521	raw	1003
G	4	1	196	1.83921865924	norm	1003
C	4	1	152	0.129914529915	raw	1003
C	4	1	152	1.62377072148	norm	1003
T	5	1	387	0.330769230769	raw	1003
T	5	1	387	0.812190240056	norm	1003
A	5	1	384	0.328205128205	raw	1003
A	5	1	384	0.778376722949	norm	1003
G	5	1	204	0.174358974359	raw	1003
G	5	1	204	1.91428880859	norm	1003
C	5	1	195	0.166666666667	raw	1003
C	5	1	195	2.08312691243	norm	1003
T	6	1	403	0.344444444444	raw	1003
T	6	1	403	0.84576916471	norm	1003
A	6	1	350	0.299145299145	raw	1003
A	6	1	350	0.709457950604	norm	1003
G	6	1	215	0.183760683761	raw	1003
G	6	1	215	2.01751026396	norm	1003
C	6	1	202	0.17264957265	raw	1003
C	6	1	202	2.15790582723	norm	1003
T	7	1	424	0.362393162393	raw	1003
T	7	1	424	0.889841503318	norm	1003
A	7	1	377	0.322222222222	raw	1003
A	7	1	377	0.764187563936	norm	1003
C	7	1	197	0.168376068376	raw	1003
C	7	1	197	2.10449231666	norm	1003
G	7	1	172	0.147008547009	raw	1003
G	7	1	172	1.61400821117	norm	1003
T	8	1	432	0.369230769231	raw	1003
T	8	1	432	0.906630965644	norm	1003
A	8	1	382	0.326495726496	raw	1003
A	8	1	382	0.774322677517	norm	1003
C	8	1	179	0.152991452991	raw	1003
C	8	1	179	1.91220367859	norm	1003
G	8	1	177	0.151282051282	raw	1003
G	8	1	177	1.66092705451	norm	1003
T	9	1	426	0.364102564103	raw	1003
T	9	1	426	0.894038868899	norm	1003
A	9	1	359	0.306837606838	raw	1003
A	9	1	359	0.727701155048	norm	1003
G	9	1	215	0.183760683761	raw	1003
G	9	1	215	2.01751026396	norm	1003
C	9	1	170	0.145299145299	raw	1003
C	9	1	170	1.81605935955	norm	1003
T	10	1	407	0.347863247863	raw	1003
T	10	1	407	0.854163895873	norm	1003
A	10	1	402	0.34358974359	raw	1003
A	10	1	402	0.814863131837	norm	1003
G	10	1	191	0.163247863248	raw	1003
G	10	1	191	1.79229981589	norm	1003
C	10	1	170	0.145299145299	raw	1003
C	10	1	170	1.81605935955	norm	1003
A	11	1	400	0.34188034188	raw	1003
A	11	1	400	0.810809086405	norm	1003
T	11	1	391	0.334188034188	raw	1003
T	11	1	391	0.82058497122	norm	1003
G	11	1	191	0.163247863248	raw	1003
G	11	1	191	1.79229981589	norm	1003
C	11	1	188	0.160683760684	raw	1003
C	11	1	188	2.00834799762	norm	1003
T	12	1	436	0.37264957265	raw	1003
T	12	1	436	0.915025696808	norm	1003
A	12	1	362	0.309401709402	raw	1003
A	12	1	362	0.733782223196	norm	1003
C	12	1	197	0.168376068376	raw	1003
C	12	1	197	2.10449231666	norm	1003
G	12	1	175	0.149572649573	raw	1003
G	12	1	175	1.64215951717	norm	1003
T	13	1	398	0.340170940171	raw	1003
T	13	1	398	0.835275750756	norm	1003
A	13	1	385	0.32905982906	raw	1003
A	13	1	385	0.780403745665	norm	1003
G	13	1	203	0.173504273504	raw	1003
G	13	1	203	1.90490503992	norm	1003
C	13	1	184	0.157264957265	raw	1003
C	13	1	184	1.96561718916	norm	1003
T	14	1	400	0.34188034188	raw	1003
T	14	1	400	0.839473116337	norm	1003
A	14	1	386	0.329914529915	raw	1003
A	14	1	386	0.782430768381	norm	1003
C	14	1	196	0.167521367521	raw	1003
C	14	1	196	2.09380961454	norm	1003
G	14	1	188	0.160683760684	raw	1003
G	14	1	188	1.76414850988	norm	1003
T	15	1	392	0.335042735043	raw	1003
T	15	1	392	0.822683654011	norm	1003
A	15	1	380	0.324786324786	raw	1003
A	15	1	380	0.770268632084	norm	1003
C	15	1	202	0.17264957265	raw	1003
C	15	1	202	2.15790582723	norm	1003
G	15	1	196	0.167521367521	raw	1003
G	15	1	196	1.83921865924	norm	1003
A	16	1	386	0.329914529915	raw	1003
A	16	1	386	0.782430768381	norm	1003
T	16	1	381	0.325641025641	raw	1003
T	16	1	381	0.799598143311	norm	1003
G	16	1	211	0.180341880342	raw	1003
G	16	1	211	1.97997518928	norm	1003
C	16	1	192	0.164102564103	raw	1003
C	16	1	192	2.05107880608	norm	1003
T	17	1	425	0.363247863248	raw	1003
T	17	1	425	0.891940186109	norm	1003
A	17	1	393	0.335897435897	raw	1003
A	17	1	393	0.796619927393	norm	1003
C	17	1	184	0.157264957265	raw	1003
C	17	1	184	1.96561718916	norm	1003
G	17	1	168	0.14358974359	raw	1003
G	17	1	168	1.57647313649	norm	1003
T	18	1	377	0.322222222222	raw	1003
T	18	1	377	0.791203412148	norm	1003
A	18	1	368	0.31452991453	raw	1003
A	18	1	368	0.745944359492	norm	1003
C	18	1	219	0.187179487179	raw	1003
C	18	1	219	2.33951176319	norm	1003
G	18	1	206	0.176068376068	raw	1003
G	18	1	206	1.93305634593	norm	1003
T	19	1	416	0.355555555556	raw	1003
T	19	1	416	0.873052040991	norm	1003
A	19	1	342	0.292307692308	raw	1003
A	19	1	342	0.693241768876	norm	1003
C	19	1	209	0.178632478632	raw	1003
C	19	1	209	2.23268474204	norm	1003
G	19	1	203	0.173504273504	raw	1003
G	19	1	203	1.90490503992	norm	1003
T	20	1	441	0.376923076923	raw	1003
T	20	1	441	0.925519110762	norm	1003
A	20	1	362	0.309401709402	raw	1003
A	20	1	362	0.733782223196	norm	1003
C	20	1	187	0.159829059829	raw	1003
C	20	1	187	1.99766529551	norm	1003
G	20	1	180	0.153846153846	raw	1003
G	20	1	180	1.68907836052	norm	1003
A	21	1	405	0.346153846154	raw	1003
A	21	1	405	0.820944199985	norm	1003
T	21	1	399	0.341025641026	raw	1003
T	21	1	399	0.837374433547	norm	1003
G	21	1	186	0.158974358974	raw	1003
G	21	1	186	1.74538097254	norm	1003
C	21	1	180	0.153846153846	raw	1003
C	21	1	180	1.9228863807	norm	1003
A	22	1	417	0.35641025641	raw	1003
A	22	1	417	0.845268472577	norm	1003
T	22	1	378	0.323076923077	raw	1003
T	22	1	378	0.793302094939	norm	1003
C	22	1	200	0.17094017094	raw	1003
C	22	1	200	2.136540423	norm	1003
G	22	1	175	0.149572649573	raw	1003
G	22	1	175	1.64215951717	norm	1003
T	23	1	438	0.374358974359	raw	1003
T	23	1	438	0.919223062389	norm	1003
A	23	1	365	0.311965811966	raw	1003
A	23	1	365	0.739863291344	norm	1003
C	23	1	193	0.164957264957	raw	1003
C	23	1	193	2.0617615082	norm	1003
G	23	1	174	0.148717948718	raw	1003
G	23	1	174	1.63277574851	norm	1003
T	24	1	420	0.358974358974	raw	1003
T	24	1	420	0.881446772154	norm	1003
A	24	1	349	0.298290598291	raw	1003
A	24	1	349	0.707430927888	norm	1003
G	24	1	216	0.184615384615	raw	1003
G	24	1	216	2.02689403263	norm	1003
C	24	1	185	0.15811965812	raw	1003
C	24	1	185	1.97629989128	norm	1003
A	25	1	418	0.357264957265	raw	1003
A	25	1	418	0.847295495293	norm	1003
T	25	1	388	0.331623931624	raw	1003
T	25	1	388	0.814288922847	norm	1003
G	25	1	184	0.157264957265	raw	1003
G	25	1	184	1.7266134352	norm	1003
C	25	1	180	0.153846153846	raw	1003
C	25	1	180	1.9228863807	norm	1003
T	26	1	428	0.365811965812	raw	1003
T	26	1	428	0.898236234481	norm	1003
A	26	1	370	0.316239316239	raw	1003
A	26	1	370	0.749998404924	norm	1003
C	26	1	186	0.158974358974	raw	1003
C	26	1	186	1.98698259339	norm	1003
G	26	1	186	0.158974358974	raw	1003
G	26	1	186	1.74538097254	norm	1003
T	27	1	390	0.333333333333	raw	1003
T	27	1	390	0.818486288429	norm	1003
A	27	1	383	0.32735042735	raw	1003
A	27	1	383	0.776349700233	norm	1003
C	27	1	199	0.170085470085	raw	1003
C	27	1	199	2.12585772089	norm	1003
G	27	1	198	0.169230769231	raw	1003
G	27	1	198	1.85798619657	norm	1003
T	28	1	414	0.353846153846	raw	1003
T	28	1	414	0.868854675409	norm	1003
A	28	1	398	0.340170940171	raw	1003
A	28	1	398	0.806755040973	norm	1003
G	28	1	190	0.162393162393	raw	1003
G	28	1	190	1.78291604722	norm	1003
C	28	1	168	0.14358974359	raw	1003
C	28	1	168	1.79469395532	norm	1003
T	29	1	408	0.348717948718	raw	1003
T	29	1	408	0.856262578664	norm	1003
A	29	1	406	0.347008547009	raw	1003
A	29	1	406	0.822971222701	norm	1003
C	29	1	191	0.163247863248	raw	1003
C	29	1	191	2.04039610397	norm	1003
G	29	1	165	0.141025641026	raw	1003
G	29	1	165	1.54832183048	norm	1003
T	30	1	436	0.37264957265	raw	1003
T	30	1	436	0.915025696808	norm	1003
A	30	1	385	0.32905982906	raw	1003
A	30	1	385	0.780403745665	norm	1003
G	30	1	177	0.151282051282	raw	1003
G	30	1	177	1.66092705451	norm	1003
C	30	1	172	0.147008547009	raw	1003
C	30	1	172	1.83742476378	norm	1003
T	31	1	411	0.351282051282	raw	1003
T	31	1	411	0.862558627037	norm	1003
A	31	1	393	0.335897435897	raw	1003
A	31	1	393	0.796619927393	norm	1003
C	31	1	194	0.165811965812	raw	1003
C	31	1	194	2.07244421031	norm	1003
G	31	1	172	0.147008547009	raw	1003
G	31	1	172	1.61400821117	norm	1003
T	32	1	425	0.363247863248	raw	1003
T	32	1	425	0.891940186109	norm	1003
A	32	1	406	0.347008547009	raw	1003
A	32	1	406	0.822971222701	norm	1003
C	32	1	182	0.155555555556	raw	1003
C	32	1	182	1.94425178493	norm	1003
G	32	1	157	0.134188034188	raw	1003
G	32	1	157	1.47325168112	norm	1003
T	33	1	415	0.354700854701	raw	1003
T	33	1	415	0.8709533582	norm	1003
A	33	1	375	0.320512820513	raw	1003
A	33	1	375	0.760133518504	norm	1003
G	33	1	192	0.164102564103	raw	1003
G	33	1	192	1.80168358456	norm	1003
C	33	1	188	0.160683760684	raw	1003
C	33	1	188	2.00834799762	norm	1003
T	34	1	438	0.374358974359	raw	1003
T	34	1	438	0.919223062389	norm	1003
A	34	1	402	0.34358974359	raw	1003
A	34	1	402	0.814863131837	norm	1003
C	34	1	169	0.144444444444	raw	1003
C	34	1	169	1.80537665744	norm	1003
G	34	1	161	0.137606837607	raw	1003
G	34	1	161	1.5107867558	norm	1003
A	35	1	413	0.352991452991	raw	1003
A	35	1	413	0.837160381713	norm	1003
T	35	1	399	0.341025641026	raw	1003
T	35	1	399	0.837374433547	norm	1003
C	35	1	190	0.162393162393	raw	1003
C	35	1	190	2.02971340185	norm	1003
G	35	1	168	0.14358974359	raw	1003
G	35	1	168	1.57647313649	norm	1003
T	36	1	451	0.38547008547	raw	1003
T	36	1	451	0.94650593867	norm	1003
A	36	1	395	0.337606837607	raw	1003
A	36	1	395	0.800673972825	norm	1003
G	36	1	165	0.141025641026	raw	1003
G	36	1	165	1.54832183048	norm	1003
C	36	1	159	0.135897435897	raw	1003
C	36	1	159	1.69854963629	norm	1003
A	37	1	442	0.377777777778	raw	1003
A	37	1	442	0.895944040477	norm	1003
T	37	1	399	0.341025641026	raw	1003
T	37	1	399	0.837374433547	norm	1003
C	37	1	167	0.142735042735	raw	1003
C	37	1	167	1.78401125321	norm	1003
G	37	1	162	0.138461538462	raw	1003
G	37	1	162	1.52017052447	norm	1003
T	38	1	451	0.38547008547	raw	1003
T	38	1	451	0.94650593867	norm	1003
A	38	1	397	0.339316239316	raw	1003
A	38	1	397	0.804728018257	norm	1003
C	38	1	162	0.138461538462	raw	1003
C	38	1	162	1.73059774263	norm	1003
G	38	1	160	0.136752136752	raw	1003
G	38	1	160	1.50140298713	norm	1003
T	39	1	452	0.386324786325	raw	1003
T	39	1	452	0.948604621461	norm	1003
A	39	1	407	0.347863247863	raw	1003
A	39	1	407	0.824998245417	norm	1003
C	39	1	162	0.138461538462	raw	1003
C	39	1	162	1.73059774263	norm	1003
G	39	1	149	0.12735042735	raw	1003
G	39	1	149	1.39818153177	norm	1003
T	40	1	467	0.399145299145	raw	1003
T	40	1	467	0.980084863324	norm	1003
A	40	1	390	0.333333333333	raw	1003
A	40	1	390	0.790538859245	norm	1003
C	40	1	159	0.135897435897	raw	1003
C	40	1	159	1.69854963629	norm	1003
G	40	1	154	0.131623931624	raw	1003
G	40	1	154	1.44510037511	norm	1003
T	41	1	465	0.397435897436	raw	1003
T	41	1	465	0.975887497742	norm	1003
A	41	1	431	0.368376068376	raw	1003
A	41	1	431	0.873646790601	norm	1003
C	41	1	143	0.122222222222	raw	1003
C	41	1	143	1.52762640245	norm	1003
G	41	1	131	0.111965811966	raw	1003
G	41	1	131	1.22927369571	norm	1003
T	42	1	457	0.390598290598	raw	1003
T	42	1	457	0.959098035415	norm	1003
A	42	1	402	0.34358974359	raw	1003
A	42	1	402	0.814863131837	norm	1003
G	42	1	171	0.146153846154	raw	1003
G	42	1	171	1.6046244425	norm	1003
C	42	1	140	0.119658119658	raw	1003
C	42	1	140	1.4955782961	norm	1003
T	43	1	458	0.391452991453	raw	1003
T	43	1	458	0.961196718206	norm	1003
A	43	1	413	0.352991452991	raw	1003
A	43	1	413	0.837160381713	norm	1003
G	43	1	151	0.12905982906	raw	1003
G	43	1	151	1.41694906911	norm	1003
C	43	1	148	0.126495726496	raw	1003
C	43	1	148	1.58103991302	norm	1003
T	44	1	469	0.400854700855	raw	1003
T	44	1	469	0.984282228906	norm	1003
A	44	1	434	0.37094017094	raw	1003
A	44	1	434	0.879727858749	norm	1003
C	44	1	144	0.123076923077	raw	1003
C	44	1	144	1.53830910456	norm	1003
G	44	1	123	0.105128205128	raw	1003
G	44	1	123	1.15420354636	norm	1003
T	45	1	467	0.399145299145	raw	1003
T	45	1	467	0.980084863324	norm	1003
A	45	1	426	0.364102564103	raw	1003
A	45	1	426	0.863511677021	norm	1003
C	45	1	157	0.134188034188	raw	1003
C	45	1	157	1.67718423206	norm	1003
G	45	1	120	0.102564102564	raw	1003
G	45	1	120	1.12605224035	norm	1003
T	46	1	471	0.402564102564	raw	1003
T	46	1	471	0.988479594487	norm	1003
A	46	1	424	0.362393162393	raw	1003
A	46	1	424	0.859457631589	norm	1003
G	46	1	142	0.121367521368	raw	1003
G	46	1	142	1.33249515108	norm	1003
C	46	1	133	0.113675213675	raw	1003
C	46	1	133	1.4207993813	norm	1003
A	47	1	454	0.388034188034	raw	1003
A	47	1	454	0.920268313069	norm	1003
T	47	1	443	0.378632478632	raw	1003
T	47	1	443	0.929716476344	norm	1003
G	47	1	137	0.117094017094	raw	1003
G	47	1	137	1.28557630773	norm	1003
C	47	1	136	0.116239316239	raw	1003
C	47	1	136	1.45284748764	norm	1003
A	48	1	453	0.387179487179	raw	1003
A	48	1	453	0.918241290353	norm	1003
T	48	1	445	0.380341880342	raw	1003
T	48	1	445	0.933913841925	norm	1003
G	48	1	155	0.132478632479	raw	1003
G	48	1	155	1.45448414378	norm	1003
C	48	1	117	0.1	raw	1003
C	48	1	117	1.24987614746	norm	1003
T	49	1	474	0.405128205128	raw	1003
T	49	1	474	0.99477564286	norm	1003
A	49	1	435	0.371794871795	raw	1003
A	49	1	435	0.881754881465	norm	1003
C	49	1	132	0.112820512821	raw	1003
C	49	1	132	1.41011667918	norm	1003
G	49	1	129	0.110256410256	raw	1003
G	49	1	129	1.21050615837	norm	1003
T	50	1	483	0.412820512821	raw	1003
T	50	1	483	1.01366378798	norm	1003
A	50	1	428	0.365811965812	raw	1003
A	50	1	428	0.867565722453	norm	1003
C	50	1	131	0.111965811966	raw	1003
C	50	1	131	1.39943397707	norm	1003
G	50	1	128	0.109401709402	raw	1003
G	50	1	128	1.20112238971	norm	1003
T	51	1	456	0.389743589744	raw	1003
T	51	1	456	0.956999352625	norm	1003
A	51	1	423	0.361538461538	raw	1003
A	51	1	423	0.857430608873	norm	1003
C	51	1	154	0.131623931624	raw	1003
C	51	1	154	1.64513612571	norm	1003
G	51	1	137	0.117094017094	raw	1003
G	51	1	137	1.28557630773	norm	1003
A	52	1	455	0.388888888889	raw	1003
A	52	1	455	0.922295335785	norm	1003
T	52	1	446	0.381196581197	raw	1003
T	52	1	446	0.936012524716	norm	1003
C	52	1	135	0.115384615385	raw	1003
C	52	1	135	1.44216478553	norm	1003
G	52	1	134	0.11452991453	raw	1003
G	52	1	134	1.25742500172	norm	1003
T	53	1	481	0.411111111111	raw	1003
T	53	1	481	1.0094664224	norm	1003
A	53	1	449	0.383760683761	raw	1003
A	53	1	449	0.910133199489	norm	1003
C	53	1	136	0.116239316239	raw	1003
C	53	1	136	1.45284748764	norm	1003
G	53	1	104	0.0888888888889	raw	1003
G	53	1	104	0.975911941635	norm	1003
T	54	1	468	0.4	raw	1003
T	54	1	468	0.982183546115	norm	1003
A	54	1	437	0.373504273504	raw	1003
A	54	1	437	0.885808926897	norm	1003
C	54	1	136	0.116239316239	raw	1003
C	54	1	136	1.45284748764	norm	1003
G	54	1	129	0.110256410256	raw	1003
G	54	1	129	1.21050615837	norm	1003
T	55	1	496	0.423931623932	raw	1003
T	55	1	496	1.04094666426	norm	1003
A	55	1	420	0.358974358974	raw	1003
A	55	1	420	0.851349540725	norm	1003
C	55	1	142	0.121367521368	raw	1003
C	55	1	142	1.51694370033	norm	1003
G	55	1	112	0.0957264957265	raw	1003
G	55	1	112	1.05098209099	norm	1003
T	56	1	482	0.411965811966	raw	1003
T	56	1	482	1.01156510519	norm	1003
A	56	1	463	0.395726495726	raw	1003
A	56	1	463	0.938511517513	norm	1003
C	56	1	113	0.0965811965812	raw	1003
C	56	1	113	1.207145339	norm	1003
G	56	1	112	0.0957264957265	raw	1003
G	56	1	112	1.05098209099	norm	1003
T	57	1	490	0.418803418803	raw	1003
T	57	1	490	1.02835456751	norm	1003
A	57	1	454	0.388034188034	raw	1003
A	57	1	454	0.920268313069	norm	1003
C	57	1	119	0.101709401709	raw	1003
C	57	1	119	1.27124155169	norm	1003
G	57	1	107	0.091452991453	raw	1003
G	57	1	107	1.00406324764	norm	1003
T	58	1	467	0.399145299145	raw	1003
T	58	1	467	0.980084863324	norm	1003
A	58	1	451	0.38547008547	raw	1003
A	58	1	451	0.914187244921	norm	1003
C	58	1	127	0.108547008547	raw	1003
C	58	1	127	1.35670316861	norm	1003
G	58	1	125	0.106837606838	raw	1003
G	58	1	125	1.1729710837	norm	1003
T	59	1	488	0.417094017094	raw	1003
T	59	1	488	1.02415720193	norm	1003
A	59	1	465	0.397435897436	raw	1003
A	59	1	465	0.942565562945	norm	1003
G	59	1	113	0.0965811965812	raw	1003
G	59	1	113	1.06036585966	norm	1003
C	59	1	104	0.0888888888889	raw	1003
C	59	1	104	1.11100101996	norm	1003
A	60	1	473	0.404273504274	raw	1003
A	60	1	473	0.958781744674	norm	1003
T	60	1	439	0.375213675214	raw	1003
T	60	1	439	0.92132174518	norm	1003
G	60	1	130	0.111111111111	raw	1003
G	60	1	130	1.21988992704	norm	1003
C	60	1	128	0.109401709402	raw	1003
C	60	1	128	1.36738587072	norm	1003
T	61	1	478	0.408547008547	raw	1003
T	61	1	478	1.00317037402	norm	1003
A	61	1	443	0.378632478632	raw	1003
A	61	1	443	0.897971063193	norm	1003
G	61	1	137	0.117094017094	raw	1003
G	61	1	137	1.28557630773	norm	1003
C	61	1	112	0.0957264957265	raw	1003
C	61	1	112	1.19646263688	norm	1003
A	62	1	509	0.435042735043	raw	1003
A	62	1	509	1.03175456245	norm	1003
T	62	1	419	0.35811965812	raw	1003
T	62	1	419	0.879348089363	norm	1003
G	62	1	122	0.104273504274	raw	1003
G	62	1	122	1.14481977769	norm	1003
C	62	1	120	0.102564102564	raw	1003
C	62	1	120	1.2819242538	norm	1003
T	63	1	491	0.419658119658	raw	1003
T	63	1	491	1.0304532503	norm	1003
A	63	1	451	0.38547008547	raw	1003
A	63	1	451	0.914187244921	norm	1003
G	63	1	117	0.1	raw	1003
G	63	1	117	1.09790093434	norm	1003
C	63	1	111	0.0948717948718	raw	1003
C	63	1	111	1.18577993477	norm	1003
A	64	1	463	0.395726495726	raw	1003
A	64	1	463	0.938511517513	norm	1003
T	64	1	463	0.395726495726	raw	1003
T	64	1	463	0.971690132161	norm	1003
G	64	1	135	0.115384615385	raw	1003
G	64	1	135	1.26680877039	norm	1003
C	64	1	109	0.0931623931624	raw	1003
C	64	1	109	1.16441453054	norm	1003
A	65	1	497	0.424786324786	raw	1003
A	65	1	497	1.00743028986	norm	1003
T	65	1	455	0.388888888889	raw	1003
T	65	1	455	0.954900669834	norm	1003
C	65	1	118	0.100854700855	raw	1003
C	65	1	118	1.26055884957	norm	1003
G	65	1	100	0.0854700854701	raw	1003
G	65	1	100	0.938376866957	norm	1003
A	66	1	505	0.431623931624	raw	1003
A	66	1	505	1.02364647159	norm	1003
T	66	1	457	0.390598290598	raw	1003
T	66	1	457	0.959098035415	norm	1003
G	66	1	106	0.0905982905983	raw	1003
G	66	1	106	0.994679478974	norm	1003
C	66	1	102	0.0871794871795	raw	1003
C	66	1	102	1.08963561573	norm	1003
A	67	1	460	0.393162393162	raw	1003
A	67	1	460	0.932430449365	norm	1003
T	67	1	460	0.393162393162	raw	1003
T	67	1	460	0.965394083788	norm	1003
G	67	1	130	0.111111111111	raw	1003
G	67	1	130	1.21988992704	norm	1003
C	67	1	120	0.102564102564	raw	1003
C	67	1	120	1.2819242538	norm	1003
T	68	1	471	0.402564102564	raw	1003
T	68	1	471	0.988479594487	norm	1003
A	68	1	455	0.388888888889	raw	1003
A	68	1	455	0.922295335785	norm	1003
C	68	1	125	0.106837606838	raw	1003
C	68	1	125	1.33533776438	norm	1003
G	68	1	119	0.101709401709	raw	1003
G	68	1	119	1.11666847168	norm	1003
A	69	1	485	0.41452991453	raw	1003
A	69	1	485	0.983106017266	norm	1003
T	69	1	443	0.378632478632	raw	1003
T	69	1	443	0.929716476344	norm	1003
G	69	1	145	0.123931623932	raw	1003
G	69	1	145	1.36064645709	norm	1003
C	69	1	97	0.082905982906	raw	1003
C	69	1	97	1.03622210516	norm	1003
T	70	1	499	0.426495726496	raw	1003
T	70	1	499	1.04724271263	norm	1003
A	70	1	444	0.379487179487	raw	1003
A	70	1	444	0.899998085909	norm	1003
C	70	1	121	0.103418803419	raw	1003
C	70	1	121	1.29260695592	norm	1003
G	70	1	106	0.0905982905983	raw	1003
G	70	1	106	0.994679478974	norm	1003
A	71	1	498	0.425641025641	raw	1003
A	71	1	498	1.00945731257	norm	1003
T	71	1	455	0.388888888889	raw	1003
T	71	1	455	0.954900669834	norm	1003
G	71	1	122	0.104273504274	raw	1003
G	71	1	122	1.14481977769	norm	1003
C	71	1	95	0.0811965811966	raw	1003
C	71	1	95	1.01485670093	norm	1003
T	72	1	490	0.418803418803	raw	1003
T	72	1	490	1.02835456751	norm	1003
A	72	1	475	0.405982905983	raw	1003
A	72	1	475	0.962835790106	norm	1003
C	72	1	109	0.0931623931624	raw	1003
C	72	1	109	1.16441453054	norm	1003
G	72	1	96	0.0820512820513	raw	1003
G	72	1	96	0.900841792279	norm	1003
T	73	1	498	0.425641025641	raw	1003
T	73	1	498	1.04514402984	norm	1003
A	73	1	460	0.393162393162	raw	1003
A	73	1	460	0.932430449365	norm	1003
G	73	1	108	0.0923076923077	raw	1003
G	73	1	108	1.01344701631	norm	1003
C	73	1	104	0.0888888888889	raw	1003
C	73	1	104	1.11100101996	norm	1003
T	74	1	491	0.419658119658	raw	1003
T	74	1	491	1.0304532503	norm	1003
A	74	1	470	0.401709401709	raw	1003
A	74	1	470	0.952700676526	norm	1003
G	74	1	107	0.091452991453	raw	1003
G	74	1	107	1.00406324764	norm	1003
C	74	1	102	0.0871794871795	raw	1003
C	74	1	102	1.08963561573	norm	1003
T	75	1	472	0.403418803419	raw	1003
T	75	1	472	0.990578277278	norm	1003
A	75	1	469	0.400854700855	raw	1003
A	75	1	469	0.95067365381	norm	1003
C	75	1	118	0.100854700855	raw	1003
C	75	1	118	1.26055884957	norm	1003
G	75	1	111	0.0948717948718	raw	1003
G	75	1	111	1.04159832232	norm	1003
T	76	1	501	0.428205128205	raw	1003
T	76	1	501	1.05144007821	norm	1003
A	76	1	461	0.394017094017	raw	1003
A	76	1	461	0.934457472081	norm	1003
G	76	1	135	0.115384615385	raw	1003
G	76	1	135	1.26680877039	norm	1003
C	76	1	73	0.0623931623932	raw	1003
C	76	1	73	0.779837254396	norm	1003
A	77	1	520	0.444444444444	raw	1003
A	77	1	520	1.05405181233	norm	1003
T	77	1	429	0.366666666667	raw	1003
T	77	1	429	0.900334917272	norm	1003
G	77	1	117	0.1	raw	1003
G	77	1	117	1.09790093434	norm	1003
C	77	1	104	0.0888888888889	raw	1003
C	77	1	104	1.11100101996	norm	1003
T	78	1	489	0.417948717949	raw	1003
T	78	1	489	1.02625588472	norm	1003
A	78	1	461	0.394017094017	raw	1003
A	78	1	461	0.934457472081	norm	1003
G	78	1	120	0.102564102564	raw	1003
G	78	1	120	1.12605224035	norm	1003
C	78	1	100	0.0854700854701	raw	1003
C	78	1	100	1.0682702115	norm	1003
A	79	1	500	0.42735042735	raw	1003
A	79	1	500	1.01351135801	norm	1003
T	79	1	454	0.388034188034	raw	1003
T	79	1	454	0.952801987043	norm	1003
G	79	1	119	0.101709401709	raw	1003
G	79	1	119	1.11666847168	norm	1003
C	79	1	97	0.082905982906	raw	1003
C	79	1	97	1.03622210516	norm	1003
A	80	1	485	0.41452991453	raw	1003
A	80	1	485	0.983106017266	norm	1003
T	80	1	472	0.403418803419	raw	1003
T	80	1	472	0.990578277278	norm	1003
C	80	1	111	0.0948717948718	raw	1003
C	80	1	111	1.18577993477	norm	1003
G	80	1	102	0.0871794871795	raw	1003
G	80	1	102	0.957144404296	norm	1003
A	81	1	505	0.431623931624	raw	1003
A	81	1	505	1.02364647159	norm	1003
T	81	1	445	0.380341880342	raw	1003
T	81	1	445	0.933913841925	norm	1003
G	81	1	119	0.101709401709	raw	1003
G	81	1	119	1.11666847168	norm	1003
C	81	1	101	0.0863247863248	raw	1003
C	81	1	101	1.07895291362	norm	1003
A	82	1	489	0.417948717949	raw	1003
A	82	1	489	0.99121410813	norm	1003
T	82	1	460	0.393162393162	raw	1003
T	82	1	460	0.965394083788	norm	1003
G	82	1	119	0.101709401709	raw	1003
G	82	1	119	1.11666847168	norm	1003
C	82	1	102	0.0871794871795	raw	1003
C	82	1	102	1.08963561573	norm	1003
A	83	1	510	0.435897435897	raw	1003
A	83	1	510	1.03378158517	norm	1003
T	83	1	457	0.390598290598	raw	1003
T	83	1	457	0.959098035415	norm	1003
G	83	1	102	0.0871794871795	raw	1003
G	83	1	102	0.957144404296	norm	1003
C	83	1	101	0.0863247863248	raw	1003
C	83	1	101	1.07895291362	norm	1003
T	84	1	467	0.399145299145	raw	1003
T	84	1	467	0.980084863324	norm	1003
A	84	1	461	0.394017094017	raw	1003
A	84	1	461	0.934457472081	norm	1003
G	84	1	125	0.106837606838	raw	1003
G	84	1	125	1.1729710837	norm	1003
C	84	1	117	0.1	raw	1003
C	84	1	117	1.24987614746	norm	1003
A	85	1	482	0.411965811966	raw	1003
A	85	1	482	0.977024949118	norm	1003
T	85	1	467	0.399145299145	raw	1003
T	85	1	467	0.980084863324	norm	1003
G	85	1	114	0.0974358974359	raw	1003
G	85	1	114	1.06974962833	norm	1003
C	85	1	107	0.091452991453	raw	1003
C	85	1	107	1.14304912631	norm	1003
A	86	1	483	0.412820512821	raw	1003
A	86	1	483	0.979051971834	norm	1003
T	86	1	481	0.411111111111	raw	1003
T	86	1	481	1.0094664224	norm	1003
C	86	1	106	0.0905982905983	raw	1003
C	86	1	106	1.13236642419	norm	1003
G	86	1	100	0.0854700854701	raw	1003
G	86	1	100	0.938376866957	norm	1003
A	87	1	507	0.433333333333	raw	1003
A	87	1	507	1.02770051702	norm	1003
T	87	1	408	0.348717948718	raw	1003
T	87	1	408	0.856262578664	norm	1003
C	87	1	128	0.109401709402	raw	1003
C	87	1	128	1.36738587072	norm	1003
G	87	1	127	0.108547008547	raw	1003
G	87	1	127	1.19173862104	norm	1003
T	88	1	491	0.419658119658	raw	1003
T	88	1	491	1.0304532503	norm	1003
A	88	1	463	0.395726495726	raw	1003
A	88	1	463	0.938511517513	norm	1003
G	88	1	129	0.110256410256	raw	1003
G	88	1	129	1.21050615837	norm	1003
C	88	1	87	0.074358974359	raw	1003
C	88	1	87	0.929395084007	norm	1003
T	89	1	460	0.393162393162	raw	1003
T	89	1	460	0.965394083788	norm	1003
A	89	1	448	0.382905982906	raw	1003
A	89	1	448	0.908106176773	norm	1003
C	89	1	133	0.113675213675	raw	1003
C	89	1	133	1.4207993813	norm	1003
G	89	1	129	0.110256410256	raw	1003
G	89	1	129	1.21050615837	norm	1003
T	90	1	504	0.430769230769	raw	1003
T	90	1	504	1.05773612659	norm	1003
A	90	1	433	0.370085470085	raw	1003
A	90	1	433	0.877700836033	norm	1003
C	90	1	118	0.100854700855	raw	1003
C	90	1	118	1.26055884957	norm	1003
G	90	1	115	0.0982905982906	raw	1003
G	90	1	115	1.079133397	norm	1003
A	91	1	497	0.424786324786	raw	1003
A	91	1	497	1.00743028986	norm	1003
T	91	1	444	0.379487179487	raw	1003
T	91	1	444	0.931815159135	norm	1003
G	91	1	120	0.102564102564	raw	1003
G	91	1	120	1.12605224035	norm	1003
C	91	1	109	0.0931623931624	raw	1003
C	91	1	109	1.16441453054	norm	1003
A	92	1	480	0.410256410256	raw	1003
A	92	1	480	0.972970903686	norm	1003
T	92	1	479	0.409401709402	raw	1003
T	92	1	479	1.00526905681	norm	1003
C	92	1	114	0.0974358974359	raw	1003
C	92	1	114	1.21782804111	norm	1003
G	92	1	97	0.082905982906	raw	1003
G	92	1	97	0.910225560948	norm	1003
T	93	1	457	0.390598290598	raw	1003
T	93	1	457	0.959098035415	norm	1003
A	93	1	456	0.389743589744	raw	1003
A	93	1	456	0.924322358501	norm	1003
G	93	1	130	0.111111111111	raw	1003
G	93	1	130	1.21988992704	norm	1003
C	93	1	127	0.108547008547	raw	1003
C	93	1	127	1.35670316861	norm	1003
A	94	1	481	0.411111111111	raw	1003
A	94	1	481	0.974997926402	norm	1003
T	94	1	455	0.388888888889	raw	1003
T	94	1	455	0.954900669834	norm	1003
G	94	1	126	0.107692307692	raw	1003
G	94	1	126	1.18235485237	norm	1003
C	94	1	108	0.0923076923077	raw	1003
C	94	1	108	1.15373182842	norm	1003
A	95	1	500	0.42735042735	raw	1003
A	95	1	500	1.01351135801	norm	1003
T	95	1	456	0.389743589744	raw	1003
T	95	1	456	0.956999352625	norm	1003
C	95	1	107	0.091452991453	raw	1003
C	95	1	107	1.14304912631	norm	1003
G	95	1	107	0.091452991453	raw	1003
G	95	1	107	1.00406324764	norm	1003
T	96	1	500	0.42735042735	raw	1003
T	96	1	500	1.04934139542	norm	1003
A	96	1	420	0.358974358974	raw	1003
A	96	1	420	0.851349540725	norm	1003
G	96	1	128	0.109401709402	raw	1003
G	96	1	128	1.20112238971	norm	1003
C	96	1	122	0.104273504274	raw	1003
C	96	1	122	1.30328965803	norm	1003
A	97	1	502	0.42905982906	raw	1003
A	97	1	502	1.01756540344	norm	1003
T	97	1	453	0.387179487179	raw	1003
T	97	1	453	0.950703304252	norm	1003
G	97	1	110	0.0940170940171	raw	1003
G	97	1	110	1.03221455365	norm	1003
C	97	1	105	0.0897435897436	raw	1003
C	97	1	105	1.12168372208	norm	1003
A	98	1	481	0.411111111111	raw	1003
A	98	1	481	0.974997926402	norm	1003
T	98	1	475	0.405982905983	raw	1003
T	98	1	475	0.996874325651	norm	1003
G	98	1	109	0.0931623931624	raw	1003
G	98	1	109	1.02283078498	norm	1003
C	98	1	105	0.0897435897436	raw	1003
C	98	1	105	1.12168372208	norm	1003
A	99	1	478	0.408547008547	raw	1003
A	99	1	478	0.968916858254	norm	1003
T	99	1	438	0.374358974359	raw	1003
T	99	1	438	0.919223062389	norm	1003
G	99	1	138	0.117948717949	raw	1003
G	99	1	138	1.2949600764	norm	1003
C	99	1	116	0.0991452991453	raw	1003
C	99	1	116	1.23919344534	norm	1003
A	100	1	488	0.417094017094	raw	1003
A	100	1	488	0.989187085414	norm	1003
T	100	1	467	0.399145299145	raw	1003
T	100	1	467	0.980084863324	norm	1003
G	100	1	118	0.100854700855	raw	1003
G	100	1	118	1.10728470301	norm	1003
C	100	1	97	0.082905982906	raw	1003
C	100	1	97	1.03622210516	norm	1003
