#nuc	offset	region.size	count	freq	norm.freq	total.sites
A	-100	1	4712	0.337947357097	raw	7876
A	-100	1	4712	1.0908614216	norm	7876
T	-100	1	4371	0.313490640465	raw	7876
T	-100	1	4371	1.01547211982	norm	7876
C	-100	1	2453	0.175930574482	raw	7876
C	-100	1	2453	0.921617435943	norm	7876
G	-100	1	2407	0.172631427957	raw	7876
G	-100	1	2407	0.905755126982	norm	7876
A	-99	1	4557	0.326830667719	raw	7876
A	-99	1	4557	1.0549778222	norm	7876
T	-99	1	4396	0.315283654881	raw	7876
T	-99	1	4396	1.02128012783	norm	7876
G	-99	1	2558	0.183461235028	raw	7876
G	-99	1	2558	0.962576491408	norm	7876
C	-99	1	2432	0.174424442373	raw	7876
C	-99	1	2432	0.913727519043	norm	7876
A	-98	1	4704	0.337373592484	raw	7876
A	-98	1	4704	1.08900936486	norm	7876
T	-98	1	4582	0.328623682134	raw	7876
T	-98	1	4582	1.06449170739	norm	7876
G	-98	1	2505	0.179660044467	raw	7876
G	-98	1	2505	0.942632568795	norm	7876
C	-98	1	2152	0.154342680915	raw	7876
C	-98	1	2152	0.808528627048	norm	7876
A	-97	1	4649	0.333428960769	raw	7876
A	-97	1	4649	1.07627647475	norm	7876
T	-97	1	4469	0.320519256975	raw	7876
T	-97	1	4469	1.0382395112	norm	7876
G	-97	1	2497	0.179086279854	raw	7876
G	-97	1	2497	0.939622165382	norm	7876
C	-97	1	2328	0.166965502403	raw	7876
C	-97	1	2328	0.874653644873	norm	7876
A	-96	1	4624	0.331635946353	raw	7876
A	-96	1	4624	1.07048879743	norm	7876
T	-96	1	4539	0.325539697339	raw	7876
T	-96	1	4539	1.05450193362	norm	7876
G	-96	1	2406	0.17255970738	raw	7876
G	-96	1	2406	0.905378826555	norm	7876
C	-96	1	2374	0.170264648928	raw	7876
C	-96	1	2374	0.891936319987	norm	7876
A	-95	1	5003	0.358818044897	raw	7876
A	-95	1	5003	1.15822998562	norm	7876
T	-95	1	4298	0.308255038371	raw	7876
T	-95	1	4298	0.998512736442	norm	7876
G	-95	1	2367	0.169762604891	raw	7876
G	-95	1	2367	0.890703109915	norm	7876
C	-95	1	2275	0.163164311841	raw	7876
C	-95	1	2275	0.85474099746	norm	7876
A	-94	1	4761	0.341461665352	raw	7876
A	-94	1	4761	1.10220526915	norm	7876
T	-94	1	4406	0.316000860647	raw	7876
T	-94	1	4406	1.02360333103	norm	7876
G	-94	1	2454	0.176002295058	raw	7876
G	-94	1	2454	0.923441247035	norm	7876
C	-94	1	2322	0.166535178943	raw	7876
C	-94	1	2322	0.872399382902	norm	7876
A	-93	1	4815	0.34533457649	raw	7876
A	-93	1	4815	1.11470665216	norm	7876
T	-93	1	4317	0.309617729327	raw	7876
T	-93	1	4317	1.00292682253	norm	7876
G	-93	1	2507	0.17980348562	raw	7876
G	-93	1	2507	0.943385169648	norm	7876
C	-93	1	2304	0.165244208563	raw	7876
C	-93	1	2304	0.865636596988	norm	7876
A	-92	1	4713	0.338019077673	raw	7876
A	-92	1	4713	1.09109292869	norm	7876
T	-92	1	4504	0.323029477157	raw	7876
T	-92	1	4504	1.04637072241	norm	7876
C	-92	1	2389	0.171340457577	raw	7876
C	-92	1	2389	0.897571974915	norm	7876
G	-92	1	2337	0.167610987592	raw	7876
G	-92	1	2337	0.879414097115	norm	7876
A	-91	1	4755	0.341031341892	raw	7876
A	-91	1	4755	1.10081622659	norm	7876
T	-91	1	4493	0.322240550814	raw	7876
T	-91	1	4493	1.04381519889	norm	7876
G	-91	1	2386	0.171125295847	raw	7876
G	-91	1	2386	0.897852818022	norm	7876
C	-91	1	2309	0.165602811447	raw	7876
C	-91	1	2309	0.867515148631	norm	7876
A	-90	1	4686	0.336082622104	raw	7876
A	-90	1	4686	1.08484223718	norm	7876
T	-90	1	4519	0.324105285806	raw	7876
T	-90	1	4519	1.04985552722	norm	7876
G	-90	1	2448	0.175571971599	raw	7876
G	-90	1	2448	0.921183444475	norm	7876
C	-90	1	2290	0.164240120491	raw	7876
C	-90	1	2290	0.860376652388	norm	7876
A	-89	1	4754	0.340959621315	raw	7876
A	-89	1	4754	1.1005847195	norm	7876
T	-89	1	4416	0.316718066413	raw	7876
T	-89	1	4416	1.02592653423	norm	7876
G	-89	1	2440	0.174998206986	raw	7876
G	-89	1	2440	0.918173041062	norm	7876
C	-89	1	2333	0.167324105286	raw	7876
C	-89	1	2333	0.876532196516	norm	7876
A	-88	1	4797	0.344043606111	raw	7876
A	-88	1	4797	1.11053952449	norm	7876
T	-88	1	4465	0.320232374668	raw	7876
T	-88	1	4465	1.03731022992	norm	7876
G	-88	1	2355	0.168901957972	raw	7876
G	-88	1	2355	0.886187504795	norm	7876
C	-88	1	2326	0.166822061249	raw	7876
C	-88	1	2326	0.873902224216	norm	7876
A	-87	1	4621	0.331420784623	raw	7876
A	-87	1	4621	1.06979427615	norm	7876
T	-87	1	4459	0.319802051208	raw	7876
T	-87	1	4459	1.035916308	norm	7876
C	-87	1	2479	0.177795309474	raw	7876
C	-87	1	2479	0.931385904485	norm	7876
G	-87	1	2384	0.170981854694	raw	7876
G	-87	1	2384	0.897100217169	norm	7876
A	-86	1	4708	0.33766047479	raw	7876
A	-86	1	4708	1.08993539323	norm	7876
T	-86	1	4598	0.329771211361	raw	7876
T	-86	1	4598	1.06820883252	norm	7876
G	-86	1	2348	0.168399913935	raw	7876
G	-86	1	2348	0.883553401809	norm	7876
C	-86	1	2289	0.164168399914	raw	7876
C	-86	1	2289	0.86000094206	norm	7876
A	-85	1	4692	0.336512945564	raw	7876
A	-85	1	4692	1.08623127974	norm	7876
T	-85	1	4456	0.319586889479	raw	7876
T	-85	1	4456	1.03521934704	norm	7876
C	-85	1	2479	0.177795309474	raw	7876
C	-85	1	2479	0.931385904485	norm	7876
G	-85	1	2316	0.166104855483	raw	7876
G	-85	1	2316	0.871511788155	norm	7876
A	-84	1	4849	0.347773076096	raw	7876
A	-84	1	4849	1.12257789332	norm	7876
T	-84	1	4418	0.316861507567	raw	7876
T	-84	1	4418	1.02639117487	norm	7876
G	-84	1	2347	0.168328193359	raw	7876
G	-84	1	2347	0.883177101382	norm	7876
C	-84	1	2329	0.167037222979	raw	7876
C	-84	1	2329	0.875029355202	norm	7876
A	-83	1	4749	0.340601018432	raw	7876
A	-83	1	4749	1.09942718403	norm	7876
T	-83	1	4430	0.317722154486	raw	7876
T	-83	1	4430	1.02917901871	norm	7876
G	-83	1	2439	0.174926486409	raw	7876
G	-83	1	2439	0.917796740635	norm	7876
C	-83	1	2325	0.166750340673	raw	7876
C	-83	1	2325	0.873526513888	norm	7876
A	-82	1	4639	0.332711755003	raw	7876
A	-82	1	4639	1.07396140382	norm	7876
T	-82	1	4432	0.317865595639	raw	7876
T	-82	1	4432	1.02964365936	norm	7876
G	-82	1	2442	0.175141648139	raw	7876
G	-82	1	2442	0.918925641915	norm	7876
C	-82	1	2430	0.174281001219	raw	7876
C	-82	1	2430	0.912976098386	norm	7876
A	-81	1	4727	0.339023165746	raw	7876
A	-81	1	4727	1.09433402799	norm	7876
T	-81	1	4276	0.306677185685	raw	7876
T	-81	1	4276	0.993401689396	norm	7876
G	-81	1	2479	0.177795309474	raw	7876
G	-81	1	2479	0.932848757702	norm	7876
C	-81	1	2461	0.176504339095	raw	7876
C	-81	1	2461	0.924623118571	norm	7876
A	-80	1	4693	0.336584666141	raw	7876
A	-80	1	4693	1.08646278683	norm	7876
T	-80	1	4446	0.318869683712	raw	7876
T	-80	1	4446	1.03289614384	norm	7876
C	-80	1	2417	0.173348633723	raw	7876
C	-80	1	2417	0.908091864115	norm	7876
G	-80	1	2387	0.171197016424	raw	7876
G	-80	1	2387	0.898229118449	norm	7876
A	-79	1	4686	0.336082622104	raw	7876
A	-79	1	4686	1.08484223718	norm	7876
T	-79	1	4401	0.315642257764	raw	7876
T	-79	1	4401	1.02244172943	norm	7876
C	-79	1	2461	0.176504339095	raw	7876
C	-79	1	2461	0.924623118571	norm	7876
G	-79	1	2395	0.171770781037	raw	7876
G	-79	1	2395	0.901239521862	norm	7876
A	-78	1	4600	0.329914652514	raw	7876
A	-78	1	4600	1.0649326272	norm	7876
T	-78	1	4495	0.322383991967	raw	7876
T	-78	1	4495	1.04427983953	norm	7876
G	-78	1	2517	0.180520691386	raw	7876
G	-78	1	2517	0.947148173915	norm	7876
C	-78	1	2331	0.167180664133	raw	7876
C	-78	1	2331	0.875780775859	norm	7876
A	-77	1	4689	0.336297783834	raw	7876
A	-77	1	4689	1.08553675846	norm	7876
T	-77	1	4558	0.326902388295	raw	7876
T	-77	1	4558	1.05891601971	norm	7876
G	-77	1	2443	0.175213368715	raw	7876
G	-77	1	2443	0.919301942342	norm	7876
C	-77	1	2253	0.161586459155	raw	7876
C	-77	1	2253	0.846475370232	norm	7876
A	-76	1	4683	0.335867460374	raw	7876
A	-76	1	4683	1.0841477159	norm	7876
T	-76	1	4480	0.321308183318	raw	7876
T	-76	1	4480	1.04079503473	norm	7876
G	-76	1	2404	0.172416266227	raw	7876
G	-76	1	2404	0.904626225702	norm	7876
C	-76	1	2376	0.170408090081	raw	7876
C	-76	1	2376	0.892687740644	norm	7876
T	-75	1	4670	0.334935092878	raw	7876
T	-75	1	4670	1.08493589558	norm	7876
A	-75	1	4651	0.333572401922	raw	7876
A	-75	1	4651	1.07673948893	norm	7876
C	-75	1	2381	0.170766692964	raw	7876
C	-75	1	2381	0.894566292287	norm	7876
G	-75	1	2241	0.160725812236	raw	7876
G	-75	1	2241	0.843289256156	norm	7876
A	-74	1	4648	0.333357240192	raw	7876
A	-74	1	4648	1.07604496765	norm	7876
T	-74	1	4596	0.329627770207	raw	7876
T	-74	1	4596	1.06774419188	norm	7876
C	-74	1	2385	0.171053575271	raw	7876
C	-74	1	2385	0.896069133601	norm	7876
G	-74	1	2314	0.16596141433	raw	7876
G	-74	1	2314	0.870759187302	norm	7876
A	-73	1	4841	0.347199311482	raw	7876
A	-73	1	4841	1.12072583658	norm	7876
T	-73	1	4250	0.304812450692	raw	7876
T	-73	1	4250	0.987361361069	norm	7876
G	-73	1	2462	0.176576059672	raw	7876
G	-73	1	2462	0.926451650448	norm	7876
C	-73	1	2390	0.171412178154	raw	7876
C	-73	1	2390	0.897947685244	norm	7876
A	-72	1	4673	0.335150254608	raw	7876
A	-72	1	4673	1.08183264498	norm	7876
T	-72	1	4359	0.312629993545	raw	7876
T	-72	1	4359	1.01268427598	norm	7876
G	-72	1	2514	0.180305529656	raw	7876
G	-72	1	2514	0.946019272635	norm	7876
C	-72	1	2397	0.17191422219	raw	7876
C	-72	1	2397	0.900577657544	norm	7876
A	-71	1	4649	0.333428960769	raw	7876
A	-71	1	4649	1.07627647475	norm	7876
T	-71	1	4361	0.312773434698	raw	7876
T	-71	1	4361	1.01314891662	norm	7876
G	-71	1	2524	0.181022735423	raw	7876
G	-71	1	2524	0.949782276902	norm	7876
C	-71	1	2409	0.17277486911	raw	7876
C	-71	1	2409	0.905086181486	norm	7876
A	-70	1	4691	0.336441224987	raw	7876
A	-70	1	4691	1.08599977265	norm	7876
T	-70	1	4468	0.320447536398	raw	7876
T	-70	1	4468	1.03800719088	norm	7876
G	-70	1	2456	0.176145736212	raw	7876
G	-70	1	2456	0.924193847888	norm	7876
C	-70	1	2328	0.166965502403	raw	7876
C	-70	1	2328	0.874653644873	norm	7876
A	-69	1	4741	0.340027253819	raw	7876
A	-69	1	4741	1.09757512729	norm	7876
T	-69	1	4485	0.321666786201	raw	7876
T	-69	1	4485	1.04195663633	norm	7876
G	-69	1	2366	0.169690884315	raw	7876
G	-69	1	2366	0.890326809489	norm	7876
C	-69	1	2351	0.168615075665	raw	7876
C	-69	1	2351	0.88329498243	norm	7876
A	-68	1	4753	0.340887900739	raw	7876
A	-68	1	4753	1.10035321241	norm	7876
T	-68	1	4302	0.308541920677	raw	7876
T	-68	1	4302	0.999442017723	norm	7876
G	-68	1	2459	0.176360897942	raw	7876
G	-68	1	2459	0.925322749168	norm	7876
C	-68	1	2429	0.174209280643	raw	7876
C	-68	1	2429	0.912600388057	norm	7876
A	-67	1	4840	0.347127590906	raw	7876
A	-67	1	4840	1.12049432949	norm	7876
T	-67	1	4490	0.322025389084	raw	7876
T	-67	1	4490	1.04311823793	norm	7876
C	-67	1	2364	0.169547443161	raw	7876
C	-67	1	2364	0.888179216701	norm	7876
G	-67	1	2249	0.161299576849	raw	7876
G	-67	1	2249	0.846299659569	norm	7876
A	-66	1	4566	0.327476152908	raw	7876
A	-66	1	4566	1.05706138604	norm	7876
T	-66	1	4466	0.320304095245	raw	7876
T	-66	1	4466	1.03754255024	norm	7876
G	-66	1	2497	0.179086279854	raw	7876
G	-66	1	2497	0.939622165382	norm	7876
C	-66	1	2414	0.173133471993	raw	7876
C	-66	1	2414	0.906964733129	norm	7876
A	-65	1	4736	0.339668650936	raw	7876
A	-65	1	4736	1.09641759183	norm	7876
T	-65	1	4406	0.316000860647	raw	7876
T	-65	1	4406	1.02360333103	norm	7876
G	-65	1	2468	0.177006383131	raw	7876
G	-65	1	2468	0.928709453008	norm	7876
C	-65	1	2333	0.167324105286	raw	7876
C	-65	1	2333	0.876532196516	norm	7876
A	-64	1	4872	0.349422649358	raw	7876
A	-64	1	4872	1.12790255646	norm	7876
T	-64	1	4388	0.314709890268	raw	7876
T	-64	1	4388	1.01942156526	norm	7876
C	-64	1	2366	0.169690884315	raw	7876
C	-64	1	2366	0.888930637359	norm	7876
G	-64	1	2317	0.16617657606	raw	7876
G	-64	1	2317	0.871888088582	norm	7876
A	-63	1	4747	0.340457577279	raw	7876
A	-63	1	4747	1.09896416985	norm	7876
T	-63	1	4513	0.323674962347	raw	7876
T	-63	1	4513	1.0484616053	norm	7876
G	-63	1	2345	0.168184752205	raw	7876
G	-63	1	2345	0.882424500529	norm	7876
C	-63	1	2338	0.167682708169	raw	7876
C	-63	1	2338	0.878410748159	norm	7876
T	-62	1	4667	0.334719931148	raw	7876
T	-62	1	4667	1.08423893461	norm	7876
A	-62	1	4530	0.324894212149	raw	7876
A	-62	1	4530	1.0487271307	norm	7876
G	-62	1	2431	0.174352721796	raw	7876
G	-62	1	2431	0.914786337222	norm	7876
C	-62	1	2315	0.166033134906	raw	7876
C	-62	1	2315	0.869769410602	norm	7876
A	-61	1	4808	0.344832532454	raw	7876
A	-61	1	4808	1.11308610251	norm	7876
T	-61	1	4466	0.320304095245	raw	7876
T	-61	1	4466	1.03754255024	norm	7876
G	-61	1	2395	0.171770781037	raw	7876
G	-61	1	2395	0.901239521862	norm	7876
C	-61	1	2274	0.163092591264	raw	7876
C	-61	1	2274	0.854365287132	norm	7876
A	-60	1	4686	0.336082622104	raw	7876
A	-60	1	4686	1.08484223718	norm	7876
T	-60	1	4363	0.312916875852	raw	7876
T	-60	1	4363	1.01361355726	norm	7876
C	-60	1	2468	0.177006383131	raw	7876
C	-60	1	2468	0.927253090871	norm	7876
G	-60	1	2426	0.173994118913	raw	7876
G	-60	1	2426	0.912904835088	norm	7876
A	-59	1	4767	0.341891988812	raw	7876
A	-59	1	4767	1.10359431171	norm	7876
T	-59	1	4528	0.324750770996	raw	7876
T	-59	1	4528	1.0519464101	norm	7876
C	-59	1	2327	0.166893781826	raw	7876
C	-59	1	2327	0.874277934545	norm	7876
G	-59	1	2321	0.166463458366	raw	7876
G	-59	1	2321	0.873393290289	norm	7876
A	-58	1	4711	0.33787563652	raw	7876
A	-58	1	4711	1.09062991451	norm	7876
T	-58	1	4548	0.326185182529	raw	7876
T	-58	1	4548	1.0565928165	norm	7876
C	-58	1	2349	0.168471634512	raw	7876
C	-58	1	2349	0.882543561773	norm	7876
G	-58	1	2335	0.167467546439	raw	7876
G	-58	1	2335	0.878661496262	norm	7876
A	-57	1	4629	0.331994549236	raw	7876
A	-57	1	4629	1.07164633289	norm	7876
T	-57	1	4459	0.319802051208	raw	7876
T	-57	1	4459	1.035916308	norm	7876
G	-57	1	2434	0.174567883526	raw	7876
G	-57	1	2434	0.915915238502	norm	7876
C	-57	1	2421	0.17363551603	raw	7876
C	-57	1	2421	0.909594705429	norm	7876
A	-56	1	4684	0.335939180951	raw	7876
A	-56	1	4684	1.084379223	norm	7876
T	-56	1	4294	0.307968156064	raw	7876
T	-56	1	4294	0.997583455161	norm	7876
G	-56	1	2677	0.191995983648	raw	7876
G	-56	1	2677	1.00735624218	norm	7876
C	-56	1	2288	0.164096679337	raw	7876
C	-56	1	2288	0.859625231731	norm	7876
A	-55	1	4606	0.330344975974	raw	7876
A	-55	1	4606	1.06632166975	norm	7876
T	-55	1	4453	0.319371727749	raw	7876
T	-55	1	4453	1.03452238608	norm	7876
G	-55	1	2547	0.182672308685	raw	7876
G	-55	1	2547	0.958437186715	norm	7876
C	-55	1	2337	0.167610987592	raw	7876
C	-55	1	2337	0.87803503783	norm	7876
A	-54	1	4659	0.334146166535	raw	7876
A	-54	1	4659	1.07859154568	norm	7876
T	-54	1	4441	0.318511080829	raw	7876
T	-54	1	4441	1.03173454224	norm	7876
G	-54	1	2454	0.176002295058	raw	7876
G	-54	1	2454	0.923441247035	norm	7876
C	-54	1	2389	0.171340457577	raw	7876
C	-54	1	2389	0.897571974915	norm	7876
A	-53	1	4698	0.336943269024	raw	7876
A	-53	1	4698	1.0876203223	norm	7876
T	-53	1	4632	0.332209710966	raw	7876
T	-53	1	4632	1.07610772341	norm	7876
G	-53	1	2433	0.174496162949	raw	7876
G	-53	1	2433	0.915538938075	norm	7876
C	-53	1	2180	0.156350857061	raw	7876
C	-53	1	2180	0.819048516247	norm	7876
A	-52	1	4716	0.338234239403	raw	7876
A	-52	1	4716	1.09178744997	norm	7876
T	-52	1	4314	0.309402567597	raw	7876
T	-52	1	4314	1.00222986157	norm	7876
C	-52	1	2537	0.181955102919	raw	7876
C	-52	1	2537	0.953177103541	norm	7876
G	-52	1	2376	0.170408090081	raw	7876
G	-52	1	2376	0.894089813755	norm	7876
A	-51	1	4693	0.336584666141	raw	7876
A	-51	1	4693	1.08646278683	norm	7876
T	-51	1	4491	0.322097109661	raw	7876
T	-51	1	4491	1.04335055825	norm	7876
C	-51	1	2402	0.172272825074	raw	7876
C	-51	1	2402	0.902456209186	norm	7876
G	-51	1	2357	0.169045399125	raw	7876
G	-51	1	2357	0.886940105649	norm	7876
A	-50	1	4842	0.347271032059	raw	7876
A	-50	1	4842	1.12095734367	norm	7876
T	-50	1	4401	0.315642257764	raw	7876
T	-50	1	4401	1.02244172943	norm	7876
G	-50	1	2401	0.172201104497	raw	7876
G	-50	1	2401	0.903497324422	norm	7876
C	-50	1	2299	0.16488560568	raw	7876
C	-50	1	2299	0.863758045345	norm	7876
A	-49	1	4742	0.340098974396	raw	7876
A	-49	1	4742	1.09780663438	norm	7876
T	-49	1	4581	0.328551961558	raw	7876
T	-49	1	4581	1.06425938707	norm	7876
G	-49	1	2357	0.169045399125	raw	7876
G	-49	1	2357	0.886940105649	norm	7876
C	-49	1	2263	0.162303664921	raw	7876
C	-49	1	2263	0.850232473517	norm	7876
A	-48	1	4705	0.33744531306	raw	7876
A	-48	1	4705	1.08924087195	norm	7876
T	-48	1	4353	0.312199670085	raw	7876
T	-48	1	4353	1.01129035406	norm	7876
G	-48	1	2514	0.180305529656	raw	7876
G	-48	1	2514	0.946019272635	norm	7876
C	-48	1	2371	0.170049487198	raw	7876
C	-48	1	2371	0.890809189001	norm	7876
A	-47	1	4955	0.355375457219	raw	7876
A	-47	1	4955	1.14711764517	norm	7876
T	-47	1	4328	0.31040665567	raw	7876
T	-47	1	4328	1.00548234605	norm	7876
G	-47	1	2412	0.17299003084	raw	7876
G	-47	1	2412	0.907636629115	norm	7876
C	-47	1	2248	0.161227856272	raw	7876
C	-47	1	2248	0.844596818589	norm	7876
A	-46	1	4608	0.330488417127	raw	7876
A	-46	1	4608	1.06678468394	norm	7876
T	-46	1	4425	0.317363551603	raw	7876
T	-46	1	4425	1.02801741711	norm	7876
C	-46	1	2469	0.177078103708	raw	7876
C	-46	1	2469	0.9276288012	norm	7876
G	-46	1	2441	0.175069927562	raw	7876
G	-46	1	2441	0.918549341488	norm	7876
A	-45	1	4691	0.336441224987	raw	7876
A	-45	1	4691	1.08599977265	norm	7876
T	-45	1	4318	0.309689449903	raw	7876
T	-45	1	4318	1.00315914285	norm	7876
G	-45	1	2482	0.178010471204	raw	7876
G	-45	1	2482	0.933977658982	norm	7876
C	-45	1	2452	0.175858853905	raw	7876
C	-45	1	2452	0.921241725614	norm	7876
A	-44	1	4726	0.33895144517	raw	7876
A	-44	1	4726	1.0941025209	norm	7876
T	-44	1	4374	0.313705802195	raw	7876
T	-44	1	4374	1.01616908078	norm	7876
G	-44	1	2453	0.175930574482	raw	7876
G	-44	1	2453	0.923064946608	norm	7876
C	-44	1	2390	0.171412178154	raw	7876
C	-44	1	2390	0.897947685244	norm	7876
A	-43	1	4791	0.343613282651	raw	7876
A	-43	1	4791	1.10915048193	norm	7876
T	-43	1	4546	0.326041741376	raw	7876
T	-43	1	4546	1.05612817586	norm	7876
G	-43	1	2404	0.172416266227	raw	7876
G	-43	1	2404	0.904626225702	norm	7876
C	-43	1	2202	0.157928709747	raw	7876
C	-43	1	2202	0.827314143476	norm	7876
A	-42	1	4624	0.331635946353	raw	7876
A	-42	1	4624	1.07048879743	norm	7876
T	-42	1	4564	0.327332711755	raw	7876
T	-42	1	4564	1.06030994163	norm	7876
G	-42	1	2391	0.171483898731	raw	7876
G	-42	1	2391	0.899734320155	norm	7876
C	-42	1	2364	0.169547443161	raw	7876
C	-42	1	2364	0.888179216701	norm	7876
A	-41	1	4617	0.331133902317	raw	7876
A	-41	1	4617	1.06886824778	norm	7876
T	-41	1	4477	0.321093021588	raw	7876
T	-41	1	4477	1.04009807377	norm	7876
G	-41	1	2513	0.18023380908	raw	7876
G	-41	1	2513	0.945642972208	norm	7876
C	-41	1	2336	0.167539267016	raw	7876
C	-41	1	2336	0.877659327502	norm	7876
A	-40	1	4795	0.343900164957	raw	7876
A	-40	1	4795	1.11007651031	norm	7876
T	-40	1	4124	0.295775658036	raw	7876
T	-40	1	4124	0.958089000718	norm	7876
G	-40	1	2536	0.181883382342	raw	7876
G	-40	1	2536	0.954297882022	norm	7876
C	-40	1	2488	0.178440794664	raw	7876
C	-40	1	2488	0.934767297442	norm	7876
A	-39	1	4525	0.324535609266	raw	7876
A	-39	1	4525	1.04756959523	norm	7876
T	-39	1	4353	0.312199670085	raw	7876
T	-39	1	4353	1.01129035406	norm	7876
G	-39	1	2536	0.181883382342	raw	7876
G	-39	1	2536	0.954297882022	norm	7876
C	-39	1	2529	0.181381338306	raw	7876
C	-39	1	2529	0.950171420913	norm	7876
A	-38	1	4670	0.334935092878	raw	7876
A	-38	1	4670	1.0811381237	norm	7876
T	-38	1	4504	0.323029477157	raw	7876
T	-38	1	4504	1.04637072241	norm	7876
G	-38	1	2395	0.171770781037	raw	7876
G	-38	1	2395	0.901239521862	norm	7876
C	-38	1	2374	0.170264648928	raw	7876
C	-38	1	2374	0.891936319987	norm	7876
A	-37	1	4669	0.334863372302	raw	7876
A	-37	1	4669	1.0809066166	norm	7876
T	-37	1	4456	0.319586889479	raw	7876
T	-37	1	4456	1.03521934704	norm	7876
G	-37	1	2478	0.177723588898	raw	7876
G	-37	1	2478	0.932472457275	norm	7876
C	-37	1	2340	0.167826149322	raw	7876
C	-37	1	2340	0.879162168816	norm	7876
A	-36	1	4755	0.341031341892	raw	7876
A	-36	1	4755	1.10081622659	norm	7876
T	-36	1	4294	0.307968156064	raw	7876
T	-36	1	4294	0.997583455161	norm	7876
G	-36	1	2453	0.175930574482	raw	7876
G	-36	1	2453	0.923064946608	norm	7876
C	-36	1	2441	0.175069927562	raw	7876
C	-36	1	2441	0.917108912	norm	7876
A	-35	1	4657	0.334002725382	raw	7876
A	-35	1	4657	1.07812853149	norm	7876
T	-35	1	4334	0.310836979129	raw	7876
T	-35	1	4334	1.00687626797	norm	7876
G	-35	1	2481	0.177938750628	raw	7876
G	-35	1	2481	0.933601358555	norm	7876
C	-35	1	2471	0.177221544861	raw	7876
C	-35	1	2471	0.928380221857	norm	7876
A	-34	1	4845	0.347486193789	raw	7876
A	-34	1	4845	1.12165186495	norm	7876
T	-34	1	4327	0.310334935093	raw	7876
T	-34	1	4327	1.00525002573	norm	7876
C	-34	1	2402	0.172272825074	raw	7876
C	-34	1	2402	0.902456209186	norm	7876
G	-34	1	2369	0.169906046045	raw	7876
G	-34	1	2369	0.891455710769	norm	7876
A	-33	1	4811	0.345047694183	raw	7876
A	-33	1	4811	1.11378062379	norm	7876
T	-33	1	4429	0.317650433909	raw	7876
T	-33	1	4429	1.02894669839	norm	7876
G	-33	1	2475	0.177508427168	raw	7876
G	-33	1	2475	0.931343555995	norm	7876
C	-33	1	2228	0.159793444739	raw	7876
C	-33	1	2228	0.837082612018	norm	7876
A	-32	1	4908	0.352004590117	raw	7876
A	-32	1	4908	1.1362368118	norm	7876
T	-32	1	4273	0.306462023955	raw	7876
T	-32	1	4273	0.992704728435	norm	7876
G	-32	1	2433	0.174496162949	raw	7876
G	-32	1	2433	0.915538938075	norm	7876
C	-32	1	2329	0.167037222979	raw	7876
C	-32	1	2329	0.875029355202	norm	7876
A	-31	1	4629	0.331994549236	raw	7876
A	-31	1	4629	1.07164633289	norm	7876
T	-31	1	4517	0.323961844653	raw	7876
T	-31	1	4517	1.04939088658	norm	7876
C	-31	1	2401	0.172201104497	raw	7876
C	-31	1	2401	0.902080498858	norm	7876
G	-31	1	2396	0.171842501614	raw	7876
G	-31	1	2396	0.901615822289	norm	7876
A	-30	1	4788	0.343398120921	raw	7876
A	-30	1	4788	1.10845596066	norm	7876
T	-30	1	4247	0.304597288962	raw	7876
T	-30	1	4247	0.986664400109	norm	7876
G	-30	1	2462	0.176576059672	raw	7876
G	-30	1	2462	0.926451650448	norm	7876
C	-30	1	2446	0.175428530445	raw	7876
C	-30	1	2446	0.918987463643	norm	7876
A	-29	1	4611	0.330703578857	raw	7876
A	-29	1	4611	1.06747920522	norm	7876
T	-29	1	4319	0.30976117048	raw	7876
T	-29	1	4319	1.00339146317	norm	7876
C	-29	1	2533	0.181668220612	raw	7876
C	-29	1	2533	0.951674262227	norm	7876
G	-29	1	2480	0.177867030051	raw	7876
G	-29	1	2480	0.933225058128	norm	7876
A	-28	1	4796	0.343971885534	raw	7876
A	-28	1	4796	1.1103080174	norm	7876
T	-28	1	4411	0.31635946353	raw	7876
T	-28	1	4411	1.02476493263	norm	7876
G	-28	1	2388	0.171268737001	raw	7876
G	-28	1	2388	0.898605418875	norm	7876
C	-28	1	2348	0.168399913935	raw	7876
C	-28	1	2348	0.882167851445	norm	7876
A	-27	1	4888	0.350570178584	raw	7876
A	-27	1	4888	1.13160666994	norm	7876
T	-27	1	4338	0.311123861436	raw	7876
T	-27	1	4338	1.00780554925	norm	7876
G	-27	1	2459	0.176360897942	raw	7876
G	-27	1	2459	0.925322749168	norm	7876
C	-27	1	2258	0.161945062038	raw	7876
C	-27	1	2258	0.848353921875	norm	7876
A	-26	1	4714	0.33809079825	raw	7876
A	-26	1	4714	1.09132443578	norm	7876
T	-26	1	4380	0.314136125654	raw	7876
T	-26	1	4380	1.0175630027	norm	7876
G	-26	1	2567	0.184106720218	raw	7876
G	-26	1	2567	0.965963195248	norm	7876
C	-26	1	2282	0.163666355878	raw	7876
C	-26	1	2282	0.85737096976	norm	7876
A	-25	1	4696	0.336799827871	raw	7876
A	-25	1	4696	1.08715730811	norm	7876
T	-25	1	4558	0.326902388295	raw	7876
T	-25	1	4558	1.05891601971	norm	7876
G	-25	1	2445	0.175356809869	raw	7876
G	-25	1	2445	0.920054543195	norm	7876
C	-25	1	2244	0.160940973965	raw	7876
C	-25	1	2244	0.843093977275	norm	7876
A	-24	1	4683	0.335867460374	raw	7876
A	-24	1	4683	1.0841477159	norm	7876
T	-24	1	4342	0.311410743742	raw	7876
T	-24	1	4342	1.00873483053	norm	7876
G	-24	1	2496	0.179014559277	raw	7876
G	-24	1	2496	0.939245864955	norm	7876
C	-24	1	2422	0.173707236606	raw	7876
C	-24	1	2422	0.909970415758	norm	7876
A	-23	1	4797	0.344043606111	raw	7876
A	-23	1	4797	1.11053952449	norm	7876
T	-23	1	4384	0.314423007961	raw	7876
T	-23	1	4384	1.01849228398	norm	7876
C	-23	1	2407	0.172631427957	raw	7876
C	-23	1	2407	0.904334760829	norm	7876
G	-23	1	2355	0.168901957972	raw	7876
G	-23	1	2355	0.886187504795	norm	7876
A	-22	1	4751	0.340744459585	raw	7876
A	-22	1	4751	1.09989019822	norm	7876
T	-22	1	4354	0.312271390662	raw	7876
T	-22	1	4354	1.01152267438	norm	7876
G	-22	1	2433	0.174496162949	raw	7876
G	-22	1	2433	0.915538938075	norm	7876
C	-22	1	2405	0.172487986803	raw	7876
C	-22	1	2405	0.903583340172	norm	7876
A	-21	1	4582	0.328623682134	raw	7876
A	-21	1	4582	1.06076549953	norm	7876
T	-21	1	4457	0.319658610055	raw	7876
T	-21	1	4457	1.03545166736	norm	7876
G	-21	1	2485	0.178225632934	raw	7876
G	-21	1	2485	0.935106560262	norm	7876
C	-21	1	2419	0.173492074876	raw	7876
C	-21	1	2419	0.908843284772	norm	7876
A	-20	1	4695	0.336728107294	raw	7876
A	-20	1	4695	1.08692580102	norm	7876
T	-20	1	4325	0.31019149394	raw	7876
T	-20	1	4325	1.00478538509	norm	7876
G	-20	1	2573	0.184537043678	raw	7876
G	-20	1	2573	0.968220997808	norm	7876
C	-20	1	2350	0.168543355089	raw	7876
C	-20	1	2350	0.882919272102	norm	7876
A	-19	1	4683	0.335867460374	raw	7876
A	-19	1	4683	1.0841477159	norm	7876
T	-19	1	4271	0.306318582801	raw	7876
T	-19	1	4271	0.992240087795	norm	7876
G	-19	1	2506	0.179731765043	raw	7876
G	-19	1	2506	0.943008869222	norm	7876
C	-19	1	2483	0.178082191781	raw	7876
C	-19	1	2483	0.932888745799	norm	7876
A	-18	1	4645	0.333142078462	raw	7876
A	-18	1	4645	1.07535044638	norm	7876
T	-18	1	4347	0.311769346626	raw	7876
T	-18	1	4347	1.00989643213	norm	7876
C	-18	1	2479	0.177795309474	raw	7876
C	-18	1	2479	0.931385904485	norm	7876
G	-18	1	2472	0.177293265438	raw	7876
G	-18	1	2472	0.930214654715	norm	7876
A	-17	1	4538	0.325467976763	raw	7876
A	-17	1	4538	1.05057918744	norm	7876
T	-17	1	4293	0.307896435487	raw	7876
T	-17	1	4293	0.99735113484	norm	7876
G	-17	1	2664	0.191063616151	raw	7876
G	-17	1	2664	1.00246433663	norm	7876
C	-17	1	2448	0.175571971599	raw	7876
C	-17	1	2448	0.9197388843	norm	7876
A	-16	1	4670	0.334935092878	raw	7876
A	-16	1	4670	1.0811381237	norm	7876
T	-16	1	4279	0.306892347414	raw	7876
T	-16	1	4279	0.994098650357	norm	7876
G	-16	1	2554	0.183174352722	raw	7876
G	-16	1	2554	0.961071289702	norm	7876
C	-16	1	2440	0.174998206986	raw	7876
C	-16	1	2440	0.916733201671	norm	7876
A	-15	1	4712	0.337947357097	raw	7876
A	-15	1	4712	1.0908614216	norm	7876
T	-15	1	4421	0.317076669296	raw	7876
T	-15	1	4421	1.02708813583	norm	7876
G	-15	1	2490	0.178584235817	raw	7876
G	-15	1	2490	0.936988062395	norm	7876
C	-15	1	2320	0.16639173779	raw	7876
C	-15	1	2320	0.871647962245	norm	7876
A	-14	1	4728	0.339094886323	raw	7876
A	-14	1	4728	1.09456553508	norm	7876
T	-14	1	4248	0.304669009539	raw	7876
T	-14	1	4248	0.986896720429	norm	7876
C	-14	1	2489	0.178512515241	raw	7876
C	-14	1	2489	0.935143007771	norm	7876
G	-14	1	2478	0.177723588898	raw	7876
G	-14	1	2478	0.932472457275	norm	7876
A	-13	1	4640	0.332783475579	raw	7876
A	-13	1	4640	1.07419291091	norm	7876
T	-13	1	4197	0.301011260131	raw	7876
T	-13	1	4197	0.975048384096	norm	7876
G	-13	1	2599	0.18640177867	raw	7876
G	-13	1	2599	0.978004808901	norm	7876
C	-13	1	2507	0.17980348562	raw	7876
C	-13	1	2507	0.941905793685	norm	7876
A	-12	1	4586	0.328910564441	raw	7876
A	-12	1	4586	1.0616915279	norm	7876
T	-12	1	4258	0.305386215305	raw	7876
T	-12	1	4258	0.989219923631	norm	7876
C	-12	1	2562	0.183748117335	raw	7876
C	-12	1	2562	0.962569861755	norm	7876
G	-12	1	2537	0.181955102919	raw	7876
G	-12	1	2537	0.954674182448	norm	7876
A	-11	1	4731	0.339310048053	raw	7876
A	-11	1	4731	1.09526005636	norm	7876
T	-11	1	4264	0.305816538765	raw	7876
T	-11	1	4264	0.990613845553	norm	7876
C	-11	1	2526	0.181166176576	raw	7876
C	-11	1	2526	0.949044289927	norm	7876
G	-11	1	2422	0.173707236606	raw	7876
G	-11	1	2422	0.911399633382	norm	7876
A	-10	1	4609	0.330560137704	raw	7876
A	-10	1	4609	1.06701619103	norm	7876
T	-10	1	4295	0.308039876641	raw	7876
T	-10	1	4295	0.997815775481	norm	7876
G	-10	1	2530	0.181453058883	raw	7876
G	-10	1	2530	0.952040079462	norm	7876
C	-10	1	2509	0.179946926773	raw	7876
C	-10	1	2509	0.942657214342	norm	7876
A	-9	1	4644	0.333070357886	raw	7876
A	-9	1	4644	1.07511893928	norm	7876
T	-9	1	4124	0.295775658036	raw	7876
T	-9	1	4124	0.958089000718	norm	7876
G	-9	1	2686	0.192641468837	raw	7876
G	-9	1	2686	1.01074294602	norm	7876
C	-9	1	2489	0.178512515241	raw	7876
C	-9	1	2489	0.935143007771	norm	7876
T	-8	1	4450	0.319156566019	raw	7876
T	-8	1	4450	1.03382542512	norm	7876
A	-8	1	4436	0.318152477946	raw	7876
A	-8	1	4436	1.02696546397	norm	7876
G	-8	1	2595	0.186114896364	raw	7876
G	-8	1	2595	0.976499607195	norm	7876
C	-8	1	2462	0.176576059672	raw	7876
C	-8	1	2462	0.9249988289	norm	7876
A	-7	1	4434	0.318009036793	raw	7876
A	-7	1	4434	1.02650244978	norm	7876
T	-7	1	4401	0.315642257764	raw	7876
T	-7	1	4401	1.02244172943	norm	7876
G	-7	1	2565	0.183963279065	raw	7876
G	-7	1	2565	0.965210594395	norm	7876
C	-7	1	2543	0.182385426379	raw	7876
C	-7	1	2543	0.955431365513	norm	7876
A	-6	1	4493	0.322240550814	raw	7876
A	-6	1	4493	1.04016136826	norm	7876
T	-6	1	4372	0.313562361041	raw	7876
T	-6	1	4372	1.01570444014	norm	7876
C	-6	1	2551	0.182959190992	raw	7876
C	-6	1	2551	0.958437048141	norm	7876
G	-6	1	2527	0.181237897153	raw	7876
G	-6	1	2527	0.950911178182	norm	7876
A	-5	1	4574	0.328049917521	raw	7876
A	-5	1	4574	1.05891344278	norm	7876
T	-5	1	4423	0.31722011045	raw	7876
T	-5	1	4423	1.02755277647	norm	7876
G	-5	1	2498	0.17915800043	raw	7876
G	-5	1	2498	0.939998465808	norm	7876
C	-5	1	2448	0.175571971599	raw	7876
C	-5	1	2448	0.9197388843	norm	7876
T	-4	1	4467	0.320375815822	raw	7876
T	-4	1	4467	1.03777487056	norm	7876
A	-4	1	4399	0.31549881661	raw	7876
A	-4	1	4399	1.01839970153	norm	7876
C	-4	1	2634	0.188911998852	raw	7876
C	-4	1	2634	0.989621005411	norm	7876
G	-4	1	2443	0.175213368715	raw	7876
G	-4	1	2443	0.919301942342	norm	7876
A	-3	1	4397	0.315355375457	raw	7876
A	-3	1	4397	1.01793668734	norm	7876
T	-3	1	4325	0.31019149394	raw	7876
T	-3	1	4325	1.00478538509	norm	7876
C	-3	1	2628	0.188481675393	raw	7876
C	-3	1	2628	0.98736674344	norm	7876
G	-3	1	2593	0.18597145521	raw	7876
G	-3	1	2593	0.975747006341	norm	7876
T	-2	1	4702	0.33723015133	raw	7876
T	-2	1	4702	1.09237014582	norm	7876
A	-2	1	4255	0.305171053575	raw	7876
A	-2	1	4255	0.985062680157	norm	7876
G	-2	1	2509	0.179946926773	raw	7876
G	-2	1	2509	0.944137770502	norm	7876
C	-2	1	2477	0.177651868321	raw	7876
C	-2	1	2477	0.930634483828	norm	7876
A	-1	1	4938	0.354156207416	raw	7876
A	-1	1	4938	1.14318202459	norm	7876
T	-1	1	3903	0.2799254106	raw	7876
T	-1	1	3903	0.906746209942	norm	7876
G	-1	1	2573	0.184537043678	raw	7876
G	-1	1	2573	0.968220997808	norm	7876
C	-1	1	2529	0.181381338306	raw	7876
C	-1	1	2529	0.950171420913	norm	7876
C	0	1	5901	0.423223122714	raw	7876
C	0	1	5901	2.2170666488	norm	7876
G	0	1	3624	0.25991536972	raw	7876
G	0	1	3624	1.36371274623	norm	7876
A	0	1	2472	0.177293265438	raw	7876
A	0	1	2472	0.572285533572	norm	7876
T	0	1	1946	0.139568242129	raw	7876
T	0	1	1946	0.45209534321	norm	7876
A	1	1	6300	0.451839632791	raw	7876
A	1	1	6300	1.45849468507	norm	7876
C	1	1	2893	0.207487628201	raw	7876
C	1	1	2893	1.08692998051	norm	7876
T	1	1	2795	0.20045901169	raw	7876
T	1	1	2795	0.649335295103	norm	7876
G	1	1	1955	0.140213727318	raw	7876
G	1	1	1955	0.735667334129	norm	7876
A	2	1	4229	0.303306318583	raw	7876
A	2	1	4229	0.979043495742	norm	7876
T	2	1	4119	0.295417055153	raw	7876
T	2	1	4119	0.956927399117	norm	7876
C	2	1	2864	0.205407731478	raw	7876
C	2	1	2864	1.07603438098	norm	7876
G	2	1	2731	0.195868894786	raw	7876
G	2	1	2731	1.02767646522	norm	7876
A	3	1	4574	0.328049917521	raw	7876
A	3	1	4574	1.05891344278	norm	7876
T	3	1	3941	0.282650792512	raw	7876
T	3	1	3941	0.915574382112	norm	7876
G	3	1	2754	0.197518468048	raw	7876
G	3	1	2754	1.03633137503	norm	7876
C	3	1	2674	0.191780821918	raw	7876
C	3	1	2674	1.00464941855	norm	7876
A	4	1	4616	0.33106218174	raw	7876
A	4	1	4616	1.06863674068	norm	7876
T	4	1	3955	0.283654880585	raw	7876
T	4	1	3955	0.918826866595	norm	7876
G	4	1	2702	0.193788998064	raw	7876
G	4	1	2702	1.01676375285	norm	7876
C	4	1	2670	0.191493939611	raw	7876
C	4	1	2670	1.00314657724	norm	7876
A	5	1	4316	0.30954600875	raw	7876
A	5	1	4316	0.999184612822	norm	7876
T	5	1	4058	0.291042099978	raw	7876
T	5	1	4058	0.942755859581	norm	7876
C	5	1	2789	0.200028688231	raw	7876
C	5	1	2789	1.04785610634	norm	7876
G	5	1	2780	0.199383203041	raw	7876
G	5	1	2780	1.04611518613	norm	7876
A	6	1	4181	0.299863730904	raw	7876
A	6	1	4181	0.967931155285	norm	7876
T	6	1	4090	0.293337158431	raw	7876
T	6	1	4090	0.950190109829	norm	7876
G	6	1	2905	0.20834827512	raw	7876
G	6	1	2905	1.09315273946	norm	7876
C	6	1	2767	0.198450835545	raw	7876
C	6	1	2767	1.03959047911	norm	7876
A	7	1	4336	0.310980420283	raw	7876
A	7	1	4336	1.00381475468	norm	7876
T	7	1	4003	0.287097468264	raw	7876
T	7	1	4003	0.929978241967	norm	7876
G	7	1	2998	0.215018288747	raw	7876
G	7	1	2998	1.12814867914	norm	7876
C	7	1	2606	0.186903822707	raw	7876
C	7	1	2606	0.979101116211	norm	7876
A	8	1	4307	0.30890052356	raw	7876
A	8	1	4307	0.997101048986	norm	7876
T	8	1	4038	0.289607688446	raw	7876
T	8	1	4038	0.938109453176	norm	7876
G	8	1	2861	0.205192569748	raw	7876
G	8	1	2861	1.07659552069	norm	7876
C	8	1	2737	0.196299218246	raw	7876
C	8	1	2737	1.02831916925	norm	7876
A	9	1	4371	0.313490640465	raw	7876
A	9	1	4371	1.01191750293	norm	7876
T	9	1	4014	0.287886394607	raw	7876
T	9	1	4014	0.93253376549	norm	7876
G	9	1	2878	0.206411819551	raw	7876
G	9	1	2878	1.08299262794	norm	7876
C	9	1	2680	0.192211145378	raw	7876
C	9	1	2680	1.00690368052	norm	7876
A	10	1	4445	0.318797963136	raw	7876
A	10	1	4445	1.0290490278	norm	7876
T	10	1	3936	0.282292189629	raw	7876
T	10	1	3936	0.91441278051	norm	7876
G	10	1	2862	0.205264290325	raw	7876
G	10	1	2862	1.07697182111	norm	7876
C	10	1	2700	0.19364555691	raw	7876
C	10	1	2700	1.0144178871	norm	7876
A	11	1	4558	0.326902388295	raw	7876
A	11	1	4558	1.0552093293	norm	7876
T	11	1	4016	0.28802983576	raw	7876
T	11	1	4016	0.932998406131	norm	7876
G	11	1	2817	0.202036864376	raw	7876
G	11	1	2817	1.06003830191	norm	7876
C	11	1	2552	0.183030911569	raw	7876
C	11	1	2552	0.95881275847	norm	7876
A	12	1	4603	0.330129814244	raw	7876
A	12	1	4603	1.06562714848	norm	7876
T	12	1	3843	0.275622176002	raw	7876
T	12	1	3843	0.892806990727	norm	7876
G	12	1	2839	0.203614717062	raw	7876
G	12	1	2839	1.0683169113	norm	7876
C	12	1	2658	0.190633292692	raw	7876
C	12	1	2658	0.998638053296	norm	7876
A	13	1	4525	0.324535609266	raw	7876
A	13	1	4525	1.04756959523	norm	7876
T	13	1	4028	0.288890482679	raw	7876
T	13	1	4028	0.935786249974	norm	7876
G	13	1	2841	0.203758158216	raw	7876
G	13	1	2841	1.06906951215	norm	7876
C	13	1	2549	0.182815749839	raw	7876
C	13	1	2549	0.957685627484	norm	7876
A	14	1	4604	0.33020153482	raw	7876
A	14	1	4604	1.06585865557	norm	7876
T	14	1	3986	0.285878218461	raw	7876
T	14	1	3986	0.926028796523	norm	7876
G	14	1	2936	0.210571612996	raw	7876
G	14	1	2936	1.10481805269	norm	7876
C	14	1	2417	0.173348633723	raw	7876
C	14	1	2417	0.908091864115	norm	7876
A	15	1	4472	0.320734418705	raw	7876
A	15	1	4472	1.03529971931	norm	7876
T	15	1	3901	0.279781969447	raw	7876
T	15	1	3901	0.906281569302	norm	7876
G	15	1	2869	0.205766334361	raw	7876
G	15	1	2869	1.0796059241	norm	7876
C	15	1	2701	0.193717277487	raw	7876
C	15	1	2701	1.01479359742	norm	7876
A	16	1	4599	0.329842931937	raw	7876
A	16	1	4599	1.0647011201	norm	7876
T	16	1	3918	0.28100121925	raw	7876
T	16	1	3918	0.910231014746	norm	7876
G	16	1	2783	0.199598364771	raw	7876
G	16	1	2783	1.04724408741	norm	7876
C	16	1	2643	0.189557484042	raw	7876
C	16	1	2643	0.993002398368	norm	7876
A	17	1	4557	0.326830667719	raw	7876
A	17	1	4557	1.0549778222	norm	7876
T	17	1	4008	0.287456071147	raw	7876
T	17	1	4008	0.931139843569	norm	7876
G	17	1	2824	0.202538908413	raw	7876
G	17	1	2824	1.0626724049	norm	7876
C	17	1	2554	0.183174352722	raw	7876
C	17	1	2554	0.959564179127	norm	7876
A	18	1	4550	0.326328623682	raw	7876
A	18	1	4550	1.05335727255	norm	7876
T	18	1	3882	0.278419278491	raw	7876
T	18	1	3882	0.901867483217	norm	7876
G	18	1	2796	0.200530732267	raw	7876
G	18	1	2796	1.05213599295	norm	7876
C	18	1	2715	0.19472136556	raw	7876
C	18	1	2715	1.02005354202	norm	7876
A	19	1	4412	0.316431184107	raw	7876
A	19	1	4412	1.02140929374	norm	7876
T	19	1	4136	0.296636304956	raw	7876
T	19	1	4136	0.960876844561	norm	7876
G	19	1	2757	0.197733629778	raw	7876
G	19	1	2757	1.03746027631	norm	7876
C	19	1	2638	0.189198881159	raw	7876
C	19	1	2638	0.991123846725	norm	7876
A	20	1	4478	0.321164742165	raw	7876
A	20	1	4478	1.03668876187	norm	7876
T	20	1	4049	0.290396614789	raw	7876
T	20	1	4049	0.940664976699	norm	7876
G	20	1	2845	0.204045040522	raw	7876
G	20	1	2845	1.07057471386	norm	7876
C	20	1	2571	0.184393602525	raw	7876
C	20	1	2571	0.965951254712	norm	7876
A	21	1	4444	0.318726242559	raw	7876
A	21	1	4444	1.02881752071	norm	7876
T	21	1	3906	0.28014057233	raw	7876
T	21	1	3906	0.907443170903	norm	7876
G	21	1	2878	0.206411819551	raw	7876
G	21	1	2878	1.08299262794	norm	7876
C	21	1	2715	0.19472136556	raw	7876
C	21	1	2715	1.02005354202	norm	7876
A	22	1	4546	0.326041741376	raw	7876
A	22	1	4546	1.05243124418	norm	7876
T	22	1	3969	0.284658968658	raw	7876
T	22	1	3969	0.922079351079	norm	7876
G	22	1	2844	0.203973319945	raw	7876
G	22	1	2844	1.07019841343	norm	7876
C	22	1	2584	0.185325970021	raw	7876
C	22	1	2584	0.970835488983	norm	7876
A	23	1	4527	0.32467905042	raw	7876
A	23	1	4527	1.04803260942	norm	7876
T	23	1	3971	0.284802409811	raw	7876
T	23	1	3971	0.922543991719	norm	7876
G	23	1	2890	0.207272466471	raw	7876
G	23	1	2890	1.08750823306	norm	7876
C	23	1	2555	0.183246073298	raw	7876
C	23	1	2555	0.959939889455	norm	7876
A	24	1	4492	0.322168830237	raw	7876
A	24	1	4492	1.03992986117	norm	7876
T	24	1	3885	0.278634440221	raw	7876
T	24	1	3885	0.902564444178	norm	7876
G	24	1	2803	0.201032776304	raw	7876
G	24	1	2803	1.05477009594	norm	7876
C	24	1	2763	0.198163953238	raw	7876
C	24	1	2763	1.03808763779	norm	7876
A	25	1	4606	0.330344975974	raw	7876
A	25	1	4606	1.06632166975	norm	7876
T	25	1	3891	0.279064763681	raw	7876
T	25	1	3891	0.903958366099	norm	7876
G	25	1	2808	0.201391379187	raw	7876
G	25	1	2808	1.05665159807	norm	7876
C	25	1	2638	0.189198881159	raw	7876
C	25	1	2638	0.991123846725	norm	7876
A	26	1	4584	0.328767123288	raw	7876
A	26	1	4584	1.06122851371	norm	7876
T	26	1	3871	0.277630352148	raw	7876
T	26	1	3871	0.899311959694	norm	7876
G	26	1	2904	0.208276554543	raw	7876
G	26	1	2904	1.09277643903	norm	7876
C	26	1	2584	0.185325970021	raw	7876
C	26	1	2584	0.970835488983	norm	7876
A	27	1	4660	0.334217887112	raw	7876
A	27	1	4660	1.07882305277	norm	7876
T	27	1	3910	0.280427454637	raw	7876
T	27	1	3910	0.908372452184	norm	7876
G	27	1	2789	0.200028688231	raw	7876
G	27	1	2789	1.04950188997	norm	7876
C	27	1	2584	0.185325970021	raw	7876
C	27	1	2584	0.970835488983	norm	7876
A	28	1	4645	0.333142078462	raw	7876
A	28	1	4645	1.07535044638	norm	7876
T	28	1	4021	0.288388438643	raw	7876
T	28	1	4021	0.934160007732	norm	7876
G	28	1	2750	0.197231585742	raw	7876
G	28	1	2750	1.03482617333	norm	7876
C	28	1	2527	0.181237897153	raw	7876
C	28	1	2527	0.949420000256	norm	7876
A	29	1	4555	0.326687226565	raw	7876
A	29	1	4555	1.05451480802	norm	7876
T	29	1	3918	0.28100121925	raw	7876
T	29	1	3918	0.910231014746	norm	7876
G	29	1	3080	0.220899376031	raw	7876
G	29	1	3080	1.15900531413	norm	7876
C	29	1	2390	0.171412178154	raw	7876
C	29	1	2390	0.897947685244	norm	7876
A	30	1	4472	0.320734418705	raw	7876
A	30	1	4472	1.03529971931	norm	7876
T	30	1	3988	0.286021659614	raw	7876
T	30	1	3988	0.926493437164	norm	7876
G	30	1	2844	0.203973319945	raw	7876
G	30	1	2844	1.07019841343	norm	7876
C	30	1	2639	0.189270601736	raw	7876
C	30	1	2639	0.991499557054	norm	7876
A	31	1	4503	0.32295775658	raw	7876
A	31	1	4503	1.04247643919	norm	7876
T	31	1	4039	0.289679409022	raw	7876
T	31	1	4039	0.938341773496	norm	7876
G	31	1	2840	0.203686437639	raw	7876
G	31	1	2840	1.06869321173	norm	7876
C	31	1	2561	0.183676396758	raw	7876
C	31	1	2561	0.962194151427	norm	7876
A	32	1	4598	0.329771211361	raw	7876
A	32	1	4598	1.06446961301	norm	7876
T	32	1	3945	0.282937674819	raw	7876
T	32	1	3945	0.916503663393	norm	7876
G	32	1	2885	0.206913863587	raw	7876
G	32	1	2885	1.08562673093	norm	7876
C	32	1	2515	0.180377250233	raw	7876
C	32	1	2515	0.944911476313	norm	7876
A	33	1	4510	0.323459800617	raw	7876
A	33	1	4510	1.04409698884	norm	7876
T	33	1	3982	0.285591336154	raw	7876
T	33	1	3982	0.925099515242	norm	7876
G	33	1	2804	0.20110449688	raw	7876
G	33	1	2804	1.05514639637	norm	7876
C	33	1	2647	0.189844366349	raw	7876
C	33	1	2647	0.994505239682	norm	7876
A	34	1	4570	0.327763035215	raw	7876
A	34	1	4570	1.05798741441	norm	7876
T	34	1	3990	0.286165100767	raw	7876
T	34	1	3990	0.926958077804	norm	7876
G	34	1	2811	0.201606540917	raw	7876
G	34	1	2811	1.05778049935	norm	7876
C	34	1	2572	0.184465323101	raw	7876
C	34	1	2572	0.966326965041	norm	7876
A	35	1	4560	0.327045829448	raw	7876
A	35	1	4560	1.05567234348	norm	7876
T	35	1	4024	0.288603600373	raw	7876
T	35	1	4024	0.934856968693	norm	7876
G	35	1	2901	0.208061392814	raw	7876
G	35	1	2901	1.09164753775	norm	7876
C	35	1	2458	0.176289177365	raw	7876
C	35	1	2458	0.923495987585	norm	7876
A	36	1	4646	0.333213799039	raw	7876
A	36	1	4646	1.07558195347	norm	7876
T	36	1	4017	0.288101556337	raw	7876
T	36	1	4017	0.933230726451	norm	7876
G	36	1	2835	0.203327834756	raw	7876
G	36	1	2835	1.06681170959	norm	7876
C	36	1	2445	0.175356809869	raw	7876
C	36	1	2445	0.918611753314	norm	7876
A	37	1	4653	0.333715843075	raw	7876
A	37	1	4653	1.07720250312	norm	7876
T	37	1	3992	0.286308541921	raw	7876
T	37	1	3992	0.927422718445	norm	7876
G	37	1	2825	0.202610628989	raw	7876
G	37	1	2825	1.06304870533	norm	7876
C	37	1	2473	0.177364986014	raw	7876
C	37	1	2473	0.929131642514	norm	7876
A	38	1	4540	0.325611417916	raw	7876
A	38	1	4540	1.05104220162	norm	7876
T	38	1	4082	0.292763393818	raw	7876
T	38	1	4082	0.948331547267	norm	7876
G	38	1	2751	0.197303306319	raw	7876
G	38	1	2751	1.03520247375	norm	7876
C	38	1	2570	0.184321881948	raw	7876
C	38	1	2570	0.965575544384	norm	7876
A	39	1	4799	0.344187047264	raw	7876
A	39	1	4799	1.11100253868	norm	7876
T	39	1	4106	0.294484687657	raw	7876
T	39	1	4106	0.953907234953	norm	7876
G	39	1	2588	0.185612852327	raw	7876
G	39	1	2588	0.973865504208	norm	7876
C	39	1	2450	0.175715412752	raw	7876
C	39	1	2450	0.920490304957	norm	7876
A	40	1	4665	0.334576489995	raw	7876
A	40	1	4665	1.07998058823	norm	7876
T	40	1	4089	0.293265437854	raw	7876
T	40	1	4089	0.949957789509	norm	7876
G	40	1	2746	0.196944703435	raw	7876
G	40	1	2746	1.03332097162	norm	7876
C	40	1	2443	0.175213368715	raw	7876
C	40	1	2443	0.917860332657	norm	7876
A	41	1	4771	0.342178871118	raw	7876
A	41	1	4771	1.10452034008	norm	7876
T	41	1	4037	0.289535967869	raw	7876
T	41	1	4037	0.937877132856	norm	7876
G	41	1	2739	0.196442659399	raw	7876
G	41	1	2739	1.03068686863	norm	7876
C	41	1	2396	0.171842501614	raw	7876
C	41	1	2396	0.900201947215	norm	7876
A	42	1	4745	0.340314136126	raw	7876
A	42	1	4745	1.09850115566	norm	7876
T	42	1	3974	0.285017571541	raw	7876
T	42	1	3974	0.92324095268	norm	7876
G	42	1	2764	0.198235673815	raw	7876
G	42	1	2764	1.0400943793	norm	7876
C	42	1	2460	0.176432618518	raw	7876
C	42	1	2460	0.924247408243	norm	7876
A	43	1	4603	0.330129814244	raw	7876
A	43	1	4603	1.06562714848	norm	7876
T	43	1	4105	0.29441296708	raw	7876
T	43	1	4105	0.953674914633	norm	7876
G	43	1	2793	0.200315570537	raw	7876
G	43	1	2793	1.05100709167	norm	7876
C	43	1	2442	0.175141648139	raw	7876
C	43	1	2442	0.917484622329	norm	7876
A	44	1	4686	0.336082622104	raw	7876
A	44	1	4686	1.08484223718	norm	7876
T	44	1	3971	0.284802409811	raw	7876
T	44	1	3971	0.922543991719	norm	7876
G	44	1	2776	0.199096320734	raw	7876
G	44	1	2776	1.04460998442	norm	7876
C	44	1	2510	0.18001864735	raw	7876
C	44	1	2510	0.94303292467	norm	7876
A	45	1	4712	0.337947357097	raw	7876
A	45	1	4712	1.0908614216	norm	7876
T	45	1	4096	0.293767481891	raw	7876
T	45	1	4096	0.951584031751	norm	7876
G	45	1	2792	0.200243849961	raw	7876
G	45	1	2792	1.05063079125	norm	7876
C	45	1	2343	0.168041311052	raw	7876
C	45	1	2343	0.880289299802	norm	7876
A	46	1	4831	0.346482105716	raw	7876
A	46	1	4831	1.11841076565	norm	7876
T	46	1	4140	0.296923187262	raw	7876
T	46	1	4140	0.961806125842	norm	7876
G	46	1	2707	0.194147600947	raw	7876
G	46	1	2707	1.01864525498	norm	7876
C	46	1	2265	0.162447106075	raw	7876
C	46	1	2265	0.850983894175	norm	7876
A	47	1	4766	0.341820268235	raw	7876
A	47	1	4766	1.10336280461	norm	7876
T	47	1	4131	0.296277702073	raw	7876
T	47	1	4131	0.95971524296	norm	7876
G	47	1	2765	0.198307394391	raw	7876
G	47	1	2765	1.04047067973	norm	7876
C	47	1	2281	0.163594635301	raw	7876
C	47	1	2281	0.856995259431	norm	7876
A	48	1	4959	0.355662339525	raw	7876
A	48	1	4959	1.14804367354	norm	7876
T	48	1	3936	0.282292189629	raw	7876
T	48	1	3936	0.91441278051	norm	7876
G	48	1	2825	0.202610628989	raw	7876
G	48	1	2825	1.06304870533	norm	7876
C	48	1	2223	0.159434841856	raw	7876
C	48	1	2223	0.835204060375	norm	7876
A	49	1	4631	0.332137990389	raw	7876
A	49	1	4631	1.07210934708	norm	7876
T	49	1	4140	0.296923187262	raw	7876
T	49	1	4140	0.961806125842	norm	7876
G	49	1	2830	0.202969231873	raw	7876
G	49	1	2830	1.06493020746	norm	7876
C	49	1	2342	0.167969590476	raw	7876
C	49	1	2342	0.879913589473	norm	7876
A	50	1	4615	0.330990461163	raw	7876
A	50	1	4615	1.06840523359	norm	7876
T	50	1	4167	0.298859642832	raw	7876
T	50	1	4167	0.968078774489	norm	7876
G	50	1	2699	0.193573836334	raw	7876
G	50	1	2699	1.01563485157	norm	7876
C	50	1	2462	0.176576059672	raw	7876
C	50	1	2462	0.9249988289	norm	7876
A	51	1	4677	0.335437136915	raw	7876
A	51	1	4677	1.08275867335	norm	7876
T	51	1	4252	0.304955891845	raw	7876
T	51	1	4252	0.98782600171	norm	7876
G	51	1	2651	0.190131248655	raw	7876
G	51	1	2651	0.997572431088	norm	7876
C	51	1	2363	0.169475722585	raw	7876
C	51	1	2363	0.887803506373	norm	7876
A	52	1	4641	0.332855196156	raw	7876
A	52	1	4641	1.074424418	norm	7876
T	52	1	4067	0.291687585168	raw	7876
T	52	1	4067	0.944846742463	norm	7876
G	52	1	2752	0.197375026895	raw	7876
G	52	1	2752	1.03557877418	norm	7876
C	52	1	2483	0.178082191781	raw	7876
C	52	1	2483	0.932888745799	norm	7876
A	53	1	4744	0.340242415549	raw	7876
A	53	1	4744	1.09826964857	norm	7876
T	53	1	4234	0.303664921466	raw	7876
T	53	1	4234	0.983644235945	norm	7876
G	53	1	2645	0.189700925195	raw	7876
G	53	1	2645	0.995314628528	norm	7876
C	53	1	2320	0.16639173779	raw	7876
C	53	1	2320	0.871647962245	norm	7876
A	54	1	4745	0.340314136126	raw	7876
A	54	1	4745	1.09850115566	norm	7876
T	54	1	4112	0.294915011117	raw	7876
T	54	1	4112	0.955301156875	norm	7876
G	54	1	2663	0.190991895575	raw	7876
G	54	1	2663	1.00208803621	norm	7876
C	54	1	2423	0.173778957183	raw	7876
C	54	1	2423	0.910346126086	norm	7876
A	55	1	4624	0.331635946353	raw	7876
A	55	1	4624	1.07048879743	norm	7876
T	55	1	4200	0.30122642186	raw	7876
T	55	1	4200	0.975745345057	norm	7876
G	55	1	2595	0.186114896364	raw	7876
G	55	1	2595	0.976499607195	norm	7876
C	55	1	2524	0.181022735423	raw	7876
C	55	1	2524	0.94829286927	norm	7876
A	56	1	4867	0.349139167862	raw	7876
A	56	1	4867	1.12698750557	norm	7876
T	56	1	4128	0.29612625538	raw	7876
T	56	1	4128	0.959224670438	norm	7876
G	56	1	2597	0.186298421808	raw	7876
G	56	1	2597	0.977462520575	norm	7876
C	56	1	2348	0.16843615495	raw	7876
C	56	1	2348	0.882357701054	norm	7876
A	57	1	4797	0.344117647059	raw	7876
A	57	1	4797	1.11077852152	norm	7876
T	57	1	4104	0.294404591105	raw	7876
T	57	1	4104	0.953647782819	norm	7876
G	57	1	2720	0.19512195122	raw	7876
G	57	1	2720	1.02375743395	norm	7876
C	57	1	2319	0.166355810617	raw	7876
C	57	1	2319	0.871459756705	norm	7876
A	58	1	4714	0.338163558106	raw	7876
A	58	1	4714	1.09155929757	norm	7876
T	58	1	4314	0.309469153515	raw	7876
T	58	1	4314	1.00244554948	norm	7876
G	58	1	2622	0.188091822095	raw	7876
G	58	1	2622	0.986872055813	norm	7876
C	58	1	2290	0.164275466284	raw	7876
C	58	1	2290	0.860561812357	norm	7876
A	59	1	4885	0.350430416069	raw	7876
A	59	1	4885	1.13115553004	norm	7876
T	59	1	4210	0.302008608321	raw	7876
T	59	1	4210	0.978279036469	norm	7876
G	59	1	2587	0.185581061693	raw	7876
G	59	1	2587	0.97369870648	norm	7876
C	59	1	2258	0.161979913917	raw	7876
C	59	1	2258	0.848536494455	norm	7876
A	60	1	4812	0.345193687231	raw	7876
A	60	1	4812	1.11425187525	norm	7876
T	60	1	4065	0.291606886657	raw	7876
T	60	1	4065	0.944585340439	norm	7876
G	60	1	2753	0.197489239598	raw	7876
G	60	1	2753	1.03617802046	norm	7876
C	60	1	2310	0.165710186514	raw	7876
C	60	1	2310	0.868077636045	norm	7876
A	61	1	4707	0.337661406026	raw	7876
A	61	1	4707	1.08993839917	norm	7876
T	61	1	4268	0.306169296987	raw	7876
T	61	1	4268	0.991756514881	norm	7876
G	61	1	2686	0.192682926829	raw	7876
G	61	1	2686	1.01096046602	norm	7876
C	61	1	2279	0.163486370158	raw	7876
C	61	1	2279	0.856428109328	norm	7876
A	62	1	4777	0.342682926829	raw	7876
A	62	1	4777	1.10614738322	norm	7876
T	62	1	4261	0.305667144907	raw	7876
T	62	1	4261	0.990129922659	norm	7876
G	62	1	2623	0.188163558106	raw	7876
G	62	1	2623	0.987248437223	norm	7876
C	62	1	2279	0.163486370158	raw	7876
C	62	1	2279	0.856428109328	norm	7876
A	63	1	4766	0.341893830703	raw	7876
A	63	1	4766	1.10360025715	norm	7876
T	63	1	4187	0.300358680057	raw	7876
T	63	1	4187	0.972934519168	norm	7876
G	63	1	2676	0.191965566714	raw	7876
G	63	1	2676	1.00719665193	norm	7876
C	63	1	2311	0.165781922525	raw	7876
C	63	1	2311	0.86845342723	norm	7876
A	64	1	4763	0.341678622669	raw	7876
A	64	1	4763	1.10290558641	norm	7876
T	64	1	4251	0.304949784792	raw	7876
T	64	1	4251	0.987806219485	norm	7876
G	64	1	2628	0.188522238164	raw	7876
G	64	1	2628	0.989130344271	norm	7876
C	64	1	2298	0.164849354376	raw	7876
C	64	1	2298	0.863568141832	norm	7876
A	65	1	4951	0.355164992826	raw	7876
A	65	1	4951	1.14643828644	norm	7876
T	65	1	4121	0.2956241033	raw	7876
T	65	1	4121	0.957598078216	norm	7876
G	65	1	2676	0.191965566714	raw	7876
G	65	1	2676	1.00719665193	norm	7876
C	65	1	2192	0.157245337159	raw	7876
C	65	1	2192	0.823734276282	norm	7876
A	66	1	4787	0.343400286944	raw	7876
A	66	1	4787	1.10846295237	norm	7876
T	66	1	4179	0.299784791966	raw	7876
T	66	1	4179	0.971075556628	norm	7876
G	66	1	2691	0.193041606887	raw	7876
G	66	1	2691	1.01284237307	norm	7876
C	66	1	2283	0.163773314204	raw	7876
C	66	1	2283	0.857931274066	norm	7876
A	67	1	4915	0.352582496413	raw	7876
A	67	1	4915	1.1381022375	norm	7876
T	67	1	4172	0.299282639885	raw	7876
T	67	1	4172	0.969448964406	norm	7876
G	67	1	2590	0.185796269727	raw	7876
G	67	1	2590	0.974827850708	norm	7876
C	67	1	2263	0.162338593974	raw	7876
C	67	1	2263	0.850415450377	norm	7876
A	68	1	4969	0.356456241033	raw	7876
A	68	1	4969	1.15060631091	norm	7876
T	68	1	4059	0.291176470588	raw	7876
T	68	1	4059	0.943191118534	norm	7876
G	68	1	2621	0.188020086083	raw	7876
G	68	1	2621	0.986495674404	norm	7876
C	68	1	2291	0.164347202296	raw	7876
C	68	1	2291	0.860937603541	norm	7876
A	69	1	4941	0.354447632712	raw	7876
A	69	1	4941	1.14412271729	norm	7876
T	69	1	4156	0.298134863702	raw	7876
T	69	1	4156	0.965731039327	norm	7876
G	69	1	2603	0.186728837877	raw	7876
G	69	1	2603	0.979720809032	norm	7876
C	69	1	2240	0.16068866571	raw	7876
C	69	1	2240	0.841772253135	norm	7876
A	70	1	4984	0.357532281205	raw	7876
A	70	1	4984	1.15407966464	norm	7876
T	70	1	4243	0.3043758967	raw	7876
T	70	1	4243	0.985947256945	norm	7876
G	70	1	2549	0.182855093257	raw	7876
G	70	1	2549	0.959396212917	norm	7876
C	70	1	2164	0.155236728838	raw	7876
C	70	1	2164	0.813212123118	norm	7876
A	71	1	4838	0.347058823529	raw	7876
A	71	1	4838	1.12027235504	norm	7876
T	71	1	4250	0.30487804878	raw	7876
T	71	1	4250	0.987573849167	norm	7876
G	71	1	2550	0.182926829268	raw	7876
G	71	1	2550	0.959772594327	norm	7876
C	71	1	2302	0.165136298422	raw	7876
C	71	1	2302	0.86507130657	norm	7876
A	72	1	4771	0.34225251076	raw	7876
A	72	1	4771	1.10475804173	norm	7876
T	72	1	4288	0.307604017217	raw	7876
T	72	1	4288	0.99640392123	norm	7876
G	72	1	2670	0.191535150646	raw	7876
G	72	1	2670	1.00493836347	norm	7876
C	72	1	2211	0.158608321377	raw	7876
C	72	1	2211	0.830874308786	norm	7876
A	73	1	4807	0.344835007174	raw	7876
A	73	1	4807	1.11309409067	norm	7876
T	73	1	4138	0.296843615495	raw	7876
T	73	1	4138	0.961548373613	norm	7876
G	73	1	2651	0.190172166428	raw	7876
G	73	1	2651	0.99778711669	norm	7876
C	73	1	2344	0.168149210904	raw	7876
C	73	1	2344	0.880854536316	norm	7876
A	74	1	4821	0.345839311334	raw	7876
A	74	1	4821	1.11633588748	norm	7876
T	74	1	4162	0.29856527977	raw	7876
T	74	1	4162	0.967125261232	norm	7876
G	74	1	2645	0.189741750359	raw	7876
G	74	1	2645	0.995528828233	norm	7876
C	74	1	2312	0.165853658537	raw	7876
C	74	1	2312	0.868829218414	norm	7876
A	75	1	4833	0.346749892381	raw	7876
A	75	1	4833	1.11927515513	norm	7876
T	75	1	4244	0.304491318697	raw	7876
T	75	1	4244	0.986321136751	norm	7876
G	75	1	2591	0.185894676424	raw	7876
G	75	1	2591	0.975344166718	norm	7876
C	75	1	2270	0.162864112498	raw	7876
C	75	1	2270	0.853168394463	norm	7876
A	76	1	4976	0.357009614005	raw	7876
A	76	1	4976	1.1523925454	norm	7876
T	76	1	3995	0.286626488736	raw	7876
T	76	1	3995	0.928452625194	norm	7876
G	76	1	2769	0.198665518726	raw	7876
G	76	1	2769	1.04234967103	norm	7876
C	76	1	2198	0.157698378534	raw	7876
C	76	1	2198	0.82610754671	norm	7876
A	77	1	5026	0.360596929258	raw	7876
A	77	1	5026	1.16397205249	norm	7876
T	77	1	4059	0.29121825226	raw	7876
T	77	1	4059	0.94332645949	norm	7876
G	77	1	2544	0.182522600086	raw	7876
G	77	1	2544	0.957651702096	norm	7876
C	77	1	2309	0.165662218396	raw	7876
C	77	1	2309	0.867826353663	norm	7876
A	78	1	4706	0.337638111637	raw	7876
A	78	1	4706	1.08986320713	norm	7876
T	78	1	4238	0.304060840867	raw	7876
T	78	1	4238	0.984926714786	norm	7876
G	78	1	2799	0.200817907878	raw	7876
G	78	1	2799	1.05364273356	norm	7876
C	78	1	2195	0.157483139618	raw	7876
C	78	1	2195	0.824980011386	norm	7876
A	79	1	4792	0.343808293873	raw	7876
A	79	1	4792	1.10977995932	norm	7876
T	79	1	4234	0.303773855646	raw	7876
T	79	1	4234	0.983997100143	norm	7876
G	79	1	2622	0.188118811881	raw	7876
G	79	1	2622	0.987013664661	norm	7876
C	79	1	2290	0.1642990386	raw	7876
C	79	1	2290	0.860685296617	norm	7876
A	80	1	4864	0.348974027838	raw	7876
A	80	1	4864	1.12645444953	norm	7876
T	80	1	4297	0.308293872866	raw	7876
T	80	1	4297	0.998638530778	norm	7876
G	80	1	2530	0.181518151815	raw	7876
G	80	1	2530	0.952381606251	norm	7876
C	80	1	2247	0.161213947482	raw	7876
C	80	1	2247	0.844523956986	norm	7876
A	81	1	4859	0.348615296312	raw	7876
A	81	1	4859	1.12529649882	norm	7876
T	81	1	4152	0.297890658631	raw	7876
T	81	1	4152	0.964939999951	norm	7876
G	81	1	2547	0.182737839001	raw	7876
G	81	1	2547	0.958781008349	norm	7876
C	81	1	2380	0.170756206055	raw	7876
C	81	1	2380	0.89451135631	norm	7876
A	82	1	4793	0.343880040178	raw	7876
A	82	1	4793	1.11001154946	norm	7876
T	82	1	4259	0.305567513273	raw	7876
T	82	1	4259	0.989807191664	norm	7876
G	82	1	2554	0.183240063137	raw	7876
G	82	1	2554	0.961416056271	norm	7876
C	82	1	2332	0.167312383412	raw	7876
C	82	1	2332	0.87647079114	norm	7876
A	83	1	4707	0.337709857942	raw	7876
A	83	1	4707	1.09009479727	norm	7876
T	83	1	4225	0.303128138901	raw	7876
T	83	1	4225	0.981905467195	norm	7876
G	83	1	2739	0.196513129574	raw	7876
G	83	1	2739	1.03105660851	norm	7876
C	83	1	2267	0.162648873583	raw	7876
C	83	1	2267	0.85204085914	norm	7876
A	84	1	4719	0.338570813603	raw	7876
A	84	1	4719	1.09287387897	norm	7876
T	84	1	4154	0.298034151241	raw	7876
T	84	1	4154	0.965404807273	norm	7876
G	84	1	2685	0.1926388291	raw	7876
G	84	1	2685	1.01072909596	norm	7876
C	84	1	2380	0.170756206055	raw	7876
C	84	1	2380	0.89451135631	norm	7876
A	85	1	4797	0.344167025398	raw	7876
A	85	1	4797	1.11093791003	norm	7876
T	85	1	4340	0.311378963983	raw	7876
T	85	1	4340	1.0086318882	norm	7876
G	85	1	2527	0.1813029129	raw	7876
G	85	1	2527	0.951252299999	norm	7876
C	85	1	2274	0.163151097718	raw	7876
C	85	1	2274	0.854671774894	norm	7876
A	86	1	4962	0.356005165734	raw	7876
A	86	1	4962	1.14915028342	norm	7876
T	86	1	4094	0.293729372937	raw	7876
T	86	1	4094	0.95146058762	norm	7876
G	86	1	2605	0.186899124695	raw	7876
G	86	1	2605	0.980614262563	norm	7876
C	86	1	2277	0.163366336634	raw	7876
C	86	1	2277	0.855799310217	norm	7876
A	87	1	4889	0.350767685464	raw	7876
A	87	1	4889	1.13224420307	norm	7876
T	87	1	4096	0.293872865547	raw	7876
T	87	1	4096	0.951925394942	norm	7876
G	87	1	2575	0.184746735543	raw	7876
G	87	1	2575	0.969321200039	norm	7876
C	87	1	2378	0.170612713445	raw	7876
C	87	1	2378	0.893759666094	norm	7876
A	88	1	4763	0.341727651026	raw	7876
A	88	1	4763	1.10306384521	norm	7876
T	88	1	4215	0.30241067585	raw	7876
T	88	1	4215	0.979581430586	norm	7876
G	88	1	2649	0.190055962118	raw	7876
G	88	1	2649	0.997177420933	norm	7876
C	88	1	2311	0.165805711006	raw	7876
C	88	1	2311	0.868578043879	norm	7876
A	89	1	4786	0.343377816042	raw	7876
A	89	1	4786	1.10839041847	norm	7876
T	89	1	4285	0.307432917205	raw	7876
T	89	1	4285	0.995849686847	norm	7876
G	89	1	2584	0.185392452289	raw	7876
G	89	1	2584	0.972709118796	norm	7876
C	89	1	2283	0.163796814464	raw	7876
C	89	1	2283	0.858054380863	norm	7876
A	90	1	4952	0.355287702683	raw	7876
A	90	1	4952	1.146834382	norm	7876
T	90	1	4180	0.299899555173	raw	7876
T	90	1	4180	0.971447302455	norm	7876
G	90	1	2469	0.177141627206	raw	7876
G	90	1	2469	0.929419045785	norm	7876
C	90	1	2337	0.167671114938	raw	7876
C	90	1	2337	0.878350016679	norm	7876
A	91	1	4972	0.356722628785	raw	7876
A	91	1	4972	1.15146618484	norm	7876
T	91	1	4313	0.309441813747	raw	7876
T	91	1	4313	1.00235698935	norm	7876
G	91	1	2441	0.175132730664	raw	7876
G	91	1	2441	0.918878854095	norm	7876
C	91	1	2212	0.158702826804	raw	7876
C	91	1	2212	0.831369378217	norm	7876
A	92	1	4870	0.349404505668	raw	7876
A	92	1	4870	1.12784399038	norm	7876
T	92	1	4115	0.295236045344	raw	7876
T	92	1	4115	0.956341064499	norm	7876
G	92	1	2672	0.191706127134	raw	7876
G	92	1	2672	1.00583543554	norm	7876
C	92	1	2281	0.163653321854	raw	7876
C	92	1	2281	0.857302690648	norm	7876
A	93	1	4868	0.349261013058	raw	7876
A	93	1	4868	1.12738081009	norm	7876
T	93	1	4080	0.292724924666	raw	7876
T	93	1	4080	0.948206936368	norm	7876
G	93	1	2739	0.196513129574	raw	7876
G	93	1	2739	1.03105660851	norm	7876
C	93	1	2251	0.161500932702	raw	7876
C	93	1	2251	0.846027337417	norm	7876
A	94	1	4842	0.347395609126	raw	7876
A	94	1	4842	1.12135946641	norm	7876
T	94	1	4207	0.30183670541	raw	7876
T	94	1	4207	0.977722201299	norm	7876
G	94	1	2662	0.190988664084	raw	7876
G	94	1	2662	1.00207108136	norm	7876
C	94	1	2227	0.15977902138	raw	7876
C	94	1	2227	0.837007054833	norm	7876
A	95	1	4745	0.340485074627	raw	7876
A	95	1	4745	1.09905292863	norm	7876
T	95	1	4197	0.301162456946	raw	7876
T	95	1	4197	0.975538147205	norm	7876
G	95	1	2673	0.191805396096	raw	7876
G	95	1	2673	1.00635627564	norm	7876
C	95	1	2321	0.166547072331	raw	7876
C	95	1	2321	0.87246168676	norm	7876
A	96	1	4967	0.356363897259	raw	7876
A	96	1	4967	1.15030823413	norm	7876
T	96	1	4058	0.291146505955	raw	7876
T	96	1	4058	0.943094055829	norm	7876
G	96	1	2624	0.188262304491	raw	7876
G	96	1	2624	0.987766535496	norm	7876
C	96	1	2289	0.164227292294	raw	7876
C	96	1	2289	0.86030945151	norm	7876
A	97	1	4792	0.343808293873	raw	7876
A	97	1	4792	1.10977995932	norm	7876
T	97	1	4234	0.303773855646	raw	7876
T	97	1	4234	0.983997100143	norm	7876
G	97	1	2675	0.19192136605	raw	7876
G	97	1	2675	1.00696474179	norm	7876
C	97	1	2237	0.160496484431	raw	7876
C	97	1	2237	0.84076550591	norm	7876
A	98	1	4997	0.358542010476	raw	7876
A	98	1	4997	1.15733897318	norm	7876
T	98	1	4184	0.300208079214	raw	7876
T	98	1	4184	0.972446686556	norm	7876
G	98	1	2499	0.179306880964	raw	7876
G	98	1	2499	0.94077960577	norm	7876
C	98	1	2257	0.161943029346	raw	7876
C	98	1	2257	0.848343273559	norm	7876
A	99	1	4856	0.348400057397	raw	7876
A	99	1	4856	1.12460172839	norm	7876
T	99	1	4165	0.298823360597	raw	7876
T	99	1	4165	0.967961247542	norm	7876
G	99	1	2588	0.185679437509	raw	7876
G	99	1	2588	0.974214860466	norm	7876
C	99	1	2329	0.167097144497	raw	7876
C	99	1	2329	0.875343255817	norm	7876
A	100	1	4929	0.353637537667	raw	7876
A	100	1	4929	1.14150780874	norm	7876
T	100	1	4164	0.298751614292	raw	7876
T	100	1	4164	0.967728843881	norm	7876
G	100	1	2610	0.18725785622	raw	7876
G	100	1	2610	0.982496439651	norm	7876
C	100	1	2235	0.160352991821	raw	7876
C	100	1	2235	0.840013815694	norm	7876
