#nuc	offset	region.size	count	freq	norm.freq	total.sites
A	-100	1	41	0.341666666667	raw	57
A	-100	1	41	1.1506663113	norm	57
C	-100	1	36	0.3	raw	57
C	-100	1	36	1.4761682243	norm	57
T	-100	1	35	0.291666666667	raw	57
T	-100	1	35	0.931152097019	norm	57
G	-100	1	8	0.0666666666667	raw	57
G	-100	1	8	0.357251908396	norm	57
A	-99	1	44	0.366666666667	raw	57
A	-99	1	44	1.23486140725	norm	57
T	-99	1	33	0.275	raw	57
T	-99	1	33	0.877943405761	norm	57
G	-99	1	22	0.183333333333	raw	57
G	-99	1	22	0.98244274809	norm	57
C	-99	1	21	0.175	raw	57
C	-99	1	21	0.861098130839	norm	57
T	-98	1	51	0.425	raw	57
T	-98	1	51	1.35682162709	norm	57
A	-98	1	40	0.333333333333	raw	57
A	-98	1	40	1.12260127932	norm	57
G	-98	1	17	0.141666666667	raw	57
G	-98	1	17	0.759160305342	norm	57
C	-98	1	12	0.1	raw	57
C	-98	1	12	0.492056074765	norm	57
A	-97	1	40	0.333333333333	raw	57
A	-97	1	40	1.12260127932	norm	57
G	-97	1	35	0.291666666667	raw	57
G	-97	1	35	1.56297709923	norm	57
T	-97	1	31	0.258333333333	raw	57
T	-97	1	31	0.824734714503	norm	57
C	-97	1	14	0.116666666667	raw	57
C	-97	1	14	0.574065420559	norm	57
C	-96	1	36	0.3	raw	57
C	-96	1	36	1.4761682243	norm	57
T	-96	1	35	0.291666666667	raw	57
T	-96	1	35	0.931152097019	norm	57
G	-96	1	27	0.225	raw	57
G	-96	1	27	1.20572519084	norm	57
A	-96	1	22	0.183333333333	raw	57
A	-96	1	22	0.617430703624	norm	57
T	-95	1	42	0.35	raw	57
T	-95	1	42	1.11738251642	norm	57
C	-95	1	33	0.275	raw	57
C	-95	1	33	1.3531542056	norm	57
A	-95	1	29	0.241666666667	raw	57
A	-95	1	29	0.813885927504	norm	57
G	-95	1	16	0.133333333333	raw	57
G	-95	1	16	0.714503816793	norm	57
A	-94	1	35	0.291666666667	raw	57
A	-94	1	35	0.982276119401	norm	57
T	-94	1	31	0.258333333333	raw	57
T	-94	1	31	0.824734714503	norm	57
G	-94	1	28	0.233333333333	raw	57
G	-94	1	28	1.25038167939	norm	57
C	-94	1	26	0.216666666667	raw	57
C	-94	1	26	1.06612149532	norm	57
T	-93	1	43	0.358333333333	raw	57
T	-93	1	43	1.14398686205	norm	57
A	-93	1	35	0.291666666667	raw	57
A	-93	1	35	0.982276119401	norm	57
G	-93	1	33	0.275	raw	57
G	-93	1	33	1.47366412213	norm	57
C	-93	1	9	0.075	raw	57
C	-93	1	9	0.369042056074	norm	57
A	-92	1	51	0.425	raw	57
A	-92	1	51	1.43131663113	norm	57
T	-92	1	39	0.325	raw	57
T	-92	1	39	1.03756947954	norm	57
C	-92	1	17	0.141666666667	raw	57
C	-92	1	17	0.697079439251	norm	57
G	-92	1	13	0.108333333333	raw	57
G	-92	1	13	0.580534351144	norm	57
A	-91	1	42	0.35	raw	57
A	-91	1	42	1.17873134328	norm	57
T	-91	1	30	0.25	raw	57
T	-91	1	30	0.798130368874	norm	57
G	-91	1	28	0.233333333333	raw	57
G	-91	1	28	1.25038167939	norm	57
C	-91	1	20	0.166666666667	raw	57
C	-91	1	20	0.820093457942	norm	57
A	-90	1	50	0.416666666667	raw	57
A	-90	1	50	1.40325159914	norm	57
T	-90	1	50	0.416666666667	raw	57
T	-90	1	50	1.33021728146	norm	57
G	-90	1	12	0.1	raw	57
G	-90	1	12	0.535877862595	norm	57
C	-90	1	8	0.0666666666667	raw	57
C	-90	1	8	0.328037383177	norm	57
A	-89	1	35	0.291666666667	raw	57
A	-89	1	35	0.982276119401	norm	57
C	-89	1	32	0.266666666667	raw	57
C	-89	1	32	1.31214953271	norm	57
G	-89	1	31	0.258333333333	raw	57
G	-89	1	31	1.38435114504	norm	57
T	-89	1	22	0.183333333333	raw	57
T	-89	1	22	0.585295603841	norm	57
A	-88	1	58	0.483333333333	raw	57
A	-88	1	58	1.62777185501	norm	57
T	-88	1	29	0.241666666667	raw	57
T	-88	1	29	0.771526023245	norm	57
C	-88	1	19	0.158333333333	raw	57
C	-88	1	19	0.779088785045	norm	57
G	-88	1	14	0.116666666667	raw	57
G	-88	1	14	0.625190839694	norm	57
T	-87	1	54	0.45	raw	57
T	-87	1	54	1.43663466397	norm	57
C	-87	1	30	0.25	raw	57
C	-87	1	30	1.23014018691	norm	57
A	-87	1	29	0.241666666667	raw	57
A	-87	1	29	0.813885927504	norm	57
G	-87	1	7	0.0583333333333	raw	57
G	-87	1	7	0.312595419847	norm	57
T	-86	1	54	0.45	raw	57
T	-86	1	54	1.43663466397	norm	57
A	-86	1	33	0.275	raw	57
A	-86	1	33	0.926146055436	norm	57
C	-86	1	17	0.141666666667	raw	57
C	-86	1	17	0.697079439251	norm	57
G	-86	1	16	0.133333333333	raw	57
G	-86	1	16	0.714503816793	norm	57
T	-85	1	41	0.341666666667	raw	57
T	-85	1	41	1.09077817079	norm	57
C	-85	1	34	0.283333333333	raw	57
C	-85	1	34	1.3941588785	norm	57
A	-85	1	30	0.25	raw	57
A	-85	1	30	0.841950959487	norm	57
G	-85	1	15	0.125	raw	57
G	-85	1	15	0.669847328243	norm	57
T	-84	1	41	0.341666666667	raw	57
T	-84	1	41	1.09077817079	norm	57
A	-84	1	38	0.316666666667	raw	57
A	-84	1	38	1.06647121535	norm	57
G	-84	1	25	0.208333333333	raw	57
G	-84	1	25	1.11641221374	norm	57
C	-84	1	16	0.133333333333	raw	57
C	-84	1	16	0.656074766354	norm	57
T	-83	1	49	0.408333333333	raw	57
T	-83	1	49	1.30361293583	norm	57
A	-83	1	38	0.316666666667	raw	57
A	-83	1	38	1.06647121535	norm	57
G	-83	1	19	0.158333333333	raw	57
G	-83	1	19	0.848473282441	norm	57
C	-83	1	14	0.116666666667	raw	57
C	-83	1	14	0.574065420559	norm	57
T	-82	1	52	0.433333333333	raw	57
T	-82	1	52	1.38342597271	norm	57
A	-82	1	41	0.341666666667	raw	57
A	-82	1	41	1.1506663113	norm	57
G	-82	1	16	0.133333333333	raw	57
G	-82	1	16	0.714503816793	norm	57
C	-82	1	11	0.0916666666667	raw	57
C	-82	1	11	0.451051401868	norm	57
A	-81	1	50	0.416666666667	raw	57
A	-81	1	50	1.40325159914	norm	57
T	-81	1	35	0.291666666667	raw	57
T	-81	1	35	0.931152097019	norm	57
C	-81	1	18	0.15	raw	57
C	-81	1	18	0.738084112148	norm	57
G	-81	1	17	0.141666666667	raw	57
G	-81	1	17	0.759160305342	norm	57
A	-80	1	44	0.366666666667	raw	57
A	-80	1	44	1.23486140725	norm	57
G	-80	1	29	0.241666666667	raw	57
G	-80	1	29	1.29503816794	norm	57
T	-80	1	28	0.233333333333	raw	57
T	-80	1	28	0.744921677616	norm	57
C	-80	1	19	0.158333333333	raw	57
C	-80	1	19	0.779088785045	norm	57
A	-79	1	43	0.358333333333	raw	57
A	-79	1	43	1.20679637526	norm	57
T	-79	1	36	0.3	raw	57
T	-79	1	36	0.957756442649	norm	57
C	-79	1	22	0.183333333333	raw	57
C	-79	1	22	0.902102803736	norm	57
G	-79	1	19	0.158333333333	raw	57
G	-79	1	19	0.848473282441	norm	57
A	-78	1	58	0.483333333333	raw	57
A	-78	1	58	1.62777185501	norm	57
T	-78	1	25	0.208333333333	raw	57
T	-78	1	25	0.665108640728	norm	57
G	-78	1	21	0.175	raw	57
G	-78	1	21	0.93778625954	norm	57
C	-78	1	16	0.133333333333	raw	57
C	-78	1	16	0.656074766354	norm	57
A	-77	1	38	0.316666666667	raw	57
A	-77	1	38	1.06647121535	norm	57
T	-77	1	35	0.291666666667	raw	57
T	-77	1	35	0.931152097019	norm	57
C	-77	1	27	0.225	raw	57
C	-77	1	27	1.10712616822	norm	57
G	-77	1	20	0.166666666667	raw	57
G	-77	1	20	0.893129770991	norm	57
A	-76	1	44	0.366666666667	raw	57
A	-76	1	44	1.23486140725	norm	57
T	-76	1	40	0.333333333333	raw	57
T	-76	1	40	1.06417382517	norm	57
G	-76	1	25	0.208333333333	raw	57
G	-76	1	25	1.11641221374	norm	57
C	-76	1	11	0.0916666666667	raw	57
C	-76	1	11	0.451051401868	norm	57
T	-75	1	50	0.416666666667	raw	57
T	-75	1	50	1.33021728146	norm	57
A	-75	1	40	0.333333333333	raw	57
A	-75	1	40	1.12260127932	norm	57
G	-75	1	19	0.158333333333	raw	57
G	-75	1	19	0.848473282441	norm	57
C	-75	1	11	0.0916666666667	raw	57
C	-75	1	11	0.451051401868	norm	57
T	-74	1	55	0.458333333333	raw	57
T	-74	1	55	1.4632390096	norm	57
A	-74	1	30	0.25	raw	57
A	-74	1	30	0.841950959487	norm	57
C	-74	1	21	0.175	raw	57
C	-74	1	21	0.861098130839	norm	57
G	-74	1	14	0.116666666667	raw	57
G	-74	1	14	0.625190839694	norm	57
A	-73	1	41	0.341666666667	raw	57
A	-73	1	41	1.1506663113	norm	57
T	-73	1	40	0.333333333333	raw	57
T	-73	1	40	1.06417382517	norm	57
G	-73	1	20	0.166666666667	raw	57
G	-73	1	20	0.893129770991	norm	57
C	-73	1	19	0.158333333333	raw	57
C	-73	1	19	0.779088785045	norm	57
T	-72	1	40	0.333333333333	raw	57
T	-72	1	40	1.06417382517	norm	57
A	-72	1	37	0.308333333333	raw	57
A	-72	1	37	1.03840618337	norm	57
C	-72	1	31	0.258333333333	raw	57
C	-72	1	31	1.27114485981	norm	57
G	-72	1	12	0.1	raw	57
G	-72	1	12	0.535877862595	norm	57
T	-71	1	56	0.466666666667	raw	57
T	-71	1	56	1.48984335523	norm	57
G	-71	1	26	0.216666666667	raw	57
G	-71	1	26	1.16106870229	norm	57
A	-71	1	24	0.2	raw	57
A	-71	1	24	0.67356076759	norm	57
C	-71	1	14	0.116666666667	raw	57
C	-71	1	14	0.574065420559	norm	57
A	-70	1	41	0.341666666667	raw	57
A	-70	1	41	1.1506663113	norm	57
T	-70	1	39	0.325	raw	57
T	-70	1	39	1.03756947954	norm	57
C	-70	1	26	0.216666666667	raw	57
C	-70	1	26	1.06612149532	norm	57
G	-70	1	14	0.116666666667	raw	57
G	-70	1	14	0.625190839694	norm	57
A	-69	1	47	0.391666666667	raw	57
A	-69	1	47	1.3190565032	norm	57
T	-69	1	38	0.316666666667	raw	57
T	-69	1	38	1.01096513391	norm	57
G	-69	1	21	0.175	raw	57
G	-69	1	21	0.93778625954	norm	57
C	-69	1	14	0.116666666667	raw	57
C	-69	1	14	0.574065420559	norm	57
A	-68	1	46	0.383333333333	raw	57
A	-68	1	46	1.29099147121	norm	57
C	-68	1	31	0.258333333333	raw	57
C	-68	1	31	1.27114485981	norm	57
T	-68	1	26	0.216666666667	raw	57
T	-68	1	26	0.691712986357	norm	57
G	-68	1	17	0.141666666667	raw	57
G	-68	1	17	0.759160305342	norm	57
A	-67	1	41	0.341666666667	raw	57
A	-67	1	41	1.1506663113	norm	57
T	-67	1	35	0.291666666667	raw	57
T	-67	1	35	0.931152097019	norm	57
C	-67	1	24	0.2	raw	57
C	-67	1	24	0.98411214953	norm	57
G	-67	1	20	0.166666666667	raw	57
G	-67	1	20	0.893129770991	norm	57
A	-66	1	48	0.4	raw	57
A	-66	1	48	1.34712153518	norm	57
T	-66	1	40	0.333333333333	raw	57
T	-66	1	40	1.06417382517	norm	57
G	-66	1	20	0.166666666667	raw	57
G	-66	1	20	0.893129770991	norm	57
C	-66	1	12	0.1	raw	57
C	-66	1	12	0.492056074765	norm	57
T	-65	1	49	0.408333333333	raw	57
T	-65	1	49	1.30361293583	norm	57
A	-65	1	36	0.3	raw	57
A	-65	1	36	1.01034115138	norm	57
G	-65	1	22	0.183333333333	raw	57
G	-65	1	22	0.98244274809	norm	57
C	-65	1	13	0.108333333333	raw	57
C	-65	1	13	0.533060747662	norm	57
A	-64	1	47	0.391666666667	raw	57
A	-64	1	47	1.3190565032	norm	57
T	-64	1	38	0.316666666667	raw	57
T	-64	1	38	1.01096513391	norm	57
C	-64	1	21	0.175	raw	57
C	-64	1	21	0.861098130839	norm	57
G	-64	1	14	0.116666666667	raw	57
G	-64	1	14	0.625190839694	norm	57
A	-63	1	55	0.458333333333	raw	57
A	-63	1	55	1.54357675906	norm	57
T	-63	1	41	0.341666666667	raw	57
T	-63	1	41	1.09077817079	norm	57
G	-63	1	16	0.133333333333	raw	57
G	-63	1	16	0.714503816793	norm	57
C	-63	1	8	0.0666666666667	raw	57
C	-63	1	8	0.328037383177	norm	57
T	-62	1	47	0.391666666667	raw	57
T	-62	1	47	1.25040424457	norm	57
A	-62	1	32	0.266666666667	raw	57
A	-62	1	32	0.898081023453	norm	57
C	-62	1	22	0.183333333333	raw	57
C	-62	1	22	0.902102803736	norm	57
G	-62	1	19	0.158333333333	raw	57
G	-62	1	19	0.848473282441	norm	57
A	-61	1	42	0.35	raw	57
A	-61	1	42	1.17873134328	norm	57
G	-61	1	36	0.3	raw	57
G	-61	1	36	1.60763358778	norm	57
T	-61	1	26	0.216666666667	raw	57
T	-61	1	26	0.691712986357	norm	57
C	-61	1	16	0.133333333333	raw	57
C	-61	1	16	0.656074766354	norm	57
A	-60	1	45	0.375	raw	57
A	-60	1	45	1.26292643923	norm	57
T	-60	1	40	0.333333333333	raw	57
T	-60	1	40	1.06417382517	norm	57
C	-60	1	21	0.175	raw	57
C	-60	1	21	0.861098130839	norm	57
G	-60	1	14	0.116666666667	raw	57
G	-60	1	14	0.625190839694	norm	57
T	-59	1	40	0.333333333333	raw	57
T	-59	1	40	1.06417382517	norm	57
A	-59	1	33	0.275	raw	57
A	-59	1	33	0.926146055436	norm	57
C	-59	1	28	0.233333333333	raw	57
C	-59	1	28	1.14813084112	norm	57
G	-59	1	19	0.158333333333	raw	57
G	-59	1	19	0.848473282441	norm	57
A	-58	1	57	0.475	raw	57
A	-58	1	57	1.59970682303	norm	57
C	-58	1	28	0.233333333333	raw	57
C	-58	1	28	1.14813084112	norm	57
T	-58	1	24	0.2	raw	57
T	-58	1	24	0.638504295099	norm	57
G	-58	1	11	0.0916666666667	raw	57
G	-58	1	11	0.491221374045	norm	57
A	-57	1	42	0.35	raw	57
A	-57	1	42	1.17873134328	norm	57
C	-57	1	29	0.241666666667	raw	57
C	-57	1	29	1.18913551402	norm	57
T	-57	1	28	0.233333333333	raw	57
T	-57	1	28	0.744921677616	norm	57
G	-57	1	21	0.175	raw	57
G	-57	1	21	0.93778625954	norm	57
A	-56	1	42	0.35	raw	57
A	-56	1	42	1.17873134328	norm	57
T	-56	1	33	0.275	raw	57
T	-56	1	33	0.877943405761	norm	57
C	-56	1	27	0.225	raw	57
C	-56	1	27	1.10712616822	norm	57
G	-56	1	18	0.15	raw	57
G	-56	1	18	0.803816793892	norm	57
A	-55	1	42	0.35	raw	57
A	-55	1	42	1.17873134328	norm	57
T	-55	1	42	0.35	raw	57
T	-55	1	42	1.11738251642	norm	57
C	-55	1	19	0.158333333333	raw	57
C	-55	1	19	0.779088785045	norm	57
G	-55	1	17	0.141666666667	raw	57
G	-55	1	17	0.759160305342	norm	57
C	-54	1	35	0.291666666667	raw	57
C	-54	1	35	1.4351635514	norm	57
A	-54	1	34	0.283333333333	raw	57
A	-54	1	34	0.954211087418	norm	57
T	-54	1	27	0.225	raw	57
T	-54	1	27	0.718317331986	norm	57
G	-54	1	24	0.2	raw	57
G	-54	1	24	1.07175572519	norm	57
T	-53	1	49	0.408333333333	raw	57
T	-53	1	49	1.30361293583	norm	57
A	-53	1	46	0.383333333333	raw	57
A	-53	1	46	1.29099147121	norm	57
G	-53	1	13	0.108333333333	raw	57
G	-53	1	13	0.580534351144	norm	57
C	-53	1	12	0.1	raw	57
C	-53	1	12	0.492056074765	norm	57
A	-52	1	45	0.375	raw	57
A	-52	1	45	1.26292643923	norm	57
C	-52	1	38	0.316666666667	raw	57
C	-52	1	38	1.55817757009	norm	57
G	-52	1	21	0.175	raw	57
G	-52	1	21	0.93778625954	norm	57
T	-52	1	16	0.133333333333	raw	57
T	-52	1	16	0.425669530066	norm	57
G	-51	1	36	0.3	raw	57
G	-51	1	36	1.60763358778	norm	57
T	-51	1	35	0.291666666667	raw	57
T	-51	1	35	0.931152097019	norm	57
A	-51	1	29	0.241666666667	raw	57
A	-51	1	29	0.813885927504	norm	57
C	-51	1	20	0.166666666667	raw	57
C	-51	1	20	0.820093457942	norm	57
A	-50	1	49	0.408333333333	raw	57
A	-50	1	49	1.37518656716	norm	57
T	-50	1	42	0.35	raw	57
T	-50	1	42	1.11738251642	norm	57
G	-50	1	15	0.125	raw	57
G	-50	1	15	0.669847328243	norm	57
C	-50	1	14	0.116666666667	raw	57
C	-50	1	14	0.574065420559	norm	57
A	-49	1	39	0.325	raw	57
A	-49	1	39	1.09453624733	norm	57
T	-49	1	39	0.325	raw	57
T	-49	1	39	1.03756947954	norm	57
G	-49	1	24	0.2	raw	57
G	-49	1	24	1.07175572519	norm	57
C	-49	1	18	0.15	raw	57
C	-49	1	18	0.738084112148	norm	57
G	-48	1	38	0.316666666667	raw	57
G	-48	1	38	1.69694656488	norm	57
C	-48	1	31	0.258333333333	raw	57
C	-48	1	31	1.27114485981	norm	57
A	-48	1	28	0.233333333333	raw	57
A	-48	1	28	0.785820895521	norm	57
T	-48	1	23	0.191666666667	raw	57
T	-48	1	23	0.61189994947	norm	57
A	-47	1	37	0.308333333333	raw	57
A	-47	1	37	1.03840618337	norm	57
T	-47	1	36	0.3	raw	57
T	-47	1	36	0.957756442649	norm	57
G	-47	1	27	0.225	raw	57
G	-47	1	27	1.20572519084	norm	57
C	-47	1	20	0.166666666667	raw	57
C	-47	1	20	0.820093457942	norm	57
T	-46	1	39	0.325	raw	57
T	-46	1	39	1.03756947954	norm	57
A	-46	1	29	0.241666666667	raw	57
A	-46	1	29	0.813885927504	norm	57
G	-46	1	28	0.233333333333	raw	57
G	-46	1	28	1.25038167939	norm	57
C	-46	1	24	0.2	raw	57
C	-46	1	24	0.98411214953	norm	57
A	-45	1	43	0.358333333333	raw	57
A	-45	1	43	1.20679637526	norm	57
C	-45	1	29	0.241666666667	raw	57
C	-45	1	29	1.18913551402	norm	57
G	-45	1	26	0.216666666667	raw	57
G	-45	1	26	1.16106870229	norm	57
T	-45	1	22	0.183333333333	raw	57
T	-45	1	22	0.585295603841	norm	57
T	-44	1	48	0.4	raw	57
T	-44	1	48	1.2770085902	norm	57
G	-44	1	31	0.258333333333	raw	57
G	-44	1	31	1.38435114504	norm	57
A	-44	1	30	0.25	raw	57
A	-44	1	30	0.841950959487	norm	57
C	-44	1	11	0.0916666666667	raw	57
C	-44	1	11	0.451051401868	norm	57
T	-43	1	52	0.433333333333	raw	57
T	-43	1	52	1.38342597271	norm	57
A	-43	1	32	0.266666666667	raw	57
A	-43	1	32	0.898081023453	norm	57
C	-43	1	23	0.191666666667	raw	57
C	-43	1	23	0.943107476633	norm	57
G	-43	1	13	0.108333333333	raw	57
G	-43	1	13	0.580534351144	norm	57
A	-42	1	44	0.366666666667	raw	57
A	-42	1	44	1.23486140725	norm	57
T	-42	1	43	0.358333333333	raw	57
T	-42	1	43	1.14398686205	norm	57
C	-42	1	28	0.233333333333	raw	57
C	-42	1	28	1.14813084112	norm	57
G	-42	1	5	0.0416666666667	raw	57
G	-42	1	5	0.223282442748	norm	57
C	-41	1	44	0.366666666667	raw	57
C	-41	1	44	1.80420560747	norm	57
T	-41	1	30	0.25	raw	57
T	-41	1	30	0.798130368874	norm	57
A	-41	1	29	0.241666666667	raw	57
A	-41	1	29	0.813885927504	norm	57
G	-41	1	17	0.141666666667	raw	57
G	-41	1	17	0.759160305342	norm	57
C	-40	1	48	0.4	raw	57
C	-40	1	48	1.96822429906	norm	57
A	-40	1	29	0.241666666667	raw	57
A	-40	1	29	0.813885927504	norm	57
G	-40	1	24	0.2	raw	57
G	-40	1	24	1.07175572519	norm	57
T	-40	1	19	0.158333333333	raw	57
T	-40	1	19	0.505482566953	norm	57
T	-39	1	38	0.316666666667	raw	57
T	-39	1	38	1.01096513391	norm	57
G	-39	1	35	0.291666666667	raw	57
G	-39	1	35	1.56297709923	norm	57
A	-39	1	32	0.266666666667	raw	57
A	-39	1	32	0.898081023453	norm	57
C	-39	1	15	0.125	raw	57
C	-39	1	15	0.615070093457	norm	57
A	-38	1	47	0.391666666667	raw	57
A	-38	1	47	1.3190565032	norm	57
G	-38	1	37	0.308333333333	raw	57
G	-38	1	37	1.65229007633	norm	57
C	-38	1	22	0.183333333333	raw	57
C	-38	1	22	0.902102803736	norm	57
T	-38	1	14	0.116666666667	raw	57
T	-38	1	14	0.372460838808	norm	57
A	-37	1	37	0.308333333333	raw	57
A	-37	1	37	1.03840618337	norm	57
T	-37	1	32	0.266666666667	raw	57
T	-37	1	32	0.851339060132	norm	57
C	-37	1	29	0.241666666667	raw	57
C	-37	1	29	1.18913551402	norm	57
G	-37	1	22	0.183333333333	raw	57
G	-37	1	22	0.98244274809	norm	57
A	-36	1	37	0.308333333333	raw	57
A	-36	1	37	1.03840618337	norm	57
T	-36	1	37	0.308333333333	raw	57
T	-36	1	37	0.984360788278	norm	57
G	-36	1	25	0.208333333333	raw	57
G	-36	1	25	1.11641221374	norm	57
C	-36	1	21	0.175	raw	57
C	-36	1	21	0.861098130839	norm	57
A	-35	1	54	0.45	raw	57
A	-35	1	54	1.51551172708	norm	57
G	-35	1	30	0.25	raw	57
G	-35	1	30	1.33969465649	norm	57
T	-35	1	24	0.2	raw	57
T	-35	1	24	0.638504295099	norm	57
C	-35	1	12	0.1	raw	57
C	-35	1	12	0.492056074765	norm	57
A	-34	1	41	0.341666666667	raw	57
A	-34	1	41	1.1506663113	norm	57
T	-34	1	40	0.333333333333	raw	57
T	-34	1	40	1.06417382517	norm	57
G	-34	1	30	0.25	raw	57
G	-34	1	30	1.33969465649	norm	57
C	-34	1	9	0.075	raw	57
C	-34	1	9	0.369042056074	norm	57
T	-33	1	35	0.291666666667	raw	57
T	-33	1	35	0.931152097019	norm	57
G	-33	1	32	0.266666666667	raw	57
G	-33	1	32	1.42900763359	norm	57
A	-33	1	30	0.25	raw	57
A	-33	1	30	0.841950959487	norm	57
C	-33	1	23	0.191666666667	raw	57
C	-33	1	23	0.943107476633	norm	57
T	-32	1	39	0.325	raw	57
T	-32	1	39	1.03756947954	norm	57
A	-32	1	36	0.3	raw	57
A	-32	1	36	1.01034115138	norm	57
C	-32	1	28	0.233333333333	raw	57
C	-32	1	28	1.14813084112	norm	57
G	-32	1	17	0.141666666667	raw	57
G	-32	1	17	0.759160305342	norm	57
T	-31	1	48	0.4	raw	57
T	-31	1	48	1.2770085902	norm	57
A	-31	1	35	0.291666666667	raw	57
A	-31	1	35	0.982276119401	norm	57
C	-31	1	23	0.191666666667	raw	57
C	-31	1	23	0.943107476633	norm	57
G	-31	1	14	0.116666666667	raw	57
G	-31	1	14	0.625190839694	norm	57
A	-30	1	51	0.425	raw	57
A	-30	1	51	1.43131663113	norm	57
T	-30	1	39	0.325	raw	57
T	-30	1	39	1.03756947954	norm	57
G	-30	1	19	0.158333333333	raw	57
G	-30	1	19	0.848473282441	norm	57
C	-30	1	11	0.0916666666667	raw	57
C	-30	1	11	0.451051401868	norm	57
A	-29	1	45	0.375	raw	57
A	-29	1	45	1.26292643923	norm	57
G	-29	1	27	0.225	raw	57
G	-29	1	27	1.20572519084	norm	57
C	-29	1	26	0.216666666667	raw	57
C	-29	1	26	1.06612149532	norm	57
T	-29	1	22	0.183333333333	raw	57
T	-29	1	22	0.585295603841	norm	57
T	-28	1	46	0.383333333333	raw	57
T	-28	1	46	1.22379989894	norm	57
A	-28	1	41	0.341666666667	raw	57
A	-28	1	41	1.1506663113	norm	57
C	-28	1	22	0.183333333333	raw	57
C	-28	1	22	0.902102803736	norm	57
G	-28	1	11	0.0916666666667	raw	57
G	-28	1	11	0.491221374045	norm	57
T	-27	1	57	0.475	raw	57
T	-27	1	57	1.51644770086	norm	57
A	-27	1	28	0.233333333333	raw	57
A	-27	1	28	0.785820895521	norm	57
G	-27	1	19	0.158333333333	raw	57
G	-27	1	19	0.848473282441	norm	57
C	-27	1	16	0.133333333333	raw	57
C	-27	1	16	0.656074766354	norm	57
A	-26	1	50	0.416666666667	raw	57
A	-26	1	50	1.40325159914	norm	57
G	-26	1	25	0.208333333333	raw	57
G	-26	1	25	1.11641221374	norm	57
C	-26	1	24	0.2	raw	57
C	-26	1	24	0.98411214953	norm	57
T	-26	1	21	0.175	raw	57
T	-26	1	21	0.558691258212	norm	57
A	-25	1	46	0.383333333333	raw	57
A	-25	1	46	1.29099147121	norm	57
T	-25	1	39	0.325	raw	57
T	-25	1	39	1.03756947954	norm	57
G	-25	1	19	0.158333333333	raw	57
G	-25	1	19	0.848473282441	norm	57
C	-25	1	16	0.133333333333	raw	57
C	-25	1	16	0.656074766354	norm	57
A	-24	1	43	0.358333333333	raw	57
A	-24	1	43	1.20679637526	norm	57
T	-24	1	34	0.283333333333	raw	57
T	-24	1	34	0.90454775139	norm	57
G	-24	1	25	0.208333333333	raw	57
G	-24	1	25	1.11641221374	norm	57
C	-24	1	18	0.15	raw	57
C	-24	1	18	0.738084112148	norm	57
T	-23	1	36	0.3	raw	57
T	-23	1	36	0.957756442649	norm	57
C	-23	1	31	0.258333333333	raw	57
C	-23	1	31	1.27114485981	norm	57
A	-23	1	29	0.241666666667	raw	57
A	-23	1	29	0.813885927504	norm	57
G	-23	1	24	0.2	raw	57
G	-23	1	24	1.07175572519	norm	57
A	-22	1	41	0.341666666667	raw	57
A	-22	1	41	1.1506663113	norm	57
T	-22	1	37	0.308333333333	raw	57
T	-22	1	37	0.984360788278	norm	57
G	-22	1	25	0.208333333333	raw	57
G	-22	1	25	1.11641221374	norm	57
C	-22	1	17	0.141666666667	raw	57
C	-22	1	17	0.697079439251	norm	57
A	-21	1	59	0.491666666667	raw	57
A	-21	1	59	1.65583688699	norm	57
T	-21	1	29	0.241666666667	raw	57
T	-21	1	29	0.771526023245	norm	57
G	-21	1	24	0.2	raw	57
G	-21	1	24	1.07175572519	norm	57
C	-21	1	8	0.0666666666667	raw	57
C	-21	1	8	0.328037383177	norm	57
A	-20	1	52	0.433333333333	raw	57
A	-20	1	52	1.45938166311	norm	57
T	-20	1	41	0.341666666667	raw	57
T	-20	1	41	1.09077817079	norm	57
C	-20	1	17	0.141666666667	raw	57
C	-20	1	17	0.697079439251	norm	57
G	-20	1	10	0.0833333333333	raw	57
G	-20	1	10	0.446564885495	norm	57
A	-19	1	58	0.483333333333	raw	57
A	-19	1	58	1.62777185501	norm	57
T	-19	1	29	0.241666666667	raw	57
T	-19	1	29	0.771526023245	norm	57
G	-19	1	18	0.15	raw	57
G	-19	1	18	0.803816793892	norm	57
C	-19	1	15	0.125	raw	57
C	-19	1	15	0.615070093457	norm	57
T	-18	1	55	0.458333333333	raw	57
T	-18	1	55	1.4632390096	norm	57
A	-18	1	40	0.333333333333	raw	57
A	-18	1	40	1.12260127932	norm	57
G	-18	1	14	0.116666666667	raw	57
G	-18	1	14	0.625190839694	norm	57
C	-18	1	11	0.0916666666667	raw	57
C	-18	1	11	0.451051401868	norm	57
A	-17	1	37	0.308333333333	raw	57
A	-17	1	37	1.03840618337	norm	57
C	-17	1	32	0.266666666667	raw	57
C	-17	1	32	1.31214953271	norm	57
G	-17	1	29	0.241666666667	raw	57
G	-17	1	29	1.29503816794	norm	57
T	-17	1	22	0.183333333333	raw	57
T	-17	1	22	0.585295603841	norm	57
A	-16	1	39	0.325	raw	57
A	-16	1	39	1.09453624733	norm	57
T	-16	1	32	0.266666666667	raw	57
T	-16	1	32	0.851339060132	norm	57
C	-16	1	27	0.225	raw	57
C	-16	1	27	1.10712616822	norm	57
G	-16	1	22	0.183333333333	raw	57
G	-16	1	22	0.98244274809	norm	57
T	-15	1	45	0.375	raw	57
T	-15	1	45	1.19719555331	norm	57
G	-15	1	33	0.275	raw	57
G	-15	1	33	1.47366412213	norm	57
A	-15	1	29	0.241666666667	raw	57
A	-15	1	29	0.813885927504	norm	57
C	-15	1	13	0.108333333333	raw	57
C	-15	1	13	0.533060747662	norm	57
A	-14	1	34	0.283333333333	raw	57
A	-14	1	34	0.954211087418	norm	57
T	-14	1	34	0.283333333333	raw	57
T	-14	1	34	0.90454775139	norm	57
G	-14	1	31	0.258333333333	raw	57
G	-14	1	31	1.38435114504	norm	57
C	-14	1	21	0.175	raw	57
C	-14	1	21	0.861098130839	norm	57
A	-13	1	38	0.316666666667	raw	57
A	-13	1	38	1.06647121535	norm	57
G	-13	1	38	0.316666666667	raw	57
G	-13	1	38	1.69694656488	norm	57
T	-13	1	32	0.266666666667	raw	57
T	-13	1	32	0.851339060132	norm	57
C	-13	1	12	0.1	raw	57
C	-13	1	12	0.492056074765	norm	57
A	-12	1	37	0.308333333333	raw	57
A	-12	1	37	1.03840618337	norm	57
T	-12	1	35	0.291666666667	raw	57
T	-12	1	35	0.931152097019	norm	57
C	-12	1	28	0.233333333333	raw	57
C	-12	1	28	1.14813084112	norm	57
G	-12	1	20	0.166666666667	raw	57
G	-12	1	20	0.893129770991	norm	57
A	-11	1	40	0.333333333333	raw	57
A	-11	1	40	1.12260127932	norm	57
C	-11	1	28	0.233333333333	raw	57
C	-11	1	28	1.14813084112	norm	57
T	-11	1	28	0.233333333333	raw	57
T	-11	1	28	0.744921677616	norm	57
G	-11	1	24	0.2	raw	57
G	-11	1	24	1.07175572519	norm	57
A	-10	1	43	0.358333333333	raw	57
A	-10	1	43	1.20679637526	norm	57
T	-10	1	28	0.233333333333	raw	57
T	-10	1	28	0.744921677616	norm	57
G	-10	1	25	0.208333333333	raw	57
G	-10	1	25	1.11641221374	norm	57
C	-10	1	24	0.2	raw	57
C	-10	1	24	0.98411214953	norm	57
A	-9	1	61	0.508333333333	raw	57
A	-9	1	61	1.71196695096	norm	57
T	-9	1	27	0.225	raw	57
T	-9	1	27	0.718317331986	norm	57
C	-9	1	16	0.133333333333	raw	57
C	-9	1	16	0.656074766354	norm	57
G	-9	1	16	0.133333333333	raw	57
G	-9	1	16	0.714503816793	norm	57
T	-8	1	41	0.341666666667	raw	57
T	-8	1	41	1.09077817079	norm	57
G	-8	1	33	0.275	raw	57
G	-8	1	33	1.47366412213	norm	57
A	-8	1	32	0.266666666667	raw	57
A	-8	1	32	0.898081023453	norm	57
C	-8	1	14	0.116666666667	raw	57
C	-8	1	14	0.574065420559	norm	57
T	-7	1	49	0.408333333333	raw	57
T	-7	1	49	1.30361293583	norm	57
A	-7	1	36	0.3	raw	57
A	-7	1	36	1.01034115138	norm	57
G	-7	1	22	0.183333333333	raw	57
G	-7	1	22	0.98244274809	norm	57
C	-7	1	13	0.108333333333	raw	57
C	-7	1	13	0.533060747662	norm	57
A	-6	1	44	0.366666666667	raw	57
A	-6	1	44	1.23486140725	norm	57
T	-6	1	44	0.366666666667	raw	57
T	-6	1	44	1.17059120768	norm	57
C	-6	1	25	0.208333333333	raw	57
C	-6	1	25	1.02511682243	norm	57
G	-6	1	7	0.0583333333333	raw	57
G	-6	1	7	0.312595419847	norm	57
A	-5	1	57	0.475	raw	57
A	-5	1	57	1.59970682303	norm	57
T	-5	1	33	0.275	raw	57
T	-5	1	33	0.877943405761	norm	57
G	-5	1	18	0.15	raw	57
G	-5	1	18	0.803816793892	norm	57
C	-5	1	12	0.1	raw	57
C	-5	1	12	0.492056074765	norm	57
T	-4	1	54	0.45	raw	57
T	-4	1	54	1.43663466397	norm	57
A	-4	1	38	0.316666666667	raw	57
A	-4	1	38	1.06647121535	norm	57
G	-4	1	15	0.125	raw	57
G	-4	1	15	0.669847328243	norm	57
C	-4	1	13	0.108333333333	raw	57
C	-4	1	13	0.533060747662	norm	57
A	-3	1	53	0.441666666667	raw	57
A	-3	1	53	1.48744669509	norm	57
G	-3	1	26	0.216666666667	raw	57
G	-3	1	26	1.16106870229	norm	57
T	-3	1	23	0.191666666667	raw	57
T	-3	1	23	0.61189994947	norm	57
C	-3	1	18	0.15	raw	57
C	-3	1	18	0.738084112148	norm	57
A	-2	1	58	0.483333333333	raw	57
A	-2	1	58	1.62777185501	norm	57
T	-2	1	27	0.225	raw	57
T	-2	1	27	0.718317331986	norm	57
G	-2	1	21	0.175	raw	57
G	-2	1	21	0.93778625954	norm	57
C	-2	1	14	0.116666666667	raw	57
C	-2	1	14	0.574065420559	norm	57
A	-1	1	39	0.325	raw	57
A	-1	1	39	1.09453624733	norm	57
T	-1	1	35	0.291666666667	raw	57
T	-1	1	35	0.931152097019	norm	57
C	-1	1	30	0.25	raw	57
C	-1	1	30	1.23014018691	norm	57
G	-1	1	16	0.133333333333	raw	57
G	-1	1	16	0.714503816793	norm	57
C	0	1	55	0.458333333333	raw	57
C	0	1	55	2.25525700934	norm	57
G	0	1	43	0.358333333333	raw	57
G	0	1	43	1.92022900763	norm	57
T	0	1	13	0.108333333333	raw	57
T	0	1	13	0.345856493179	norm	57
A	0	1	9	0.075	raw	57
A	0	1	9	0.252585287846	norm	57
A	1	1	67	0.558333333333	raw	57
A	1	1	67	1.88035714285	norm	57
C	1	1	27	0.225	raw	57
C	1	1	27	1.10712616822	norm	57
G	1	1	14	0.116666666667	raw	57
G	1	1	14	0.625190839694	norm	57
T	1	1	12	0.1	raw	57
T	1	1	12	0.31925214755	norm	57
A	2	1	39	0.325	raw	57
A	2	1	39	1.09453624733	norm	57
C	2	1	29	0.241666666667	raw	57
C	2	1	29	1.18913551402	norm	57
G	2	1	28	0.233333333333	raw	57
G	2	1	28	1.25038167939	norm	57
T	2	1	24	0.2	raw	57
T	2	1	24	0.638504295099	norm	57
A	3	1	44	0.366666666667	raw	57
A	3	1	44	1.23486140725	norm	57
T	3	1	35	0.291666666667	raw	57
T	3	1	35	0.931152097019	norm	57
C	3	1	23	0.191666666667	raw	57
C	3	1	23	0.943107476633	norm	57
G	3	1	18	0.15	raw	57
G	3	1	18	0.803816793892	norm	57
A	4	1	44	0.366666666667	raw	57
A	4	1	44	1.23486140725	norm	57
T	4	1	34	0.283333333333	raw	57
T	4	1	34	0.90454775139	norm	57
C	4	1	24	0.2	raw	57
C	4	1	24	0.98411214953	norm	57
G	4	1	18	0.15	raw	57
G	4	1	18	0.803816793892	norm	57
A	5	1	38	0.316666666667	raw	57
A	5	1	38	1.06647121535	norm	57
T	5	1	38	0.316666666667	raw	57
T	5	1	38	1.01096513391	norm	57
C	5	1	34	0.283333333333	raw	57
C	5	1	34	1.3941588785	norm	57
G	5	1	10	0.0833333333333	raw	57
G	5	1	10	0.446564885495	norm	57
A	6	1	40	0.333333333333	raw	57
A	6	1	40	1.12260127932	norm	57
T	6	1	40	0.333333333333	raw	57
T	6	1	40	1.06417382517	norm	57
G	6	1	21	0.175	raw	57
G	6	1	21	0.93778625954	norm	57
C	6	1	19	0.158333333333	raw	57
C	6	1	19	0.779088785045	norm	57
T	7	1	41	0.341666666667	raw	57
T	7	1	41	1.09077817079	norm	57
A	7	1	37	0.308333333333	raw	57
A	7	1	37	1.03840618337	norm	57
G	7	1	27	0.225	raw	57
G	7	1	27	1.20572519084	norm	57
C	7	1	15	0.125	raw	57
C	7	1	15	0.615070093457	norm	57
T	8	1	46	0.383333333333	raw	57
T	8	1	46	1.22379989894	norm	57
A	8	1	41	0.341666666667	raw	57
A	8	1	41	1.1506663113	norm	57
C	8	1	17	0.141666666667	raw	57
C	8	1	17	0.697079439251	norm	57
G	8	1	16	0.133333333333	raw	57
G	8	1	16	0.714503816793	norm	57
A	9	1	51	0.425	raw	57
A	9	1	51	1.43131663113	norm	57
T	9	1	41	0.341666666667	raw	57
T	9	1	41	1.09077817079	norm	57
C	9	1	17	0.141666666667	raw	57
C	9	1	17	0.697079439251	norm	57
G	9	1	11	0.0916666666667	raw	57
G	9	1	11	0.491221374045	norm	57
G	10	1	40	0.333333333333	raw	57
G	10	1	40	1.78625954198	norm	57
A	10	1	35	0.291666666667	raw	57
A	10	1	35	0.982276119401	norm	57
C	10	1	23	0.191666666667	raw	57
C	10	1	23	0.943107476633	norm	57
T	10	1	22	0.183333333333	raw	57
T	10	1	22	0.585295603841	norm	57
T	11	1	46	0.383333333333	raw	57
T	11	1	46	1.22379989894	norm	57
A	11	1	33	0.275	raw	57
A	11	1	33	0.926146055436	norm	57
G	11	1	26	0.216666666667	raw	57
G	11	1	26	1.16106870229	norm	57
C	11	1	15	0.125	raw	57
C	11	1	15	0.615070093457	norm	57
A	12	1	42	0.35	raw	57
A	12	1	42	1.17873134328	norm	57
T	12	1	40	0.333333333333	raw	57
T	12	1	40	1.06417382517	norm	57
G	12	1	22	0.183333333333	raw	57
G	12	1	22	0.98244274809	norm	57
C	12	1	16	0.133333333333	raw	57
C	12	1	16	0.656074766354	norm	57
G	13	1	43	0.358333333333	raw	57
G	13	1	43	1.92022900763	norm	57
T	13	1	29	0.241666666667	raw	57
T	13	1	29	0.771526023245	norm	57
A	13	1	25	0.208333333333	raw	57
A	13	1	25	0.701625799572	norm	57
C	13	1	23	0.191666666667	raw	57
C	13	1	23	0.943107476633	norm	57
A	14	1	41	0.341666666667	raw	57
A	14	1	41	1.1506663113	norm	57
T	14	1	29	0.241666666667	raw	57
T	14	1	29	0.771526023245	norm	57
G	14	1	29	0.241666666667	raw	57
G	14	1	29	1.29503816794	norm	57
C	14	1	21	0.175	raw	57
C	14	1	21	0.861098130839	norm	57
T	15	1	56	0.466666666667	raw	57
T	15	1	56	1.48984335523	norm	57
A	15	1	31	0.258333333333	raw	57
A	15	1	31	0.87001599147	norm	57
G	15	1	19	0.158333333333	raw	57
G	15	1	19	0.848473282441	norm	57
C	15	1	14	0.116666666667	raw	57
C	15	1	14	0.574065420559	norm	57
T	16	1	42	0.35	raw	57
T	16	1	42	1.11738251642	norm	57
C	16	1	31	0.258333333333	raw	57
C	16	1	31	1.27114485981	norm	57
A	16	1	26	0.216666666667	raw	57
A	16	1	26	0.729690831555	norm	57
G	16	1	21	0.175	raw	57
G	16	1	21	0.93778625954	norm	57
T	17	1	52	0.433333333333	raw	57
T	17	1	52	1.38342597271	norm	57
A	17	1	41	0.341666666667	raw	57
A	17	1	41	1.1506663113	norm	57
G	17	1	14	0.116666666667	raw	57
G	17	1	14	0.625190839694	norm	57
C	17	1	13	0.108333333333	raw	57
C	17	1	13	0.533060747662	norm	57
A	18	1	62	0.516666666667	raw	57
A	18	1	62	1.74003198294	norm	57
T	18	1	33	0.275	raw	57
T	18	1	33	0.877943405761	norm	57
C	18	1	16	0.133333333333	raw	57
C	18	1	16	0.656074766354	norm	57
G	18	1	9	0.075	raw	57
G	18	1	9	0.401908396946	norm	57
T	19	1	49	0.408333333333	raw	57
T	19	1	49	1.30361293583	norm	57
A	19	1	34	0.283333333333	raw	57
A	19	1	34	0.954211087418	norm	57
G	19	1	24	0.2	raw	57
G	19	1	24	1.07175572519	norm	57
C	19	1	13	0.108333333333	raw	57
C	19	1	13	0.533060747662	norm	57
A	20	1	53	0.441666666667	raw	57
A	20	1	53	1.48744669509	norm	57
T	20	1	32	0.266666666667	raw	57
T	20	1	32	0.851339060132	norm	57
C	20	1	23	0.191666666667	raw	57
C	20	1	23	0.943107476633	norm	57
G	20	1	12	0.1	raw	57
G	20	1	12	0.535877862595	norm	57
T	21	1	53	0.441666666667	raw	57
T	21	1	53	1.41003031834	norm	57
G	21	1	24	0.2	raw	57
G	21	1	24	1.07175572519	norm	57
C	21	1	22	0.183333333333	raw	57
C	21	1	22	0.902102803736	norm	57
A	21	1	21	0.175	raw	57
A	21	1	21	0.589365671641	norm	57
A	22	1	38	0.316666666667	raw	57
A	22	1	38	1.06647121535	norm	57
T	22	1	33	0.275	raw	57
T	22	1	33	0.877943405761	norm	57
G	22	1	28	0.233333333333	raw	57
G	22	1	28	1.25038167939	norm	57
C	22	1	21	0.175	raw	57
C	22	1	21	0.861098130839	norm	57
T	23	1	56	0.466666666667	raw	57
T	23	1	56	1.48984335523	norm	57
C	23	1	29	0.241666666667	raw	57
C	23	1	29	1.18913551402	norm	57
A	23	1	23	0.191666666667	raw	57
A	23	1	23	0.645495735607	norm	57
G	23	1	12	0.1	raw	57
G	23	1	12	0.535877862595	norm	57
A	24	1	42	0.35	raw	57
A	24	1	42	1.17873134328	norm	57
T	24	1	41	0.341666666667	raw	57
T	24	1	41	1.09077817079	norm	57
C	24	1	19	0.158333333333	raw	57
C	24	1	19	0.779088785045	norm	57
G	24	1	18	0.15	raw	57
G	24	1	18	0.803816793892	norm	57
C	25	1	38	0.316666666667	raw	57
C	25	1	38	1.55817757009	norm	57
T	25	1	35	0.291666666667	raw	57
T	25	1	35	0.931152097019	norm	57
A	25	1	26	0.216666666667	raw	57
A	25	1	26	0.729690831555	norm	57
G	25	1	21	0.175	raw	57
G	25	1	21	0.93778625954	norm	57
A	26	1	56	0.466666666667	raw	57
A	26	1	56	1.57164179104	norm	57
G	26	1	29	0.241666666667	raw	57
G	26	1	29	1.29503816794	norm	57
T	26	1	24	0.2	raw	57
T	26	1	24	0.638504295099	norm	57
C	26	1	11	0.0916666666667	raw	57
C	26	1	11	0.451051401868	norm	57
A	27	1	48	0.4	raw	57
A	27	1	48	1.34712153518	norm	57
C	27	1	26	0.216666666667	raw	57
C	27	1	26	1.06612149532	norm	57
T	27	1	24	0.2	raw	57
T	27	1	24	0.638504295099	norm	57
G	27	1	22	0.183333333333	raw	57
G	27	1	22	0.98244274809	norm	57
A	28	1	41	0.341666666667	raw	57
A	28	1	41	1.1506663113	norm	57
T	28	1	33	0.275	raw	57
T	28	1	33	0.877943405761	norm	57
C	28	1	25	0.208333333333	raw	57
C	28	1	25	1.02511682243	norm	57
G	28	1	21	0.175	raw	57
G	28	1	21	0.93778625954	norm	57
A	29	1	41	0.341666666667	raw	57
A	29	1	41	1.1506663113	norm	57
T	29	1	35	0.291666666667	raw	57
T	29	1	35	0.931152097019	norm	57
G	29	1	29	0.241666666667	raw	57
G	29	1	29	1.29503816794	norm	57
C	29	1	15	0.125	raw	57
C	29	1	15	0.615070093457	norm	57
A	30	1	46	0.383333333333	raw	57
A	30	1	46	1.29099147121	norm	57
T	30	1	35	0.291666666667	raw	57
T	30	1	35	0.931152097019	norm	57
C	30	1	23	0.191666666667	raw	57
C	30	1	23	0.943107476633	norm	57
G	30	1	16	0.133333333333	raw	57
G	30	1	16	0.714503816793	norm	57
A	31	1	39	0.325	raw	57
A	31	1	39	1.09453624733	norm	57
T	31	1	35	0.291666666667	raw	57
T	31	1	35	0.931152097019	norm	57
C	31	1	24	0.2	raw	57
C	31	1	24	0.98411214953	norm	57
G	31	1	22	0.183333333333	raw	57
G	31	1	22	0.98244274809	norm	57
A	32	1	38	0.316666666667	raw	57
A	32	1	38	1.06647121535	norm	57
T	32	1	30	0.25	raw	57
T	32	1	30	0.798130368874	norm	57
G	32	1	27	0.225	raw	57
G	32	1	27	1.20572519084	norm	57
C	32	1	25	0.208333333333	raw	57
C	32	1	25	1.02511682243	norm	57
T	33	1	44	0.366666666667	raw	57
T	33	1	44	1.17059120768	norm	57
A	33	1	34	0.283333333333	raw	57
A	33	1	34	0.954211087418	norm	57
G	33	1	31	0.258333333333	raw	57
G	33	1	31	1.38435114504	norm	57
C	33	1	11	0.0916666666667	raw	57
C	33	1	11	0.451051401868	norm	57
A	34	1	45	0.375	raw	57
A	34	1	45	1.26292643923	norm	57
T	34	1	35	0.291666666667	raw	57
T	34	1	35	0.931152097019	norm	57
G	34	1	28	0.233333333333	raw	57
G	34	1	28	1.25038167939	norm	57
C	34	1	12	0.1	raw	57
C	34	1	12	0.492056074765	norm	57
G	35	1	55	0.458333333333	raw	57
G	35	1	55	2.45610687022	norm	57
T	35	1	34	0.283333333333	raw	57
T	35	1	34	0.90454775139	norm	57
A	35	1	24	0.2	raw	57
A	35	1	24	0.67356076759	norm	57
C	35	1	7	0.0583333333333	raw	57
C	35	1	7	0.28703271028	norm	57
A	36	1	41	0.341666666667	raw	57
A	36	1	41	1.1506663113	norm	57
G	36	1	31	0.258333333333	raw	57
G	36	1	31	1.38435114504	norm	57
T	36	1	25	0.208333333333	raw	57
T	36	1	25	0.665108640728	norm	57
C	36	1	23	0.191666666667	raw	57
C	36	1	23	0.943107476633	norm	57
A	37	1	56	0.466666666667	raw	57
A	37	1	56	1.57164179104	norm	57
T	37	1	39	0.325	raw	57
T	37	1	39	1.03756947954	norm	57
C	37	1	13	0.108333333333	raw	57
C	37	1	13	0.533060747662	norm	57
G	37	1	12	0.1	raw	57
G	37	1	12	0.535877862595	norm	57
A	38	1	45	0.375	raw	57
A	38	1	45	1.26292643923	norm	57
G	38	1	30	0.25	raw	57
G	38	1	30	1.33969465649	norm	57
T	38	1	27	0.225	raw	57
T	38	1	27	0.718317331986	norm	57
C	38	1	18	0.15	raw	57
C	38	1	18	0.738084112148	norm	57
A	39	1	41	0.341666666667	raw	57
A	39	1	41	1.1506663113	norm	57
G	39	1	37	0.308333333333	raw	57
G	39	1	37	1.65229007633	norm	57
T	39	1	32	0.266666666667	raw	57
T	39	1	32	0.851339060132	norm	57
C	39	1	10	0.0833333333333	raw	57
C	39	1	10	0.410046728971	norm	57
A	40	1	44	0.366666666667	raw	57
A	40	1	44	1.23486140725	norm	57
T	40	1	30	0.25	raw	57
T	40	1	30	0.798130368874	norm	57
G	40	1	27	0.225	raw	57
G	40	1	27	1.20572519084	norm	57
C	40	1	19	0.158333333333	raw	57
C	40	1	19	0.779088785045	norm	57
G	41	1	38	0.316666666667	raw	57
G	41	1	38	1.69694656488	norm	57
T	41	1	37	0.308333333333	raw	57
T	41	1	37	0.984360788278	norm	57
A	41	1	35	0.291666666667	raw	57
A	41	1	35	0.982276119401	norm	57
C	41	1	10	0.0833333333333	raw	57
C	41	1	10	0.410046728971	norm	57
G	42	1	35	0.291666666667	raw	57
G	42	1	35	1.56297709923	norm	57
C	42	1	33	0.275	raw	57
C	42	1	33	1.3531542056	norm	57
A	42	1	31	0.258333333333	raw	57
A	42	1	31	0.87001599147	norm	57
T	42	1	21	0.175	raw	57
T	42	1	21	0.558691258212	norm	57
A	43	1	51	0.425	raw	57
A	43	1	51	1.43131663113	norm	57
G	43	1	28	0.233333333333	raw	57
G	43	1	28	1.25038167939	norm	57
C	43	1	22	0.183333333333	raw	57
C	43	1	22	0.902102803736	norm	57
T	43	1	19	0.158333333333	raw	57
T	43	1	19	0.505482566953	norm	57
A	44	1	52	0.433333333333	raw	57
A	44	1	52	1.45938166311	norm	57
T	44	1	31	0.258333333333	raw	57
T	44	1	31	0.824734714503	norm	57
C	44	1	24	0.2	raw	57
C	44	1	24	0.98411214953	norm	57
G	44	1	13	0.108333333333	raw	57
G	44	1	13	0.580534351144	norm	57
C	45	1	36	0.3	raw	57
C	45	1	36	1.4761682243	norm	57
A	45	1	34	0.283333333333	raw	57
A	45	1	34	0.954211087418	norm	57
T	45	1	25	0.208333333333	raw	57
T	45	1	25	0.665108640728	norm	57
G	45	1	25	0.208333333333	raw	57
G	45	1	25	1.11641221374	norm	57
A	46	1	38	0.316666666667	raw	57
A	46	1	38	1.06647121535	norm	57
G	46	1	34	0.283333333333	raw	57
G	46	1	34	1.51832061068	norm	57
T	46	1	26	0.216666666667	raw	57
T	46	1	26	0.691712986357	norm	57
C	46	1	22	0.183333333333	raw	57
C	46	1	22	0.902102803736	norm	57
A	47	1	43	0.358333333333	raw	57
A	47	1	43	1.20679637526	norm	57
T	47	1	34	0.283333333333	raw	57
T	47	1	34	0.90454775139	norm	57
C	47	1	26	0.216666666667	raw	57
C	47	1	26	1.06612149532	norm	57
G	47	1	17	0.141666666667	raw	57
G	47	1	17	0.759160305342	norm	57
A	48	1	44	0.366666666667	raw	57
A	48	1	44	1.23486140725	norm	57
G	48	1	30	0.25	raw	57
G	48	1	30	1.33969465649	norm	57
T	48	1	25	0.208333333333	raw	57
T	48	1	25	0.665108640728	norm	57
C	48	1	21	0.175	raw	57
C	48	1	21	0.861098130839	norm	57
A	49	1	68	0.566666666667	raw	57
A	49	1	68	1.90842217484	norm	57
T	49	1	27	0.225	raw	57
T	49	1	27	0.718317331986	norm	57
C	49	1	14	0.116666666667	raw	57
C	49	1	14	0.574065420559	norm	57
G	49	1	11	0.0916666666667	raw	57
G	49	1	11	0.491221374045	norm	57
T	50	1	42	0.35	raw	57
T	50	1	42	1.11738251642	norm	57
A	50	1	31	0.258333333333	raw	57
A	50	1	31	0.87001599147	norm	57
C	50	1	26	0.216666666667	raw	57
C	50	1	26	1.06612149532	norm	57
G	50	1	21	0.175	raw	57
G	50	1	21	0.93778625954	norm	57
T	51	1	46	0.383333333333	raw	57
T	51	1	46	1.22379989894	norm	57
A	51	1	32	0.266666666667	raw	57
A	51	1	32	0.898081023453	norm	57
C	51	1	21	0.175	raw	57
C	51	1	21	0.861098130839	norm	57
G	51	1	21	0.175	raw	57
G	51	1	21	0.93778625954	norm	57
T	52	1	48	0.4	raw	57
T	52	1	48	1.2770085902	norm	57
A	52	1	40	0.333333333333	raw	57
A	52	1	40	1.12260127932	norm	57
C	52	1	17	0.141666666667	raw	57
C	52	1	17	0.697079439251	norm	57
G	52	1	15	0.125	raw	57
G	52	1	15	0.669847328243	norm	57
A	53	1	33	0.275	raw	57
A	53	1	33	0.926146055436	norm	57
C	53	1	30	0.25	raw	57
C	53	1	30	1.23014018691	norm	57
T	53	1	29	0.241666666667	raw	57
T	53	1	29	0.771526023245	norm	57
G	53	1	28	0.233333333333	raw	57
G	53	1	28	1.25038167939	norm	57
T	54	1	51	0.425	raw	57
T	54	1	51	1.35682162709	norm	57
A	54	1	29	0.241666666667	raw	57
A	54	1	29	0.813885927504	norm	57
C	54	1	20	0.166666666667	raw	57
C	54	1	20	0.820093457942	norm	57
G	54	1	20	0.166666666667	raw	57
G	54	1	20	0.893129770991	norm	57
A	55	1	43	0.358333333333	raw	57
A	55	1	43	1.20679637526	norm	57
T	55	1	37	0.308333333333	raw	57
T	55	1	37	0.984360788278	norm	57
C	55	1	20	0.166666666667	raw	57
C	55	1	20	0.820093457942	norm	57
G	55	1	20	0.166666666667	raw	57
G	55	1	20	0.893129770991	norm	57
C	56	1	38	0.324786324786	raw	57
C	56	1	38	1.59813084112	norm	57
A	56	1	34	0.290598290598	raw	57
A	56	1	34	0.978678038378	norm	57
T	56	1	31	0.264957264957	raw	57
T	56	1	31	0.845881758465	norm	57
G	56	1	14	0.119658119658	raw	57
G	56	1	14	0.641221374045	norm	57
A	57	1	46	0.393162393162	raw	57
A	57	1	46	1.32409381663	norm	57
T	57	1	33	0.282051282051	raw	57
T	57	1	33	0.90045477514	norm	57
G	57	1	27	0.230769230769	raw	57
G	57	1	27	1.23664122137	norm	57
C	57	1	11	0.0940170940171	raw	57
C	57	1	11	0.462616822429	norm	57
A	58	1	49	0.418803418803	raw	57
A	58	1	49	1.41044776119	norm	57
T	58	1	34	0.290598290598	raw	57
T	58	1	34	0.927741283477	norm	57
C	58	1	24	0.205128205128	raw	57
C	58	1	24	1.00934579439	norm	57
G	58	1	10	0.0854700854701	raw	57
G	58	1	10	0.458015267175	norm	57
A	59	1	69	0.589743589744	raw	57
A	59	1	69	1.98614072494	norm	57
G	59	1	23	0.196581196581	raw	57
G	59	1	23	1.0534351145	norm	57
T	59	1	16	0.136752136752	raw	57
T	59	1	16	0.436584133401	norm	57
C	59	1	9	0.0769230769231	raw	57
C	59	1	9	0.378504672896	norm	57
A	60	1	43	0.367521367521	raw	57
A	60	1	43	1.23773987207	norm	57
T	60	1	30	0.25641025641	raw	57
T	60	1	30	0.818595250127	norm	57
C	60	1	23	0.196581196581	raw	57
C	60	1	23	0.967289719624	norm	57
G	60	1	21	0.179487179487	raw	57
G	60	1	21	0.961832061067	norm	57
A	61	1	40	0.34188034188	raw	57
A	61	1	40	1.1513859275	norm	57
T	61	1	29	0.247863247863	raw	57
T	61	1	29	0.791308741789	norm	57
C	61	1	26	0.222222222222	raw	57
C	61	1	26	1.09345794392	norm	57
G	61	1	22	0.188034188034	raw	57
G	61	1	22	1.00763358778	norm	57
T	62	1	39	0.333333333333	raw	57
T	62	1	39	1.06417382517	norm	57
C	62	1	33	0.282051282051	raw	57
C	62	1	33	1.38785046729	norm	57
G	62	1	23	0.196581196581	raw	57
G	62	1	23	1.0534351145	norm	57
A	62	1	22	0.188034188034	raw	57
A	62	1	22	0.633262260127	norm	57
A	63	1	55	0.470085470085	raw	57
A	63	1	55	1.58315565032	norm	57
T	63	1	29	0.247863247863	raw	57
T	63	1	29	0.791308741789	norm	57
C	63	1	20	0.17094017094	raw	57
C	63	1	20	0.841121495325	norm	57
G	63	1	13	0.111111111111	raw	57
G	63	1	13	0.595419847327	norm	57
T	64	1	40	0.34188034188	raw	57
T	64	1	40	1.0914603335	norm	57
C	64	1	39	0.333333333333	raw	57
C	64	1	39	1.64018691588	norm	57
A	64	1	27	0.230769230769	raw	57
A	64	1	27	0.777185501065	norm	57
G	64	1	11	0.0940170940171	raw	57
G	64	1	11	0.503816793892	norm	57
A	65	1	42	0.358974358974	raw	57
A	65	1	42	1.20895522388	norm	57
T	65	1	40	0.34188034188	raw	57
T	65	1	40	1.0914603335	norm	57
G	65	1	26	0.222222222222	raw	57
G	65	1	26	1.19083969465	norm	57
C	65	1	9	0.0769230769231	raw	57
C	65	1	9	0.378504672896	norm	57
A	66	1	42	0.358974358974	raw	57
A	66	1	42	1.20895522388	norm	57
G	66	1	32	0.273504273504	raw	57
G	66	1	32	1.46564885496	norm	57
T	66	1	30	0.25641025641	raw	57
T	66	1	30	0.818595250127	norm	57
C	66	1	13	0.111111111111	raw	57
C	66	1	13	0.546728971961	norm	57
A	67	1	54	0.461538461538	raw	57
A	67	1	54	1.55437100213	norm	57
G	67	1	26	0.222222222222	raw	57
G	67	1	26	1.19083969465	norm	57
T	67	1	23	0.196581196581	raw	57
T	67	1	23	0.627589691764	norm	57
C	67	1	14	0.119658119658	raw	57
C	67	1	14	0.588785046728	norm	57
T	68	1	48	0.410256410256	raw	57
T	68	1	48	1.3097524002	norm	57
A	68	1	41	0.350427350427	raw	57
A	68	1	41	1.18017057569	norm	57
G	68	1	17	0.145299145299	raw	57
G	68	1	17	0.778625954197	norm	57
C	68	1	11	0.0940170940171	raw	57
C	68	1	11	0.462616822429	norm	57
G	69	1	38	0.324786324786	raw	57
G	69	1	38	1.74045801526	norm	57
A	69	1	31	0.264957264957	raw	57
A	69	1	31	0.892324093815	norm	57
T	69	1	28	0.239316239316	raw	57
T	69	1	28	0.764022233452	norm	57
C	69	1	20	0.17094017094	raw	57
C	69	1	20	0.841121495325	norm	57
A	70	1	47	0.401709401709	raw	57
A	70	1	47	1.35287846482	norm	57
G	70	1	27	0.230769230769	raw	57
G	70	1	27	1.23664122137	norm	57
T	70	1	26	0.222222222222	raw	57
T	70	1	26	0.709449216777	norm	57
C	70	1	17	0.145299145299	raw	57
C	70	1	17	0.714953271026	norm	57
T	71	1	53	0.452991452991	raw	57
T	71	1	53	1.44618494189	norm	57
A	71	1	33	0.282051282051	raw	57
A	71	1	33	0.94989339019	norm	57
G	71	1	26	0.222222222222	raw	57
G	71	1	26	1.19083969465	norm	57
C	71	1	5	0.042735042735	raw	57
C	71	1	5	0.210280373831	norm	57
T	72	1	38	0.324786324786	raw	57
T	72	1	38	1.03688731683	norm	57
G	72	1	30	0.25641025641	raw	57
G	72	1	30	1.37404580152	norm	57
A	72	1	26	0.222222222222	raw	57
A	72	1	26	0.748400852877	norm	57
C	72	1	23	0.196581196581	raw	57
C	72	1	23	0.967289719624	norm	57
T	73	1	46	0.393162393162	raw	57
T	73	1	46	1.25517938353	norm	57
G	73	1	32	0.273504273504	raw	57
G	73	1	32	1.46564885496	norm	57
A	73	1	31	0.264957264957	raw	57
A	73	1	31	0.892324093815	norm	57
C	73	1	8	0.0683760683761	raw	57
C	73	1	8	0.33644859813	norm	57
T	74	1	42	0.358974358974	raw	57
T	74	1	42	1.14603335018	norm	57
C	74	1	31	0.264957264957	raw	57
C	74	1	31	1.30373831775	norm	57
A	74	1	27	0.230769230769	raw	57
A	74	1	27	0.777185501065	norm	57
G	74	1	17	0.145299145299	raw	57
G	74	1	17	0.778625954197	norm	57
A	75	1	42	0.358974358974	raw	57
A	75	1	42	1.20895522388	norm	57
G	75	1	33	0.282051282051	raw	57
G	75	1	33	1.51145038168	norm	57
T	75	1	27	0.230769230769	raw	57
T	75	1	27	0.736735725114	norm	57
C	75	1	15	0.128205128205	raw	57
C	75	1	15	0.630841121494	norm	57
A	76	1	49	0.418803418803	raw	57
A	76	1	49	1.41044776119	norm	57
T	76	1	35	0.299145299145	raw	57
T	76	1	35	0.955027791815	norm	57
G	76	1	23	0.196581196581	raw	57
G	76	1	23	1.0534351145	norm	57
C	76	1	10	0.0854700854701	raw	57
C	76	1	10	0.420560747663	norm	57
A	77	1	57	0.487179487179	raw	57
A	77	1	57	1.64072494669	norm	57
T	77	1	43	0.367521367521	raw	57
T	77	1	43	1.17331985852	norm	57
G	77	1	13	0.111111111111	raw	57
G	77	1	13	0.595419847327	norm	57
C	77	1	4	0.034188034188	raw	57
C	77	1	4	0.168224299065	norm	57
T	78	1	41	0.350427350427	raw	57
T	78	1	41	1.11874684184	norm	57
A	78	1	38	0.324786324786	raw	57
A	78	1	38	1.09381663113	norm	57
C	78	1	28	0.239316239316	raw	57
C	78	1	28	1.17757009346	norm	57
G	78	1	10	0.0854700854701	raw	57
G	78	1	10	0.458015267175	norm	57
A	79	1	55	0.470085470085	raw	57
A	79	1	55	1.58315565032	norm	57
T	79	1	46	0.393162393162	raw	57
T	79	1	46	1.25517938353	norm	57
G	79	1	9	0.0769230769231	raw	57
G	79	1	9	0.412213740457	norm	57
C	79	1	7	0.0598290598291	raw	57
C	79	1	7	0.294392523364	norm	57
A	80	1	38	0.324786324786	raw	57
A	80	1	38	1.09381663113	norm	57
T	80	1	31	0.264957264957	raw	57
T	80	1	31	0.845881758465	norm	57
G	80	1	25	0.213675213675	raw	57
G	80	1	25	1.14503816794	norm	57
C	80	1	23	0.196581196581	raw	57
C	80	1	23	0.967289719624	norm	57
A	81	1	41	0.350427350427	raw	57
A	81	1	41	1.18017057569	norm	57
T	81	1	35	0.299145299145	raw	57
T	81	1	35	0.955027791815	norm	57
G	81	1	33	0.282051282051	raw	57
G	81	1	33	1.51145038168	norm	57
C	81	1	8	0.0683760683761	raw	57
C	81	1	8	0.33644859813	norm	57
A	82	1	51	0.435897435897	raw	57
A	82	1	51	1.46801705757	norm	57
T	82	1	31	0.264957264957	raw	57
T	82	1	31	0.845881758465	norm	57
G	82	1	23	0.196581196581	raw	57
G	82	1	23	1.0534351145	norm	57
C	82	1	12	0.102564102564	raw	57
C	82	1	12	0.504672897195	norm	57
A	83	1	36	0.307692307692	raw	57
A	83	1	36	1.03624733475	norm	57
T	83	1	36	0.307692307692	raw	57
T	83	1	36	0.982314300152	norm	57
G	83	1	35	0.299145299145	raw	57
G	83	1	35	1.60305343511	norm	57
C	83	1	10	0.0854700854701	raw	57
C	83	1	10	0.420560747663	norm	57
A	84	1	34	0.290598290598	raw	57
A	84	1	34	0.978678038378	norm	57
C	84	1	33	0.282051282051	raw	57
C	84	1	33	1.38785046729	norm	57
T	84	1	33	0.282051282051	raw	57
T	84	1	33	0.90045477514	norm	57
G	84	1	17	0.145299145299	raw	57
G	84	1	17	0.778625954197	norm	57
A	85	1	49	0.418803418803	raw	57
A	85	1	49	1.41044776119	norm	57
T	85	1	34	0.290598290598	raw	57
T	85	1	34	0.927741283477	norm	57
C	85	1	17	0.145299145299	raw	57
C	85	1	17	0.714953271026	norm	57
G	85	1	17	0.145299145299	raw	57
G	85	1	17	0.778625954197	norm	57
A	86	1	53	0.452991452991	raw	57
A	86	1	53	1.52558635394	norm	57
G	86	1	31	0.264957264957	raw	57
G	86	1	31	1.41984732824	norm	57
C	86	1	17	0.145299145299	raw	57
C	86	1	17	0.714953271026	norm	57
T	86	1	16	0.136752136752	raw	57
T	86	1	16	0.436584133401	norm	57
A	87	1	49	0.418803418803	raw	57
A	87	1	49	1.41044776119	norm	57
T	87	1	31	0.264957264957	raw	57
T	87	1	31	0.845881758465	norm	57
C	87	1	23	0.196581196581	raw	57
C	87	1	23	0.967289719624	norm	57
G	87	1	14	0.119658119658	raw	57
G	87	1	14	0.641221374045	norm	57
G	88	1	35	0.299145299145	raw	57
G	88	1	35	1.60305343511	norm	57
A	88	1	34	0.290598290598	raw	57
A	88	1	34	0.978678038378	norm	57
T	88	1	34	0.290598290598	raw	57
T	88	1	34	0.927741283477	norm	57
C	88	1	14	0.119658119658	raw	57
C	88	1	14	0.588785046728	norm	57
A	89	1	40	0.34188034188	raw	57
A	89	1	40	1.1513859275	norm	57
G	89	1	31	0.264957264957	raw	57
G	89	1	31	1.41984732824	norm	57
T	89	1	26	0.222222222222	raw	57
T	89	1	26	0.709449216777	norm	57
C	89	1	20	0.17094017094	raw	57
C	89	1	20	0.841121495325	norm	57
A	90	1	40	0.34188034188	raw	57
A	90	1	40	1.1513859275	norm	57
C	90	1	33	0.282051282051	raw	57
C	90	1	33	1.38785046729	norm	57
T	90	1	22	0.188034188034	raw	57
T	90	1	22	0.600303183426	norm	57
G	90	1	22	0.188034188034	raw	57
G	90	1	22	1.00763358778	norm	57
A	91	1	43	0.367521367521	raw	57
A	91	1	43	1.23773987207	norm	57
G	91	1	31	0.264957264957	raw	57
G	91	1	31	1.41984732824	norm	57
T	91	1	29	0.247863247863	raw	57
T	91	1	29	0.791308741789	norm	57
C	91	1	14	0.119658119658	raw	57
C	91	1	14	0.588785046728	norm	57
T	92	1	33	0.282051282051	raw	57
T	92	1	33	0.90045477514	norm	57
A	92	1	32	0.273504273504	raw	57
A	92	1	32	0.921108742003	norm	57
G	92	1	32	0.273504273504	raw	57
G	92	1	32	1.46564885496	norm	57
C	92	1	20	0.17094017094	raw	57
C	92	1	20	0.841121495325	norm	57
A	93	1	42	0.358974358974	raw	57
A	93	1	42	1.20895522388	norm	57
T	93	1	35	0.299145299145	raw	57
T	93	1	35	0.955027791815	norm	57
G	93	1	26	0.222222222222	raw	57
G	93	1	26	1.19083969465	norm	57
C	93	1	14	0.119658119658	raw	57
C	93	1	14	0.588785046728	norm	57
T	94	1	38	0.324786324786	raw	57
T	94	1	38	1.03688731683	norm	57
A	94	1	33	0.282051282051	raw	57
A	94	1	33	0.94989339019	norm	57
G	94	1	32	0.273504273504	raw	57
G	94	1	32	1.46564885496	norm	57
C	94	1	14	0.119658119658	raw	57
C	94	1	14	0.588785046728	norm	57
T	95	1	37	0.321739130435	raw	57
T	95	1	37	1.02715908342	norm	57
A	95	1	35	0.304347826087	raw	57
A	95	1	35	1.02498377677	norm	57
G	95	1	28	0.24347826087	raw	57
G	95	1	28	1.30474610023	norm	57
C	95	1	15	0.130434782609	raw	57
C	95	1	15	0.641812271433	norm	57
A	96	1	48	0.410256410256	raw	57
A	96	1	48	1.381663113	norm	57
T	96	1	36	0.307692307692	raw	57
T	96	1	36	0.982314300152	norm	57
G	96	1	22	0.188034188034	raw	57
G	96	1	22	1.00763358778	norm	57
C	96	1	11	0.0940170940171	raw	57
C	96	1	11	0.462616822429	norm	57
T	97	1	54	0.461538461538	raw	57
T	97	1	54	1.47347145023	norm	57
A	97	1	30	0.25641025641	raw	57
A	97	1	30	0.863539445628	norm	57
G	97	1	27	0.230769230769	raw	57
G	97	1	27	1.23664122137	norm	57
C	97	1	6	0.0512820512821	raw	57
C	97	1	6	0.252336448598	norm	57
T	98	1	47	0.405172413793	raw	57
T	98	1	47	1.29352163231	norm	57
A	98	1	39	0.336206896552	raw	57
A	98	1	39	1.13227887655	norm	57
C	98	1	15	0.129310344828	raw	57
C	98	1	15	0.636279407024	norm	57
G	98	1	15	0.129310344828	raw	57
G	98	1	15	0.692945511976	norm	57
G	99	1	49	0.418803418803	raw	57
G	99	1	49	2.24427480916	norm	57
A	99	1	35	0.299145299145	raw	57
A	99	1	35	1.00746268657	norm	57
T	99	1	23	0.196581196581	raw	57
T	99	1	23	0.627589691764	norm	57
C	99	1	10	0.0854700854701	raw	57
C	99	1	10	0.420560747663	norm	57
T	100	1	38	0.324786324786	raw	57
T	100	1	38	1.03688731683	norm	57
A	100	1	32	0.273504273504	raw	57
A	100	1	32	0.921108742003	norm	57
G	100	1	29	0.247863247863	raw	57
G	100	1	29	1.32824427481	norm	57
C	100	1	18	0.153846153846	raw	57
C	100	1	18	0.757009345793	norm	57
