#nuc	offset	region.size	count	freq	norm.freq	total.sites
T	-100	1	1309	0.40652173913	raw	1716
T	-100	1	1309	0.99819740828	norm	1716
A	-100	1	1259	0.39099378882	raw	1716
A	-100	1	1259	0.927287351356	norm	1716
G	-100	1	342	0.106211180124	raw	1716
G	-100	1	342	1.16609353896	norm	1716
C	-100	1	310	0.0962732919255	raw	1716
C	-100	1	310	1.20329691215	norm	1716
A	-99	1	1305	0.405279503106	raw	1716
A	-99	1	1305	0.961167588181	norm	1716
T	-99	1	1295	0.402173913043	raw	1716
T	-99	1	1295	0.98752150017	norm	1716
C	-99	1	323	0.100310559006	raw	1716
C	-99	1	323	1.2537577504	norm	1716
G	-99	1	297	0.0922360248447	raw	1716
G	-99	1	297	1.01266017857	norm	1716
T	-98	1	1379	0.428260869565	raw	1716
T	-98	1	1379	1.05157694883	norm	1716
A	-98	1	1267	0.39347826087	raw	1716
A	-98	1	1267	0.933179566456	norm	1716
G	-98	1	331	0.102795031056	raw	1716
G	-98	1	331	1.12858760642	norm	1716
C	-98	1	243	0.0754658385093	raw	1716
C	-98	1	243	0.943229515006	norm	1716
A	-97	1	1335	0.414596273292	raw	1716
A	-97	1	1335	0.983263394806	norm	1716
T	-97	1	1249	0.387888198758	raw	1716
T	-97	1	1249	0.95244351638	norm	1716
G	-97	1	355	0.110248447205	raw	1716
G	-97	1	355	1.21041873196	norm	1716
C	-97	1	281	0.0872670807453	raw	1716
C	-97	1	281	1.09073042682	norm	1716
T	-96	1	1334	0.414285714286	raw	1716
T	-96	1	1334	1.0172615299	norm	1716
A	-96	1	1315	0.408385093168	raw	1716
A	-96	1	1315	0.968532857056	norm	1716
C	-96	1	322	0.1	raw	1716
C	-96	1	322	1.24987614746	norm	1716
G	-96	1	249	0.0773291925466	raw	1716
G	-96	1	249	0.848997927486	norm	1716
A	-95	1	1413	0.438819875776	raw	1716
A	-95	1	1413	1.04071249203	norm	1716
T	-95	1	1207	0.374844720497	raw	1716
T	-95	1	1207	0.92041579205	norm	1716
G	-95	1	320	0.0993788819876	raw	1716
G	-95	1	320	1.09108167388	norm	1716
C	-95	1	280	0.0869565217391	raw	1716
C	-95	1	280	1.08684882388	norm	1716
T	-94	1	1357	0.421428571429	raw	1716
T	-94	1	1357	1.0348005218	norm	1716
A	-94	1	1315	0.408385093168	raw	1716
A	-94	1	1315	0.968532857056	norm	1716
G	-94	1	292	0.0906832298137	raw	1716
G	-94	1	292	0.995612027414	norm	1716
C	-94	1	256	0.0795031055901	raw	1716
C	-94	1	256	0.993690353258	norm	1716
A	-93	1	1374	0.426708074534	raw	1716
A	-93	1	1374	1.01198794342	norm	1716
T	-93	1	1225	0.380434782609	raw	1716
T	-93	1	1225	0.93414195962	norm	1716
C	-93	1	329	0.102173913043	raw	1716
C	-93	1	329	1.27704736805	norm	1716
G	-93	1	292	0.0906832298137	raw	1716
G	-93	1	292	0.995612027414	norm	1716
T	-92	1	1333	0.41397515528	raw	1716
T	-92	1	1333	1.01649896504	norm	1716
A	-92	1	1300	0.403726708075	raw	1716
A	-92	1	1300	0.957484953743	norm	1716
C	-92	1	299	0.0928571428571	raw	1716
C	-92	1	299	1.16059927978	norm	1716
G	-92	1	288	0.0894409937888	raw	1716
G	-92	1	288	0.98197350649	norm	1716
T	-91	1	1325	0.41149068323	raw	1716
T	-91	1	1325	1.01039844612	norm	1716
A	-91	1	1311	0.407142857143	raw	1716
A	-91	1	1311	0.965586749506	norm	1716
G	-91	1	307	0.0953416149068	raw	1716
G	-91	1	307	1.04675648088	norm	1716
C	-91	1	277	0.0860248447205	raw	1716
C	-91	1	277	1.07520401505	norm	1716
T	-90	1	1310	0.406832298137	raw	1716
T	-90	1	1310	0.998959973145	norm	1716
A	-90	1	1304	0.404968944099	raw	1716
A	-90	1	1304	0.960431061293	norm	1716
G	-90	1	325	0.100931677019	raw	1716
G	-90	1	325	1.10812982503	norm	1716
C	-90	1	281	0.0872670807453	raw	1716
C	-90	1	281	1.09073042682	norm	1716
A	-89	1	1349	0.418944099379	raw	1716
A	-89	1	1349	0.993574771231	norm	1716
T	-89	1	1271	0.394720496894	raw	1716
T	-89	1	1271	0.96921994341	norm	1716
C	-89	1	306	0.0950310559006	raw	1716
C	-89	1	306	1.18777050038	norm	1716
G	-89	1	294	0.0913043478261	raw	1716
G	-89	1	294	1.00243128788	norm	1716
A	-88	1	1322	0.410559006211	raw	1716
A	-88	1	1322	0.973688545268	norm	1716
T	-88	1	1301	0.404037267081	raw	1716
T	-88	1	1301	0.99209688936	norm	1716
C	-88	1	315	0.0978260869565	raw	1716
C	-88	1	315	1.22270492686	norm	1716
G	-88	1	282	0.0875776397516	raw	1716
G	-88	1	282	0.961515725105	norm	1716
A	-87	1	1327	0.412111801242	raw	1716
A	-87	1	1327	0.977371179706	norm	1716
T	-87	1	1313	0.407763975155	raw	1716
T	-87	1	1313	1.00124766774	norm	1716
C	-87	1	320	0.0993788819876	raw	1716
C	-87	1	320	1.24211294157	norm	1716
G	-87	1	260	0.0807453416149	raw	1716
G	-87	1	260	0.886503860026	norm	1716
T	-86	1	1398	0.434161490683	raw	1716
T	-86	1	1398	1.06606568126	norm	1716
A	-86	1	1297	0.402795031056	raw	1716
A	-86	1	1297	0.955275373081	norm	1716
C	-86	1	275	0.0854037267081	raw	1716
C	-86	1	275	1.06744080916	norm	1716
G	-86	1	250	0.0776397515528	raw	1716
G	-86	1	250	0.852407557717	norm	1716
T	-85	1	1307	0.405900621118	raw	1716
T	-85	1	1307	0.99667227855	norm	1716
A	-85	1	1260	0.391304347826	raw	1716
A	-85	1	1260	0.928023878244	norm	1716
C	-85	1	343	0.10652173913	raw	1716
C	-85	1	343	1.33138980925	norm	1716
G	-85	1	310	0.0962732919255	raw	1716
G	-85	1	310	1.05698537157	norm	1716
A	-84	1	1314	0.408074534161	raw	1716
A	-84	1	1314	0.967796330168	norm	1716
T	-84	1	1264	0.392546583851	raw	1716
T	-84	1	1264	0.963881989355	norm	1716
C	-84	1	339	0.105279503106	raw	1716
C	-84	1	339	1.31586339748	norm	1716
G	-84	1	303	0.094099378882	raw	1716
G	-84	1	303	1.03311795995	norm	1716
T	-83	1	1355	0.420807453416	raw	1716
T	-83	1	1355	1.03327539207	norm	1716
A	-83	1	1264	0.392546583851	raw	1716
A	-83	1	1264	0.930969985794	norm	1716
G	-83	1	320	0.0993788819876	raw	1716
G	-83	1	320	1.09108167388	norm	1716
C	-83	1	281	0.0872670807453	raw	1716
C	-83	1	281	1.09073042682	norm	1716
T	-82	1	1333	0.41397515528	raw	1716
T	-82	1	1333	1.01649896504	norm	1716
A	-82	1	1299	0.403416149068	raw	1716
A	-82	1	1299	0.956748426856	norm	1716
C	-82	1	318	0.0987577639752	raw	1716
C	-82	1	318	1.23434973569	norm	1716
G	-82	1	270	0.083850931677	raw	1716
G	-82	1	270	0.920600162335	norm	1716
T	-81	1	1293	0.401552795031	raw	1716
T	-81	1	1293	0.98599637044	norm	1716
A	-81	1	1282	0.398136645963	raw	1716
A	-81	1	1282	0.944227469769	norm	1716
G	-81	1	354	0.109937888199	raw	1716
G	-81	1	354	1.20700910173	norm	1716
C	-81	1	291	0.0903726708075	raw	1716
C	-81	1	291	1.12954645624	norm	1716
A	-80	1	1341	0.416459627329	raw	1716
A	-80	1	1341	0.987682556131	norm	1716
T	-80	1	1260	0.391304347826	raw	1716
T	-80	1	1260	0.960831729895	norm	1716
C	-80	1	314	0.0975155279503	raw	1716
C	-80	1	314	1.21882332392	norm	1716
G	-80	1	305	0.0947204968944	raw	1716
G	-80	1	305	1.03993722041	norm	1716
T	-79	1	1312	0.407453416149	raw	1716
T	-79	1	1312	1.00048510287	norm	1716
A	-79	1	1273	0.395341614907	raw	1716
A	-79	1	1273	0.937598727781	norm	1716
C	-79	1	335	0.104037267081	raw	1716
C	-79	1	335	1.30033698571	norm	1716
G	-79	1	300	0.0931677018634	raw	1716
G	-79	1	300	1.02288906926	norm	1716
T	-78	1	1304	0.404968944099	raw	1716
T	-78	1	1304	0.994384583955	norm	1716
A	-78	1	1285	0.399068322981	raw	1716
A	-78	1	1285	0.946437050431	norm	1716
C	-78	1	347	0.107763975155	raw	1716
C	-78	1	347	1.34691622102	norm	1716
G	-78	1	284	0.088198757764	raw	1716
G	-78	1	284	0.968334985567	norm	1716
A	-77	1	1349	0.418944099379	raw	1716
A	-77	1	1349	0.993574771231	norm	1716
T	-77	1	1278	0.396894409938	raw	1716
T	-77	1	1278	0.974557897465	norm	1716
G	-77	1	307	0.0953416149068	raw	1716
G	-77	1	307	1.04675648088	norm	1716
C	-77	1	286	0.0888198757764	raw	1716
C	-77	1	286	1.11013844153	norm	1716
A	-76	1	1290	0.400621118012	raw	1716
A	-76	1	1290	0.950119684869	norm	1716
T	-76	1	1283	0.398447204969	raw	1716
T	-76	1	1283	0.97837072179	norm	1716
G	-76	1	329	0.102173913043	raw	1716
G	-76	1	329	1.12176834596	norm	1716
C	-76	1	318	0.0987577639752	raw	1716
C	-76	1	318	1.23434973569	norm	1716
T	-75	1	1330	0.413043478261	raw	1716
T	-75	1	1330	1.01421127044	norm	1716
A	-75	1	1288	0.4	raw	1716
A	-75	1	1288	0.948646631094	norm	1716
C	-75	1	309	0.0959627329193	raw	1716
C	-75	1	309	1.19941530921	norm	1716
G	-75	1	293	0.0909937888199	raw	1716
G	-75	1	293	0.999021657645	norm	1716
T	-74	1	1362	0.42298136646	raw	1716
T	-74	1	1362	1.03861334612	norm	1716
A	-74	1	1316	0.408695652174	raw	1716
A	-74	1	1316	0.969269383943	norm	1716
C	-74	1	284	0.088198757764	raw	1716
C	-74	1	284	1.10237523565	norm	1716
G	-74	1	258	0.0801242236025	raw	1716
G	-74	1	258	0.879684599564	norm	1716
A	-73	1	1311	0.407142857143	raw	1716
A	-73	1	1311	0.965586749506	norm	1716
T	-73	1	1236	0.383850931677	raw	1716
T	-73	1	1236	0.942530173135	norm	1716
G	-73	1	367	0.11397515528	raw	1716
G	-73	1	367	1.25133429473	norm	1716
C	-73	1	306	0.0950310559006	raw	1716
C	-73	1	306	1.18777050038	norm	1716
A	-72	1	1311	0.407142857143	raw	1716
A	-72	1	1311	0.965586749506	norm	1716
T	-72	1	1261	0.391614906832	raw	1716
T	-72	1	1261	0.96159429476	norm	1716
G	-72	1	344	0.106832298137	raw	1716
G	-72	1	344	1.17291279942	norm	1716
C	-72	1	304	0.0944099378882	raw	1716
C	-72	1	304	1.18000729449	norm	1716
A	-71	1	1340	0.416149068323	raw	1716
A	-71	1	1340	0.986946029243	norm	1716
T	-71	1	1275	0.395962732919	raw	1716
T	-71	1	1275	0.97227020287	norm	1716
G	-71	1	314	0.0975155279503	raw	1716
G	-71	1	314	1.07062389249	norm	1716
C	-71	1	291	0.0903726708075	raw	1716
C	-71	1	291	1.12954645624	norm	1716
T	-70	1	1342	0.416770186335	raw	1716
T	-70	1	1342	1.02336204882	norm	1716
A	-70	1	1291	0.400931677019	raw	1716
A	-70	1	1291	0.950856211756	norm	1716
C	-70	1	306	0.0950310559006	raw	1716
C	-70	1	306	1.18777050038	norm	1716
G	-70	1	281	0.0872670807453	raw	1716
G	-70	1	281	0.958106094874	norm	1716
A	-69	1	1343	0.417080745342	raw	1716
A	-69	1	1343	0.989155609906	norm	1716
T	-69	1	1272	0.395031055901	raw	1716
T	-69	1	1272	0.969982508275	norm	1716
C	-69	1	324	0.100621118012	raw	1716
C	-69	1	324	1.25763935334	norm	1716
G	-69	1	281	0.0872670807453	raw	1716
G	-69	1	281	0.958106094874	norm	1716
A	-68	1	1392	0.432298136646	raw	1716
A	-68	1	1392	1.02524542739	norm	1716
T	-68	1	1236	0.383850931677	raw	1716
T	-68	1	1236	0.942530173135	norm	1716
G	-68	1	305	0.0947204968944	raw	1716
G	-68	1	305	1.03993722041	norm	1716
C	-68	1	287	0.0891304347826	raw	1716
C	-68	1	287	1.11402004447	norm	1716
T	-67	1	1309	0.40652173913	raw	1716
T	-67	1	1309	0.99819740828	norm	1716
A	-67	1	1298	0.403105590062	raw	1716
A	-67	1	1298	0.956011899968	norm	1716
G	-67	1	307	0.0953416149068	raw	1716
G	-67	1	307	1.04675648088	norm	1716
C	-67	1	306	0.0950310559006	raw	1716
C	-67	1	306	1.18777050038	norm	1716
T	-66	1	1305	0.405279503106	raw	1716
T	-66	1	1305	0.99514714882	norm	1716
A	-66	1	1231	0.382298136646	raw	1716
A	-66	1	1231	0.906664598506	norm	1716
G	-66	1	349	0.108385093168	raw	1716
G	-66	1	349	1.18996095057	norm	1716
C	-66	1	335	0.104037267081	raw	1716
C	-66	1	335	1.30033698571	norm	1716
A	-65	1	1321	0.410248447205	raw	1716
A	-65	1	1321	0.972952018381	norm	1716
T	-65	1	1281	0.397826086957	raw	1716
T	-65	1	1281	0.97684559206	norm	1716
G	-65	1	334	0.103726708075	raw	1716
G	-65	1	334	1.13881649711	norm	1716
C	-65	1	284	0.088198757764	raw	1716
C	-65	1	284	1.10237523565	norm	1716
A	-64	1	1365	0.423913043478	raw	1716
A	-64	1	1365	1.00535920143	norm	1716
T	-64	1	1290	0.400621118012	raw	1716
T	-64	1	1290	0.983708675845	norm	1716
C	-64	1	318	0.0987577639752	raw	1716
C	-64	1	318	1.23434973569	norm	1716
G	-64	1	247	0.0767080745342	raw	1716
G	-64	1	247	0.842178667025	norm	1716
T	-63	1	1335	0.414596273292	raw	1716
T	-63	1	1335	1.01802409477	norm	1716
A	-63	1	1312	0.407453416149	raw	1716
A	-63	1	1312	0.966323276393	norm	1716
C	-63	1	287	0.0891304347826	raw	1716
C	-63	1	287	1.11402004447	norm	1716
G	-63	1	286	0.0888198757764	raw	1716
G	-63	1	286	0.975154246028	norm	1716
T	-62	1	1356	0.421118012422	raw	1716
T	-62	1	1356	1.03403795693	norm	1716
A	-62	1	1277	0.396583850932	raw	1716
A	-62	1	1277	0.940544835331	norm	1716
C	-62	1	306	0.0950310559006	raw	1716
C	-62	1	306	1.18777050038	norm	1716
G	-62	1	281	0.0872670807453	raw	1716
G	-62	1	281	0.958106094874	norm	1716
A	-61	1	1351	0.419565217391	raw	1716
A	-61	1	1351	0.995047825006	norm	1716
T	-61	1	1302	0.404347826087	raw	1716
T	-61	1	1302	0.992859454225	norm	1716
C	-61	1	294	0.0913043478261	raw	1716
C	-61	1	294	1.14119126507	norm	1716
G	-61	1	273	0.0847826086957	raw	1716
G	-61	1	273	0.930829053027	norm	1716
T	-60	1	1279	0.397204968944	raw	1716
T	-60	1	1279	0.97532046233	norm	1716
A	-60	1	1260	0.391304347826	raw	1716
A	-60	1	1260	0.928023878244	norm	1716
C	-60	1	385	0.119565217391	raw	1716
C	-60	1	385	1.49441713283	norm	1716
G	-60	1	296	0.0919254658385	raw	1716
G	-60	1	296	1.00925054834	norm	1716
T	-59	1	1364	0.423602484472	raw	1716
T	-59	1	1364	1.04013847585	norm	1716
A	-59	1	1306	0.405590062112	raw	1716
A	-59	1	1306	0.961904115068	norm	1716
G	-59	1	286	0.0888198757764	raw	1716
G	-59	1	286	0.975154246028	norm	1716
C	-59	1	264	0.0819875776398	raw	1716
C	-59	1	264	1.0247431768	norm	1716
T	-58	1	1336	0.414906832298	raw	1716
T	-58	1	1336	1.01878665963	norm	1716
A	-58	1	1260	0.391304347826	raw	1716
A	-58	1	1260	0.928023878244	norm	1716
G	-58	1	326	0.101242236025	raw	1716
G	-58	1	326	1.11153945526	norm	1716
C	-58	1	298	0.0925465838509	raw	1716
C	-58	1	298	1.15671767684	norm	1716
T	-57	1	1312	0.407453416149	raw	1716
T	-57	1	1312	1.00048510287	norm	1716
A	-57	1	1245	0.386645962733	raw	1716
A	-57	1	1245	0.916975974931	norm	1716
G	-57	1	334	0.103726708075	raw	1716
G	-57	1	334	1.13881649711	norm	1716
C	-57	1	329	0.102173913043	raw	1716
C	-57	1	329	1.27704736805	norm	1716
T	-56	1	1314	0.408074534161	raw	1716
T	-56	1	1314	1.0020102326	norm	1716
A	-56	1	1308	0.406211180124	raw	1716
A	-56	1	1308	0.963377168843	norm	1716
G	-56	1	332	0.103105590062	raw	1716
G	-56	1	332	1.13199723665	norm	1716
C	-56	1	266	0.0826086956522	raw	1716
C	-56	1	266	1.03250638268	norm	1716
T	-55	1	1342	0.416770186335	raw	1716
T	-55	1	1342	1.02336204882	norm	1716
A	-55	1	1288	0.4	raw	1716
A	-55	1	1288	0.948646631094	norm	1716
G	-55	1	298	0.0925465838509	raw	1716
G	-55	1	298	1.0160698088	norm	1716
C	-55	1	292	0.0906832298137	raw	1716
C	-55	1	292	1.13342805918	norm	1716
A	-54	1	1316	0.408695652174	raw	1716
A	-54	1	1316	0.969269383943	norm	1716
T	-54	1	1307	0.405900621118	raw	1716
T	-54	1	1307	0.99667227855	norm	1716
C	-54	1	299	0.0928571428571	raw	1716
C	-54	1	299	1.16059927978	norm	1716
G	-54	1	298	0.0925465838509	raw	1716
G	-54	1	298	1.0160698088	norm	1716
T	-53	1	1406	0.436645962733	raw	1716
T	-53	1	1406	1.07216620018	norm	1716
A	-53	1	1217	0.377950310559	raw	1716
A	-53	1	1217	0.896353222081	norm	1716
G	-53	1	331	0.102795031056	raw	1716
G	-53	1	331	1.12858760642	norm	1716
C	-53	1	266	0.0826086956522	raw	1716
C	-53	1	266	1.03250638268	norm	1716
A	-52	1	1358	0.421739130435	raw	1716
A	-52	1	1358	1.00020351322	norm	1716
T	-52	1	1228	0.381366459627	raw	1716
T	-52	1	1228	0.936429654215	norm	1716
C	-52	1	340	0.105590062112	raw	1716
C	-52	1	340	1.31974500042	norm	1716
G	-52	1	294	0.0913043478261	raw	1716
G	-52	1	294	1.00243128788	norm	1716
T	-51	1	1315	0.408385093168	raw	1716
T	-51	1	1315	1.00277279747	norm	1716
A	-51	1	1298	0.403105590062	raw	1716
A	-51	1	1298	0.956011899968	norm	1716
C	-51	1	310	0.0962732919255	raw	1716
C	-51	1	310	1.20329691215	norm	1716
G	-51	1	297	0.0922360248447	raw	1716
G	-51	1	297	1.01266017857	norm	1716
A	-50	1	1401	0.435093167702	raw	1716
A	-50	1	1401	1.03187416938	norm	1716
T	-50	1	1212	0.376397515528	raw	1716
T	-50	1	1212	0.924228616375	norm	1716
C	-50	1	306	0.0950310559006	raw	1716
C	-50	1	306	1.18777050038	norm	1716
G	-50	1	301	0.0934782608696	raw	1716
G	-50	1	301	1.02629869949	norm	1716
T	-49	1	1327	0.412111801242	raw	1716
T	-49	1	1327	1.01192357585	norm	1716
A	-49	1	1288	0.4	raw	1716
A	-49	1	1288	0.948646631094	norm	1716
C	-49	1	305	0.0947204968944	raw	1716
C	-49	1	305	1.18388889744	norm	1716
G	-49	1	300	0.0931677018634	raw	1716
G	-49	1	300	1.02288906926	norm	1716
A	-48	1	1330	0.413043478261	raw	1716
A	-48	1	1330	0.979580760368	norm	1716
T	-48	1	1252	0.388819875776	raw	1716
T	-48	1	1252	0.954731210975	norm	1716
C	-48	1	342	0.106211180124	raw	1716
C	-48	1	342	1.32750820631	norm	1716
G	-48	1	296	0.0919254658385	raw	1716
G	-48	1	296	1.00925054834	norm	1716
A	-47	1	1366	0.424223602484	raw	1716
A	-47	1	1366	1.00609572832	norm	1716
T	-47	1	1239	0.384782608696	raw	1716
T	-47	1	1239	0.94481786773	norm	1716
G	-47	1	319	0.0990683229814	raw	1716
G	-47	1	319	1.08767204365	norm	1716
C	-47	1	296	0.0919254658385	raw	1716
C	-47	1	296	1.14895447095	norm	1716
T	-46	1	1305	0.405279503106	raw	1716
T	-46	1	1305	0.99514714882	norm	1716
A	-46	1	1291	0.400931677019	raw	1716
A	-46	1	1291	0.950856211756	norm	1716
C	-46	1	349	0.108385093168	raw	1716
C	-46	1	349	1.3546794269	norm	1716
G	-46	1	275	0.0854037267081	raw	1716
G	-46	1	275	0.937648313489	norm	1716
A	-45	1	1317	0.40900621118	raw	1716
A	-45	1	1317	0.970005910831	norm	1716
T	-45	1	1263	0.392236024845	raw	1716
T	-45	1	1263	0.96311942449	norm	1716
C	-45	1	329	0.102173913043	raw	1716
C	-45	1	329	1.27704736805	norm	1716
G	-45	1	311	0.0965838509317	raw	1716
G	-45	1	311	1.0603950018	norm	1716
A	-44	1	1307	0.405900621118	raw	1716
A	-44	1	1307	0.962640641956	norm	1716
T	-44	1	1303	0.404658385093	raw	1716
T	-44	1	1303	0.99362201909	norm	1716
C	-44	1	335	0.104037267081	raw	1716
C	-44	1	335	1.30033698571	norm	1716
G	-44	1	275	0.0854037267081	raw	1716
G	-44	1	275	0.937648313489	norm	1716
T	-43	1	1311	0.407142857143	raw	1716
T	-43	1	1311	0.99972253801	norm	1716
A	-43	1	1309	0.40652173913	raw	1716
A	-43	1	1309	0.964113695731	norm	1716
C	-43	1	304	0.0944099378882	raw	1716
C	-43	1	304	1.18000729449	norm	1716
G	-43	1	296	0.0919254658385	raw	1716
G	-43	1	296	1.00925054834	norm	1716
T	-42	1	1403	0.435714285714	raw	1716
T	-42	1	1403	1.06987850559	norm	1716
A	-42	1	1186	0.368322981366	raw	1716
A	-42	1	1186	0.873520888569	norm	1716
C	-42	1	329	0.102173913043	raw	1716
C	-42	1	329	1.27704736805	norm	1716
G	-42	1	302	0.0937888198758	raw	1716
G	-42	1	302	1.02970832972	norm	1716
T	-41	1	1362	0.42298136646	raw	1716
T	-41	1	1362	1.03861334612	norm	1716
A	-41	1	1230	0.38198757764	raw	1716
A	-41	1	1230	0.905928071619	norm	1716
C	-41	1	315	0.0978260869565	raw	1716
C	-41	1	315	1.22270492686	norm	1716
G	-41	1	313	0.0972049689441	raw	1716
G	-41	1	313	1.06721426226	norm	1716
A	-40	1	1363	0.423291925466	raw	1716
A	-40	1	1363	1.00388614766	norm	1716
T	-40	1	1190	0.369565217391	raw	1716
T	-40	1	1190	0.907452189345	norm	1716
G	-40	1	340	0.105590062112	raw	1716
G	-40	1	340	1.1592742785	norm	1716
C	-40	1	327	0.101552795031	raw	1716
C	-40	1	327	1.26928416217	norm	1716
T	-39	1	1276	0.396273291925	raw	1716
T	-39	1	1276	0.973032767735	norm	1716
A	-39	1	1201	0.37298136646	raw	1716
A	-39	1	1201	0.884568791881	norm	1716
G	-39	1	391	0.121428571429	raw	1716
G	-39	1	391	1.33316542027	norm	1716
C	-39	1	352	0.109316770186	raw	1716
C	-39	1	352	1.36632423573	norm	1716
T	-38	1	1349	0.418944099379	raw	1716
T	-38	1	1349	1.02870000288	norm	1716
A	-38	1	1247	0.387267080745	raw	1716
A	-38	1	1247	0.918449028706	norm	1716
G	-38	1	313	0.0972049689441	raw	1716
G	-38	1	313	1.06721426226	norm	1716
C	-38	1	311	0.0965838509317	raw	1716
C	-38	1	311	1.20717851509	norm	1716
T	-37	1	1291	0.400931677019	raw	1716
T	-37	1	1291	0.98447124071	norm	1716
A	-37	1	1290	0.400621118012	raw	1716
A	-37	1	1290	0.950119684869	norm	1716
C	-37	1	320	0.0993788819876	raw	1716
C	-37	1	320	1.24211294157	norm	1716
G	-37	1	319	0.0990683229814	raw	1716
G	-37	1	319	1.08767204365	norm	1716
T	-36	1	1276	0.396273291925	raw	1716
T	-36	1	1276	0.973032767735	norm	1716
A	-36	1	1239	0.384782608696	raw	1716
A	-36	1	1239	0.912556813606	norm	1716
G	-36	1	398	0.123602484472	raw	1716
G	-36	1	398	1.35703283189	norm	1716
C	-36	1	307	0.0953416149068	raw	1716
C	-36	1	307	1.19165210332	norm	1716
A	-35	1	1350	0.419254658385	raw	1716
A	-35	1	1350	0.994311298118	norm	1716
T	-35	1	1205	0.374223602484	raw	1716
T	-35	1	1205	0.91889066232	norm	1716
C	-35	1	334	0.103726708075	raw	1716
C	-35	1	334	1.29645538277	norm	1716
G	-35	1	331	0.102795031056	raw	1716
G	-35	1	331	1.12858760642	norm	1716
A	-34	1	1362	0.42298136646	raw	1716
A	-34	1	1362	1.00314962077	norm	1716
T	-34	1	1219	0.378571428571	raw	1716
T	-34	1	1219	0.92956657043	norm	1716
C	-34	1	372	0.115527950311	raw	1716
C	-34	1	372	1.44395629458	norm	1716
G	-34	1	267	0.0829192546584	raw	1716
G	-34	1	267	0.910371271642	norm	1716
T	-33	1	1329	0.412732919255	raw	1716
T	-33	1	1329	1.01344870558	norm	1716
A	-33	1	1263	0.392236024845	raw	1716
A	-33	1	1263	0.930233458906	norm	1716
G	-33	1	341	0.105900621118	raw	1716
G	-33	1	341	1.16268390873	norm	1716
C	-33	1	287	0.0891304347826	raw	1716
C	-33	1	287	1.11402004447	norm	1716
A	-32	1	1344	0.417391304348	raw	1716
A	-32	1	1344	0.989892136793	norm	1716
T	-32	1	1219	0.378571428571	raw	1716
T	-32	1	1219	0.92956657043	norm	1716
C	-32	1	343	0.10652173913	raw	1716
C	-32	1	343	1.33138980925	norm	1716
G	-32	1	314	0.0975155279503	raw	1716
G	-32	1	314	1.07062389249	norm	1716
T	-31	1	1323	0.410869565217	raw	1716
T	-31	1	1323	1.00887331639	norm	1716
A	-31	1	1258	0.390683229814	raw	1716
A	-31	1	1258	0.926550824469	norm	1716
C	-31	1	335	0.104037267081	raw	1716
C	-31	1	335	1.30033698571	norm	1716
G	-31	1	304	0.0944099378882	raw	1716
G	-31	1	304	1.03652759018	norm	1716
A	-30	1	1310	0.406832298137	raw	1716
A	-30	1	1310	0.964850222618	norm	1716
T	-30	1	1172	0.36397515528	raw	1716
T	-30	1	1172	0.893726021775	norm	1716
G	-30	1	374	0.116149068323	raw	1716
G	-30	1	374	1.27520170634	norm	1716
C	-30	1	364	0.113043478261	raw	1716
C	-30	1	364	1.41290347104	norm	1716
T	-29	1	1323	0.410869565217	raw	1716
T	-29	1	1323	1.00887331639	norm	1716
A	-29	1	1178	0.365838509317	raw	1716
A	-29	1	1178	0.867628673469	norm	1716
C	-29	1	382	0.118633540373	raw	1716
C	-29	1	382	1.482772324	norm	1716
G	-29	1	337	0.104658385093	raw	1716
G	-29	1	337	1.1490453878	norm	1716
T	-28	1	1304	0.404968944099	raw	1716
T	-28	1	1304	0.994384583955	norm	1716
A	-28	1	1279	0.397204968944	raw	1716
A	-28	1	1279	0.942017889106	norm	1716
C	-28	1	345	0.107142857143	raw	1716
C	-28	1	345	1.33915301513	norm	1716
G	-28	1	292	0.0906832298137	raw	1716
G	-28	1	292	0.995612027414	norm	1716
A	-27	1	1285	0.399068322981	raw	1716
A	-27	1	1285	0.946437050431	norm	1716
T	-27	1	1262	0.391925465839	raw	1716
T	-27	1	1262	0.962356859625	norm	1716
C	-27	1	368	0.114285714286	raw	1716
C	-27	1	368	1.42842988281	norm	1716
G	-27	1	305	0.0947204968944	raw	1716
G	-27	1	305	1.03993722041	norm	1716
A	-26	1	1271	0.394720496894	raw	1716
A	-26	1	1271	0.936125674006	norm	1716
T	-26	1	1271	0.394720496894	raw	1716
T	-26	1	1271	0.96921994341	norm	1716
G	-26	1	386	0.119875776398	raw	1716
G	-26	1	386	1.31611726912	norm	1716
C	-26	1	292	0.0906832298137	raw	1716
C	-26	1	292	1.13342805918	norm	1716
T	-25	1	1273	0.395341614907	raw	1716
T	-25	1	1273	0.97074507314	norm	1716
A	-25	1	1259	0.39099378882	raw	1716
A	-25	1	1259	0.927287351356	norm	1716
G	-25	1	366	0.113664596273	raw	1716
G	-25	1	366	1.2479246645	norm	1716
C	-25	1	322	0.1	raw	1716
C	-25	1	322	1.24987614746	norm	1716
T	-24	1	1242	0.385714285714	raw	1716
T	-24	1	1242	0.947105562325	norm	1716
A	-24	1	1215	0.377329192547	raw	1716
A	-24	1	1215	0.894880168306	norm	1716
C	-24	1	387	0.120186335404	raw	1716
C	-24	1	387	1.50218033871	norm	1716
G	-24	1	376	0.116770186335	raw	1716
G	-24	1	376	1.28202096681	norm	1716
T	-23	1	1333	0.41397515528	raw	1716
T	-23	1	1333	1.01649896504	norm	1716
A	-23	1	1185	0.36801242236	raw	1716
A	-23	1	1185	0.872784361682	norm	1716
C	-23	1	355	0.110248447205	raw	1716
C	-23	1	355	1.37796904456	norm	1716
G	-23	1	347	0.107763975155	raw	1716
G	-23	1	347	1.18314169011	norm	1716
A	-22	1	1287	0.399689440994	raw	1716
A	-22	1	1287	0.947910104206	norm	1716
T	-22	1	1272	0.395031055901	raw	1716
T	-22	1	1272	0.969982508275	norm	1716
C	-22	1	347	0.107763975155	raw	1716
C	-22	1	347	1.34691622102	norm	1716
G	-22	1	314	0.0975155279503	raw	1716
G	-22	1	314	1.07062389249	norm	1716
T	-21	1	1369	0.425155279503	raw	1716
T	-21	1	1369	1.04395130018	norm	1716
A	-21	1	1166	0.362111801242	raw	1716
A	-21	1	1166	0.858790350819	norm	1716
C	-21	1	364	0.113043478261	raw	1716
C	-21	1	364	1.41290347104	norm	1716
G	-21	1	321	0.0996894409938	raw	1716
G	-21	1	321	1.09449130411	norm	1716
A	-20	1	1255	0.389751552795	raw	1716
A	-20	1	1255	0.924341243806	norm	1716
T	-20	1	1241	0.385403726708	raw	1716
T	-20	1	1241	0.94634299746	norm	1716
C	-20	1	382	0.118633540373	raw	1716
C	-20	1	382	1.482772324	norm	1716
G	-20	1	342	0.106211180124	raw	1716
G	-20	1	342	1.16609353896	norm	1716
A	-19	1	1239	0.384782608696	raw	1716
A	-19	1	1239	0.912556813606	norm	1716
T	-19	1	1224	0.380124223602	raw	1716
T	-19	1	1224	0.933379394755	norm	1716
C	-19	1	395	0.122670807453	raw	1716
C	-19	1	395	1.53323316225	norm	1716
G	-19	1	362	0.112422360248	raw	1716
G	-19	1	362	1.23428614357	norm	1716
A	-18	1	1238	0.384472049689	raw	1716
A	-18	1	1238	0.911820286719	norm	1716
T	-18	1	1221	0.379192546584	raw	1716
T	-18	1	1221	0.93109170016	norm	1716
C	-18	1	427	0.132608695652	raw	1716
C	-18	1	427	1.65744445641	norm	1716
G	-18	1	334	0.103726708075	raw	1716
G	-18	1	334	1.13881649711	norm	1716
T	-17	1	1284	0.398757763975	raw	1716
T	-17	1	1284	0.979133286655	norm	1716
A	-17	1	1105	0.343167701863	raw	1716
A	-17	1	1105	0.813862210682	norm	1716
C	-17	1	425	0.13198757764	raw	1716
C	-17	1	425	1.64968125053	norm	1716
G	-17	1	406	0.126086956522	raw	1716
G	-17	1	406	1.38430987373	norm	1716
T	-16	1	1233	0.382919254658	raw	1716
T	-16	1	1233	0.94024247854	norm	1716
A	-16	1	1215	0.377329192547	raw	1716
A	-16	1	1215	0.894880168306	norm	1716
C	-16	1	421	0.130745341615	raw	1716
C	-16	1	421	1.63415483876	norm	1716
G	-16	1	351	0.10900621118	raw	1716
G	-16	1	351	1.19678021103	norm	1716
T	-15	1	1239	0.384782608696	raw	1716
T	-15	1	1239	0.94481786773	norm	1716
A	-15	1	1216	0.377639751553	raw	1716
A	-15	1	1216	0.895616695194	norm	1716
G	-15	1	411	0.127639751553	raw	1716
G	-15	1	411	1.40135802489	norm	1716
C	-15	1	354	0.109937888199	raw	1716
C	-15	1	354	1.37408744161	norm	1716
A	-14	1	1279	0.397204968944	raw	1716
A	-14	1	1279	0.942017889106	norm	1716
T	-14	1	1191	0.369875776398	raw	1716
T	-14	1	1191	0.90821475421	norm	1716
C	-14	1	406	0.126086956522	raw	1716
C	-14	1	406	1.57593079462	norm	1716
G	-14	1	344	0.106832298137	raw	1716
G	-14	1	344	1.17291279942	norm	1716
A	-13	1	1236	0.383850931677	raw	1716
A	-13	1	1236	0.910347232944	norm	1716
T	-13	1	1175	0.364906832298	raw	1716
T	-13	1	1175	0.89601371637	norm	1716
C	-13	1	406	0.126086956522	raw	1716
C	-13	1	406	1.57593079462	norm	1716
G	-13	1	403	0.125155279503	raw	1716
G	-13	1	403	1.37408098304	norm	1716
A	-12	1	1233	0.382919254658	raw	1716
A	-12	1	1233	0.908137652281	norm	1716
T	-12	1	1128	0.350310559006	raw	1716
T	-12	1	1128	0.860173167715	norm	1716
C	-12	1	442	0.137267080745	raw	1716
C	-12	1	442	1.71566850055	norm	1716
G	-12	1	417	0.12950310559	raw	1716
G	-12	1	417	1.42181580627	norm	1716
A	-11	1	1226	0.380745341615	raw	1716
A	-11	1	1226	0.902981964069	norm	1716
T	-11	1	1201	0.37298136646	raw	1716
T	-11	1	1201	0.91584040286	norm	1716
C	-11	1	464	0.144099378882	raw	1716
C	-11	1	464	1.80106376528	norm	1716
G	-11	1	329	0.102173913043	raw	1716
G	-11	1	329	1.12176834596	norm	1716
A	-10	1	1239	0.384782608696	raw	1716
A	-10	1	1239	0.912556813606	norm	1716
T	-10	1	1219	0.378571428571	raw	1716
T	-10	1	1219	0.92956657043	norm	1716
C	-10	1	391	0.121428571429	raw	1716
C	-10	1	391	1.51770675048	norm	1716
G	-10	1	371	0.115217391304	raw	1716
G	-10	1	371	1.26497281565	norm	1716
A	-9	1	1158	0.359627329193	raw	1716
A	-9	1	1158	0.852898135719	norm	1716
T	-9	1	1150	0.357142857143	raw	1716
T	-9	1	1150	0.876949594745	norm	1716
G	-9	1	470	0.145962732919	raw	1716
G	-9	1	470	1.60252620851	norm	1716
C	-9	1	442	0.137267080745	raw	1716
C	-9	1	442	1.71566850055	norm	1716
T	-8	1	1201	0.37298136646	raw	1716
T	-8	1	1201	0.91584040286	norm	1716
A	-8	1	1075	0.333850931677	raw	1716
A	-8	1	1075	0.791766404057	norm	1716
G	-8	1	492	0.152795031056	raw	1716
G	-8	1	492	1.67753807359	norm	1716
C	-8	1	452	0.140372670807	raw	1716
C	-8	1	452	1.75448452997	norm	1716
A	-7	1	1090	0.33850931677	raw	1716
A	-7	1	1090	0.80281430737	norm	1716
T	-7	1	1071	0.332608695652	raw	1716
T	-7	1	1071	0.816706970411	norm	1716
C	-7	1	542	0.168322981366	raw	1716
C	-7	1	542	2.10382879479	norm	1716
G	-7	1	517	0.160559006211	raw	1716
G	-7	1	517	1.76277882936	norm	1716
T	-6	1	1163	0.361180124224	raw	1716
T	-6	1	1163	0.88686293799	norm	1716
A	-6	1	1138	0.353416149068	raw	1716
A	-6	1	1138	0.838167597969	norm	1716
C	-6	1	484	0.150310559006	raw	1716
C	-6	1	484	1.87869582413	norm	1716
G	-6	1	435	0.135093167702	raw	1716
G	-6	1	435	1.48318915043	norm	1716
A	-5	1	1178	0.365838509317	raw	1716
A	-5	1	1178	0.867628673469	norm	1716
T	-5	1	1174	0.364596273292	raw	1716
T	-5	1	1174	0.895251151505	norm	1716
C	-5	1	465	0.144409937888	raw	1716
C	-5	1	465	1.80494536822	norm	1716
G	-5	1	403	0.125155279503	raw	1716
G	-5	1	403	1.37408098304	norm	1716
T	-4	1	1254	0.389440993789	raw	1716
T	-4	1	1254	0.956256340705	norm	1716
A	-4	1	1103	0.342546583851	raw	1716
A	-4	1	1103	0.812389156907	norm	1716
G	-4	1	438	0.13602484472	raw	1716
G	-4	1	438	1.49341804112	norm	1716
C	-4	1	425	0.13198757764	raw	1716
C	-4	1	425	1.64968125053	norm	1716
T	-3	1	1129	0.350621118012	raw	1716
T	-3	1	1129	0.86093573258	norm	1716
A	-3	1	1110	0.344720496894	raw	1716
A	-3	1	1110	0.817544845119	norm	1716
C	-3	1	498	0.154658385093	raw	1716
C	-3	1	498	1.93303826532	norm	1716
G	-3	1	483	0.15	raw	1716
G	-3	1	483	1.64685140151	norm	1716
T	-2	1	1375	0.42701863354	raw	1716
T	-2	1	1375	1.04852668937	norm	1716
A	-2	1	1004	0.311801242236	raw	1716
A	-2	1	1004	0.739472995045	norm	1716
C	-2	1	462	0.14347826087	raw	1716
C	-2	1	462	1.7933005594	norm	1716
G	-2	1	379	0.117701863354	raw	1716
G	-2	1	379	1.2922498575	norm	1716
A	-1	1	1151	0.357453416149	raw	1716
A	-1	1	1151	0.847742447507	norm	1716
T	-1	1	1063	0.330124223602	raw	1716
T	-1	1	1063	0.810606451491	norm	1716
C	-1	1	536	0.166459627329	raw	1716
C	-1	1	536	2.08053917713	norm	1716
G	-1	1	470	0.145962732919	raw	1716
G	-1	1	470	1.60252620851	norm	1716
C	0	1	1184	0.367701863354	raw	1716
C	0	1	1184	4.59581788382	norm	1716
A	0	1	823	0.255590062112	raw	1716
A	0	1	823	0.606161628408	norm	1716
G	0	1	612	0.190062111801	raw	1716
G	0	1	612	2.08669370129	norm	1716
T	0	1	601	0.186645962733	raw	1716
T	0	1	601	0.458301483863	norm	1716
A	1	1	1475	0.458074534161	raw	1716
A	1	1	1475	1.08637715906	norm	1716
T	1	1	1066	0.331055900621	raw	1716
T	1	1	1066	0.812894146086	norm	1716
C	1	1	493	0.153105590062	raw	1716
C	1	1	493	1.91363025061	norm	1716
G	1	1	186	0.0577639751553	raw	1716
G	1	1	186	0.634191222942	norm	1716
A	2	1	1133	0.351863354037	raw	1716
A	2	1	1133	0.834484963532	norm	1716
T	2	1	1090	0.33850931677	raw	1716
T	2	1	1090	0.831195702846	norm	1716
G	2	1	521	0.161801242236	raw	1716
G	2	1	521	1.77641735028	norm	1716
C	2	1	476	0.147826086957	raw	1716
C	2	1	476	1.84764300059	norm	1716
T	3	1	1197	0.371739130435	raw	1716
T	3	1	1197	0.9127901434	norm	1716
A	3	1	1070	0.332298136646	raw	1716
A	3	1	1070	0.78808376962	norm	1716
G	3	1	570	0.17701863354	raw	1716
G	3	1	570	1.9434892316	norm	1716
C	3	1	383	0.118944099379	raw	1716
C	3	1	383	1.48665392694	norm	1716
A	4	1	1220	0.378881987578	raw	1716
A	4	1	1220	0.898562802744	norm	1716
T	4	1	1012	0.314285714286	raw	1716
T	4	1	1012	0.771715643376	norm	1716
G	4	1	532	0.165217391304	raw	1716
G	4	1	532	1.81392328282	norm	1716
C	4	1	456	0.141614906832	raw	1716
C	4	1	456	1.77001094174	norm	1716
A	5	1	1163	0.361180124224	raw	1716
A	5	1	1163	0.856580770157	norm	1716
T	5	1	1008	0.313043478261	raw	1716
T	5	1	1008	0.768665383916	norm	1716
G	5	1	560	0.173913043478	raw	1716
G	5	1	560	1.90939292929	norm	1716
C	5	1	489	0.151863354037	raw	1716
C	5	1	489	1.89810383884	norm	1716
T	6	1	1124	0.349068322981	raw	1716
T	6	1	1124	0.857122908255	norm	1716
A	6	1	980	0.304347826087	raw	1716
A	6	1	980	0.721796349745	norm	1716
C	6	1	573	0.177950310559	raw	1716
C	6	1	573	2.224158486	norm	1716
G	6	1	543	0.168633540373	raw	1716
G	6	1	543	1.85142921536	norm	1716
T	7	1	1116	0.346583850932	raw	1716
T	7	1	1116	0.851022389335	norm	1716
A	7	1	992	0.308074534161	raw	1716
A	7	1	992	0.730634672395	norm	1716
G	7	1	568	0.176397515528	raw	1716
G	7	1	568	1.93666997113	norm	1716
C	7	1	544	0.168944099379	raw	1716
C	7	1	544	2.11159200067	norm	1716
T	8	1	1142	0.354658385093	raw	1716
T	8	1	1142	0.870849075825	norm	1716
A	8	1	1034	0.321118012422	raw	1716
A	8	1	1034	0.76156880167	norm	1716
G	8	1	574	0.178260869565	raw	1716
G	8	1	574	1.95712775252	norm	1716
C	8	1	470	0.145962732919	raw	1716
C	8	1	470	1.82435338293	norm	1716
A	9	1	1104	0.342857142857	raw	1716
A	9	1	1104	0.813125683794	norm	1716
T	9	1	1075	0.333850931677	raw	1716
T	9	1	1075	0.819757229871	norm	1716
G	9	1	602	0.186956521739	raw	1716
G	9	1	602	2.05259739898	norm	1716
C	9	1	439	0.136335403727	raw	1716
C	9	1	439	1.70402369172	norm	1716
A	10	1	1070	0.332298136646	raw	1716
A	10	1	1070	0.78808376962	norm	1716
T	10	1	1017	0.315838509317	raw	1716
T	10	1	1017	0.775528467701	norm	1716
G	10	1	670	0.208074534161	raw	1716
G	10	1	670	2.28445225468	norm	1716
C	10	1	463	0.143788819876	raw	1716
C	10	1	463	1.79718216234	norm	1716
T	11	1	1095	0.340062111801	raw	1716
T	11	1	1095	0.835008527171	norm	1716
A	11	1	1034	0.321118012422	raw	1716
A	11	1	1034	0.76156880167	norm	1716
G	11	1	580	0.180124223602	raw	1716
G	11	1	580	1.9775855339	norm	1716
C	11	1	511	0.158695652174	raw	1716
C	11	1	511	1.98349910357	norm	1716
A	12	1	1102	0.342236024845	raw	1716
A	12	1	1102	0.811652630019	norm	1716
T	12	1	1080	0.335403726708	raw	1716
T	12	1	1080	0.823570054196	norm	1716
G	12	1	547	0.169875776398	raw	1716
G	12	1	547	1.86506773629	norm	1716
C	12	1	491	0.15248447205	raw	1716
C	12	1	491	1.90586704473	norm	1716
A	13	1	1153	0.358074534161	raw	1716
A	13	1	1153	0.849215501282	norm	1716
T	13	1	1065	0.330745341615	raw	1716
T	13	1	1065	0.812131581221	norm	1716
G	13	1	569	0.176708074534	raw	1716
G	13	1	569	1.94007960136	norm	1716
C	13	1	433	0.134472049689	raw	1716
C	13	1	433	1.68073407407	norm	1716
A	14	1	1138	0.353416149068	raw	1716
A	14	1	1138	0.838167597969	norm	1716
T	14	1	1078	0.334782608696	raw	1716
T	14	1	1078	0.822044924466	norm	1716
G	14	1	555	0.172360248447	raw	1716
G	14	1	555	1.89234477813	norm	1716
C	14	1	449	0.139440993789	raw	1716
C	14	1	449	1.74283972114	norm	1716
A	15	1	1132	0.351552795031	raw	1716
A	15	1	1132	0.833748436644	norm	1716
T	15	1	965	0.299689440994	raw	1716
T	15	1	965	0.735875094721	norm	1716
G	15	1	615	0.19099378882	raw	1716
G	15	1	615	2.09692259198	norm	1716
C	15	1	508	0.157763975155	raw	1716
C	15	1	508	1.97185429475	norm	1716
A	16	1	1185	0.36801242236	raw	1716
A	16	1	1185	0.872784361682	norm	1716
T	16	1	964	0.299378881988	raw	1716
T	16	1	964	0.735112529856	norm	1716
G	16	1	540	0.167701863354	raw	1716
G	16	1	540	1.84120032467	norm	1716
C	16	1	531	0.164906832298	raw	1716
C	16	1	531	2.06113116242	norm	1716
A	17	1	1094	0.339751552795	raw	1716
A	17	1	1094	0.805760414919	norm	1716
T	17	1	1062	0.329813664596	raw	1716
T	17	1	1062	0.809843886626	norm	1716
G	17	1	538	0.167080745342	raw	1716
G	17	1	538	1.83438106421	norm	1716
C	17	1	526	0.163354037267	raw	1716
C	17	1	526	2.04172314771	norm	1716
A	18	1	1194	0.370807453416	raw	1716
A	18	1	1194	0.879413103669	norm	1716
T	18	1	1034	0.321118012422	raw	1716
T	18	1	1034	0.788492070406	norm	1716
C	18	1	512	0.15900621118	raw	1716
C	18	1	512	1.98738070652	norm	1716
G	18	1	480	0.149068322981	raw	1716
G	18	1	480	1.63662251082	norm	1716
T	19	1	1151	0.357453416149	raw	1716
T	19	1	1151	0.87771215961	norm	1716
A	19	1	1087	0.337577639752	raw	1716
A	19	1	1087	0.800604726707	norm	1716
C	19	1	525	0.163043478261	raw	1716
C	19	1	525	2.03784154477	norm	1716
G	19	1	457	0.141925465839	raw	1716
G	19	1	457	1.55820101551	norm	1716
A	20	1	1113	0.345652173913	raw	1716
A	20	1	1113	0.819754425782	norm	1716
T	20	1	1047	0.325155279503	raw	1716
T	20	1	1047	0.798405413651	norm	1716
C	20	1	555	0.172360248447	raw	1716
C	20	1	555	2.15428963304	norm	1716
G	20	1	505	0.156832298137	raw	1716
G	20	1	505	1.72186326659	norm	1716
A	21	1	1130	0.350931677019	raw	1716
A	21	1	1130	0.832275382869	norm	1716
T	21	1	969	0.300931677019	raw	1716
T	21	1	969	0.738925354181	norm	1716
G	21	1	576	0.178881987578	raw	1716
G	21	1	576	1.96394701298	norm	1716
C	21	1	545	0.169254658385	raw	1716
C	21	1	545	2.11547360362	norm	1716
A	22	1	1127	0.35	raw	1716
A	22	1	1127	0.830065802207	norm	1716
T	22	1	999	0.310248447205	raw	1716
T	22	1	999	0.761802300131	norm	1716
G	22	1	610	0.189440993789	raw	1716
G	22	1	610	2.07987444083	norm	1716
C	22	1	484	0.150310559006	raw	1716
C	22	1	484	1.87869582413	norm	1716
A	23	1	1130	0.350931677019	raw	1716
A	23	1	1130	0.832275382869	norm	1716
T	23	1	1028	0.319254658385	raw	1716
T	23	1	1028	0.783916681216	norm	1716
G	23	1	559	0.173602484472	raw	1716
G	23	1	559	1.90598329906	norm	1716
C	23	1	503	0.156211180124	raw	1716
C	23	1	503	1.95244628003	norm	1716
T	24	1	1100	0.341614906832	raw	1716
T	24	1	1100	0.838821351496	norm	1716
A	24	1	1047	0.325155279503	raw	1716
A	24	1	1047	0.771143651207	norm	1716
G	24	1	565	0.175465838509	raw	1716
G	24	1	565	1.92644108044	norm	1716
C	24	1	508	0.157763975155	raw	1716
C	24	1	508	1.97185429475	norm	1716
A	25	1	1131	0.351242236025	raw	1716
A	25	1	1131	0.833011909757	norm	1716
T	25	1	1045	0.324534161491	raw	1716
T	25	1	1045	0.796880283921	norm	1716
G	25	1	549	0.17049689441	raw	1716
G	25	1	549	1.87188699675	norm	1716
C	25	1	495	0.153726708075	raw	1716
C	25	1	495	1.92139345649	norm	1716
T	26	1	1111	0.345031055901	raw	1716
T	26	1	1111	0.84720956501	norm	1716
A	26	1	1091	0.338819875776	raw	1716
A	26	1	1091	0.803550834257	norm	1716
G	26	1	540	0.167701863354	raw	1716
G	26	1	540	1.84120032467	norm	1716
C	26	1	478	0.148447204969	raw	1716
C	26	1	478	1.85540620647	norm	1716
A	27	1	1143	0.354968944099	raw	1716
A	27	1	1143	0.841850232407	norm	1716
T	27	1	1023	0.317701863354	raw	1716
T	27	1	1023	0.780103856891	norm	1716
G	27	1	574	0.178260869565	raw	1716
G	27	1	574	1.95712775252	norm	1716
C	27	1	480	0.149068322981	raw	1716
C	27	1	480	1.86316941236	norm	1716
T	28	1	1173	0.364285714286	raw	1716
T	28	1	1173	0.89448858664	norm	1716
A	28	1	1129	0.350621118012	raw	1716
A	28	1	1129	0.831538855982	norm	1716
G	28	1	472	0.146583850932	raw	1716
G	28	1	472	1.60934546897	norm	1716
C	28	1	446	0.13850931677	raw	1716
C	28	1	446	1.73119491232	norm	1716
A	29	1	1078	0.334782608696	raw	1716
A	29	1	1078	0.79397598472	norm	1716
T	29	1	1062	0.329813664596	raw	1716
T	29	1	1062	0.809843886626	norm	1716
G	29	1	593	0.184161490683	raw	1716
G	29	1	593	2.02191072691	norm	1716
C	29	1	487	0.151242236025	raw	1716
C	29	1	487	1.89034063296	norm	1716
A	30	1	1132	0.351552795031	raw	1716
A	30	1	1132	0.833748436644	norm	1716
T	30	1	1118	0.347204968944	raw	1716
T	30	1	1118	0.852547519065	norm	1716
C	30	1	496	0.154037267081	raw	1716
C	30	1	496	1.92527505944	norm	1716
G	30	1	474	0.147204968944	raw	1716
G	30	1	474	1.61616472943	norm	1716
A	31	1	1197	0.371739130435	raw	1716
A	31	1	1197	0.881622684331	norm	1716
T	31	1	1075	0.333850931677	raw	1716
T	31	1	1075	0.819757229871	norm	1716
G	31	1	516	0.160248447205	raw	1716
G	31	1	516	1.75936919913	norm	1716
C	31	1	432	0.134161490683	raw	1716
C	31	1	432	1.67685247112	norm	1716
A	32	1	1192	0.370186335404	raw	1716
A	32	1	1192	0.877940049894	norm	1716
T	32	1	1043	0.323913043478	raw	1716
T	32	1	1043	0.795355154191	norm	1716
G	32	1	568	0.176397515528	raw	1716
G	32	1	568	1.93666997113	norm	1716
C	32	1	417	0.12950310559	raw	1716
C	32	1	417	1.61862842699	norm	1716
T	33	1	1174	0.364596273292	raw	1716
T	33	1	1174	0.895251151505	norm	1716
A	33	1	1086	0.337267080745	raw	1716
A	33	1	1086	0.79986819982	norm	1716
C	33	1	514	0.159627329193	raw	1716
C	33	1	514	1.9951439124	norm	1716
G	33	1	446	0.13850931677	raw	1716
G	33	1	446	1.52069508297	norm	1716
T	34	1	1151	0.357453416149	raw	1716
T	34	1	1151	0.87771215961	norm	1716
A	34	1	1140	0.354037267081	raw	1716
A	34	1	1140	0.839640651744	norm	1716
G	34	1	481	0.149378881988	raw	1716
G	34	1	481	1.64003214105	norm	1716
C	34	1	448	0.139130434783	raw	1716
C	34	1	448	1.7389581182	norm	1716
T	35	1	1152	0.357763975155	raw	1716
T	35	1	1152	0.878474724475	norm	1716
A	35	1	1100	0.341614906832	raw	1716
A	35	1	1100	0.810179576244	norm	1716
G	35	1	519	0.161180124224	raw	1716
G	35	1	519	1.76959808982	norm	1716
C	35	1	449	0.139440993789	raw	1716
C	35	1	449	1.74283972114	norm	1716
A	36	1	1195	0.371118012422	raw	1716
A	36	1	1195	0.880149630556	norm	1716
T	36	1	1110	0.344720496894	raw	1716
T	36	1	1110	0.846447000145	norm	1716
G	36	1	487	0.151242236025	raw	1716
G	36	1	487	1.66048992243	norm	1716
C	36	1	428	0.132919254658	raw	1716
C	36	1	428	1.66132605935	norm	1716
A	37	1	1179	0.366149068323	raw	1716
A	37	1	1179	0.868365200357	norm	1716
T	37	1	1066	0.331055900621	raw	1716
T	37	1	1066	0.812894146086	norm	1716
G	37	1	532	0.165217391304	raw	1716
G	37	1	532	1.81392328282	norm	1716
C	37	1	443	0.137577639752	raw	1716
C	37	1	443	1.71955010349	norm	1716
T	38	1	1150	0.357142857143	raw	1716
T	38	1	1150	0.876949594745	norm	1716
A	38	1	1144	0.355279503106	raw	1716
A	38	1	1144	0.842586759294	norm	1716
C	38	1	485	0.150621118012	raw	1716
C	38	1	485	1.88257742707	norm	1716
G	38	1	441	0.136956521739	raw	1716
G	38	1	441	1.50364693181	norm	1716
A	39	1	1220	0.378881987578	raw	1716
A	39	1	1220	0.898562802744	norm	1716
T	39	1	1110	0.344720496894	raw	1716
T	39	1	1110	0.846447000145	norm	1716
C	39	1	446	0.13850931677	raw	1716
C	39	1	446	1.73119491232	norm	1716
G	39	1	444	0.137888198758	raw	1716
G	39	1	444	1.51387582251	norm	1716
T	40	1	1186	0.368322981366	raw	1716
T	40	1	1186	0.904401929885	norm	1716
A	40	1	1138	0.353416149068	raw	1716
A	40	1	1138	0.838167597969	norm	1716
G	40	1	516	0.160248447205	raw	1716
G	40	1	516	1.75936919913	norm	1716
C	40	1	380	0.11801242236	raw	1716
C	40	1	380	1.47500911812	norm	1716
A	41	1	1224	0.380124223602	raw	1716
A	41	1	1224	0.901508910294	norm	1716
T	41	1	1079	0.335093167702	raw	1716
T	41	1	1079	0.822807489331	norm	1716
G	41	1	488	0.151552795031	raw	1716
G	41	1	488	1.66389955266	norm	1716
C	41	1	429	0.133229813665	raw	1716
C	41	1	429	1.6652076623	norm	1716
A	42	1	1224	0.380124223602	raw	1716
A	42	1	1224	0.901508910294	norm	1716
T	42	1	1136	0.352795031056	raw	1716
T	42	1	1136	0.866273686635	norm	1716
G	42	1	482	0.149689440994	raw	1716
G	42	1	482	1.64344177128	norm	1716
C	42	1	378	0.117391304348	raw	1716
C	42	1	378	1.46724591223	norm	1716
T	43	1	1259	0.39099378882	raw	1716
T	43	1	1259	0.96006916503	norm	1716
A	43	1	1131	0.351242236025	raw	1716
A	43	1	1131	0.833011909757	norm	1716
G	43	1	426	0.132298136646	raw	1716
G	43	1	426	1.45250247835	norm	1716
C	43	1	404	0.125465838509	raw	1716
C	43	1	404	1.56816758874	norm	1716
A	44	1	1236	0.383850931677	raw	1716
A	44	1	1236	0.910347232944	norm	1716
T	44	1	1051	0.326397515528	raw	1716
T	44	1	1051	0.801455673111	norm	1716
C	44	1	478	0.148447204969	raw	1716
C	44	1	478	1.85540620647	norm	1716
G	44	1	455	0.141304347826	raw	1716
G	44	1	455	1.55138175505	norm	1716
T	45	1	1207	0.374844720497	raw	1716
T	45	1	1207	0.92041579205	norm	1716
A	45	1	1169	0.363043478261	raw	1716
A	45	1	1169	0.860999931482	norm	1716
G	45	1	442	0.137267080745	raw	1716
G	45	1	442	1.50705656204	norm	1716
C	45	1	402	0.124844720497	raw	1716
C	45	1	402	1.56040438285	norm	1716
A	46	1	1216	0.377639751553	raw	1716
A	46	1	1216	0.895616695194	norm	1716
T	46	1	1199	0.372360248447	raw	1716
T	46	1	1199	0.91431527313	norm	1716
G	46	1	431	0.133850931677	raw	1716
G	46	1	431	1.4695506295	norm	1716
C	46	1	374	0.116149068323	raw	1716
C	46	1	374	1.45171950046	norm	1716
A	47	1	1227	0.381055900621	raw	1716
A	47	1	1227	0.903718490956	norm	1716
T	47	1	1226	0.380745341615	raw	1716
T	47	1	1226	0.934904524485	norm	1716
G	47	1	440	0.136645962733	raw	1716
G	47	1	440	1.50023730158	norm	1716
C	47	1	327	0.101552795031	raw	1716
C	47	1	327	1.26928416217	norm	1716
A	48	1	1347	0.418322981366	raw	1716
A	48	1	1347	0.992101717456	norm	1716
T	48	1	1113	0.345652173913	raw	1716
T	48	1	1113	0.84873469474	norm	1716
G	48	1	413	0.128260869565	raw	1716
G	48	1	413	1.40817728535	norm	1716
C	48	1	347	0.107763975155	raw	1716
C	48	1	347	1.34691622102	norm	1716
T	49	1	1210	0.375776397516	raw	1716
T	49	1	1210	0.922703486645	norm	1716
A	49	1	1157	0.359316770186	raw	1716
A	49	1	1157	0.852161608832	norm	1716
G	49	1	434	0.134782608696	raw	1716
G	49	1	434	1.4797795202	norm	1716
C	49	1	419	0.130124223602	raw	1716
C	49	1	419	1.62639163287	norm	1716
A	50	1	1227	0.381055900621	raw	1716
A	50	1	1227	0.903718490956	norm	1716
T	50	1	1196	0.371428571429	raw	1716
T	50	1	1196	0.912027578535	norm	1716
C	50	1	404	0.125465838509	raw	1716
C	50	1	404	1.56816758874	norm	1716
G	50	1	393	0.122049689441	raw	1716
G	50	1	393	1.33998468073	norm	1716
A	51	1	1200	0.372670807453	raw	1716
A	51	1	1200	0.883832264994	norm	1716
T	51	1	1160	0.360248447205	raw	1716
T	51	1	1160	0.884575243395	norm	1716
G	51	1	450	0.139751552795	raw	1716
G	51	1	450	1.53433360389	norm	1716
C	51	1	410	0.127329192547	raw	1716
C	51	1	410	1.59145720639	norm	1716
T	52	1	1270	0.394409937888	raw	1716
T	52	1	1270	0.968457378545	norm	1716
A	52	1	1164	0.36149068323	raw	1716
A	52	1	1164	0.857317297044	norm	1716
G	52	1	422	0.131055900621	raw	1716
G	52	1	422	1.43886395743	norm	1716
C	52	1	364	0.113043478261	raw	1716
C	52	1	364	1.41290347104	norm	1716
A	53	1	1263	0.392236024845	raw	1716
A	53	1	1263	0.930233458906	norm	1716
T	53	1	1185	0.36801242236	raw	1716
T	53	1	1185	0.90363936502	norm	1716
G	53	1	438	0.13602484472	raw	1716
G	53	1	438	1.49341804112	norm	1716
C	53	1	334	0.103726708075	raw	1716
C	53	1	334	1.29645538277	norm	1716
A	54	1	1239	0.384782608696	raw	1716
A	54	1	1239	0.912556813606	norm	1716
T	54	1	1194	0.370807453416	raw	1716
T	54	1	1194	0.910502448805	norm	1716
G	54	1	425	0.13198757764	raw	1716
G	54	1	425	1.44909284812	norm	1716
C	54	1	362	0.112422360248	raw	1716
C	54	1	362	1.40514026515	norm	1716
T	55	1	1257	0.390372670807	raw	1716
T	55	1	1257	0.9585440353	norm	1716
A	55	1	1220	0.378881987578	raw	1716
A	55	1	1220	0.898562802744	norm	1716
G	55	1	377	0.117080745342	raw	1716
G	55	1	377	1.28543059704	norm	1716
C	55	1	366	0.113664596273	raw	1716
C	55	1	366	1.42066667692	norm	1716
A	56	1	1273	0.395341614907	raw	1716
A	56	1	1273	0.937598727781	norm	1716
T	56	1	1173	0.364285714286	raw	1716
T	56	1	1173	0.89448858664	norm	1716
G	56	1	445	0.138198757764	raw	1716
G	56	1	445	1.51728545274	norm	1716
C	56	1	329	0.102173913043	raw	1716
C	56	1	329	1.27704736805	norm	1716
A	57	1	1240	0.385093167702	raw	1716
A	57	1	1240	0.913293340494	norm	1716
T	57	1	1156	0.35900621118	raw	1716
T	57	1	1156	0.881524983935	norm	1716
G	57	1	490	0.152173913043	raw	1716
G	57	1	490	1.67071881313	norm	1716
C	57	1	334	0.103726708075	raw	1716
C	57	1	334	1.29645538277	norm	1716
T	58	1	1289	0.400310559006	raw	1716
T	58	1	1289	0.98294611098	norm	1716
A	58	1	1196	0.371428571429	raw	1716
A	58	1	1196	0.880886157444	norm	1716
G	58	1	373	0.115838509317	raw	1716
G	58	1	373	1.27179207611	norm	1716
C	58	1	362	0.112422360248	raw	1716
C	58	1	362	1.40514026515	norm	1716
A	59	1	1249	0.387888198758	raw	1716
A	59	1	1249	0.919922082481	norm	1716
T	59	1	1248	0.387577639752	raw	1716
T	59	1	1248	0.951680951515	norm	1716
G	59	1	393	0.122049689441	raw	1716
G	59	1	393	1.33998468073	norm	1716
C	59	1	330	0.10248447205	raw	1716
C	59	1	330	1.280928971	norm	1716
A	60	1	1298	0.403105590062	raw	1716
A	60	1	1298	0.956011899968	norm	1716
T	60	1	1149	0.356832298137	raw	1716
T	60	1	1149	0.87618702988	norm	1716
G	60	1	391	0.121428571429	raw	1716
G	60	1	391	1.33316542027	norm	1716
C	60	1	382	0.118633540373	raw	1716
C	60	1	382	1.482772324	norm	1716
T	61	1	1287	0.399689440994	raw	1716
T	61	1	1287	0.98142098125	norm	1716
A	61	1	1283	0.398447204969	raw	1716
A	61	1	1283	0.944963996656	norm	1716
G	61	1	371	0.115217391304	raw	1716
G	61	1	371	1.26497281565	norm	1716
C	61	1	279	0.0866459627329	raw	1716
C	61	1	279	1.08296722093	norm	1716
A	62	1	1270	0.394409937888	raw	1716
A	62	1	1270	0.935389147119	norm	1716
T	62	1	1251	0.38850931677	raw	1716
T	62	1	1251	0.95396864611	norm	1716
G	62	1	393	0.122049689441	raw	1716
G	62	1	393	1.33998468073	norm	1716
C	62	1	306	0.0950310559006	raw	1716
C	62	1	306	1.18777050038	norm	1716
A	63	1	1317	0.40900621118	raw	1716
A	63	1	1317	0.970005910831	norm	1716
T	63	1	1217	0.377950310559	raw	1716
T	63	1	1217	0.9280414407	norm	1716
G	63	1	396	0.12298136646	raw	1716
G	63	1	396	1.35021357142	norm	1716
C	63	1	290	0.0900621118012	raw	1716
C	63	1	290	1.1256648533	norm	1716
T	64	1	1294	0.401863354037	raw	1716
T	64	1	1294	0.986758935305	norm	1716
A	64	1	1275	0.395962732919	raw	1716
A	64	1	1275	0.939071781556	norm	1716
G	64	1	350	0.108695652174	raw	1716
G	64	1	350	1.1933705808	norm	1716
C	64	1	301	0.0934782608696	raw	1716
C	64	1	301	1.16836248567	norm	1716
A	65	1	1282	0.398136645963	raw	1716
A	65	1	1282	0.944227469769	norm	1716
T	65	1	1279	0.397204968944	raw	1716
T	65	1	1279	0.97532046233	norm	1716
C	65	1	330	0.10248447205	raw	1716
C	65	1	330	1.280928971	norm	1716
G	65	1	329	0.102173913043	raw	1716
G	65	1	329	1.12176834596	norm	1716
A	66	1	1297	0.402795031056	raw	1716
A	66	1	1297	0.955275373081	norm	1716
T	66	1	1244	0.386335403727	raw	1716
T	66	1	1244	0.948630692055	norm	1716
G	66	1	422	0.131055900621	raw	1716
G	66	1	422	1.43886395743	norm	1716
C	66	1	257	0.0798136645963	raw	1716
C	66	1	257	0.9975719562	norm	1716
T	67	1	1314	0.408074534161	raw	1716
T	67	1	1314	1.0020102326	norm	1716
A	67	1	1283	0.398447204969	raw	1716
A	67	1	1283	0.944963996656	norm	1716
G	67	1	344	0.106832298137	raw	1716
G	67	1	344	1.17291279942	norm	1716
C	67	1	279	0.0866459627329	raw	1716
C	67	1	279	1.08296722093	norm	1716
A	68	1	1349	0.418944099379	raw	1716
A	68	1	1349	0.993574771231	norm	1716
T	68	1	1207	0.374844720497	raw	1716
T	68	1	1207	0.92041579205	norm	1716
G	68	1	359	0.11149068323	raw	1716
G	68	1	359	1.22405725288	norm	1716
C	68	1	305	0.0947204968944	raw	1716
C	68	1	305	1.18388889744	norm	1716
T	69	1	1295	0.402173913043	raw	1716
T	69	1	1295	0.98752150017	norm	1716
A	69	1	1278	0.396894409938	raw	1716
A	69	1	1278	0.941281362219	norm	1716
G	69	1	353	0.109627329193	raw	1716
G	69	1	353	1.2035994715	norm	1716
C	69	1	294	0.0913043478261	raw	1716
C	69	1	294	1.14119126507	norm	1716
A	70	1	1318	0.409316770186	raw	1716
A	70	1	1318	0.970742437718	norm	1716
T	70	1	1265	0.392857142857	raw	1716
T	70	1	1265	0.96464455422	norm	1716
G	70	1	320	0.0993788819876	raw	1716
G	70	1	320	1.09108167388	norm	1716
C	70	1	317	0.0984472049689	raw	1716
C	70	1	317	1.23046813275	norm	1716
A	71	1	1297	0.402795031056	raw	1716
A	71	1	1297	0.955275373081	norm	1716
T	71	1	1282	0.398136645963	raw	1716
T	71	1	1282	0.977608156925	norm	1716
G	71	1	340	0.105590062112	raw	1716
G	71	1	340	1.1592742785	norm	1716
C	71	1	301	0.0934782608696	raw	1716
C	71	1	301	1.16836248567	norm	1716
A	72	1	1301	0.404037267081	raw	1716
A	72	1	1301	0.958221480631	norm	1716
T	72	1	1299	0.403416149068	raw	1716
T	72	1	1299	0.99057175963	norm	1716
G	72	1	353	0.109627329193	raw	1716
G	72	1	353	1.2035994715	norm	1716
C	72	1	267	0.0829192546584	raw	1716
C	72	1	267	1.03638798562	norm	1716
A	73	1	1302	0.404347826087	raw	1716
A	73	1	1302	0.958958007518	norm	1716
T	73	1	1245	0.386645962733	raw	1716
T	73	1	1245	0.94939325692	norm	1716
G	73	1	361	0.112111801242	raw	1716
G	73	1	361	1.23087651334	norm	1716
C	73	1	312	0.0968944099379	raw	1716
C	73	1	312	1.21106011803	norm	1716
A	74	1	1409	0.437577639752	raw	1716
A	74	1	1409	1.03776638448	norm	1716
T	74	1	1259	0.39099378882	raw	1716
T	74	1	1259	0.96006916503	norm	1716
G	74	1	319	0.0990683229814	raw	1716
G	74	1	319	1.08767204365	norm	1716
C	74	1	233	0.0723602484472	raw	1716
C	74	1	233	0.904413485582	norm	1716
A	75	1	1302	0.404347826087	raw	1716
A	75	1	1302	0.958958007518	norm	1716
T	75	1	1274	0.395652173913	raw	1716
T	75	1	1274	0.971507638005	norm	1716
G	75	1	357	0.110869565217	raw	1716
G	75	1	357	1.21723799242	norm	1716
C	75	1	287	0.0891304347826	raw	1716
C	75	1	287	1.11402004447	norm	1716
A	76	1	1435	0.445652173913	raw	1716
A	76	1	1435	1.05691608356	norm	1716
T	76	1	1208	0.375155279503	raw	1716
T	76	1	1208	0.921178356915	norm	1716
G	76	1	334	0.103726708075	raw	1716
G	76	1	334	1.13881649711	norm	1716
C	76	1	243	0.0754658385093	raw	1716
C	76	1	243	0.943229515006	norm	1716
A	77	1	1323	0.410869565217	raw	1716
A	77	1	1323	0.974425072156	norm	1716
T	77	1	1222	0.37950310559	raw	1716
T	77	1	1222	0.931854265025	norm	1716
G	77	1	352	0.109316770186	raw	1716
G	77	1	352	1.20018984127	norm	1716
C	77	1	323	0.100310559006	raw	1716
C	77	1	323	1.2537577504	norm	1716
T	78	1	1270	0.394409937888	raw	1716
T	78	1	1270	0.968457378545	norm	1716
A	78	1	1269	0.394099378882	raw	1716
A	78	1	1269	0.934652620231	norm	1716
G	78	1	364	0.113043478261	raw	1716
G	78	1	364	1.24110540404	norm	1716
C	78	1	317	0.0984472049689	raw	1716
C	78	1	317	1.23046813275	norm	1716
A	79	1	1344	0.417391304348	raw	1716
A	79	1	1344	0.989892136793	norm	1716
T	79	1	1319	0.409627329193	raw	1716
T	79	1	1319	1.00582305693	norm	1716
G	79	1	284	0.088198757764	raw	1716
G	79	1	284	0.968334985567	norm	1716
C	79	1	273	0.0847826086957	raw	1716
C	79	1	273	1.05967760328	norm	1716
A	80	1	1327	0.412111801242	raw	1716
A	80	1	1327	0.977371179706	norm	1716
T	80	1	1246	0.386956521739	raw	1716
T	80	1	1246	0.950155821785	norm	1716
G	80	1	334	0.103726708075	raw	1716
G	80	1	334	1.13881649711	norm	1716
C	80	1	313	0.0972049689441	raw	1716
C	80	1	313	1.21494172098	norm	1716
A	81	1	1272	0.395031055901	raw	1716
A	81	1	1272	0.936862200894	norm	1716
T	81	1	1262	0.391925465839	raw	1716
T	81	1	1262	0.962356859625	norm	1716
C	81	1	343	0.10652173913	raw	1716
C	81	1	343	1.33138980925	norm	1716
G	81	1	343	0.10652173913	raw	1716
G	81	1	343	1.16950316919	norm	1716
A	82	1	1307	0.405900621118	raw	1716
A	82	1	1307	0.962640641956	norm	1716
T	82	1	1278	0.396894409938	raw	1716
T	82	1	1278	0.974557897465	norm	1716
G	82	1	328	0.101863354037	raw	1716
G	82	1	328	1.11835871572	norm	1716
C	82	1	307	0.0953416149068	raw	1716
C	82	1	307	1.19165210332	norm	1716
A	83	1	1315	0.408385093168	raw	1716
A	83	1	1315	0.968532857056	norm	1716
T	83	1	1259	0.39099378882	raw	1716
T	83	1	1259	0.96006916503	norm	1716
G	83	1	375	0.116459627329	raw	1716
G	83	1	375	1.27861133658	norm	1716
C	83	1	271	0.0841614906832	raw	1716
C	83	1	271	1.05191439739	norm	1716
A	84	1	1265	0.392857142857	raw	1716
A	84	1	1265	0.931706512681	norm	1716
T	84	1	1215	0.377329192547	raw	1716
T	84	1	1215	0.92651631097	norm	1716
G	84	1	401	0.124534161491	raw	1716
G	84	1	401	1.36726172258	norm	1716
C	84	1	339	0.105279503106	raw	1716
C	84	1	339	1.31586339748	norm	1716
T	85	1	1387	0.430745341615	raw	1716
T	85	1	1387	1.05767746775	norm	1716
A	85	1	1214	0.37701863354	raw	1716
A	85	1	1214	0.894143641419	norm	1716
G	85	1	320	0.0993788819876	raw	1716
G	85	1	320	1.09108167388	norm	1716
C	85	1	299	0.0928571428571	raw	1716
C	85	1	299	1.16059927978	norm	1716
A	86	1	1343	0.417080745342	raw	1716
A	86	1	1343	0.989155609906	norm	1716
T	86	1	1223	0.379813664596	raw	1716
T	86	1	1223	0.93261682989	norm	1716
C	86	1	339	0.105279503106	raw	1716
C	86	1	339	1.31586339748	norm	1716
G	86	1	315	0.0978260869565	raw	1716
G	86	1	315	1.07403352272	norm	1716
A	87	1	1229	0.381677018634	raw	1716
A	87	1	1229	0.905191544731	norm	1716
T	87	1	1203	0.373602484472	raw	1716
T	87	1	1203	0.91736553259	norm	1716
C	87	1	395	0.122670807453	raw	1716
C	87	1	395	1.53323316225	norm	1716
G	87	1	393	0.122049689441	raw	1716
G	87	1	393	1.33998468073	norm	1716
A	88	1	1308	0.406211180124	raw	1716
A	88	1	1308	0.963377168843	norm	1716
T	88	1	1279	0.397204968944	raw	1716
T	88	1	1279	0.97532046233	norm	1716
C	88	1	324	0.100621118012	raw	1716
C	88	1	324	1.25763935334	norm	1716
G	88	1	309	0.0959627329193	raw	1716
G	88	1	309	1.05357574134	norm	1716
A	89	1	1305	0.405279503106	raw	1716
A	89	1	1305	0.961167588181	norm	1716
T	89	1	1245	0.386645962733	raw	1716
T	89	1	1245	0.94939325692	norm	1716
C	89	1	340	0.105590062112	raw	1716
C	89	1	340	1.31974500042	norm	1716
G	89	1	330	0.10248447205	raw	1716
G	89	1	330	1.12517797619	norm	1716
A	90	1	1350	0.419254658385	raw	1716
A	90	1	1350	0.994311298118	norm	1716
T	90	1	1198	0.372049689441	raw	1716
T	90	1	1198	0.913552708265	norm	1716
C	90	1	375	0.116459627329	raw	1716
C	90	1	375	1.45560110341	norm	1716
G	90	1	297	0.0922360248447	raw	1716
G	90	1	297	1.01266017857	norm	1716
T	91	1	1380	0.428571428571	raw	1716
T	91	1	1380	1.05233951369	norm	1716
A	91	1	1231	0.382298136646	raw	1716
A	91	1	1231	0.906664598506	norm	1716
C	91	1	310	0.0962732919255	raw	1716
C	91	1	310	1.20329691215	norm	1716
G	91	1	299	0.0928571428571	raw	1716
G	91	1	299	1.01947943903	norm	1716
A	92	1	1385	0.430124223602	raw	1716
A	92	1	1385	1.02008973918	norm	1716
T	92	1	1180	0.366459627329	raw	1716
T	92	1	1180	0.899826540695	norm	1716
G	92	1	346	0.107453416149	raw	1716
G	92	1	346	1.17973205988	norm	1716
C	92	1	309	0.0959627329193	raw	1716
C	92	1	309	1.19941530921	norm	1716
A	93	1	1286	0.399378881988	raw	1716
A	93	1	1286	0.947173577319	norm	1716
T	93	1	1246	0.386956521739	raw	1716
T	93	1	1246	0.950155821785	norm	1716
G	93	1	358	0.111180124224	raw	1716
G	93	1	358	1.22064762265	norm	1716
C	93	1	330	0.10248447205	raw	1716
C	93	1	330	1.280928971	norm	1716
T	94	1	1291	0.400931677019	raw	1716
T	94	1	1291	0.98447124071	norm	1716
A	94	1	1286	0.399378881988	raw	1716
A	94	1	1286	0.947173577319	norm	1716
G	94	1	367	0.11397515528	raw	1716
G	94	1	367	1.25133429473	norm	1716
C	94	1	276	0.0857142857143	raw	1716
C	94	1	276	1.07132241211	norm	1716
A	95	1	1328	0.412422360248	raw	1716
A	95	1	1328	0.978107706593	norm	1716
T	95	1	1319	0.409627329193	raw	1716
T	95	1	1319	1.00582305693	norm	1716
C	95	1	287	0.0891304347826	raw	1716
C	95	1	287	1.11402004447	norm	1716
G	95	1	286	0.0888198757764	raw	1716
G	95	1	286	0.975154246028	norm	1716
A	96	1	1368	0.424844720497	raw	1716
A	96	1	1368	1.00756878209	norm	1716
T	96	1	1179	0.366149068323	raw	1716
T	96	1	1179	0.89906397583	norm	1716
G	96	1	354	0.109937888199	raw	1716
G	96	1	354	1.20700910173	norm	1716
C	96	1	319	0.0990683229814	raw	1716
C	96	1	319	1.23823133863	norm	1716
A	97	1	1331	0.413354037267	raw	1716
A	97	1	1331	0.980317287256	norm	1716
T	97	1	1261	0.391614906832	raw	1716
T	97	1	1261	0.96159429476	norm	1716
C	97	1	322	0.1	raw	1716
C	97	1	322	1.24987614746	norm	1716
G	97	1	306	0.0950310559006	raw	1716
G	97	1	306	1.04334685065	norm	1716
A	98	1	1419	0.440683229814	raw	1716
A	98	1	1419	1.04513165336	norm	1716
T	98	1	1190	0.369565217391	raw	1716
T	98	1	1190	0.907452189345	norm	1716
G	98	1	312	0.0968944099379	raw	1716
G	98	1	312	1.06380463203	norm	1716
C	98	1	299	0.0928571428571	raw	1716
C	98	1	299	1.16059927978	norm	1716
A	99	1	1332	0.413664596273	raw	1716
A	99	1	1332	0.981053814143	norm	1716
T	99	1	1193	0.37049689441	raw	1716
T	99	1	1193	0.90973988394	norm	1716
G	99	1	348	0.108074534161	raw	1716
G	99	1	348	1.18655132034	norm	1716
C	99	1	347	0.107763975155	raw	1716
C	99	1	347	1.34691622102	norm	1716
A	100	1	1351	0.419565217391	raw	1716
A	100	1	1351	0.995047825006	norm	1716
T	100	1	1312	0.407453416149	raw	1716
T	100	1	1312	1.00048510287	norm	1716
G	100	1	299	0.0928571428571	raw	1716
G	100	1	299	1.01947943903	norm	1716
C	100	1	258	0.0801242236025	raw	1716
C	100	1	258	1.00145355914	norm	1716
