#nuc	offset	region.size	count	freq	norm.freq	total.sites
A	-100	1	3453	0.322018091952	raw	6160
A	-100	1	3453	1.03944329254	norm	6160
T	-100	1	3062	0.285554415742	raw	6160
T	-100	1	3062	0.924979921083	norm	6160
C	-100	1	2143	0.199850788026	raw	6160
C	-100	1	2143	1.04692417093	norm	6160
G	-100	1	2065	0.192576704281	raw	6160
G	-100	1	2065	1.01040314214	norm	6160
A	-99	1	3252	0.303273337685	raw	6160
A	-99	1	3252	0.978937036591	norm	6160
T	-99	1	3101	0.289191457614	raw	6160
T	-99	1	3101	0.936761180692	norm	6160
G	-99	1	2261	0.210855171127	raw	6160
G	-99	1	2261	1.10630581326	norm	6160
C	-99	1	2109	0.196680033573	raw	6160
C	-99	1	2109	1.03031408143	norm	6160
A	-98	1	3437	0.320525972209	raw	6160
A	-98	1	3437	1.03462687416	norm	6160
T	-98	1	3203	0.298703720974	raw	6160
T	-98	1	3203	0.967573705823	norm	6160
G	-98	1	2174	0.202741770027	raw	6160
G	-98	1	2174	1.06373677046	norm	6160
C	-98	1	1909	0.17802853679	raw	6160
C	-98	1	1909	0.932607672568	norm	6160
A	-97	1	3314	0.309055301688	raw	6160
A	-97	1	3314	0.99760065783	norm	6160
T	-97	1	3220	0.3002890982	raw	6160
T	-97	1	3220	0.972709126678	norm	6160
G	-97	1	2142	0.199757530542	raw	6160
G	-97	1	2142	1.04807919151	norm	6160
C	-97	1	2047	0.19089806957	raw	6160
C	-97	1	2047	1.00002509468	norm	6160
A	-96	1	3309	0.308589014268	raw	6160
A	-96	1	3309	0.996095527085	norm	6160
T	-96	1	3205	0.298890235941	raw	6160
T	-96	1	3205	0.968177872982	norm	6160
G	-96	1	2157	0.201156392801	raw	6160
G	-96	1	2157	1.05541868164	norm	6160
C	-96	1	2052	0.19136435699	raw	6160
C	-96	1	2052	1.0024677549	norm	6160
A	-95	1	3590	0.334794367248	raw	6160
A	-95	1	3590	1.08068387496	norm	6160
T	-95	1	3091	0.288258882775	raw	6160
T	-95	1	3091	0.933740344895	norm	6160
G	-95	1	2047	0.19089806957	raw	6160
G	-95	1	2047	1.00159575397	norm	6160
C	-95	1	1995	0.186048680407	raw	6160
C	-95	1	1995	0.974621428378	norm	6160
A	-94	1	3446	0.321365289564	raw	6160
A	-94	1	3446	1.0373361095	norm	6160
T	-94	1	3049	0.284342068451	raw	6160
T	-94	1	3049	0.921052834547	norm	6160
G	-94	1	2162	0.20162268022	raw	6160
G	-94	1	2162	1.05786517836	norm	6160
C	-94	1	2066	0.192669961764	raw	6160
C	-94	1	2066	1.00930720352	norm	6160
A	-93	1	3441	0.320899002145	raw	6160
A	-93	1	3441	1.03583097876	norm	6160
T	-93	1	3092	0.288352140259	raw	6160
T	-93	1	3092	0.934042428474	norm	6160
G	-93	1	2215	0.206565326867	raw	6160
G	-93	1	2215	1.0837980435	norm	6160
C	-93	1	1975	0.184183530728	raw	6160
C	-93	1	1975	0.964850787492	norm	6160
A	-92	1	3413	0.318287792595	raw	6160
A	-92	1	3413	1.02740224658	norm	6160
T	-92	1	3171	0.295719481488	raw	6160
T	-92	1	3171	0.957907031272	norm	6160
C	-92	1	2090	0.194908141378	raw	6160
C	-92	1	2090	1.02103197259	norm	6160
G	-92	1	2049	0.191084584538	raw	6160
G	-92	1	2049	1.00257435266	norm	6160
A	-91	1	3444	0.321178774597	raw	6160
A	-91	1	3444	1.0367340572	norm	6160
T	-91	1	3168	0.295439709037	raw	6160
T	-91	1	3168	0.957000780533	norm	6160
G	-91	1	2079	0.193882309055	raw	6160
G	-91	1	2079	1.01725333293	norm	6160
C	-91	1	2032	0.189499207311	raw	6160
C	-91	1	2032	0.992697114017	norm	6160
A	-90	1	3382	0.315396810594	raw	6160
A	-90	1	3382	1.01807043596	norm	6160
T	-90	1	3209	0.299263265877	raw	6160
T	-90	1	3209	0.969386207301	norm	6160
G	-90	1	2123	0.197985638347	raw	6160
G	-90	1	2123	1.038782504	norm	6160
C	-90	1	2009	0.187354285181	raw	6160
C	-90	1	2009	0.981460876998	norm	6160
A	-89	1	3405	0.317541732724	raw	6160
A	-89	1	3405	1.02499403739	norm	6160
T	-89	1	3145	0.293294786907	raw	6160
T	-89	1	3145	0.950052858199	norm	6160
G	-89	1	2146	0.200130560477	raw	6160
G	-89	1	2146	1.05003638888	norm	6160
C	-89	1	2027	0.189032919892	raw	6160
C	-89	1	2027	0.990254453796	norm	6160
A	-88	1	3475	0.324069756598	raw	6160
A	-88	1	3475	1.04606586782	norm	6160
T	-88	1	3164	0.295066679101	raw	6160
T	-88	1	3164	0.955792446214	norm	6160
G	-88	1	2073	0.193322764152	raw	6160
G	-88	1	2073	1.01431753688	norm	6160
C	-88	1	2011	0.187540800149	raw	6160
C	-88	1	2011	0.982437941087	norm	6160
A	-87	1	3294	0.30719015201	raw	6160
A	-87	1	3294	0.99158013485	norm	6160
T	-87	1	3146	0.293388044391	raw	6160
T	-87	1	3146	0.950354941779	norm	6160
C	-87	1	2159	0.201342907768	raw	6160
C	-87	1	2159	1.05474068364	norm	6160
G	-87	1	2124	0.198078895831	raw	6160
G	-87	1	2124	1.03927180334	norm	6160
A	-86	1	3411	0.318101277628	raw	6160
A	-86	1	3411	1.02680019428	norm	6160
T	-86	1	3200	0.298423948522	raw	6160
T	-86	1	3200	0.966667455083	norm	6160
G	-86	1	2098	0.19565420125	raw	6160
G	-86	1	2098	1.02655002044	norm	6160
C	-86	1	2014	0.187820572601	raw	6160
C	-86	1	2014	0.98390353722	norm	6160
A	-85	1	3432	0.32005968479	raw	6160
A	-85	1	3432	1.03312174341	norm	6160
T	-85	1	3149	0.293667816842	raw	6160
T	-85	1	3149	0.951261192518	norm	6160
C	-85	1	2136	0.199197985638	raw	6160
C	-85	1	2136	1.04350444662	norm	6160
G	-85	1	2006	0.18707451273	raw	6160
G	-85	1	2006	0.981534480935	norm	6160
A	-84	1	3535	0.329665205633	raw	6160
A	-84	1	3535	1.06412743676	norm	6160
T	-84	1	3154	0.294134104262	raw	6160
T	-84	1	3154	0.952771610417	norm	6160
G	-84	1	2044	0.190618297118	raw	6160
G	-84	1	2044	1.00012785595	norm	6160
C	-84	1	1990	0.185582392987	raw	6160
C	-84	1	1990	0.972178768157	norm	6160
A	-83	1	3485	0.325002331437	raw	6160
A	-83	1	3485	1.04907612931	norm	6160
T	-83	1	3075	0.286766763033	raw	6160
T	-83	1	3075	0.928907007619	norm	6160
G	-83	1	2119	0.197612608412	raw	6160
G	-83	1	2119	1.03682530663	norm	6160
C	-83	1	2044	0.190618297118	raw	6160
C	-83	1	2044	0.998559498549	norm	6160
A	-82	1	3340	0.31147999627	raw	6160
A	-82	1	3340	1.0054273377	norm	6160
T	-82	1	3099	0.289004942647	raw	6160
T	-82	1	3099	0.936157013532	norm	6160
G	-82	1	2172	0.202555255059	raw	6160
G	-82	1	2172	1.06275817178	norm	6160
C	-82	1	2112	0.196959806024	raw	6160
C	-82	1	2112	1.03177967756	norm	6160
A	-81	1	3445	0.321272032081	raw	6160
A	-81	1	3445	1.03703508335	norm	6160
T	-81	1	2983	0.278187074513	raw	6160
T	-81	1	2983	0.901115318286	norm	6160
C	-81	1	2170	0.202368740091	raw	6160
C	-81	1	2170	1.06011453613	norm	6160
G	-81	1	2125	0.198172153315	raw	6160
G	-81	1	2125	1.03976110269	norm	6160
A	-80	1	3352	0.312599086077	raw	6160
A	-80	1	3352	1.00903965149	norm	6160
T	-80	1	3186	0.297118343747	raw	6160
T	-80	1	3186	0.962438284967	norm	6160
C	-80	1	2103	0.196120488669	raw	6160
C	-80	1	2103	1.02738288916	norm	6160
G	-80	1	2082	0.194162081507	raw	6160
G	-80	1	2082	1.01872123096	norm	6160
A	-79	1	3413	0.318287792595	raw	6160
A	-79	1	3413	1.02740224658	norm	6160
T	-79	1	3089	0.288072367808	raw	6160
T	-79	1	3089	0.933136177735	norm	6160
C	-79	1	2126	0.198265410799	raw	6160
C	-79	1	2126	1.03861912618	norm	6160
G	-79	1	2095	0.195374428798	raw	6160
G	-79	1	2095	1.02508212241	norm	6160
A	-78	1	3315	0.309148559172	raw	6160
A	-78	1	3315	0.997901683979	norm	6160
T	-78	1	3191	0.297584631167	raw	6160
T	-78	1	3191	0.963948702866	norm	6160
G	-78	1	2233	0.208243961578	raw	6160
G	-78	1	2233	1.09260543167	norm	6160
C	-78	1	1984	0.185022848084	raw	6160
C	-78	1	1984	0.969247575891	norm	6160
A	-77	1	3340	0.31147999627	raw	6160
A	-77	1	3340	1.0054273377	norm	6160
T	-77	1	3280	0.305884547235	raw	6160
T	-77	1	3280	0.990834141461	norm	6160
G	-77	1	2136	0.199197985638	raw	6160
G	-77	1	2136	1.04514339545	norm	6160
C	-77	1	1967	0.183437470857	raw	6160
C	-77	1	1967	0.960942531138	norm	6160
A	-76	1	3393	0.316422642917	raw	6160
A	-76	1	3393	1.0213817236	norm	6160
T	-76	1	3197	0.29814417607	raw	6160
T	-76	1	3197	0.965761204344	norm	6160
G	-76	1	2075	0.19350927912	raw	6160
G	-76	1	2075	1.01529613556	norm	6160
C	-76	1	2058	0.191923901893	raw	6160
C	-76	1	2058	1.00539894717	norm	6160
A	-75	1	3363	0.3136249184	raw	6160
A	-75	1	3363	1.01235093913	norm	6160
T	-75	1	3340	0.31147999627	raw	6160
T	-75	1	3340	1.00895915624	norm	6160
C	-75	1	2072	0.193229506668	raw	6160
C	-75	1	2072	1.01223839579	norm	6160
G	-75	1	1948	0.181665578663	raw	6160
G	-75	1	1948	0.953155119073	norm	6160
A	-74	1	3332	0.310733936398	raw	6160
A	-74	1	3332	1.00301912851	norm	6160
T	-74	1	3234	0.301594702975	raw	6160
T	-74	1	3234	0.976938296794	norm	6160
C	-74	1	2101	0.195933973701	raw	6160
C	-74	1	2101	1.02640582507	norm	6160
G	-74	1	2056	0.191737386925	raw	6160
G	-74	1	2056	1.00599944806	norm	6160
A	-73	1	3530	0.329198918213	raw	6160
A	-73	1	3530	1.06262230602	norm	6160
T	-73	1	3014	0.281078056514	raw	6160
T	-73	1	3014	0.910479909257	norm	6160
G	-73	1	2095	0.195374428798	raw	6160
G	-73	1	2095	1.02508212241	norm	6160
C	-73	1	2084	0.194348596475	raw	6160
C	-73	1	2084	1.01810078032	norm	6160
A	-72	1	3362	0.313531660916	raw	6160
A	-72	1	3362	1.01204991298	norm	6160
T	-72	1	3098	0.288911685163	raw	6160
T	-72	1	3098	0.935854929953	norm	6160
G	-72	1	2170	0.202368740091	raw	6160
G	-72	1	2170	1.0617795731	norm	6160
C	-72	1	2093	0.19518791383	raw	6160
C	-72	1	2093	1.02249756872	norm	6160
A	-71	1	3309	0.308589014268	raw	6160
A	-71	1	3309	0.996095527085	norm	6160
T	-71	1	3086	0.287792595356	raw	6160
T	-71	1	3086	0.932229926996	norm	6160
G	-71	1	2210	0.206099039448	raw	6160
G	-71	1	2210	1.08135154679	norm	6160
C	-71	1	2118	0.197519350928	raw	6160
C	-71	1	2118	1.03471086983	norm	6160
A	-70	1	3400	0.317075445304	raw	6160
A	-70	1	3400	1.02348890665	norm	6160
T	-70	1	3126	0.291522894712	raw	6160
T	-70	1	3126	0.944313270185	norm	6160
G	-70	1	2175	0.202835027511	raw	6160
G	-70	1	2175	1.06422606981	norm	6160
C	-70	1	2022	0.188566632472	raw	6160
C	-70	1	2022	0.987811793574	norm	6160
A	-69	1	3398	0.316888930337	raw	6160
A	-69	1	3398	1.02288685435	norm	6160
T	-69	1	3213	0.299636295813	raw	6160
T	-69	1	3213	0.97059454162	norm	6160
G	-69	1	2085	0.194441853959	raw	6160
G	-69	1	2085	1.02018912899	norm	6160
C	-69	1	2027	0.189032919892	raw	6160
C	-69	1	2027	0.990254453796	norm	6160
A	-68	1	3361	0.313438403432	raw	6160
A	-68	1	3361	1.01174888683	norm	6160
T	-68	1	3066	0.285927445678	raw	6160
T	-68	1	3066	0.926188255402	norm	6160
G	-68	1	2154	0.200876620349	raw	6160
G	-68	1	2154	1.05395078362	norm	6160
C	-68	1	2142	0.199757530542	raw	6160
C	-68	1	2142	1.04643563889	norm	6160
A	-67	1	3542	0.33031800802	raw	6160
A	-67	1	3542	1.06623461981	norm	6160
T	-67	1	3181	0.296652056328	raw	6160
T	-67	1	3181	0.960927867069	norm	6160
C	-67	1	2058	0.191923901893	raw	6160
C	-67	1	2058	1.00539894717	norm	6160
G	-67	1	1942	0.181106033759	raw	6160
G	-67	1	1942	0.950219323019	norm	6160
A	-66	1	3335	0.31101370885	raw	6160
A	-66	1	3335	1.00392220696	norm	6160
T	-66	1	3161	0.294786906649	raw	6160
T	-66	1	3161	0.954886195475	norm	6160
G	-66	1	2148	0.200317075445	raw	6160
G	-66	1	2148	1.05101498756	norm	6160
C	-66	1	2079	0.193882309055	raw	6160
C	-66	1	2079	1.0156581201	norm	6160
A	-65	1	3415	0.318474307563	raw	6160
A	-65	1	3415	1.02800429888	norm	6160
T	-65	1	3125	0.291429637228	raw	6160
T	-65	1	3125	0.944011186605	norm	6160
G	-65	1	2134	0.199011470671	raw	6160
G	-65	1	2134	1.04416479677	norm	6160
C	-65	1	2049	0.191084584538	raw	6160
C	-65	1	2049	1.00100215877	norm	6160
A	-64	1	3507	0.327053996083	raw	6160
A	-64	1	3507	1.05569870459	norm	6160
T	-64	1	3098	0.288911685163	raw	6160
T	-64	1	3098	0.935854929953	norm	6160
G	-64	1	2070	0.1930429917	raw	6160
G	-64	1	2070	1.01284963885	norm	6160
C	-64	1	2048	0.190991327054	raw	6160
C	-64	1	2048	1.00051362673	norm	6160
A	-63	1	3435	0.320339457241	raw	6160
A	-63	1	3435	1.03402482186	norm	6160
T	-63	1	3178	0.296372283876	raw	6160
T	-63	1	3178	0.96002161633	norm	6160
G	-63	1	2059	0.192017159377	raw	6160
G	-63	1	2059	1.00746734608	norm	6160
C	-63	1	2051	0.191271099506	raw	6160
C	-63	1	2051	1.00197922286	norm	6160
T	-62	1	3311	0.308775529236	raw	6160
T	-62	1	3311	1.00019873243	norm	6160
A	-62	1	3253	0.303366595169	raw	6160
A	-62	1	3253	0.979238062741	norm	6160
G	-62	1	2150	0.200503590413	raw	6160
G	-62	1	2150	1.05199358625	norm	6160
C	-62	1	2009	0.187354285181	raw	6160
C	-62	1	2009	0.981460876998	norm	6160
A	-61	1	3457	0.322391121888	raw	6160
A	-61	1	3457	1.04064739714	norm	6160
T	-61	1	3164	0.295066679101	raw	6160
T	-61	1	3164	0.955792446214	norm	6160
G	-61	1	2122	0.197892380864	raw	6160
G	-61	1	2122	1.03829320466	norm	6160
C	-61	1	1980	0.184649818148	raw	6160
C	-61	1	1980	0.967293447714	norm	6160
A	-60	1	3426	0.319500139886	raw	6160
A	-60	1	3426	1.03131558652	norm	6160
T	-60	1	3084	0.287606080388	raw	6160
T	-60	1	3084	0.931625759837	norm	6160
G	-60	1	2130	0.198638440735	raw	6160
G	-60	1	2130	1.0422075994	norm	6160
C	-60	1	2083	0.194255338991	raw	6160
C	-60	1	2083	1.01761224828	norm	6160
A	-59	1	3461	0.322764151823	raw	6160
A	-59	1	3461	1.04185150174	norm	6160
T	-59	1	3164	0.295066679101	raw	6160
T	-59	1	3164	0.955792446214	norm	6160
C	-59	1	2063	0.192390189313	raw	6160
C	-59	1	2063	1.00784160739	norm	6160
G	-59	1	2035	0.189778979763	raw	6160
G	-59	1	2035	0.995724161866	norm	6160
A	-58	1	3451	0.321831576984	raw	6160
A	-58	1	3451	1.03884124025	norm	6160
T	-58	1	3212	0.299543038329	raw	6160
T	-58	1	3212	0.97029245804	norm	6160
C	-58	1	2051	0.191271099506	raw	6160
C	-58	1	2051	1.00197922286	norm	6160
G	-58	1	2009	0.187354285181	raw	6160
G	-58	1	2009	0.983002378962	norm	6160
A	-57	1	3384	0.315583325562	raw	6160
A	-57	1	3384	1.01867248826	norm	6160
T	-57	1	3147	0.293481301874	raw	6160
T	-57	1	3147	0.950657025359	norm	6160
G	-57	1	2100	0.195840716217	raw	6160
G	-57	1	2100	1.02752861912	norm	6160
C	-57	1	2092	0.195094656346	raw	6160
C	-57	1	2092	1.02200903668	norm	6160
A	-56	1	3376	0.314837265691	raw	6160
A	-56	1	3376	1.01626427907	norm	6160
T	-56	1	2980	0.277907302061	raw	6160
T	-56	1	2980	0.900209067546	norm	6160
G	-56	1	2345	0.218688799776	raw	6160
G	-56	1	2345	1.14740695802	norm	6160
C	-56	1	2022	0.188566632472	raw	6160
C	-56	1	2022	0.987811793574	norm	6160
A	-55	1	3318	0.309428331624	raw	6160
A	-55	1	3318	0.998804762426	norm	6160
T	-55	1	3111	0.290124032454	raw	6160
T	-55	1	3111	0.939782016489	norm	6160
G	-55	1	2249	0.209736081321	raw	6160
G	-55	1	2249	1.10043422115	norm	6160
C	-55	1	2045	0.190711554602	raw	6160
C	-55	1	2045	0.999048030593	norm	6160
A	-54	1	3343	0.311759768721	raw	6160
A	-54	1	3343	1.00633041615	norm	6160
T	-54	1	3134	0.292268954584	raw	6160
T	-54	1	3134	0.946729938822	norm	6160
G	-54	1	2156	0.201063135317	raw	6160
G	-54	1	2156	1.0549293823	norm	6160
C	-54	1	2090	0.194908141378	raw	6160
C	-54	1	2090	1.02103197259	norm	6160
A	-53	1	3481	0.324629301501	raw	6160
A	-53	1	3481	1.04787202472	norm	6160
T	-53	1	3226	0.300848643104	raw	6160
T	-53	1	3226	0.974521628156	norm	6160
G	-53	1	2102	0.196027231185	raw	6160
G	-53	1	2102	1.02850721781	norm	6160
C	-53	1	1914	0.17849482421	raw	6160
C	-53	1	1914	0.93505033279	norm	6160
A	-52	1	3358	0.31315863098	raw	6160
A	-52	1	3358	1.01084580839	norm	6160
T	-52	1	3086	0.287792595356	raw	6160
T	-52	1	3086	0.932229926996	norm	6160
C	-52	1	2197	0.204886692157	raw	6160
C	-52	1	2197	1.07330490133	norm	6160
G	-52	1	2082	0.194162081507	raw	6160
G	-52	1	2082	1.01872123096	norm	6160
A	-51	1	3395	0.316609157885	raw	6160
A	-51	1	3395	1.0219837759	norm	6160
T	-51	1	3176	0.296185768908	raw	6160
T	-51	1	3176	0.95941744917	norm	6160
C	-51	1	2092	0.195094656346	raw	6160
C	-51	1	2092	1.02200903668	norm	6160
G	-51	1	2060	0.192110416861	raw	6160
G	-51	1	2060	1.00795664543	norm	6160
A	-50	1	3441	0.320899002145	raw	6160
A	-50	1	3441	1.03583097876	norm	6160
T	-50	1	3189	0.297398116199	raw	6160
T	-50	1	3189	0.963344535707	norm	6160
G	-50	1	2100	0.195840716217	raw	6160
G	-50	1	2100	1.02752861912	norm	6160
C	-50	1	1993	0.185862165439	raw	6160
C	-50	1	1993	0.97364436429	norm	6160
A	-49	1	3454	0.322111349436	raw	6160
A	-49	1	3454	1.03974431869	norm	6160
T	-49	1	3254	0.303459852653	raw	6160
T	-49	1	3254	0.982979968388	norm	6160
G	-49	1	2057	0.191830644409	raw	6160
G	-49	1	2057	1.0064887474	norm	6160
C	-49	1	1958	0.182598153502	raw	6160
C	-49	1	1958	0.956545742739	norm	6160
A	-48	1	3375	0.314744008207	raw	6160
A	-48	1	3375	1.01596325292	norm	6160
T	-48	1	3101	0.289191457614	raw	6160
T	-48	1	3101	0.936761180692	norm	6160
G	-48	1	2218	0.206845099319	raw	6160
G	-48	1	2218	1.08526594153	norm	6160
C	-48	1	2029	0.18921943486	raw	6160
C	-48	1	2029	0.991231517884	norm	6160
A	-47	1	3589	0.334701109764	raw	6160
A	-47	1	3589	1.08038284881	norm	6160
T	-47	1	3089	0.288072367808	raw	6160
T	-47	1	3089	0.933136177735	norm	6160
G	-47	1	2093	0.19518791383	raw	6160
G	-47	1	2093	1.02410352373	norm	6160
C	-47	1	1952	0.182038608598	raw	6160
C	-47	1	1952	0.953614550473	norm	6160
A	-46	1	3317	0.30933507414	raw	6160
A	-46	1	3317	0.998503736277	norm	6160
T	-46	1	3120	0.290963349809	raw	6160
T	-46	1	3120	0.942500768706	norm	6160
G	-46	1	2166	0.201995710156	raw	6160
G	-46	1	2166	1.05982237573	norm	6160
C	-46	1	2120	0.197705865896	raw	6160
C	-46	1	2120	1.03568793392	norm	6160
A	-45	1	3374	0.314650750723	raw	6160
A	-45	1	3374	1.01566222677	norm	6160
T	-45	1	3055	0.284901613354	raw	6160
T	-45	1	3055	0.922865336025	norm	6160
G	-45	1	2171	0.202461997575	raw	6160
G	-45	1	2171	1.06226887244	norm	6160
C	-45	1	2123	0.197985638347	raw	6160
C	-45	1	2123	1.03715353005	norm	6160
A	-44	1	3419	0.318847337499	raw	6160
A	-44	1	3419	1.02920840348	norm	6160
T	-44	1	3071	0.286393733097	raw	6160
T	-44	1	3071	0.9276986733	norm	6160
G	-44	1	2178	0.203114799963	raw	6160
G	-44	1	2178	1.06569396783	norm	6160
C	-44	1	2055	0.191644129441	raw	6160
C	-44	1	2055	1.00393335104	norm	6160
A	-43	1	3482	0.324722558985	raw	6160
A	-43	1	3482	1.04817305086	norm	6160
T	-43	1	3235	0.301687960459	raw	6160
T	-43	1	3235	0.977240380373	norm	6160
G	-43	1	2108	0.196586776089	raw	6160
G	-43	1	2108	1.03144301386	norm	6160
C	-43	1	1898	0.177002704467	raw	6160
C	-43	1	1898	0.927233820081	norm	6160
A	-42	1	3438	0.320619229693	raw	6160
A	-42	1	3438	1.03492790031	norm	6160
T	-42	1	3161	0.294786906649	raw	6160
T	-42	1	3161	0.954886195475	norm	6160
G	-42	1	2089	0.194814883894	raw	6160
G	-42	1	2089	1.02214632636	norm	6160
C	-42	1	2035	0.189778979763	raw	6160
C	-42	1	2035	0.99416271015	norm	6160
A	-41	1	3387	0.315863098014	raw	6160
A	-41	1	3387	1.01957556671	norm	6160
T	-41	1	3115	0.290497062389	raw	6160
T	-41	1	3115	0.940990350808	norm	6160
G	-41	1	2200	0.205166464609	raw	6160
G	-41	1	2200	1.07645855337	norm	6160
C	-41	1	2021	0.188473374988	raw	6160
C	-41	1	2021	0.98732326153	norm	6160
A	-40	1	3432	0.32005968479	raw	6160
A	-40	1	3432	1.03312174341	norm	6160
T	-40	1	2934	0.273617457801	raw	6160
T	-40	1	2934	0.88631322288	norm	6160
G	-40	1	2196	0.204793434673	raw	6160
G	-40	1	2196	1.074501356	norm	6160
C	-40	1	2161	0.201529422736	raw	6160
C	-40	1	2161	1.05571774773	norm	6160
A	-39	1	3324	0.309987876527	raw	6160
A	-39	1	3324	1.00061091932	norm	6160
T	-39	1	3077	0.286953278001	raw	6160
T	-39	1	3077	0.929511174779	norm	6160
C	-39	1	2177	0.203021542479	raw	6160
C	-39	1	2177	1.06353426044	norm	6160
G	-39	1	2145	0.200037302994	raw	6160
G	-39	1	2145	1.04954708953	norm	6160
A	-38	1	3423	0.319220367434	raw	6160
A	-38	1	3423	1.03041250807	norm	6160
T	-38	1	3155	0.294227361746	raw	6160
T	-38	1	3155	0.953073693996	norm	6160
G	-38	1	2082	0.194162081507	raw	6160
G	-38	1	2082	1.01872123096	norm	6160
C	-38	1	2063	0.192390189313	raw	6160
C	-38	1	2063	1.00784160739	norm	6160
A	-37	1	3379	0.315117038142	raw	6160
A	-37	1	3379	1.01716735752	norm	6160
T	-37	1	3165	0.295159936585	raw	6160
T	-37	1	3165	0.956094529793	norm	6160
G	-37	1	2159	0.201342907768	raw	6160
G	-37	1	2159	1.05639728033	norm	6160
C	-37	1	2020	0.188380117504	raw	6160
C	-37	1	2020	0.986834729486	norm	6160
A	-36	1	3516	0.327893313438	raw	6160
A	-36	1	3516	1.05840793993	norm	6160
T	-36	1	3018	0.28145108645	raw	6160
T	-36	1	3018	0.911688243576	norm	6160
C	-36	1	2134	0.199011470671	raw	6160
C	-36	1	2134	1.04252738254	norm	6160
G	-36	1	2055	0.191644129441	raw	6160
G	-36	1	2055	1.00551014871	norm	6160
A	-35	1	3307	0.308402499301	raw	6160
A	-35	1	3307	0.995493474787	norm	6160
T	-35	1	3129	0.291802667164	raw	6160
T	-35	1	3129	0.945219520924	norm	6160
G	-35	1	2150	0.200503590413	raw	6160
G	-35	1	2150	1.05199358625	norm	6160
C	-35	1	2137	0.199291243122	raw	6160
C	-35	1	2137	1.04399297867	norm	6160
A	-34	1	3483	0.324815816469	raw	6160
A	-34	1	3483	1.04847407701	norm	6160
T	-34	1	3108	0.289844260002	raw	6160
T	-34	1	3108	0.93887576575	norm	6160
G	-34	1	2102	0.196027231185	raw	6160
G	-34	1	2102	1.02850721781	norm	6160
C	-34	1	2030	0.189312692344	raw	6160
C	-34	1	2030	0.991720049929	norm	6160
A	-33	1	3548	0.330877552924	raw	6160
A	-33	1	3548	1.0680407767	norm	6160
T	-33	1	3100	0.289098200131	raw	6160
T	-33	1	3100	0.936459097112	norm	6160
G	-33	1	2134	0.199011470671	raw	6160
G	-33	1	2134	1.04416479677	norm	6160
C	-33	1	1941	0.181012776275	raw	6160
C	-33	1	1941	0.948240697986	norm	6160
A	-32	1	3564	0.332369672666	raw	6160
A	-32	1	3564	1.07285719508	norm	6160
T	-32	1	3054	0.284808355871	raw	6160
T	-32	1	3054	0.922563252445	norm	6160
G	-32	1	2119	0.197612608412	raw	6160
G	-32	1	2119	1.03682530663	norm	6160
C	-32	1	1986	0.185209363051	raw	6160
C	-32	1	1986	0.970224639979	norm	6160
A	-31	1	3371	0.314370978271	raw	6160
A	-31	1	3371	1.01475914832	norm	6160
T	-31	1	3194	0.297864403618	raw	6160
T	-31	1	3194	0.964854953605	norm	6160
G	-31	1	2092	0.195094656346	raw	6160
G	-31	1	2092	1.02361422438	norm	6160
C	-31	1	2066	0.192669961764	raw	6160
C	-31	1	2066	1.00930720352	norm	6160
A	-30	1	3478	0.32434952905	raw	6160
A	-30	1	3478	1.04696894627	norm	6160
T	-30	1	3075	0.286766763033	raw	6160
T	-30	1	3075	0.928907007619	norm	6160
G	-30	1	2088	0.194721626411	raw	6160
G	-30	1	2088	1.02165702701	norm	6160
C	-30	1	2082	0.194162081507	raw	6160
C	-30	1	2082	1.01712371623	norm	6160
A	-29	1	3433	0.320152942274	raw	6160
A	-29	1	3433	1.03342276956	norm	6160
T	-29	1	2996	0.279399421804	raw	6160
T	-29	1	2996	0.905042404822	norm	6160
C	-29	1	2151	0.200596847897	raw	6160
C	-29	1	2151	1.05083242729	norm	6160
G	-29	1	2143	0.199850788026	raw	6160
G	-29	1	2143	1.04856849085	norm	6160
A	-28	1	3517	0.327986570922	raw	6160
A	-28	1	3517	1.05870896608	norm	6160
T	-28	1	3107	0.289751002518	raw	6160
T	-28	1	3107	0.93857368217	norm	6160
G	-28	1	2096	0.195467686282	raw	6160
G	-28	1	2096	1.02557142175	norm	6160
C	-28	1	2003	0.186794740278	raw	6160
C	-28	1	2003	0.978529684733	norm	6160
A	-27	1	3603	0.336006714539	raw	6160
A	-27	1	3603	1.0845972149	norm	6160
T	-27	1	3076	0.286860020517	raw	6160
T	-27	1	3076	0.929209091199	norm	6160
G	-27	1	2154	0.200876620349	raw	6160
G	-27	1	2154	1.05395078362	norm	6160
C	-27	1	1890	0.176256644596	raw	6160
C	-27	1	1890	0.923325563727	norm	6160
A	-26	1	3443	0.321085517113	raw	6160
A	-26	1	3443	1.03643303105	norm	6160
T	-26	1	3109	0.289937517486	raw	6160
T	-26	1	3109	0.93917784933	norm	6160
G	-26	1	2181	0.203394572414	raw	6160
G	-26	1	2181	1.06716186586	norm	6160
C	-26	1	1990	0.185582392987	raw	6160
C	-26	1	1990	0.972178768157	norm	6160
A	-25	1	3437	0.320525972209	raw	6160
A	-25	1	3437	1.03462687416	norm	6160
T	-25	1	3285	0.306350834654	raw	6160
T	-25	1	3285	0.992344559359	norm	6160
G	-25	1	2079	0.193882309055	raw	6160
G	-25	1	2079	1.01725333293	norm	6160
C	-25	1	1922	0.179240884081	raw	6160
C	-25	1	1922	0.938958589144	norm	6160
A	-24	1	3468	0.323416954211	raw	6160
A	-24	1	3468	1.04395868478	norm	6160
T	-24	1	3100	0.289098200131	raw	6160
T	-24	1	3100	0.936459097112	norm	6160
G	-24	1	2120	0.197705865896	raw	6160
G	-24	1	2120	1.03731460597	norm	6160
C	-24	1	2035	0.189778979763	raw	6160
C	-24	1	2035	0.99416271015	norm	6160
A	-23	1	3612	0.336846031894	raw	6160
A	-23	1	3612	1.08730645024	norm	6160
T	-23	1	3051	0.284528583419	raw	6160
T	-23	1	3051	0.921657001706	norm	6160
C	-23	1	2052	0.19136435699	raw	6160
C	-23	1	2052	1.0024677549	norm	6160
G	-23	1	2008	0.187261027697	raw	6160
G	-23	1	2008	0.98251307962	norm	6160
A	-22	1	3464	0.323043924275	raw	6160
A	-22	1	3464	1.04275458018	norm	6160
T	-22	1	3082	0.28741956542	raw	6160
T	-22	1	3082	0.931021592677	norm	6160
G	-22	1	2119	0.197612608412	raw	6160
G	-22	1	2119	1.03682530663	norm	6160
C	-22	1	2058	0.191923901893	raw	6160
C	-22	1	2058	1.00539894717	norm	6160
A	-21	1	3416	0.318567565047	raw	6160
A	-21	1	3416	1.02830532503	norm	6160
T	-21	1	3088	0.287979110324	raw	6160
T	-21	1	3088	0.932834094156	norm	6160
G	-21	1	2164	0.201809195188	raw	6160
G	-21	1	2164	1.05884377704	norm	6160
C	-21	1	2055	0.191644129441	raw	6160
C	-21	1	2055	1.00393335104	norm	6160
A	-20	1	3440	0.320805744661	raw	6160
A	-20	1	3440	1.03552995261	norm	6160
T	-20	1	3084	0.287606080388	raw	6160
T	-20	1	3084	0.931625759837	norm	6160
G	-20	1	2231	0.20805744661	raw	6160
G	-20	1	2231	1.09162683298	norm	6160
C	-20	1	1968	0.183530728341	raw	6160
C	-20	1	1968	0.961431063182	norm	6160
A	-19	1	3444	0.321178774597	raw	6160
A	-19	1	3444	1.0367340572	norm	6160
T	-19	1	3047	0.284155553483	raw	6160
T	-19	1	3047	0.920448667387	norm	6160
G	-19	1	2144	0.19994404551	raw	6160
G	-19	1	2144	1.04905779019	norm	6160
C	-19	1	2088	0.194721626411	raw	6160
C	-19	1	2088	1.0200549085	norm	6160
A	-18	1	3407	0.317728247692	raw	6160
A	-18	1	3407	1.02559608969	norm	6160
T	-18	1	3126	0.291522894712	raw	6160
T	-18	1	3126	0.944313270185	norm	6160
G	-18	1	2138	0.199384500606	raw	6160
G	-18	1	2138	1.04612199414	norm	6160
C	-18	1	2052	0.19136435699	raw	6160
C	-18	1	2052	1.0024677549	norm	6160
A	-17	1	3433	0.320152942274	raw	6160
A	-17	1	3433	1.03342276956	norm	6160
T	-17	1	3009	0.280611769094	raw	6160
T	-17	1	3009	0.908969491358	norm	6160
G	-17	1	2258	0.210575398676	raw	6160
G	-17	1	2258	1.10483791523	norm	6160
C	-17	1	2023	0.188659889956	raw	6160
C	-17	1	2023	0.988300325619	norm	6160
A	-16	1	3455	0.32220460692	raw	6160
A	-16	1	3455	1.04004534484	norm	6160
T	-16	1	3046	0.284062295999	raw	6160
T	-16	1	3046	0.920146583808	norm	6160
G	-16	1	2203	0.205446237061	raw	6160
G	-16	1	2203	1.0779264514	norm	6160
C	-16	1	2019	0.188286860021	raw	6160
C	-16	1	2019	0.986346197441	norm	6160
A	-15	1	3496	0.32602816376	raw	6160
A	-15	1	3496	1.05238741695	norm	6160
T	-15	1	3182	0.296745313811	raw	6160
T	-15	1	3182	0.961229950649	norm	6160
G	-15	1	2079	0.193882309055	raw	6160
G	-15	1	2079	1.01725333293	norm	6160
C	-15	1	1966	0.183344213373	raw	6160
C	-15	1	1966	0.960453999093	norm	6160
A	-14	1	3449	0.321645062016	raw	6160
A	-14	1	3449	1.03823918795	norm	6160
T	-14	1	3057	0.285088128322	raw	6160
T	-14	1	3057	0.923469503184	norm	6160
G	-14	1	2134	0.199011470671	raw	6160
G	-14	1	2134	1.04416479677	norm	6160
C	-14	1	2083	0.194255338991	raw	6160
C	-14	1	2083	1.01761224828	norm	6160
A	-13	1	3404	0.31744847524	raw	6160
A	-13	1	3404	1.02469301124	norm	6160
T	-13	1	3022	0.281824116385	raw	6160
T	-13	1	3022	0.912896577894	norm	6160
G	-13	1	2196	0.204793434673	raw	6160
G	-13	1	2196	1.074501356	norm	6160
C	-13	1	2101	0.195933973701	raw	6160
C	-13	1	2101	1.02640582507	norm	6160
A	-12	1	3353	0.312692343561	raw	6160
A	-12	1	3353	1.00934067764	norm	6160
T	-12	1	3130	0.291895924648	raw	6160
T	-12	1	3130	0.945521604503	norm	6160
C	-12	1	2120	0.197705865896	raw	6160
C	-12	1	2120	1.03568793392	norm	6160
G	-12	1	2120	0.197705865896	raw	6160
G	-12	1	2120	1.03731460597	norm	6160
A	-11	1	3505	0.326867481115	raw	6160
A	-11	1	3505	1.05509665229	norm	6160
T	-11	1	3063	0.285647673226	raw	6160
T	-11	1	3063	0.925282004663	norm	6160
G	-11	1	2093	0.19518791383	raw	6160
G	-11	1	2093	1.02410352373	norm	6160
C	-11	1	2062	0.192296931829	raw	6160
C	-11	1	2062	1.00735307535	norm	6160
A	-10	1	3370	0.314277720787	raw	6160
A	-10	1	3370	1.01445812218	norm	6160
T	-10	1	3076	0.286860020517	raw	6160
T	-10	1	3076	0.929209091199	norm	6160
G	-10	1	2159	0.201342907768	raw	6160
G	-10	1	2159	1.05639728033	norm	6160
C	-10	1	2118	0.197519350928	raw	6160
C	-10	1	2118	1.03471086983	norm	6160
A	-9	1	3486	0.325095588921	raw	6160
A	-9	1	3486	1.04937715546	norm	6160
T	-9	1	2974	0.277347757158	raw	6160
T	-9	1	2974	0.898396566068	norm	6160
G	-9	1	2216	0.206658584351	raw	6160
G	-9	1	2216	1.08428734285	norm	6160
C	-9	1	2047	0.19089806957	raw	6160
C	-9	1	2047	1.00002509468	norm	6160
A	-8	1	3361	0.313438403432	raw	6160
A	-8	1	3361	1.01174888683	norm	6160
T	-8	1	3249	0.302993565234	raw	6160
T	-8	1	3249	0.981469550489	norm	6160
G	-8	1	2103	0.196120488669	raw	6160
G	-8	1	2103	1.02899651715	norm	6160
C	-8	1	2010	0.187447542665	raw	6160
C	-8	1	2010	0.981949409043	norm	6160
A	-7	1	3344	0.311853026205	raw	6160
A	-7	1	3344	1.0066314423	norm	6160
T	-7	1	3330	0.310547421431	raw	6160
T	-7	1	3330	1.00593832045	norm	6160
G	-7	1	2048	0.190991327054	raw	6160
G	-7	1	2048	1.00208505332	norm	6160
C	-7	1	2001	0.18660822531	raw	6160
C	-7	1	2001	0.977552620644	norm	6160
A	-6	1	3355	0.312878858528	raw	6160
A	-6	1	3355	1.00994272994	norm	6160
T	-6	1	3209	0.299263265877	raw	6160
T	-6	1	3209	0.969386207301	norm	6160
G	-6	1	2092	0.195094656346	raw	6160
G	-6	1	2092	1.02361422438	norm	6160
C	-6	1	2067	0.192763219248	raw	6160
C	-6	1	2067	1.00979573557	norm	6160
A	-5	1	3396	0.316702415369	raw	6160
A	-5	1	3396	1.02228480205	norm	6160
T	-5	1	3249	0.302993565234	raw	6160
T	-5	1	3249	0.981469550489	norm	6160
G	-5	1	2095	0.195374428798	raw	6160
G	-5	1	2095	1.02508212241	norm	6160
C	-5	1	1983	0.1849295906	raw	6160
C	-5	1	1983	0.968759043847	norm	6160
A	-4	1	3296	0.307376666978	raw	6160
A	-4	1	3296	0.992182187148	norm	6160
T	-4	1	3213	0.299636295813	raw	6160
T	-4	1	3213	0.97059454162	norm	6160
C	-4	1	2209	0.206005781964	raw	6160
C	-4	1	2209	1.07916728586	norm	6160
G	-4	1	2005	0.186981255246	raw	6160
G	-4	1	2005	0.981045181592	norm	6160
A	-3	1	3287	0.306537349622	raw	6160
A	-3	1	3287	0.989472951807	norm	6160
T	-3	1	3196	0.298050918586	raw	6160
T	-3	1	3196	0.965459120765	norm	6160
C	-3	1	2130	0.198638440735	raw	6160
C	-3	1	2130	1.04057325436	norm	6160
G	-3	1	2110	0.196773291057	raw	6160
G	-3	1	2110	1.03242161255	norm	6160
T	-2	1	3327	0.310267648979	raw	6160
T	-2	1	3327	1.00503206971	norm	6160
A	-2	1	3251	0.303180080201	raw	6160
A	-2	1	3251	0.978636010442	norm	6160
G	-2	1	2130	0.198638440735	raw	6160
G	-2	1	2130	1.0422075994	norm	6160
C	-2	1	2015	0.187913830085	raw	6160
C	-2	1	2015	0.984392069264	norm	6160
A	-1	1	3787	0.353166091579	raw	6160
A	-1	1	3787	1.13998602631	norm	6160
T	-1	1	2840	0.264851254313	raw	6160
T	-1	1	2840	0.857917366387	norm	6160
G	-1	1	2103	0.196120488669	raw	6160
G	-1	1	2103	1.02899651715	norm	6160
C	-1	1	1993	0.185862165439	raw	6160
C	-1	1	1993	0.97364436429	norm	6160
C	0	1	4717	0.439895551618	raw	6160
C	0	1	4717	2.30440565296	norm	6160
G	0	1	3012	0.280891541546	raw	6160
G	0	1	3012	1.47376961943	norm	6160
A	0	1	1649	0.153781590973	raw	6160
A	0	1	1649	0.496392119723	norm	6160
T	0	1	1345	0.125431315863	raw	6160
T	0	1	1345	0.406302414715	norm	6160
A	1	1	4825	0.449967359881	raw	6160
A	1	1	4825	1.45245116899	norm	6160
C	1	1	2400	0.223817961391	raw	6160
C	1	1	2400	1.17247690632	norm	6160
G	1	1	1769	0.164972489042	raw	6160
G	1	1	1769	0.865570536777	norm	6160
T	1	1	1729	0.161242189686	raw	6160
T	1	1	1729	0.522302509325	norm	6160
A	2	1	3096	0.288725170195	raw	6160
A	2	1	3096	0.931976957345	norm	6160
T	2	1	3029	0.282476918773	raw	6160
T	2	1	3029	0.915011162952	norm	6160
C	2	1	2388	0.222698871584	raw	6160
C	2	1	2388	1.16661452179	norm	6160
G	2	1	2210	0.206099039448	raw	6160
G	2	1	2210	1.08135154679	norm	6160
A	3	1	3504	0.326774223631	raw	6160
A	3	1	3504	1.05479562614	norm	6160
T	3	1	2744	0.255898535858	raw	6160
T	3	1	2744	0.828917342734	norm	6160
C	3	1	2291	0.213652895645	raw	6160
C	3	1	2291	1.11922691349	norm	6160
G	3	1	2184	0.203674344866	raw	6160
G	3	1	2184	1.06862976389	norm	6160
A	4	1	3396	0.316702415369	raw	6160
A	4	1	3396	1.02228480205	norm	6160
T	4	1	2943	0.274456775156	raw	6160
T	4	1	2943	0.889031975097	norm	6160
C	4	1	2214	0.206472069384	raw	6160
C	4	1	2214	1.08160994608	norm	6160
G	4	1	2170	0.202368740091	raw	6160
G	4	1	2170	1.0617795731	norm	6160
A	5	1	3153	0.294040846778	raw	6160
A	5	1	3153	0.949135447839	norm	6160
T	5	1	3050	0.284435325935	raw	6160
T	5	1	3050	0.921354918126	norm	6160
C	5	1	2300	0.214492213	raw	6160
C	5	1	2300	1.12362370189	norm	6160
G	5	1	2220	0.207031614287	raw	6160
G	5	1	2220	1.08624454022	norm	6160
A	6	1	3201	0.298517206006	raw	6160
A	6	1	3201	0.963584702992	norm	6160
T	6	1	2966	0.276601697286	raw	6160
T	6	1	2966	0.89597989743	norm	6160
G	6	1	2362	0.220274177003	raw	6160
G	6	1	2362	1.15572504684	norm	6160
C	6	1	2194	0.204606919705	raw	6160
C	6	1	2194	1.07183930519	norm	6160
A	7	1	3344	0.311853026205	raw	6160
A	7	1	3344	1.0066314423	norm	6160
T	7	1	2887	0.269234356057	raw	6160
T	7	1	2887	0.872115294633	norm	6160
G	7	1	2430	0.226615685909	raw	6160
G	7	1	2430	1.18899740213	norm	6160
C	7	1	2062	0.192296931829	raw	6160
C	7	1	2062	1.00735307535	norm	6160
A	8	1	3273	0.305231744848	raw	6160
A	8	1	3273	0.985258585721	norm	6160
T	8	1	2896	0.270073673412	raw	6160
T	8	1	2896	0.874834046851	norm	6160
G	8	1	2287	0.213279865709	raw	6160
G	8	1	2287	1.11902759616	norm	6160
C	8	1	2267	0.211414716031	raw	6160
C	8	1	2267	1.10750214443	norm	6160
A	9	1	3267	0.304672199944	raw	6160
A	9	1	3267	0.983452428827	norm	6160
T	9	1	2939	0.274083745221	raw	6160
T	9	1	2939	0.887823640778	norm	6160
G	9	1	2276	0.212254033386	raw	6160
G	9	1	2276	1.11364530339	norm	6160
C	9	1	2241	0.208990021449	raw	6160
C	9	1	2241	1.09480031128	norm	6160
A	10	1	3375	0.314744008207	raw	6160
A	10	1	3375	1.01596325292	norm	6160
T	10	1	2919	0.272218595542	raw	6160
T	10	1	2919	0.881781969184	norm	6160
C	10	1	2237	0.208616991514	raw	6160
C	10	1	2237	1.0928461831	norm	6160
G	10	1	2192	0.204420404737	raw	6160
G	10	1	2192	1.07254415863	norm	6160
A	11	1	3524	0.32863937331	raw	6160
A	11	1	3524	1.06081614912	norm	6160
T	11	1	2921	0.27240511051	raw	6160
T	11	1	2921	0.882386136343	norm	6160
G	11	1	2237	0.208616991514	raw	6160
G	11	1	2237	1.09456262904	norm	6160
C	11	1	2041	0.190338524667	raw	6160
C	11	1	2041	0.997093902416	norm	6160
A	12	1	3501	0.32649445118	raw	6160
A	12	1	3501	1.0538925477	norm	6160
T	12	1	2763	0.257670428052	raw	6160
T	12	1	2763	0.834656930749	norm	6160
G	12	1	2292	0.213746153129	raw	6160
G	12	1	2292	1.12147409287	norm	6160
C	12	1	2167	0.20208896764	raw	6160
C	12	1	2167	1.05864894	norm	6160
A	13	1	3372	0.314464235755	raw	6160
A	13	1	3372	1.01506017447	norm	6160
T	13	1	2963	0.276321924834	raw	6160
T	13	1	2963	0.895073646691	norm	6160
G	13	1	2272	0.211881003451	raw	6160
G	13	1	2272	1.11168810602	norm	6160
C	13	1	2116	0.19733283596	raw	6160
C	13	1	2116	1.03373380574	norm	6160
A	14	1	3466	0.323230439243	raw	6160
A	14	1	3466	1.04335663248	norm	6160
T	14	1	2908	0.271192763219	raw	6160
T	14	1	2908	0.878459049807	norm	6160
G	14	1	2381	0.222046069197	raw	6160
G	14	1	2381	1.16502173435	norm	6160
C	14	1	1968	0.183530728341	raw	6160
C	14	1	1968	0.961431063182	norm	6160
A	15	1	3340	0.31147999627	raw	6160
A	15	1	3340	1.0054273377	norm	6160
T	15	1	2936	0.273803972769	raw	6160
T	15	1	2936	0.886917390039	norm	6160
G	15	1	2254	0.21020236874	raw	6160
G	15	1	2254	1.10288071786	norm	6160
C	15	1	2193	0.204513662221	raw	6160
C	15	1	2193	1.07135077315	norm	6160
A	16	1	3414	0.318381050079	raw	6160
A	16	1	3414	1.02770327273	norm	6160
T	16	1	2954	0.275482607479	raw	6160
T	16	1	2954	0.892354894474	norm	6160
G	16	1	2243	0.209176536417	raw	6160
G	16	1	2243	1.09749842509	norm	6160
C	16	1	2112	0.196959806024	raw	6160
C	16	1	2112	1.03177967756	norm	6160
A	17	1	3463	0.322950666791	raw	6160
A	17	1	3463	1.04245355403	norm	6160
T	17	1	2946	0.274736547608	raw	6160
T	17	1	2946	0.889938225836	norm	6160
G	17	1	2286	0.213186608225	raw	6160
G	17	1	2286	1.11853829682	norm	6160
C	17	1	2028	0.189126177376	raw	6160
C	17	1	2028	0.99074298584	norm	6160
A	18	1	3356	0.312972116012	raw	6160
A	18	1	3356	1.01024375609	norm	6160
T	18	1	2848	0.265597314184	raw	6160
T	18	1	2848	0.860334035024	norm	6160
G	18	1	2316	0.215984332743	raw	6160
G	18	1	2316	1.13321727709	norm	6160
C	18	1	2203	0.205446237061	raw	6160
C	18	1	2203	1.07623609359	norm	6160
A	19	1	3325	0.310081134011	raw	6160
A	19	1	3325	1.00091194547	norm	6160
T	19	1	2985	0.278373589481	raw	6160
T	19	1	2985	0.901719485445	norm	6160
G	19	1	2300	0.214492213	raw	6160
G	19	1	2300	1.12538848761	norm	6160
C	19	1	2113	0.197053063508	raw	6160
C	19	1	2113	1.03226820961	norm	6160
A	20	1	3365	0.313811433368	raw	6160
A	20	1	3365	1.01295299143	norm	6160
T	20	1	3002	0.279958966707	raw	6160
T	20	1	3002	0.9068549063	norm	6160
G	20	1	2340	0.218222512357	raw	6160
G	20	1	2340	1.14496046131	norm	6160
C	20	1	2016	0.188007087569	raw	6160
C	20	1	2016	0.984880601308	norm	6160
A	21	1	3314	0.309055301688	raw	6160
A	21	1	3314	0.99760065783	norm	6160
T	21	1	2937	0.273897230253	raw	6160
T	21	1	2937	0.887219473619	norm	6160
G	21	1	2302	0.214678727968	raw	6160
G	21	1	2302	1.1263670863	norm	6160
C	21	1	2170	0.202368740091	raw	6160
C	21	1	2170	1.06011453613	norm	6160
A	22	1	3419	0.318847337499	raw	6160
A	22	1	3419	1.02920840348	norm	6160
T	22	1	2970	0.276974727222	raw	6160
T	22	1	2970	0.897188231749	norm	6160
G	22	1	2234	0.208337219062	raw	6160
G	22	1	2234	1.09309473101	norm	6160
C	22	1	2100	0.195840716217	raw	6160
C	22	1	2100	1.02591729303	norm	6160
A	23	1	3397	0.316795672853	raw	6160
A	23	1	3397	1.0225858282	norm	6160
T	23	1	2943	0.274456775156	raw	6160
T	23	1	2943	0.889031975097	norm	6160
G	23	1	2331	0.217383195001	raw	6160
G	23	1	2331	1.14055676723	norm	6160
C	23	1	2052	0.19136435699	raw	6160
C	23	1	2052	1.0024677549	norm	6160
A	24	1	3445	0.321272032081	raw	6160
A	24	1	3445	1.03703508335	norm	6160
T	24	1	2785	0.259722092698	raw	6160
T	24	1	2785	0.841302769502	norm	6160
C	24	1	2255	0.210295626224	raw	6160
C	24	1	2255	1.1016397599	norm	6160
G	24	1	2238	0.208710248997	raw	6160
G	24	1	2238	1.09505192838	norm	6160
A	25	1	3475	0.324069756598	raw	6160
A	25	1	3475	1.04606586782	norm	6160
T	25	1	2846	0.265410799217	raw	6160
T	25	1	2846	0.859729867865	norm	6160
G	25	1	2259	0.21066865616	raw	6160
G	25	1	2259	1.10532721457	norm	6160
C	25	1	2143	0.199850788026	raw	6160
C	25	1	2143	1.04692417093	norm	6160
A	26	1	3493	0.325748391308	raw	6160
A	26	1	3493	1.0514843385	norm	6160
T	26	1	2760	0.2573906556	raw	6160
T	26	1	2760	0.833750680009	norm	6160
G	26	1	2364	0.220460691971	raw	6160
G	26	1	2364	1.15670364553	norm	6160
C	26	1	2106	0.196400261121	raw	6160
C	26	1	2106	1.0288484853	norm	6160
A	27	1	3517	0.327986570922	raw	6160
A	27	1	3517	1.05870896608	norm	6160
T	27	1	2887	0.269234356057	raw	6160
T	27	1	2887	0.872115294633	norm	6160
G	27	1	2215	0.206565326867	raw	6160
G	27	1	2215	1.0837980435	norm	6160
C	27	1	2104	0.196213746153	raw	6160
C	27	1	2104	1.02787142121	norm	6160
A	28	1	3516	0.327893313438	raw	6160
A	28	1	3516	1.05840793993	norm	6160
T	28	1	2848	0.265597314184	raw	6160
T	28	1	2848	0.860334035024	norm	6160
G	28	1	2278	0.212440548354	raw	6160
G	28	1	2278	1.11462390208	norm	6160
C	28	1	2081	0.194068824023	raw	6160
C	28	1	2081	1.01663518419	norm	6160
A	29	1	3477	0.324256271566	raw	6160
A	29	1	3477	1.04666792012	norm	6160
T	29	1	2856	0.266343374056	raw	6160
T	29	1	2856	0.862750703662	norm	6160
G	29	1	2487	0.231931362492	raw	6160
G	29	1	2487	1.21688746465	norm	6160
C	29	1	1903	0.177468991887	raw	6160
C	29	1	1903	0.929676480303	norm	6160
A	30	1	3340	0.31147999627	raw	6160
A	30	1	3340	1.0054273377	norm	6160
T	30	1	2870	0.267648978831	raw	6160
T	30	1	2870	0.866979873778	norm	6160
G	30	1	2370	0.221020236874	raw	6160
G	30	1	2370	1.15963944158	norm	6160
C	30	1	2143	0.199850788026	raw	6160
C	30	1	2143	1.04692417093	norm	6160
A	31	1	3306	0.308309241817	raw	6160
A	31	1	3306	0.995192448638	norm	6160
T	31	1	2964	0.276415182318	raw	6160
T	31	1	2964	0.895375730271	norm	6160
G	31	1	2324	0.216730392614	raw	6160
G	31	1	2324	1.13713167183	norm	6160
C	31	1	2129	0.198545183251	raw	6160
C	31	1	2129	1.04008472231	norm	6160
A	32	1	3406	0.317634990208	raw	6160
A	32	1	3406	1.02529506354	norm	6160
T	32	1	2902	0.270633218316	raw	6160
T	32	1	2902	0.876646548329	norm	6160
G	32	1	2317	0.216077590227	raw	6160
G	32	1	2317	1.13370657643	norm	6160
C	32	1	2098	0.19565420125	raw	6160
C	32	1	2098	1.02494022894	norm	6160
A	33	1	3424	0.319313624918	raw	6160
A	33	1	3424	1.03071353422	norm	6160
T	33	1	2808	0.261867014828	raw	6160
T	33	1	2808	0.848250691836	norm	6160
G	33	1	2358	0.219901147067	raw	6160
G	33	1	2358	1.15376784947	norm	6160
C	33	1	2133	0.198918213187	raw	6160
C	33	1	2133	1.04203885049	norm	6160
A	34	1	3430	0.319873169822	raw	6160
A	34	1	3430	1.03251969112	norm	6160
T	34	1	2839	0.264757996829	raw	6160
T	34	1	2839	0.857615282807	norm	6160
G	34	1	2330	0.217289937517	raw	6160
G	34	1	2330	1.14006746789	norm	6160
C	34	1	2124	0.198078895831	raw	6160
C	34	1	2124	1.03764206209	norm	6160
A	35	1	3460	0.322670894339	raw	6160
A	35	1	3460	1.04155047559	norm	6160
T	35	1	2872	0.267835493798	raw	6160
T	35	1	2872	0.867584040937	norm	6160
G	35	1	2382	0.222139326681	raw	6160
G	35	1	2382	1.16551103369	norm	6160
C	35	1	2009	0.187354285181	raw	6160
C	35	1	2009	0.981460876998	norm	6160
A	36	1	3451	0.321831576984	raw	6160
A	36	1	3451	1.03884124025	norm	6160
T	36	1	2907	0.271099505735	raw	6160
T	36	1	2907	0.878156966227	norm	6160
G	36	1	2348	0.218968572228	raw	6160
G	36	1	2348	1.14887485605	norm	6160
C	36	1	2017	0.188100345053	raw	6160
C	36	1	2017	0.985369133353	norm	6160
A	37	1	3474	0.323976499114	raw	6160
A	37	1	3474	1.04576484167	norm	6160
T	37	1	2926	0.27287139793	raw	6160
T	37	1	2926	0.883896554242	norm	6160
G	37	1	2293	0.213839410613	raw	6160
G	37	1	2293	1.12196339222	norm	6160
C	37	1	2030	0.189312692344	raw	6160
C	37	1	2030	0.991720049929	norm	6160
A	38	1	3396	0.316702415369	raw	6160
A	38	1	3396	1.02228480205	norm	6160
T	38	1	2932	0.273430942833	raw	6160
T	38	1	2932	0.88570905572	norm	6160
G	38	1	2310	0.215424787839	raw	6160
G	38	1	2310	1.13028148104	norm	6160
C	38	1	2085	0.194441853959	raw	6160
C	38	1	2085	1.01858931237	norm	6160
A	39	1	3579	0.333768534925	raw	6160
A	39	1	3579	1.07737258732	norm	6160
T	39	1	2996	0.279399421804	raw	6160
T	39	1	2996	0.905042404822	norm	6160
G	39	1	2144	0.19994404551	raw	6160
G	39	1	2144	1.04905779019	norm	6160
C	39	1	2004	0.186887997762	raw	6160
C	39	1	2004	0.979018216777	norm	6160
A	40	1	3527	0.328919145761	raw	6160
A	40	1	3527	1.06171922757	norm	6160
T	40	1	2903	0.2707264758	raw	6160
T	40	1	2903	0.876948631909	norm	6160
G	40	1	2230	0.207964189126	raw	6160
G	40	1	2230	1.09113753364	norm	6160
C	40	1	2063	0.192390189313	raw	6160
C	40	1	2063	1.00784160739	norm	6160
A	41	1	3547	0.33078429544	raw	6160
A	41	1	3547	1.06773975055	norm	6160
T	41	1	2958	0.275855637415	raw	6160
T	41	1	2958	0.893563228793	norm	6160
G	41	1	2251	0.209922596288	raw	6160
G	41	1	2251	1.10141281983	norm	6160
C	41	1	1967	0.183437470857	raw	6160
C	41	1	1967	0.960942531138	norm	6160
A	42	1	3521	0.328359600858	raw	6160
A	42	1	3521	1.05991307068	norm	6160
T	42	1	2838	0.264664739345	raw	6160
T	42	1	2838	0.857313199227	norm	6160
G	42	1	2282	0.21281357829	raw	6160
G	42	1	2282	1.11658109945	norm	6160
C	42	1	2082	0.194162081507	raw	6160
C	42	1	2082	1.01712371623	norm	6160
A	43	1	3472	0.323789984146	raw	6160
A	43	1	3472	1.04516278937	norm	6160
T	43	1	2846	0.265410799217	raw	6160
T	43	1	2846	0.859729867865	norm	6160
G	43	1	2367	0.220740464422	raw	6160
G	43	1	2367	1.15817154356	norm	6160
C	43	1	2038	0.190058752215	raw	6160
C	43	1	2038	0.995628306283	norm	6160
A	44	1	3450	0.3217383195	raw	6160
A	44	1	3450	1.0385402141	norm	6160
T	44	1	2920	0.272311853026	raw	6160
T	44	1	2920	0.882084052764	norm	6160
G	44	1	2321	0.216450620162	raw	6160
G	44	1	2321	1.1356637738	norm	6160
C	44	1	2032	0.189499207311	raw	6160
C	44	1	2032	0.992697114017	norm	6160
A	45	1	3543	0.330411265504	raw	6160
A	45	1	3543	1.06653564595	norm	6160
T	45	1	2889	0.269420871025	raw	6160
T	45	1	2889	0.872719461793	norm	6160
G	45	1	2350	0.219155087196	raw	6160
G	45	1	2350	1.14985345473	norm	6160
C	45	1	1941	0.181012776275	raw	6160
C	45	1	1941	0.948240697986	norm	6160
A	46	1	3615	0.337125804346	raw	6160
A	46	1	3615	1.08820952868	norm	6160
T	46	1	2941	0.274270260188	raw	6160
T	46	1	2941	0.888427807938	norm	6160
G	46	1	2276	0.212254033386	raw	6160
G	46	1	2276	1.11364530339	norm	6160
C	46	1	1891	0.17634990208	raw	6160
C	46	1	1891	0.923814095771	norm	6160
A	47	1	3539	0.330038235568	raw	6160
A	47	1	3539	1.06533154136	norm	6160
T	47	1	2905	0.270912990768	raw	6160
T	47	1	2905	0.877552799068	norm	6160
G	47	1	2325	0.216823650098	raw	6160
G	47	1	2325	1.13762097117	norm	6160
C	47	1	1954	0.182225123566	raw	6160
C	47	1	1954	0.954591614562	norm	6160
A	48	1	3612	0.336846031894	raw	6160
A	48	1	3612	1.08730645024	norm	6160
T	48	1	2823	0.263265877087	raw	6160
T	48	1	2823	0.852781945531	norm	6160
G	48	1	2412	0.224937051198	raw	6160
G	48	1	2412	1.18019001397	norm	6160
C	48	1	1876	0.174951039821	raw	6160
C	48	1	1876	0.916486115106	norm	6160
A	49	1	3474	0.323976499114	raw	6160
A	49	1	3474	1.04576484167	norm	6160
T	49	1	2930	0.273244427865	raw	6160
T	49	1	2930	0.885104888561	norm	6160
G	49	1	2396	0.223444931456	raw	6160
G	49	1	2396	1.17236122449	norm	6160
C	49	1	1923	0.179334141565	raw	6160
C	49	1	1923	0.939447121189	norm	6160
A	50	1	3388	0.315956355498	raw	6160
A	50	1	3388	1.01987659286	norm	6160
T	50	1	2971	0.277067984706	raw	6160
T	50	1	2971	0.897490315329	norm	6160
G	50	1	2306	0.215051757904	raw	6160
G	50	1	2306	1.12832428367	norm	6160
C	50	1	2058	0.191923901893	raw	6160
C	50	1	2058	1.00539894717	norm	6160
A	51	1	3477	0.324256271566	raw	6160
A	51	1	3477	1.04666792012	norm	6160
T	51	1	3092	0.288352140259	raw	6160
T	51	1	3092	0.934042428474	norm	6160
G	51	1	2201	0.205259722093	raw	6160
G	51	1	2201	1.07694785271	norm	6160
C	51	1	1953	0.182131866082	raw	6160
C	51	1	1953	0.954103082518	norm	6160
A	52	1	3477	0.324256271566	raw	6160
A	52	1	3477	1.04666792012	norm	6160
T	52	1	2797	0.260841182505	raw	6160
T	52	1	2797	0.844927772459	norm	6160
G	52	1	2330	0.217289937517	raw	6160
G	52	1	2330	1.14006746789	norm	6160
C	52	1	2119	0.197612608412	raw	6160
C	52	1	2119	1.03519940187	norm	6160
A	53	1	3481	0.324629301501	raw	6160
A	53	1	3481	1.04787202472	norm	6160
T	53	1	3049	0.284342068451	raw	6160
T	53	1	3049	0.921052834547	norm	6160
G	53	1	2207	0.205819266996	raw	6160
G	53	1	2207	1.07988364877	norm	6160
C	53	1	1986	0.185209363051	raw	6160
C	53	1	1986	0.970224639979	norm	6160
A	54	1	3506	0.326960738599	raw	6160
A	54	1	3506	1.05539767844	norm	6160
T	54	1	2918	0.272125338058	raw	6160
T	54	1	2918	0.881479885604	norm	6160
G	54	1	2238	0.208710248997	raw	6160
G	54	1	2238	1.09505192838	norm	6160
C	54	1	2061	0.192203674345	raw	6160
C	54	1	2061	1.0068645433	norm	6160
A	55	1	3404	0.31744847524	raw	6160
A	55	1	3404	1.02469301124	norm	6160
T	55	1	2943	0.274456775156	raw	6160
T	55	1	2943	0.889031975097	norm	6160
G	55	1	2218	0.206845099319	raw	6160
G	55	1	2218	1.08526594153	norm	6160
C	55	1	2158	0.201249650284	raw	6160
C	55	1	2158	1.0542521516	norm	6160
A	56	1	3594	0.33526119403	raw	6160
A	56	1	3594	1.08219074671	norm	6160
T	56	1	2955	0.275652985075	raw	6160
T	56	1	2955	0.892906788775	norm	6160
G	56	1	2152	0.200746268657	raw	6160
G	56	1	2152	1.05326685998	norm	6160
C	56	1	2019	0.188339552239	raw	6160
C	56	1	2019	0.986622227161	norm	6160
A	57	1	3557	0.331809701493	raw	6160
A	57	1	3557	1.07104966223	norm	6160
T	57	1	2948	0.275	raw	6160
T	57	1	2948	0.890791611949	norm	6160
G	57	1	2230	0.20802238806	raw	6160
G	57	1	2230	1.09144288929	norm	6160
C	57	1	1985	0.185167910448	raw	6160
C	57	1	1985	0.970007489309	norm	6160
A	58	1	3518	0.328171641791	raw	6160
A	58	1	3518	1.05930635697	norm	6160
T	58	1	3025	0.282182835821	raw	6160
T	58	1	3025	0.914058557037	norm	6160
G	58	1	2249	0.209794776119	raw	6160
G	58	1	2249	1.10074217849	norm	6160
C	58	1	1928	0.179850746269	raw	6160
C	58	1	1928	0.942153369968	norm	6160
A	59	1	3636	0.339179104478	raw	6160
A	59	1	3636	1.09483738315	norm	6160
T	59	1	2962	0.276305970149	raw	6160
T	59	1	2962	0.895021965601	norm	6160
G	59	1	2194	0.204664179104	raw	6160
G	59	1	2194	1.07382318346	norm	6160
C	59	1	1928	0.179850746269	raw	6160
C	59	1	1928	0.942153369968	norm	6160
A	60	1	3514	0.327798507463	raw	6160
A	60	1	3514	1.0581019154	norm	6160
T	60	1	2916	0.272014925373	raw	6160
T	60	1	2916	0.881122232172	norm	6160
G	60	1	2362	0.220335820896	raw	6160
G	60	1	2362	1.15604847736	norm	6160
C	60	1	1928	0.179850746269	raw	6160
C	60	1	1928	0.942153369968	norm	6160
A	61	1	3424	0.319402985075	raw	6160
A	61	1	3424	1.03100198017	norm	6160
T	61	1	2981	0.278078358209	raw	6160
T	61	1	2981	0.900763159844	norm	6160
G	61	1	2315	0.215951492537	raw	6160
G	61	1	2315	1.13304497252	norm	6160
C	61	1	2000	0.186567164179	raw	6160
C	61	1	2000	0.977337520714	norm	6160
A	62	1	3507	0.327145522388	raw	6160
A	62	1	3507	1.05599414266	norm	6160
T	62	1	3010	0.28078358209	raw	6160
T	62	1	3010	0.909526035267	norm	6160
G	62	1	2230	0.20802238806	raw	6160
G	62	1	2230	1.09144288929	norm	6160
C	62	1	1973	0.184048507463	raw	6160
C	62	1	1973	0.964143464184	norm	6160
A	63	1	3449	0.321735074627	raw	6160
A	63	1	3449	1.03852973996	norm	6160
T	63	1	2970	0.277052238806	raw	6160
T	63	1	2970	0.897439310546	norm	6160
G	63	1	2280	0.212686567164	raw	6160
G	63	1	2280	1.11591470296	norm	6160
C	63	1	2021	0.188526119403	raw	6160
C	63	1	2021	0.987599564681	norm	6160
A	64	1	3488	0.325373134328	raw	6160
A	64	1	3488	1.05027304522	norm	6160
T	64	1	2957	0.275839552239	raw	6160
T	64	1	2957	0.893511125011	norm	6160
G	64	1	2278	0.2125	raw	6160
G	64	1	2278	1.11493583041	norm	6160
C	64	1	1997	0.186287313433	raw	6160
C	64	1	1997	0.975871514433	norm	6160
A	65	1	3669	0.342257462687	raw	6160
A	65	1	3669	1.10477402607	norm	6160
T	65	1	2842	0.265111940299	raw	6160
T	65	1	2842	0.858761791438	norm	6160
G	65	1	2347	0.218936567164	raw	6160
G	65	1	2347	1.14870693326	norm	6160
C	65	1	1862	0.173694029851	raw	6160
C	65	1	1862	0.909901231785	norm	6160
A	66	1	3490	0.325559701493	raw	6160
A	66	1	3490	1.05087526601	norm	6160
T	66	1	2935	0.273787313433	raw	6160
T	66	1	2935	0.886863426415	norm	6160
G	66	1	2269	0.211660447761	raw	6160
G	66	1	2269	1.11053090395	norm	6160
C	66	1	2026	0.188992537313	raw	6160
C	66	1	2026	0.990042908483	norm	6160
A	67	1	3632	0.338805970149	raw	6160
A	67	1	3632	1.09363294159	norm	6160
T	67	1	2858	0.266604477612	raw	6160
T	67	1	2858	0.863596481326	norm	6160
G	67	1	2246	0.209514925373	raw	6160
G	67	1	2246	1.09927386967	norm	6160
C	67	1	1984	0.185074626866	raw	6160
C	67	1	1984	0.969518820548	norm	6160
A	68	1	3620	0.337686567164	raw	6160
A	68	1	3620	1.09001961689	norm	6160
T	68	1	2852	0.266044776119	raw	6160
T	68	1	2852	0.861783472618	norm	6160
G	68	1	2262	0.211007462687	raw	6160
G	68	1	2262	1.10710485004	norm	6160
C	68	1	1986	0.18526119403	raw	6160
C	68	1	1986	0.970496158069	norm	6160
A	69	1	3663	0.341697761194	raw	6160
A	69	1	3663	1.10296736372	norm	6160
T	69	1	2861	0.266884328358	raw	6160
T	69	1	2861	0.86450298568	norm	6160
G	69	1	2250	0.209888059701	raw	6160
G	69	1	2250	1.10123161476	norm	6160
C	69	1	1946	0.181529850746	raw	6160
C	69	1	1946	0.950949407655	norm	6160
A	70	1	3666	0.34197761194	raw	6160
A	70	1	3666	1.10387069489	norm	6160
T	70	1	2978	0.277798507463	raw	6160
T	70	1	2978	0.89985665549	norm	6160
G	70	1	2229	0.207929104478	raw	6160
G	70	1	2229	1.09095345302	norm	6160
C	70	1	1847	0.172294776119	raw	6160
C	70	1	1847	0.902571200379	norm	6160
A	71	1	3541	0.330317164179	raw	6160
A	71	1	3541	1.06623189597	norm	6160
T	71	1	2968	0.276865671642	raw	6160
T	71	1	2968	0.896834974309	norm	6160
G	71	1	2210	0.206156716418	raw	6160
G	71	1	2210	1.08165416383	norm	6160
C	71	1	2001	0.186660447761	raw	6160
C	71	1	2001	0.977826189474	norm	6160
A	72	1	3470	0.323694029851	raw	6160
A	72	1	3470	1.04485305818	norm	6160
T	72	1	2989	0.278824626866	raw	6160
T	72	1	2989	0.903180504788	norm	6160
G	72	1	2317	0.216138059701	raw	6160
G	72	1	2317	1.13402384507	norm	6160
C	72	1	1944	0.181343283582	raw	6160
C	72	1	1944	0.949972070134	norm	6160
A	73	1	3505	0.326958955224	raw	6160
A	73	1	3505	1.05539192188	norm	6160
T	73	1	2893	0.269869402985	raw	6160
T	73	1	2893	0.874172365457	norm	6160
G	73	1	2290	0.213619402985	raw	6160
G	73	1	2290	1.12080906569	norm	6160
C	73	1	2032	0.189552238806	raw	6160
C	73	1	2032	0.992974921045	norm	6160
A	74	1	3412	0.31828358209	raw	6160
A	74	1	3412	1.02738865548	norm	6160
T	74	1	2903	0.270802238806	raw	6160
T	74	1	2903	0.877194046638	norm	6160
G	74	1	2326	0.21697761194	raw	6160
G	74	1	2326	1.13842877152	norm	6160
C	74	1	2079	0.193936567164	raw	6160
C	74	1	2079	1.01594235278	norm	6160
A	75	1	3531	0.329445792125	raw	6160
A	75	1	3531	1.06341919116	norm	6160
T	75	1	2970	0.277103937302	raw	6160
T	75	1	2970	0.897606774496	norm	6160
G	75	1	2234	0.208434409405	raw	6160
G	75	1	2234	1.09360466511	norm	6160
C	75	1	1983	0.185015861168	raw	6160
C	75	1	1983	0.969210974731	norm	6160
A	76	1	3541	0.330378802015	raw	6160
A	76	1	3541	1.06643085695	norm	6160
T	76	1	2787	0.260029856316	raw	6160
T	76	1	2787	0.842299690411	norm	6160
G	76	1	2435	0.227187908192	raw	6160
G	76	1	2435	1.19199971331	norm	6160
C	76	1	1955	0.182403433476	raw	6160
C	76	1	1955	0.955525696217	norm	6160
A	77	1	3703	0.345493562232	raw	6160
A	77	1	3703	1.11521984278	norm	6160
T	77	1	2837	0.264694905766	raw	6160
T	77	1	2837	0.857410915571	norm	6160
G	77	1	2192	0.204515767867	raw	6160
G	77	1	2192	1.07304450578	norm	6160
C	77	1	1986	0.185295764135	raw	6160
C	77	1	1986	0.970677254572	norm	6160
A	78	1	3437	0.32067549916	raw	6160
A	78	1	3437	1.03510953271	norm	6160
T	78	1	2968	0.276917335324	raw	6160
T	78	1	2968	0.89700232549	norm	6160
G	78	1	2435	0.227187908192	raw	6160
G	78	1	2435	1.19199971331	norm	6160
C	78	1	1878	0.175219257324	raw	6160
C	78	1	1878	0.917891180305	norm	6160
A	79	1	3448	0.321701810039	raw	6160
A	79	1	3448	1.03842236508	norm	6160
T	79	1	2915	0.271972382907	raw	6160
T	79	1	2915	0.88098442682	norm	6160
G	79	1	2338	0.21813771226	raw	6160
G	79	1	2338	1.14451553582	norm	6160
C	79	1	2017	0.188188094794	raw	6160
C	79	1	2017	0.985828812926	norm	6160
A	80	1	3537	0.330005598059	raw	6160
A	80	1	3537	1.06522619063	norm	6160
T	80	1	3051	0.28466131741	raw	6160
T	80	1	3051	0.922086959255	norm	6160
G	80	1	2196	0.204888971823	raw	6160
G	80	1	2196	1.07500261619	norm	6160
C	80	1	1934	0.180444112708	raw	6160
C	80	1	1934	0.945261737332	norm	6160
A	81	1	3587	0.334670647509	raw	6160
A	81	1	3587	1.08028451959	norm	6160
T	81	1	2890	0.269639858182	raw	6160
T	81	1	2890	0.87342881424	norm	6160
G	81	1	2204	0.205635379735	raw	6160
G	81	1	2204	1.07891883702	norm	6160
C	81	1	2037	0.190054114574	raw	6160
C	81	1	2037	0.995604011864	norm	6160
A	82	1	3486	0.325247247621	raw	6160
A	82	1	3486	1.04986669509	norm	6160
T	82	1	2981	0.278130248181	raw	6160
T	82	1	2981	0.900931244031	norm	6160
G	82	1	2226	0.207688001493	raw	6160
G	82	1	2226	1.08968844428	norm	6160
C	82	1	2025	0.188934502706	raw	6160
C	82	1	2025	0.989738892501	norm	6160
A	83	1	3392	0.316476954656	raw	6160
A	83	1	3392	1.02155703665	norm	6160
T	83	1	2966	0.276730733346	raw	6160
T	83	1	2966	0.896397876483	norm	6160
G	83	1	2364	0.220563537974	raw	6160
G	83	1	2364	1.1572432535	norm	6160
C	83	1	1996	0.186228774025	raw	6160
C	83	1	1996	0.975564854041	norm	6160
A	84	1	3454	0.322261615973	raw	6160
A	84	1	3454	1.04022936456	norm	6160
T	84	1	2939	0.274211606643	raw	6160
T	84	1	2939	0.888237814897	norm	6160
G	84	1	2284	0.213099458854	raw	6160
G	84	1	2284	1.11808104526	norm	6160
C	84	1	2041	0.19042731853	raw	6160
C	84	1	2041	0.997559051652	norm	6160
A	85	1	3583	0.334297443553	raw	6160
A	85	1	3583	1.07907985328	norm	6160
T	85	1	2953	0.275517820489	raw	6160
T	85	1	2953	0.892468957942	norm	6160
G	85	1	2207	0.205915282702	raw	6160
G	85	1	2207	1.08038741983	norm	6160
C	85	1	1975	0.184269453256	raw	6160
C	85	1	1975	0.965300895156	norm	6160
A	86	1	3619	0.337656279157	raw	6160
A	86	1	3619	1.08992185013	norm	6160
T	86	1	2871	0.267867139392	raw	6160
T	86	1	2871	0.867686548679	norm	6160
G	86	1	2290	0.213659264788	raw	6160
G	86	1	2290	1.12101821088	norm	6160
C	86	1	1938	0.180817316664	raw	6160
C	86	1	1938	0.94721677712	norm	6160
A	87	1	3660	0.341481619705	raw	6160
A	87	1	3660	1.10226967987	norm	6160
T	87	1	2893	0.269919761149	raw	6160
T	87	1	2893	0.87433548775	norm	6160
G	87	1	2182	0.203582757977	raw	6160
G	87	1	2182	1.06814922975	norm	6160
C	87	1	1983	0.185015861168	raw	6160
C	87	1	1983	0.969210974731	norm	6160
A	88	1	3455	0.322354916962	raw	6160
A	88	1	3455	1.04053053114	norm	6160
T	88	1	2936	0.273931703676	raw	6160
T	88	1	2936	0.887331141387	norm	6160
G	88	1	2340	0.218324314238	raw	6160
G	88	1	2340	1.14549459103	norm	6160
C	88	1	1987	0.185389065124	raw	6160
C	88	1	1987	0.971166014519	norm	6160
A	89	1	3481	0.324780742676	raw	6160
A	89	1	3481	1.0483608622	norm	6160
T	89	1	3040	0.283635006531	raw	6160
T	89	1	3040	0.91876248972	norm	6160
G	89	1	2254	0.210300429185	raw	6160
G	89	1	2254	1.10339521717	norm	6160
C	89	1	1943	0.181283821609	raw	6160
C	89	1	1943	0.949660576854	norm	6160
A	90	1	3602	0.336070162344	raw	6160
A	90	1	3602	1.08480201828	norm	6160
T	90	1	2982	0.27822354917	raw	6160
T	90	1	2982	0.901233468534	norm	6160
G	90	1	2172	0.202649748087	raw	6160
G	90	1	2172	1.06325395372	norm	6160
C	90	1	1962	0.183056540399	raw	6160
C	90	1	1962	0.958947015846	norm	6160
A	91	1	3741	0.349038999813	raw	6160
A	91	1	3741	1.12666417279	norm	6160
T	91	1	2933	0.273651800709	raw	6160
T	91	1	2933	0.886424467878	norm	6160
G	91	1	2142	0.199850718418	raw	6160
G	91	1	2142	1.04856812563	norm	6160
C	91	1	1902	0.17745848106	raw	6160
C	91	1	1902	0.929621419031	norm	6160
A	92	1	3485	0.325153946632	raw	6160
A	92	1	3485	1.04956552851	norm	6160
T	92	1	2935	0.273838402687	raw	6160
T	92	1	2935	0.887028916884	norm	6160
G	92	1	2326	0.217018100392	raw	6160
G	92	1	2326	1.13864120458	norm	6160
C	92	1	1972	0.183989550289	raw	6160
C	92	1	1972	0.963834615315	norm	6160
A	93	1	3582	0.334204142564	raw	6160
A	93	1	3582	1.0787786867	norm	6160
T	93	1	2834	0.264415002799	raw	6160
T	93	1	2834	0.856504242061	norm	6160
G	93	1	2381	0.222149654786	raw	6160
G	93	1	2381	1.16556522275	norm	6160
C	93	1	1921	0.179231199851	raw	6160
C	93	1	1921	0.938907858022	norm	6160
A	94	1	3556	0.33177831685	raw	6160
A	94	1	3556	1.07094835564	norm	6160
T	94	1	2916	0.272065683896	raw	6160
T	94	1	2916	0.881286651323	norm	6160
G	94	1	2295	0.214125769733	raw	6160
G	94	1	2295	1.12346584889	norm	6160
C	94	1	1951	0.18203022952	raw	6160
C	94	1	1951	0.95357065643	norm	6160
A	95	1	3417	0.318868980963	raw	6160
A	95	1	3417	1.02927826649	norm	6160
T	95	1	2878	0.268570362075	raw	6160
T	95	1	2878	0.86996445729	norm	6160
G	95	1	2387	0.222751026502	raw	6160
G	95	1	2387	1.16872047392	norm	6160
C	95	1	2034	0.189809630459	raw	6160
C	95	1	2034	0.994323274713	norm	6160
A	96	1	3599	0.335790259377	raw	6160
A	96	1	3599	1.08389851854	norm	6160
T	96	1	2879	0.268613547304	raw	6160
T	96	1	2879	0.870104344705	norm	6160
G	96	1	2270	0.211793245008	raw	6160
G	96	1	2270	1.11122765882	norm	6160
C	96	1	1970	0.183802948311	raw	6160
C	96	1	1970	0.962857095421	norm	6160
A	97	1	3461	0.322914722896	raw	6160
A	97	1	3461	1.04233753061	norm	6160
T	97	1	2973	0.277383840269	raw	6160
T	97	1	2973	0.898513448006	norm	6160
G	97	1	2369	0.221030042918	raw	6160
G	97	1	2369	1.15969089151	norm	6160
C	97	1	1915	0.178671393917	raw	6160
C	97	1	1915	0.935975298341	norm	6160
A	98	1	3578	0.333862088271	raw	6160
A	98	1	3578	1.07767456848	norm	6160
T	98	1	2994	0.279369226463	raw	6160
T	98	1	2994	0.904944594798	norm	6160
G	98	1	2187	0.204068302697	raw	6160
G	98	1	2187	1.07069676483	norm	6160
C	98	1	1958	0.18270038257	raw	6160
C	98	1	1958	0.957081272687	norm	6160
A	99	1	3524	0.328792685202	raw	6160
A	99	1	3524	1.0613110251	norm	6160
T	99	1	2972	0.27729053928	raw	6160
T	99	1	2972	0.898211223502	norm	6160
G	99	1	2240	0.208994215339	raw	6160
G	99	1	2240	1.09654183073	norm	6160
C	99	1	1982	0.184922560179	raw	6160
C	99	1	1982	0.968722214784	norm	6160
A	100	1	3578	0.333830938608	raw	6160
A	100	1	3578	1.07757402038	norm	6160
T	100	1	2852	0.266094420601	raw	6160
T	100	1	2852	0.861944283119	norm	6160
G	100	1	2311	0.215618585557	raw	6160
G	100	1	2311	1.13129829054	norm	6160
C	100	1	1977	0.184456055234	raw	6160
C	100	1	1977	0.966278415049	norm	6160
