#nuc	offset	region.size	count	freq	norm.freq	total.sites
T	-100	1	13349	0.422276350753	raw	8273
T	-100	1	13349	1.36785538609	norm	8273
A	-100	1	12457	0.394059218018	raw	8273
A	-100	1	12457	1.27198508802	norm	8273
C	-100	1	3055	0.0966405162596	raw	8273
C	-100	1	3055	0.506254157731	norm	8273
G	-100	1	2751	0.087023914969	raw	8273
G	-100	1	2751	0.456593321889	norm	8273
T	-99	1	12750	0.403327850183	raw	8273
T	-99	1	12750	1.30647660294	norm	8273
A	-99	1	12568	0.397570542832	raw	8273
A	-99	1	12568	1.2833193053	norm	8273
C	-99	1	3189	0.100879412881	raw	8273
C	-99	1	3189	0.528459741081	norm	8273
G	-99	1	3105	0.0982221941035	raw	8273
G	-99	1	3105	0.515347969635	norm	8273
A	-98	1	13130	0.415348601797	raw	8273
A	-98	1	13130	1.34070516221	norm	8273
T	-98	1	12549	0.396969505251	raw	8273
T	-98	1	12549	1.28588038355	norm	8273
C	-98	1	3158	0.099898772618	raw	8273
C	-98	1	3158	0.523322628515	norm	8273
G	-98	1	2775	0.0877831203341	raw	8273
G	-98	1	2775	0.460576687838	norm	8273
T	-97	1	13137	0.415570036695	raw	8273
T	-97	1	13137	1.34613201042	norm	8273
A	-97	1	12513	0.395830697204	raw	8273
A	-97	1	12513	1.27770325169	norm	8273
C	-97	1	3332	0.105403011515	raw	8273
C	-97	1	3332	0.552156744209	norm	8273
G	-97	1	2630	0.0831962545869	raw	8273
G	-97	1	2630	0.436510518564	norm	8273
T	-96	1	12856	0.406681007212	raw	8273
T	-96	1	12856	1.31733829078	norm	8273
A	-96	1	12492	0.395166392509	raw	8273
A	-96	1	12492	1.27555894031	norm	8273
C	-96	1	3609	0.11416550677	raw	8273
C	-96	1	3609	0.598059330688	norm	8273
G	-96	1	2655	0.0839870935088	raw	8273
G	-96	1	2655	0.440659858094	norm	8273
T	-95	1	13319	0.421327344047	raw	8273
T	-95	1	13319	1.3647813235	norm	8273
A	-95	1	12479	0.39475515627	raw	8273
A	-95	1	12479	1.27423150946	norm	8273
C	-95	1	3181	0.100626344426	raw	8273
C	-95	1	3181	0.527134034613	norm	8273
G	-95	1	2633	0.0832911552575	raw	8273
G	-95	1	2633	0.437008439307	norm	8273
A	-94	1	12927	0.408926989751	raw	8273
A	-94	1	12927	1.31997681888	norm	8273
T	-94	1	12837	0.406079969632	raw	8273
T	-94	1	12837	1.31539138447	norm	8273
C	-94	1	3198	0.101164114893	raw	8273
C	-94	1	3198	0.529951160859	norm	8273
G	-94	1	2650	0.0838289257244	raw	8273
G	-94	1	2650	0.439829990188	norm	8273
A	-93	1	12656	0.400354295837	raw	8273
A	-93	1	12656	1.29230499108	norm	8273
T	-93	1	12397	0.392161204606	raw	8273
T	-93	1	12397	1.27030513307	norm	8273
C	-93	1	3337	0.105561179299	raw	8273
C	-93	1	3337	0.552985310752	norm	8273
G	-93	1	3222	0.101923320258	raw	8273
G	-93	1	3222	0.534766878636	norm	8273
A	-92	1	13078	0.413703656839	raw	8273
A	-92	1	13078	1.3353954388	norm	8273
T	-92	1	12825	0.405700366949	raw	8273
T	-92	1	12825	1.31416175943	norm	8273
C	-92	1	3051	0.0965139820321	raw	8273
C	-92	1	3051	0.505591304496	norm	8273
G	-92	1	2658	0.0840819941794	raw	8273
G	-92	1	2658	0.441157778837	norm	8273
T	-91	1	12908	0.40832595217	raw	8273
T	-91	1	12908	1.32266666594	norm	8273
A	-91	1	12741	0.403043148172	raw	8273
A	-91	1	12741	1.30098434667	norm	8273
C	-91	1	3129	0.0989813994686	raw	8273
C	-91	1	3129	0.518516942566	norm	8273
G	-91	1	2834	0.0896495001898	raw	8273
G	-91	1	2834	0.470369129129	norm	8273
T	-90	1	13070	0.413450588384	raw	8273
T	-90	1	13070	1.33926660396	norm	8273
A	-90	1	12184	0.385423256991	raw	8273
A	-90	1	12184	1.24410904009	norm	8273
C	-90	1	3390	0.107237757813	raw	8273
C	-90	1	3390	0.561768116107	norm	8273
G	-90	1	2968	0.0938883968113	raw	8273
G	-90	1	2968	0.49260958901	norm	8273
T	-89	1	13022	0.411932177654	raw	8273
T	-89	1	13022	1.3343481038	norm	8273
A	-89	1	12672	0.400860432747	raw	8273
A	-89	1	12672	1.29393875213	norm	8273
G	-89	1	3120	0.0986966974567	raw	8273
G	-89	1	3120	0.517837573353	norm	8273
C	-89	1	2798	0.0885106921422	raw	8273
C	-89	1	2798	0.463665837424	norm	8273
T	-88	1	13264	0.419587498418	raw	8273
T	-88	1	13264	1.35914554207	norm	8273
A	-88	1	12543	0.39677970391	raw	8273
A	-88	1	12543	1.28076655366	norm	8273
C	-88	1	3059	0.0967670504872	raw	8273
C	-88	1	3059	0.506917010965	norm	8273
G	-88	1	2746	0.0868657471846	raw	8273
G	-88	1	2746	0.455763453983	norm	8273
T	-87	1	12669	0.400765532076	raw	8273
T	-87	1	12669	1.29817663393	norm	8273
A	-87	1	12343	0.390452992534	raw	8273
A	-87	1	12343	1.26034454053	norm	8273
C	-87	1	3412	0.107933696065	raw	8273
C	-87	1	3412	0.565413808896	norm	8273
G	-87	1	3188	0.100847779324	raw	8273
G	-87	1	3188	0.529123776875	norm	8273
T	-86	1	13500	0.427053017841	raw	8273
T	-86	1	13500	1.38332816782	norm	8273
A	-86	1	12365	0.391148930786	raw	8273
A	-86	1	12365	1.26259096197	norm	8273
G	-86	1	2875	0.0909464760218	raw	8273
G	-86	1	2875	0.477174045958	norm	8273
C	-86	1	2872	0.0908515753511	raw	8273
C	-86	1	2872	0.47592862226	norm	8273
T	-85	1	13000	0.411236239403	raw	8273
T	-85	1	13000	1.33209379123	norm	8273
A	-85	1	12245	0.387352903961	raw	8273
A	-85	1	12245	1.25033775409	norm	8273
C	-85	1	3490	0.110401113501	raw	8273
C	-85	1	3490	0.578339446966	norm	8273
G	-85	1	2877	0.0910097431355	raw	8273
G	-85	1	2877	0.477505993121	norm	8273
T	-84	1	12748	0.40326458307	raw	8273
T	-84	1	12748	1.30627166543	norm	8273
A	-84	1	12368	0.391243831456	raw	8273
A	-84	1	12368	1.26289729217	norm	8273
C	-84	1	3437	0.108724534987	raw	8273
C	-84	1	3437	0.569556641611	norm	8273
G	-84	1	3059	0.0967670504872	raw	8273
G	-84	1	3059	0.5077131849	norm	8273
T	-83	1	13323	0.421453878274	raw	8273
T	-83	1	13323	1.36519119851	norm	8273
A	-83	1	12222	0.386625332152	raw	8273
A	-83	1	12222	1.24798922258	norm	8273
C	-83	1	3222	0.101923320258	raw	8273
C	-83	1	3222	0.533928280265	norm	8273
G	-83	1	2845	0.0899974693154	raw	8273
G	-83	1	2845	0.472194838522	norm	8273
A	-82	1	12735	0.40285334683	raw	8273
A	-82	1	12735	1.30037168627	norm	8273
T	-82	1	12535	0.396526635455	raw	8273
T	-82	1	12535	1.28444582101	norm	8273
C	-82	1	3322	0.105086675946	raw	8273
C	-82	1	3322	0.550499611123	norm	8273
G	-82	1	3020	0.0955333417689	raw	8273
G	-82	1	3020	0.501240215233	norm	8273
T	-81	1	12992	0.410983170948	raw	8273
T	-81	1	12992	1.33127404121	norm	8273
A	-81	1	11923	0.377166898646	raw	8273
A	-81	1	11923	1.21745831295	norm	8273
G	-81	1	3554	0.112425661141	raw	8273
G	-81	1	3554	0.589870107595	norm	8273
C	-81	1	3143	0.0994242692648	raw	8273
C	-81	1	3143	0.520836928886	norm	8273
T	-80	1	12998	0.411172972289	raw	8273
T	-80	1	12998	1.33188885373	norm	8273
A	-80	1	12581	0.397981779071	raw	8273
A	-80	1	12581	1.28464673616	norm	8273
G	-80	1	3051	0.0965139820321	raw	8273
G	-80	1	3051	0.50638539625	norm	8273
C	-80	1	2982	0.0943312666076	raw	8273
C	-80	1	2982	0.494157086204	norm	8273
T	-79	1	13372	0.423017304103	raw	8273
T	-79	1	13372	1.37025551347	norm	8273
A	-79	1	12192	0.385688526146	raw	8273
A	-79	1	12192	1.24496530329	norm	8273
C	-79	1	3269	0.103413368764	raw	8273
C	-79	1	3269	0.54173394274	norm	8273
G	-79	1	2778	0.087880800987	raw	8273
G	-79	1	2778	0.461089194473	norm	8273
T	-78	1	13456	0.425661141339	raw	8273
T	-78	1	13456	1.37881954268	norm	8273
A	-78	1	11855	0.375015816778	raw	8273
A	-78	1	11855	1.21051482848	norm	8273
C	-78	1	3303	0.104485638365	raw	8273
C	-78	1	3303	0.54735105826	norm	8273
G	-78	1	2998	0.0948374035177	raw	8273
G	-78	1	2998	0.497588796446	norm	8273
A	-77	1	12738	0.402948247501	raw	8273
A	-77	1	12738	1.30067801647	norm	8273
T	-77	1	12717	0.402283942807	raw	8273
T	-77	1	12717	1.30309513409	norm	8273
C	-77	1	3237	0.102397823611	raw	8273
C	-77	1	3237	0.536413979894	norm	8273
G	-77	1	2920	0.0923699860812	raw	8273
G	-77	1	2920	0.484642857112	norm	8273
T	-76	1	13330	0.421675313172	raw	8273
T	-76	1	13330	1.36590847978	norm	8273
A	-76	1	12226	0.38675186638	raw	8273
A	-76	1	12226	1.24839766285	norm	8273
C	-76	1	3114	0.0985068961154	raw	8273
C	-76	1	3114	0.516031242937	norm	8273
G	-76	1	2942	0.0930659243325	raw	8273
G	-76	1	2942	0.488294275899	norm	8273
T	-75	1	12966	0.410160698469	raw	8273
T	-75	1	12966	1.32860985363	norm	8273
A	-75	1	12517	0.395957231431	raw	8273
A	-75	1	12517	1.27811169196	norm	8273
G	-75	1	3108	0.0983170947741	raw	8273
G	-75	1	3108	0.515845890379	norm	8273
C	-75	1	3021	0.0955649753258	raw	8273
C	-75	1	3021	0.500619905239	norm	8273
T	-74	1	13169	0.416582310515	raw	8273
T	-74	1	13169	1.34941101052	norm	8273
A	-74	1	12305	0.389250917373	raw	8273
A	-74	1	12305	1.25646435803	norm	8273
C	-74	1	3150	0.099645704163	raw	8273
C	-74	1	3150	0.521996922047	norm	8273
G	-74	1	2988	0.0945210679489	raw	8273
G	-74	1	2988	0.495929060634	norm	8273
T	-73	1	12848	0.406427938757	raw	8273
T	-73	1	12848	1.31651854075	norm	8273
A	-73	1	12308	0.389345818044	raw	8273
A	-73	1	12308	1.25677068823	norm	8273
C	-73	1	3447	0.109040870555	raw	8273
C	-73	1	3447	0.571213774697	norm	8273
G	-73	1	3009	0.0951853726433	raw	8273
G	-73	1	3009	0.499414505839	norm	8273
T	-72	1	12904	0.408199417943	raw	8273
T	-72	1	12904	1.32225679093	norm	8273
A	-72	1	12123	0.383493610022	raw	8273
A	-72	1	12123	1.23788032608	norm	8273
C	-72	1	3338	0.105592812856	raw	8273
C	-72	1	3338	0.553151024061	norm	8273
G	-72	1	3247	0.10271415918	raw	8273
G	-72	1	3247	0.538916218166	norm	8273
A	-71	1	12754	0.403454384411	raw	8273
A	-71	1	12754	1.30231177752	norm	8273
T	-71	1	12697	0.401651271669	raw	8273
T	-71	1	12697	1.30104575902	norm	8273
G	-71	1	3211	0.101575351132	raw	8273
G	-71	1	3211	0.532941169242	norm	8273
C	-71	1	2950	0.0933189927875	raw	8273
C	-71	1	2950	0.488854260329	norm	8273
T	-70	1	13060	0.413134252815	raw	8273
T	-70	1	13060	1.33824191642	norm	8273
A	-70	1	12608	0.398835885107	raw	8273
A	-70	1	12608	1.28740370793	norm	8273
C	-70	1	3296	0.104264203467	raw	8273
C	-70	1	3296	0.5461910651	norm	8273
G	-70	1	2648	0.0837656586107	raw	8273
G	-70	1	2648	0.439498043025	norm	8273
T	-69	1	12816	0.405415664937	raw	8273
T	-69	1	12816	1.31323954065	norm	8273
A	-69	1	12039	0.380836391244	raw	8273
A	-69	1	12039	1.22930308057	norm	8273
C	-69	1	3461	0.109483740352	raw	8273
C	-69	1	3461	0.573533761017	norm	8273
G	-69	1	3296	0.104264203467	raw	8273
G	-69	1	3296	0.547048923645	norm	8273
A	-68	1	12690	0.401429836771	raw	8273
A	-68	1	12690	1.29577673332	norm	8273
T	-68	1	12526	0.396241933443	raw	8273
T	-68	1	12526	1.28352360223	norm	8273
C	-68	1	3290	0.104074402126	raw	8273
C	-68	1	3290	0.545196785249	norm	8273
G	-68	1	3106	0.0982538276604	raw	8273
G	-68	1	3106	0.515513943216	norm	8273
T	-67	1	12910	0.408389219284	raw	8273
T	-67	1	12910	1.32287160345	norm	8273
A	-67	1	12443	0.393616348222	raw	8273
A	-67	1	12443	1.2705555471	norm	8273
C	-67	1	3305	0.104548905479	raw	8273
C	-67	1	3305	0.547682484877	norm	8273
G	-67	1	2954	0.0934455270151	raw	8273
G	-67	1	2954	0.490285958873	norm	8273
T	-66	1	12721	0.402423207111	raw	8273
T	-66	1	12721	1.3035462449	norm	8273
A	-66	1	12291	0.388820347347	raw	8273
A	-66	1	12291	1.25507451959	norm	8273
G	-66	1	3366	0.10648192085	raw	8273
G	-66	1	3366	0.558684747515	norm	8273
C	-66	1	3233	0.102274524691	raw	8273
C	-66	1	3233	0.535768074909	norm	8273
A	-65	1	13017	0.41177400987	raw	8273
A	-65	1	13017	1.32916672479	norm	8273
T	-65	1	12198	0.385866126787	raw	8273
T	-65	1	12198	1.24991385119	norm	8273
G	-65	1	3211	0.101575351132	raw	8273
G	-65	1	3211	0.532941169242	norm	8273
C	-65	1	3186	0.100784512211	raw	8273
C	-65	1	3186	0.527962601156	norm	8273
A	-64	1	13012	0.411615842085	raw	8273
A	-64	1	13012	1.32865617446	norm	8273
T	-64	1	12757	0.403549285082	raw	8273
T	-64	1	12757	1.30719388421	norm	8273
C	-64	1	3407	0.10777552828	raw	8273
C	-64	1	3407	0.564585242353	norm	8273
G	-64	1	2436	0.0770593445527	raw	8273
G	-64	1	2436	0.40431164381	norm	8273
T	-63	1	13010	0.411552574972	raw	8273
T	-63	1	13010	1.33311847877	norm	8273
A	-63	1	12220	0.386562065039	raw	8273
A	-63	1	12220	1.24778500245	norm	8273
C	-63	1	3372	0.10666835379	raw	8273
C	-63	1	3372	0.558785276553	norm	8273
G	-63	1	3010	0.0952170062002	raw	8273
G	-63	1	3010	0.499580479421	norm	8273
T	-62	1	13127	0.415253701126	raw	8273
T	-62	1	13127	1.34510732289	norm	8273
A	-62	1	12322	0.38978868784	raw	8273
A	-62	1	12322	1.25820022915	norm	8273
C	-62	1	3272	0.103504998102	raw	8273
C	-62	1	3272	0.542213945694	norm	8273
G	-62	1	2891	0.0914526129318	raw	8273
G	-62	1	2891	0.479829623258	norm	8273
T	-61	1	12935	0.409180058206	raw	8273
T	-61	1	12935	1.32543332228	norm	8273
A	-61	1	12586	0.398139946856	raw	8273
A	-61	1	12586	1.28515728649	norm	8273
C	-61	1	3432	0.108566367202	raw	8273
C	-61	1	3432	0.568728075068	norm	8273
G	-61	1	2659	0.0841136277363	raw	8273
G	-61	1	2659	0.441323752418	norm	8273
T	-60	1	12876	0.40731367835	raw	8273
T	-60	1	12876	1.31938766584	norm	8273
A	-60	1	11959	0.378305706694	raw	8273
A	-60	1	11959	1.22113427531	norm	8273
G	-60	1	3395	0.107395925598	raw	8273
G	-60	1	3395	0.563480308184	norm	8273
C	-60	1	3382	0.106984689358	raw	8273
C	-60	1	3382	0.560442409639	norm	8273
A	-59	1	13005	0.411394407187	raw	8273
A	-59	1	13005	1.327941404	norm	8273
T	-59	1	12787	0.404498291788	raw	8273
T	-59	1	12787	1.31026794681	norm	8273
C	-59	1	2929	0.0926546880931	raw	8273
C	-59	1	2929	0.485374280849	norm	8273
G	-59	1	2891	0.0914526129318	raw	8273
G	-59	1	2891	0.479829623258	norm	8273
T	-58	1	13454	0.425597874225	raw	8273
T	-58	1	13454	1.37861460517	norm	8273
A	-58	1	11670	0.369163608756	raw	8273
A	-58	1	11670	1.19162446634	norm	8273
C	-58	1	3494	0.110527647729	raw	8273
C	-58	1	3494	0.5790023002	norm	8273
G	-58	1	2994	0.0947108692901	raw	8273
G	-58	1	2994	0.496924902121	norm	8273
T	-57	1	12874	0.407250411236	raw	8273
T	-57	1	12874	1.31918272833	norm	8273
A	-57	1	11987	0.379191446286	raw	8273
A	-57	1	11987	1.22399335715	norm	8273
C	-57	1	3503	0.110812349741	raw	8273
C	-57	1	3503	0.580493719977	norm	8273
G	-57	1	3248	0.102745792737	raw	8273
G	-57	1	3248	0.539082191747	norm	8273
T	-56	1	12681	0.401145134759	raw	8273
T	-56	1	12681	1.29940625897	norm	8273
A	-56	1	12628	0.399468556244	raw	8273
A	-56	1	12628	1.28944590924	norm	8273
C	-56	1	3188	0.100847779324	raw	8273
C	-56	1	3188	0.528294027773	norm	8273
G	-56	1	3115	0.0985385296723	raw	8273
G	-56	1	3115	0.517007705447	norm	8273
T	-55	1	12945	0.409496393775	raw	8273
T	-55	1	12945	1.32645800981	norm	8273
A	-55	1	12455	0.393995950905	raw	8273
A	-55	1	12455	1.27178086788	norm	8273
C	-55	1	3261	0.103157028976	raw	8273
C	-55	1	3261	0.5403910993	norm	8273
G	-55	1	2951	0.0933506263444	raw	8273
G	-55	1	2951	0.48978803813	norm	8273
A	-54	1	12505	0.395577628749	raw	8273
A	-54	1	12505	1.27688637117	norm	8273
T	-54	1	12354	0.39080096166	raw	8273
T	-54	1	12354	1.26589897669	norm	8273
G	-54	1	3469	0.109736808807	raw	8273
G	-54	1	3469	0.575762353193	norm	8273
C	-54	1	3284	0.103884600785	raw	8273
C	-54	1	3284	0.544202505397	norm	8273
T	-53	1	12950	0.409654561559	raw	8273
T	-53	1	12950	1.32697035358	norm	8273
A	-53	1	12368	0.391243831456	raw	8273
A	-53	1	12368	1.26289729217	norm	8273
G	-53	1	3255	0.102967227635	raw	8273
G	-53	1	3255	0.540244006815	norm	8273
C	-53	1	3039	0.0961343793496	raw	8273
C	-53	1	3039	0.503602744793	norm	8273
A	-52	1	12709	0.402030874352	raw	8273
A	-52	1	12709	1.29771682456	norm	8273
T	-52	1	12508	0.395672529419	raw	8273
T	-52	1	12508	1.28167916467	norm	8273
C	-52	1	3314	0.104833607491	raw	8273
C	-52	1	3314	0.549173904655	norm	8273
G	-52	1	3081	0.0974629887385	raw	8273
G	-52	1	3081	0.511364603686	norm	8273
A	-51	1	12428	0.393141844869	raw	8273
A	-51	1	12428	1.26902389611	norm	8273
T	-51	1	12336	0.390231557636	raw	8273
T	-51	1	12336	1.26405453913	norm	8273
C	-51	1	3446	0.109009236999	raw	8273
C	-51	1	3446	0.571048061388	norm	8273
G	-51	1	3402	0.107617360496	raw	8273
G	-51	1	3402	0.564642123252	norm	8273
T	-50	1	12697	0.401651271669	raw	8273
T	-50	1	12697	1.30104575902	norm	8273
A	-50	1	12344	0.390484626091	raw	8273
A	-50	1	12344	1.2604466506	norm	8273
G	-50	1	3410	0.107870428951	raw	8273
G	-50	1	3410	0.565969911902	norm	8273
C	-50	1	3161	0.0999936732886	raw	8273
C	-50	1	3161	0.523819768441	norm	8273
T	-49	1	12796	0.4047829938	raw	8273
T	-49	1	12796	1.31119016559	norm	8273
A	-49	1	12678	0.401050234088	raw	8273
A	-49	1	12678	1.29455141253	norm	8273
C	-49	1	3276	0.103631532329	raw	8273
C	-49	1	3276	0.542876798928	norm	8273
G	-49	1	2862	0.0905352397824	raw	8273
G	-49	1	2862	0.475016389403	norm	8273
A	-48	1	12435	0.393363279767	raw	8273
A	-48	1	12435	1.26973866657	norm	8273
T	-48	1	12313	0.389503985828	raw	8273
T	-48	1	12313	1.26169775781	norm	8273
C	-48	1	3788	0.119827913451	raw	8273
C	-48	1	3788	0.627722012925	norm	8273
G	-48	1	3076	0.0973048209541	raw	8273
G	-48	1	3076	0.51053473578	norm	8273
T	-47	1	12582	0.398013412628	raw	8273
T	-47	1	12582	1.28926185241	norm	8273
A	-47	1	12574	0.397760344173	raw	8273
A	-47	1	12574	1.2839319657	norm	8273
C	-47	1	3341	0.105687713527	raw	8273
C	-47	1	3341	0.553648163986	norm	8273
G	-47	1	3115	0.0985385296723	raw	8273
G	-47	1	3115	0.517007705447	norm	8273
T	-46	1	12870	0.407123877009	raw	8273
T	-46	1	12870	1.31877285332	norm	8273
A	-46	1	12386	0.39181323548	raw	8273
A	-46	1	12386	1.26473527335	norm	8273
C	-46	1	3311	0.10473870682	raw	8273
C	-46	1	3311	0.548676764729	norm	8273
G	-46	1	3045	0.0963241806909	raw	8273
G	-46	1	3045	0.505389554763	norm	8273
A	-45	1	12661	0.400512463621	raw	8273
A	-45	1	12661	1.29281554141	norm	8273
T	-45	1	12116	0.383272175123	raw	8273
T	-45	1	12116	1.24151141343	norm	8273
C	-45	1	3631	0.114861445021	raw	8273
C	-45	1	3631	0.601705023476	norm	8273
G	-45	1	3204	0.101353916234	raw	8273
G	-45	1	3204	0.531779354174	norm	8273
T	-44	1	12660	0.400480830065	raw	8273
T	-44	1	12660	1.29725441516	norm	8273
A	-44	1	12385	0.391781601923	raw	8273
A	-44	1	12385	1.26463316329	norm	8273
C	-44	1	3483	0.110179678603	raw	8273
C	-44	1	3483	0.577179453806	norm	8273
G	-44	1	3084	0.0975578894091	raw	8273
G	-44	1	3084	0.51186252443	norm	8273
T	-43	1	12769	0.403928887764	raw	8273
T	-43	1	12769	1.30842350925	norm	8273
A	-43	1	11965	0.378495508035	raw	8273
A	-43	1	11965	1.22174693571	norm	8273
C	-43	1	3445	0.108977603442	raw	8273
C	-43	1	3445	0.570882348079	norm	8273
G	-43	1	3433	0.108598000759	raw	8273
G	-43	1	3433	0.569787304269	norm	8273
T	-42	1	12643	0.399943059598	raw	8273
T	-42	1	12643	1.29551244635	norm	8273
A	-42	1	11869	0.375458686575	raw	8273
A	-42	1	11869	1.2119443694	norm	8273
C	-42	1	3773	0.119353410097	raw	8273
C	-42	1	3773	0.625236313296	norm	8273
G	-42	1	3327	0.10524484373	raw	8273
G	-42	1	3327	0.552194104662	norm	8273
T	-41	1	12647	0.400069593825	raw	8273
T	-41	1	12647	1.29592232136	norm	8273
A	-41	1	12458	0.394090851575	raw	8273
A	-41	1	12458	1.27208719808	norm	8273
C	-41	1	3285	0.103916234341	raw	8273
C	-41	1	3285	0.544368218706	norm	8273
G	-41	1	3222	0.101923320258	raw	8273
G	-41	1	3222	0.534766878636	norm	8273
A	-40	1	12619	0.399183854233	raw	8273
A	-40	1	12619	1.28852691865	norm	8273
T	-40	1	12521	0.396083765659	raw	8273
T	-40	1	12521	1.28301125846	norm	8273
C	-40	1	3369	0.106573453119	raw	8273
C	-40	1	3369	0.558288136627	norm	8273
G	-40	1	3103	0.0981589269898	raw	8273
G	-40	1	3103	0.515016022473	norm	8273
A	-39	1	12585	0.398108313299	raw	8273
A	-39	1	12585	1.28505517642	norm	8273
T	-39	1	12031	0.380583322789	raw	8273
T	-39	1	12031	1.23280156941	norm	8273
G	-39	1	3711	0.117392129571	raw	8273
G	-39	1	3711	0.615927959844	norm	8273
C	-39	1	3285	0.103916234341	raw	8273
C	-39	1	3285	0.544368218706	norm	8273
T	-38	1	12532	0.396431734784	raw	8273
T	-38	1	12532	1.28413841475	norm	8273
A	-38	1	12391	0.391971403265	raw	8273
A	-38	1	12391	1.26524582368	norm	8273
G	-38	1	3486	0.110274579274	raw	8273
G	-38	1	3486	0.578583904073	norm	8273
C	-38	1	3203	0.101322282677	raw	8273
C	-38	1	3203	0.530779727402	norm	8273
T	-37	1	12848	0.406427938757	raw	8273
T	-37	1	12848	1.31651854075	norm	8273
A	-37	1	12019	0.380203720106	raw	8273
A	-37	1	12019	1.22726087925	norm	8273
C	-37	1	3650	0.115462482602	raw	8273
C	-37	1	3650	0.60485357634	norm	8273
G	-37	1	3095	0.0979058585347	raw	8273
G	-37	1	3095	0.513688233823	norm	8273
T	-36	1	12219	0.386530431482	raw	8273
T	-36	1	12219	1.25206569501	norm	8273
A	-36	1	11908	0.376692395293	raw	8273
A	-36	1	11908	1.21592666196	norm	8273
C	-36	1	3913	0.12378210806	raw	8273
C	-36	1	3913	0.648436176498	norm	8273
G	-36	1	3572	0.112995065165	raw	8273
G	-36	1	3572	0.592857632057	norm	8273
T	-35	1	12768	0.403897254207	raw	8273
T	-35	1	12768	1.3083210405	norm	8273
A	-35	1	12615	0.399057320005	raw	8273
A	-35	1	12615	1.28811847839	norm	8273
G	-35	1	3180	0.100594710869	raw	8273
G	-35	1	3180	0.527795988225	norm	8273
C	-35	1	3049	0.0964507149184	raw	8273
C	-35	1	3049	0.505259877879	norm	8273
T	-34	1	12640	0.399848158927	raw	8273
T	-34	1	12640	1.29520504009	norm	8273
A	-34	1	12158	0.384600784512	raw	8273
A	-34	1	12158	1.24145417838	norm	8273
C	-34	1	3644	0.11527268126	raw	8273
C	-34	1	3644	0.603859296488	norm	8273
G	-34	1	3170	0.100278375301	raw	8273
G	-34	1	3170	0.526136252413	norm	8273
T	-33	1	12165	0.38482221941	raw	8273
T	-33	1	12165	1.24653238234	norm	8273
A	-33	1	11829	0.3741933443	raw	8273
A	-33	1	11829	1.20785996678	norm	8273
C	-33	1	3941	0.124667847653	raw	8273
C	-33	1	3941	0.653076149138	norm	8273
G	-33	1	3677	0.116316588637	raw	8273
G	-33	1	3677	0.610284858083	norm	8273
T	-32	1	12080	0.382133367076	raw	8273
T	-32	1	12080	1.23782253832	norm	8273
A	-32	1	11966	0.378527141592	raw	8273
A	-32	1	11966	1.22184904577	norm	8273
G	-32	1	3846	0.121662659749	raw	8273
G	-32	1	3846	0.638334393306	norm	8273
C	-32	1	3720	0.117676831583	raw	8273
C	-32	1	3720	0.616453507941	norm	8273
T	-31	1	12779	0.404245223333	raw	8273
T	-31	1	12779	1.30944819678	norm	8273
A	-31	1	12065	0.381658863723	raw	8273
A	-31	1	12065	1.23195794227	norm	8273
C	-31	1	3449	0.109104137669	raw	8273
C	-31	1	3449	0.571545201314	norm	8273
G	-31	1	3319	0.104991775275	raw	8273
G	-31	1	3319	0.550866316012	norm	8273
A	-30	1	12278	0.388396811337	raw	8273
A	-30	1	12278	1.25370738626	norm	8273
T	-30	1	12002	0.379665949639	raw	8273
T	-30	1	12002	1.22982997557	norm	8273
C	-30	1	3874	0.122548399342	raw	8273
C	-30	1	3874	0.641973357463	norm	8273
G	-30	1	3458	0.109388839681	raw	8273
G	-30	1	3458	0.5739366438	norm	8273
T	-29	1	12344	0.390484626091	raw	8273
T	-29	1	12344	1.26487428915	norm	8273
A	-29	1	11975	0.378811843604	raw	8273
A	-29	1	11975	1.22276803636	norm	8273
C	-29	1	3711	0.117392129571	raw	8273
C	-29	1	3711	0.614962088163	norm	8273
G	-29	1	3582	0.113311400734	raw	8273
G	-29	1	3582	0.594517367869	norm	8273
A	-28	1	12458	0.394090851575	raw	8273
A	-28	1	12458	1.27208719808	norm	8273
T	-28	1	12192	0.385676325446	raw	8273
T	-28	1	12192	1.24929903867	norm	8273
C	-28	1	3832	0.121219789953	raw	8273
C	-28	1	3832	0.635013398502	norm	8273
G	-28	1	3130	0.0990130330254	raw	8273
G	-28	1	3130	0.519497309165	norm	8273
A	-27	1	12206	0.386119195242	raw	8273
A	-27	1	12206	1.24635546153	norm	8273
T	-27	1	11725	0.370903454384	raw	8273
T	-27	1	11725	1.20144613094	norm	8273
C	-27	1	3989	0.126186258383	raw	8273
C	-27	1	3989	0.66103038795	norm	8273
G	-27	1	3692	0.11679109199	raw	8273
G	-27	1	3692	0.612774461801	norm	8273
T	-26	1	12606	0.398772617993	raw	8273
T	-26	1	12606	1.29172110248	norm	8273
A	-26	1	11871	0.375521953688	raw	8273
A	-26	1	11871	1.21214858953	norm	8273
C	-26	1	3661	0.115810451727	raw	8273
C	-26	1	3661	0.606676422734	norm	8273
G	-26	1	3474	0.109894976591	raw	8273
G	-26	1	3474	0.576592221099	norm	8273
A	-25	1	12480	0.394786789827	raw	8273
A	-25	1	12480	1.27433361953	norm	8273
T	-25	1	11843	0.374636214096	raw	8273
T	-25	1	11843	1.21353744381	norm	8273
C	-25	1	3975	0.125743388587	raw	8273
C	-25	1	3975	0.65871040163	norm	8273
G	-25	1	3314	0.104833607491	raw	8273
G	-25	1	3314	0.550036448106	norm	8273
T	-24	1	11833	0.374319878527	raw	8273
T	-24	1	11833	1.21251275628	norm	8273
A	-24	1	11710	0.370428951031	raw	8273
A	-24	1	11710	1.19570886896	norm	8273
C	-24	1	4207	0.133082373782	raw	8273
C	-24	1	4207	0.697155889222	norm	8273
G	-24	1	3862	0.122168796659	raw	8273
G	-24	1	3862	0.640989970606	norm	8273
A	-23	1	12161	0.384695685183	raw	8273
A	-23	1	12161	1.24176050858	norm	8273
T	-23	1	11948	0.377957737568	raw	8273
T	-23	1	11948	1.2242966629	norm	8273
C	-23	1	3907	0.123592306719	raw	8273
C	-23	1	3907	0.647441896646	norm	8273
G	-23	1	3596	0.11375427053	raw	8273
G	-23	1	3596	0.596840998006	norm	8273
T	-22	1	12041	0.380899658358	raw	8273
T	-22	1	12041	1.23382625694	norm	8273
A	-22	1	11758	0.371947361761	raw	8273
A	-22	1	11758	1.20061015211	norm	8273
C	-22	1	4198	0.13279767177	raw	8273
C	-22	1	4198	0.695664469445	norm	8273
G	-22	1	3615	0.114355308111	raw	8273
G	-22	1	3615	0.599994496048	norm	8273
T	-21	1	12049	0.381152726813	raw	8273
T	-21	1	12049	1.23464600697	norm	8273
A	-21	1	11161	0.353062128306	raw	8273
A	-21	1	11161	1.13965044291	norm	8273
C	-21	1	4599	0.145482728078	raw	8273
C	-21	1	4599	0.762115506188	norm	8273
G	-21	1	3803	0.120302416804	raw	8273
G	-21	1	3803	0.631197529315	norm	8273
T	-20	1	11891	0.376154624826	raw	8273
T	-20	1	11891	1.21845594397	norm	8273
A	-20	1	11752	0.37175756042	raw	8273
A	-20	1	11752	1.19999749172	norm	8273
C	-20	1	4031	0.127514867772	raw	8273
C	-20	1	4031	0.667990346911	norm	8273
G	-20	1	3938	0.124572946982	raw	8273
G	-20	1	3938	0.653603962777	norm	8273
A	-19	1	12007	0.379824117424	raw	8273
A	-19	1	12007	1.22603555847	norm	8273
T	-19	1	11723	0.370840187271	raw	8273
T	-19	1	11723	1.20124119343	norm	8273
C	-19	1	4149	0.131247627483	raw	8273
C	-19	1	4149	0.687544517324	norm	8273
G	-19	1	3733	0.118088067822	raw	8273
G	-19	1	3733	0.61957937863	norm	8273
A	-18	1	11739	0.371346324181	raw	8273
A	-18	1	11739	1.19867006087	norm	8273
T	-18	1	11386	0.360179678603	raw	8273
T	-18	1	11386	1.16670922361	norm	8273
C	-18	1	4437	0.140358091864	raw	8273
C	-18	1	4437	0.735269950197	norm	8273
G	-18	1	4050	0.128115905352	raw	8273
G	-18	1	4050	0.672193003872	norm	8273
T	-17	1	12012	0.379982285208	raw	8273
T	-17	1	12012	1.2308546631	norm	8273
A	-17	1	11601	0.366980893332	raw	8273
A	-17	1	11601	1.1845788718	norm	8273
C	-17	1	4106	0.129887384538	raw	8273
C	-17	1	4106	0.680418845055	norm	8273
G	-17	1	3893	0.123149436923	raw	8273
G	-17	1	3893	0.646135151623	norm	8273
A	-16	1	11719	0.370713653043	raw	8273
A	-16	1	11719	1.19662785955	norm	8273
T	-16	1	11598	0.366885992661	raw	8273
T	-16	1	11598	1.18843259929	norm	8273
C	-16	1	4369	0.138207009996	raw	8273
C	-16	1	4369	0.724001445213	norm	8273
G	-16	1	3926	0.1241933443	raw	8273
G	-16	1	3926	0.651612279803	norm	8273
A	-15	1	11600	0.366949259775	raw	8273
A	-15	1	11600	1.18447676174	norm	8273
T	-15	1	11369	0.359641908136	raw	8273
T	-15	1	11369	1.16496725481	norm	8273
C	-15	1	4526	0.143173478426	raw	8273
C	-15	1	4526	0.750018434661	norm	8273
G	-15	1	4117	0.130235353663	raw	8273
G	-15	1	4117	0.683313233812	norm	8273
T	-14	1	11722	0.370808553714	raw	8273
T	-14	1	11722	1.20113872468	norm	8273
A	-14	1	11417	0.361160318866	raw	8273
A	-14	1	11417	1.16579061972	norm	8273
C	-14	1	4408	0.139440718714	raw	8273
C	-14	1	4408	0.730464264248	norm	8273
G	-14	1	4065	0.128590408706	raw	8273
G	-14	1	4065	0.67468260759	norm	8273
A	-13	1	11460	0.362520561812	raw	8273
A	-13	1	11460	1.17018135255	norm	8273
T	-13	1	11458	0.362457294698	raw	8273
T	-13	1	11458	1.17408697384	norm	8273
C	-13	1	4700	0.148677717323	raw	8273
C	-13	1	4700	0.778852550355	norm	8273
G	-13	1	3994	0.126344426167	raw	8273
G	-13	1	3994	0.662898483324	norm	8273
T	-12	1	11622	0.367645198026	raw	8273
T	-12	1	11622	1.19089184936	norm	8273
A	-12	1	10949	0.346355814248	raw	8273
A	-12	1	10949	1.11800310899	norm	8273
C	-12	1	4888	0.154624826015	raw	8273
C	-12	1	4888	0.810006652369	norm	8273
G	-12	1	4153	0.131374161711	raw	8273
G	-12	1	4153	0.689288282736	norm	8273
T	-11	1	11729	0.371029988612	raw	8273
T	-11	1	11729	1.20185600595	norm	8273
A	-11	1	11479	0.363121599393	raw	8273
A	-11	1	11479	1.17212144379	norm	8273
C	-11	1	4577	0.144786789827	raw	8273
C	-11	1	4577	0.758469813399	norm	8273
G	-11	1	3827	0.121061622169	raw	8273
G	-11	1	3827	0.635180895263	norm	8273
T	-10	1	11851	0.374889282551	raw	8273
T	-10	1	11851	1.21435719384	norm	8273
A	-10	1	11387	0.36021131216	raw	8273
A	-10	1	11387	1.16272731775	norm	8273
C	-10	1	4402	0.139250917373	raw	8273
C	-10	1	4402	0.729469984396	norm	8273
G	-10	1	3972	0.125648487916	raw	8273
G	-10	1	3972	0.659247064538	norm	8273
T	-9	1	11677	0.369385043654	raw	8273
T	-9	1	11677	1.19652763079	norm	8273
A	-9	1	10930	0.345754776667	raw	8273
A	-9	1	10930	1.11606301774	norm	8273
C	-9	1	4587	0.145103125395	raw	8273
C	-9	1	4587	0.760126946485	norm	8273
G	-9	1	4418	0.139757054283	raw	8273
G	-9	1	4418	0.733271281754	norm	8273
T	-8	1	11613	0.367360496014	raw	8273
T	-8	1	11613	1.18996963058	norm	8273
A	-8	1	11409	0.360907250411	raw	8273
A	-8	1	11409	1.1649737392	norm	8273
G	-8	1	4369	0.138207009996	raw	8273
G	-8	1	4369	0.725138576275	norm	8273
C	-8	1	4221	0.133525243578	raw	8273
C	-8	1	4221	0.699475875542	norm	8273
T	-7	1	11607	0.367170694673	raw	8273
T	-7	1	11607	1.18935481807	norm	8273
A	-7	1	10723	0.339206630394	raw	8273
A	-7	1	10723	1.09492623415	norm	8273
C	-7	1	4858	0.153675819309	raw	8273
C	-7	1	4858	0.805035253112	norm	8273
G	-7	1	4424	0.139946855624	raw	8273
G	-7	1	4424	0.734267123242	norm	8273
T	-6	1	10995	0.347810957864	raw	8273
T	-6	1	10995	1.12664394112	norm	8273
A	-6	1	10701	0.338510692142	raw	8273
A	-6	1	10701	1.0926798127	norm	8273
C	-6	1	5124	0.162090345438	raw	8273
C	-6	1	5124	0.849114993196	norm	8273
G	-6	1	4792	0.151588004555	raw	8273
G	-6	1	4792	0.795345401124	norm	8273
T	-5	1	11590	0.366632924206	raw	8273
T	-5	1	11590	1.18761284926	norm	8273
A	-5	1	11066	0.350056940402	raw	8273
A	-5	1	11066	1.12994998667	norm	8273
C	-5	1	4653	0.147190940149	raw	8273
C	-5	1	4653	0.771064024852	norm	8273
G	-5	1	4303	0.136119195242	raw	8273
G	-5	1	4303	0.714184319916	norm	8273
T	-4	1	11804	0.373402505378	raw	8273
T	-4	1	11804	1.20954116244	norm	8273
A	-4	1	11337	0.358629634316	raw	8273
A	-4	1	11337	1.15762181447	norm	8273
C	-4	1	4667	0.147633809946	raw	8273
C	-4	1	4667	0.773384011172	norm	8273
G	-4	1	3804	0.120334050361	raw	8273
G	-4	1	3804	0.631363502896	norm	8273
A	-3	1	11265	0.356352018221	raw	8273
A	-3	1	11265	1.15026988974	norm	8273
T	-3	1	10706	0.338668859927	raw	8273
T	-3	1	10706	1.09703047146	norm	8273
C	-3	1	5307	0.167879286347	raw	8273
C	-3	1	5307	0.879440528667	norm	8273
G	-3	1	4334	0.137099835506	raw	8273
G	-3	1	4334	0.719329500933	norm	8273
T	-2	1	13624	0.430975578894	raw	8273
T	-2	1	13624	1.39603429321	norm	8273
A	-2	1	9400	0.297355434645	raw	8273
A	-2	1	9400	0.959834617271	norm	8273
C	-2	1	4994	0.157977983044	raw	8273
C	-2	1	4994	0.827572263079	norm	8273
G	-2	1	3594	0.113691003416	raw	8273
G	-2	1	3594	0.596509050843	norm	8273
T	-1	1	11638	0.368151334936	raw	8273
T	-1	1	11638	1.19253134941	norm	8273
A	-1	1	10715	0.338953561939	raw	8273
A	-1	1	10715	1.09410935362	norm	8273
C	-1	1	5843	0.184834872833	raw	8273
C	-1	1	5843	0.968262862069	norm	8273
G	-1	1	3416	0.108060230292	raw	8273
G	-1	1	3416	0.566965753389	norm	8273
C	0	1	15946	0.504428697963	raw	8273
C	0	1	15946	2.64246441872	norm	8273
A	0	1	7883	0.249367328862	raw	8273
A	0	1	7883	0.804933647654	norm	8273
G	0	1	4064	0.128558775149	raw	8273
G	0	1	4064	0.674516634009	norm	8273
T	0	1	3719	0.117645198026	raw	8273
T	0	1	3719	0.381081293046	norm	8273
A	1	1	13560	0.428951031254	raw	8273
A	1	1	13560	1.38461249045	norm	8273
T	1	1	10645	0.336739212957	raw	8273
T	1	1	10645	1.09077987751	norm	8273
C	1	1	5205	0.164652663545	raw	8273
C	1	1	5205	0.862537771191	norm	8273
G	1	1	2202	0.0696570922435	raw	8273
G	1	1	2202	0.365473825809	norm	8273
T	2	1	11406	0.360812349741	raw	8273
T	2	1	11406	1.16875859868	norm	8273
A	2	1	10122	0.32019486271	raw	8273
A	2	1	10122	1.03355808468	norm	8273
C	2	1	5241	0.165791471593	raw	8273
C	2	1	5241	0.8685034503	norm	8273
G	2	1	4843	0.153201315956	raw	8273
G	2	1	4843	0.803810053766	norm	8273
T	3	1	11708	0.370365683917	raw	8273
T	3	1	11708	1.19970416214	norm	8273
A	3	1	9774	0.309186384917	raw	8273
A	3	1	9774	0.998023781831	norm	8273
G	3	1	5431	0.1718018474	raw	8273
G	3	1	5431	0.901402519513	norm	8273
C	3	1	4699	0.148646083766	raw	8273
C	3	1	4699	0.778686837047	norm	8273
A	4	1	11250	0.355877514868	raw	8273
A	4	1	11250	1.14873823876	norm	8273
T	4	1	10528	0.333038086802	raw	8273
T	4	1	10528	1.07879103339	norm	8273
G	4	1	5503	0.174079463495	raw	8273
G	4	1	5503	0.913352617359	norm	8273
C	4	1	4331	0.137004934835	raw	8273
C	4	1	4331	0.717704339487	norm	8273
T	5	1	11264	0.356320384664	raw	8273
T	5	1	11264	1.15420803573	norm	8273
A	5	1	9545	0.301942300392	raw	8273
A	5	1	9545	0.974640576793	norm	8273
C	5	1	5441	0.172118182968	raw	8273
C	5	1	5441	0.901646112018	norm	8273
G	5	1	5362	0.169619131975	raw	8273
G	5	1	5362	0.88995034241	norm	8273
T	6	1	11199	0.354264203467	raw	8273
T	6	1	11199	1.14754756677	norm	8273
A	6	1	8877	0.280811084398	raw	8273
A	6	1	8877	0.906431052927	norm	8273
C	6	1	6128	0.193850436543	raw	8273
C	6	1	6128	1.01549115502	norm	8273
G	6	1	5408	0.171074275592	raw	8273
G	6	1	5408	0.897585127145	norm	8273
T	7	1	11565	0.365842085284	raw	8273
T	7	1	11565	1.18505113043	norm	8273
A	7	1	9775	0.309218018474	raw	8273
A	7	1	9775	0.998125891897	norm	8273
C	7	1	5539	0.175218271542	raw	8273
C	7	1	5539	0.917886016259	norm	8273
G	7	1	4733	0.149721624699	raw	8273
G	7	1	4733	0.785552959833	norm	8273
T	8	1	11923	0.377166898646	raw	8273
T	8	1	11923	1.22173494407	norm	8273
A	8	1	9976	0.315576363406	raw	8273
A	8	1	9976	1.0186500151	norm	8273
G	8	1	4944	0.156396305201	raw	8273
G	8	1	4944	0.820573385467	norm	8273
C	8	1	4769	0.150860432747	raw	8273
C	8	1	4769	0.790286768648	norm	8273
T	9	1	11287	0.357047956472	raw	8273
T	9	1	11287	1.15656481705	norm	8273
A	9	1	10231	0.32364292041	raw	8273
A	9	1	10231	1.04468808184	norm	8273
G	9	1	5386	0.17037833734	raw	8273
G	9	1	5386	0.893933708359	norm	8273
C	9	1	4708	0.148930785778	raw	8273
C	9	1	4708	0.780178256824	norm	8273
T	10	1	10922	0.345501708212	raw	8273
T	10	1	10922	1.11916372214	norm	8273
A	10	1	10670	0.337530051879	raw	8273
A	10	1	10670	1.08951440067	norm	8273
G	10	1	5271	0.166740478299	raw	8273
G	10	1	5271	0.87484674652	norm	8273
C	10	1	4749	0.15022776161	raw	8273
C	10	1	4749	0.786972502476	norm	8273
T	11	1	10985	0.347494622295	raw	8273
T	11	1	10985	1.12561925359	norm	8273
A	11	1	10346	0.327280779451	raw	8273
A	11	1	10346	1.05643073939	norm	8273
C	11	1	5260	0.166392509174	raw	8273
C	11	1	5260	0.871652003163	norm	8273
G	11	1	5021	0.15883208908	raw	8273
G	11	1	5021	0.83335335122	norm	8273
T	12	1	10828	0.342528153866	raw	8273
T	12	1	10828	1.10953165934	norm	8273
A	12	1	10095	0.319340756675	raw	8273
A	12	1	10095	1.03080111291	norm	8273
C	12	1	5541	0.175281538656	raw	8273
C	12	1	5541	0.918217442876	norm	8273
G	12	1	5148	0.162849550803	raw	8273
G	12	1	5148	0.854431996032	norm	8273
T	13	1	11775	0.372485132228	raw	8273
T	13	1	11775	1.2065695686	norm	8273
A	13	1	10015	0.316810072125	raw	8273
A	13	1	10015	1.02263230766	norm	8273
G	13	1	4979	0.157503479691	raw	8273
G	13	1	4979	0.826382460809	norm	8273
C	13	1	4843	0.153201315956	raw	8273
C	13	1	4843	0.802549553483	norm	8273
T	14	1	11615	0.367423763128	raw	8273
T	14	1	11615	1.19017456809	norm	8273
A	14	1	10526	0.332974819689	raw	8273
A	14	1	10526	1.07481055121	norm	8273
C	14	1	5146	0.16278628369	raw	8273
C	14	1	5146	0.852760685985	norm	8273
G	14	1	4325	0.136815133494	raw	8273
G	14	1	4325	0.717835738702	norm	8273
T	15	1	11052	0.349614070606	raw	8273
T	15	1	11052	1.13248466006	norm	8273
A	15	1	10164	0.321523472099	raw	8273
A	15	1	10164	1.03784670744	norm	8273
C	15	1	5355	0.169397697077	raw	8273
C	15	1	5355	0.887394767479	norm	8273
G	15	1	5041	0.159464760218	raw	8273
G	15	1	5041	0.836672822844	norm	8273
T	16	1	11608	0.36720232823	raw	8273
T	16	1	11608	1.18945728682	norm	8273
A	16	1	9536	0.30165759838	raw	8273
A	16	1	9536	0.973721586202	norm	8273
G	16	1	5508	0.174237631279	raw	8273
G	16	1	5508	0.914182485265	norm	8273
C	16	1	4960	0.156902442111	raw	8273
C	16	1	4960	0.821938010588	norm	8273
T	17	1	11044	0.349361002151	raw	8273
T	17	1	11044	1.13166491003	norm	8273
A	17	1	10816	0.342148551183	raw	8273
A	17	1	10816	1.10442247026	norm	8273
C	17	1	5005	0.15832595217	raw	8273
C	17	1	5005	0.829395109474	norm	8273
G	17	1	4747	0.150164494496	raw	8273
G	17	1	4747	0.78787658997	norm	8273
T	18	1	10892	0.344552701506	raw	8273
T	18	1	10892	1.11608965955	norm	8273
A	18	1	10175	0.321871441225	raw	8273
A	18	1	10175	1.03896991816	norm	8273
C	18	1	5454	0.172529419208	raw	8273
C	18	1	5454	0.903800385029	norm	8273
G	18	1	5091	0.161046438061	raw	8273
G	18	1	5091	0.844971501904	norm	8273
T	19	1	11690	0.369796279894	raw	8273
T	19	1	11690	1.19785972458	norm	8273
A	19	1	10070	0.318549917753	raw	8273
A	19	1	10070	1.02824836127	norm	8273
C	19	1	5040	0.159433126661	raw	8273
C	19	1	5040	0.835195075274	norm	8273
G	19	1	4812	0.152220675693	raw	8273
G	19	1	4812	0.798664872748	norm	8273
T	20	1	11856	0.375047450335	raw	8273
T	20	1	11856	1.21486953761	norm	8273
A	20	1	10173	0.321808174111	raw	8273
A	20	1	10173	1.03876569803	norm	8273
C	20	1	5098	0.16126787296	raw	8273
C	20	1	5098	0.844806447172	norm	8273
G	20	1	4485	0.141876502594	raw	8273
G	20	1	4485	0.744391511695	norm	8273
T	21	1	10944	0.346197646463	raw	8273
T	21	1	10944	1.12141803471	norm	8273
A	21	1	10379	0.328324686828	raw	8273
A	21	1	10379	1.05980037156	norm	8273
C	21	1	5178	0.16379855751	raw	8273
C	21	1	5178	0.858063511859	norm	8273
G	21	1	5111	0.161679109199	raw	8273
G	21	1	5111	0.848290973528	norm	8273
T	22	1	11507	0.364007338985	raw	8273
T	22	1	11507	1.17910794275	norm	8273
A	22	1	10224	0.323421485512	raw	8273
A	22	1	10224	1.04397331138	norm	8273
C	22	1	5063	0.160160698469	raw	8273
C	22	1	5063	0.839006481372	norm	8273
G	22	1	4818	0.152410477034	raw	8273
G	22	1	4818	0.799660714235	norm	8273
T	23	1	11793	0.373054536252	raw	8273
T	23	1	11793	1.20841400616	norm	8273
A	23	1	10074	0.31867645198	raw	8273
A	23	1	10074	1.02865680153	norm	8273
C	23	1	5179	0.163830191067	raw	8273
C	23	1	5179	0.858229225168	norm	8273
G	23	1	4566	0.144438820701	raw	8273
G	23	1	4566	0.757835371772	norm	8273
T	24	1	11037	0.349139567253	raw	8273
T	24	1	11037	1.13094762876	norm	8273
A	24	1	10208	0.322915348602	raw	8273
A	24	1	10208	1.04233955033	norm	8273
C	24	1	5359	0.169524231305	raw	8273
C	24	1	5359	0.888057620713	norm	8273
G	24	1	5008	0.158420852841	raw	8273
G	24	1	5008	0.831195694664	norm	8273
T	25	1	11255	0.356035682652	raw	8273
T	25	1	11255	1.15328581695	norm	8273
A	25	1	10935	0.345912944451	raw	8273
A	25	1	10935	1.11657356807	norm	8273
G	25	1	4775	0.151050234088	raw	8273
G	25	1	4775	0.792523850244	norm	8273
C	25	1	4647	0.147001138808	raw	8273
C	25	1	4647	0.770069745	norm	8273
T	26	1	11832	0.37428824497	raw	8273
T	26	1	11832	1.21241028753	norm	8273
A	26	1	10087	0.31908768822	raw	8273
A	26	1	10087	1.02998423238	norm	8273
C	26	1	4870	0.154055421992	raw	8273
C	26	1	4870	0.807023812815	norm	8273
G	26	1	4823	0.152568644818	raw	8273
G	26	1	4823	0.800490582141	norm	8273
T	27	1	11948	0.377957737568	raw	8273
T	27	1	11948	1.2242966629	norm	8273
A	27	1	10071	0.31858155131	raw	8273
A	27	1	10071	1.02835047133	norm	8273
G	27	1	4924	0.155763634063	raw	8273
G	27	1	4924	0.817253913843	norm	8273
C	27	1	4669	0.147697077059	raw	8273
C	27	1	4669	0.773715437789	norm	8273
T	28	1	11961	0.378368973807	raw	8273
T	28	1	11961	1.22562875669	norm	8273
A	28	1	10522	0.332848285461	raw	8273
A	28	1	10522	1.07440211095	norm	8273
G	28	1	4800	0.15184107301	raw	8273
G	28	1	4800	0.796673189774	norm	8273
C	28	1	4329	0.136941667721	raw	8273
C	28	1	4329	0.71737291287	norm	8273
T	29	1	11872	0.375553587245	raw	8273
T	29	1	11872	1.21650903766	norm	8273
A	29	1	10444	0.330380868025	raw	8273
A	29	1	10444	1.06643752583	norm	8273
C	29	1	4762	0.150638997849	raw	8273
C	29	1	4762	0.789126775487	norm	8273
G	29	1	4534	0.143426546881	raw	8273
G	29	1	4534	0.752524217174	norm	8273
T	30	1	11629	0.367866632924	raw	8273
T	30	1	11629	1.19160913064	norm	8273
A	30	1	10418	0.329558395546	raw	8273
A	30	1	10418	1.06378266412	norm	8273
C	30	1	4794	0.151651271669	raw	8273
C	30	1	4794	0.794429601362	norm	8273
G	30	1	4771	0.150923699861	raw	8273
G	30	1	4771	0.791859955919	norm	8273
T	31	1	11845	0.37469948121	raw	8273
T	31	1	11845	1.21374238132	norm	8273
A	31	1	10727	0.339333164621	raw	8273
A	31	1	10727	1.09533467441	norm	8273
G	31	1	4571	0.144596988485	raw	8273
G	31	1	4571	0.758665239678	norm	8273
C	31	1	4469	0.141370365684	raw	8273
C	31	1	4469	0.740572776072	norm	8273
T	32	1	11516	0.364292040997	raw	8273
T	32	1	11516	1.18003016153	norm	8273
A	32	1	11021	0.348633430343	raw	8273
A	32	1	11021	1.12535503372	norm	8273
G	32	1	4551	0.143964317348	raw	8273
G	32	1	4551	0.755345768054	norm	8273
C	32	1	4524	0.143110211312	raw	8273
C	32	1	4524	0.749687008044	norm	8273
T	33	1	12060	0.381500695938	raw	8273
T	33	1	12060	1.23577316325	norm	8273
A	33	1	10079	0.318834619765	raw	8273
A	33	1	10079	1.02916735186	norm	8273
C	33	1	4841	0.153138048842	raw	8273
C	33	1	4841	0.802218126866	norm	8273
G	33	1	4632	0.146526635455	raw	8273
G	33	1	4632	0.768789628132	norm	8273
T	34	1	11748	0.371631026193	raw	8273
T	34	1	11748	1.20380291226	norm	8273
A	34	1	10799	0.341610780716	raw	8273
A	34	1	10799	1.10268659914	norm	8273
G	34	1	4654	0.147222573706	raw	8273
G	34	1	4654	0.772441046918	norm	8273
C	34	1	4411	0.139535619385	raw	8273
C	34	1	4411	0.730961404174	norm	8273
T	35	1	12750	0.403327850183	raw	8273
T	35	1	12750	1.30647660294	norm	8273
A	35	1	10259	0.324528660003	raw	8273
A	35	1	10259	1.04754716368	norm	8273
C	35	1	4451	0.14080096166	raw	8273
C	35	1	4451	0.737589936517	norm	8273
G	35	1	4152	0.131342528154	raw	8273
G	35	1	4152	0.689122309154	norm	8273
T	36	1	12328	0.389978489181	raw	8273
T	36	1	12328	1.2632347891	norm	8273
A	36	1	10199	0.32263064659	raw	8273
A	36	1	10199	1.04142055974	norm	8273
G	36	1	4787	0.151429836771	raw	8273
G	36	1	4787	0.794515533218	norm	8273
C	36	1	4298	0.135961027458	raw	8273
C	36	1	4298	0.712235800303	norm	8273
T	37	1	12015	0.380077185879	raw	8273
T	37	1	12015	1.23116206936	norm	8273
A	37	1	11325	0.358250031634	raw	8273
A	37	1	11325	1.15639649368	norm	8273
G	37	1	4222	0.133556877135	raw	8273
G	37	1	4222	0.700740459839	norm	8273
C	37	1	4050	0.128115905352	raw	8273
C	37	1	4050	0.671138899774	norm	8273
T	38	1	12630	0.399531823358	raw	8273
T	38	1	12630	1.29418035256	norm	8273
A	38	1	10580	0.33468303176	raw	8273
A	38	1	10580	1.08032449476	norm	8273
C	38	1	4433	0.140231557636	raw	8273
C	38	1	4433	0.734607096963	norm	8273
G	38	1	3969	0.125553587245	raw	8273
G	38	1	3969	0.658749143794	norm	8273
T	39	1	12462	0.394217385803	raw	8273
T	39	1	12462	1.27696560203	norm	8273
A	39	1	11265	0.356352018221	raw	8273
A	39	1	11265	1.15026988974	norm	8273
C	39	1	4203	0.132955839555	raw	8273
C	39	1	4203	0.696493035988	norm	8273
G	39	1	3682	0.116474756422	raw	8273
G	39	1	3682	0.611114725989	norm	8273
T	40	1	12865	0.406965709224	raw	8273
T	40	1	12865	1.31826050956	norm	8273
A	40	1	11031	0.348949765912	raw	8273
A	40	1	11031	1.12637613437	norm	8273
G	40	1	3894	0.12318107048	raw	8273
G	40	1	3894	0.646301125204	norm	8273
C	40	1	3822	0.120903454384	raw	8273
C	40	1	3822	0.633356265416	norm	8273
T	41	1	12595	0.398424648868	raw	8273
T	41	1	12595	1.2905939462	norm	8273
A	41	1	11745	0.371536125522	raw	8273
A	41	1	11745	1.19928272126	norm	8273
G	41	1	3806	0.120397317474	raw	8273
G	41	1	3806	0.631695450058	norm	8273
C	41	1	3466	0.109641908136	raw	8273
C	41	1	3466	0.57436232756	norm	8273
T	42	1	12346	0.390547893205	raw	8273
T	42	1	12346	1.26507922666	norm	8273
A	42	1	11049	0.349519169935	raw	8273
A	42	1	11049	1.12821411556	norm	8273
C	42	1	4230	0.13380994559	raw	8273
C	42	1	4230	0.70096729532	norm	8273
G	42	1	3987	0.126122991269	raw	8273
G	42	1	3987	0.661736668256	norm	8273
T	43	1	12657	0.400385929394	raw	8273
T	43	1	12657	1.2969470089	norm	8273
A	43	1	11883	0.375901556371	raw	8273
A	43	1	11883	1.21337391032	norm	8273
G	43	1	3769	0.11922687587	raw	8273
G	43	1	3769	0.625554427554	norm	8273
C	43	1	3303	0.104485638365	raw	8273
C	43	1	3303	0.54735105826	norm	8273
T	44	1	12898	0.408009616601	raw	8273
T	44	1	12898	1.32164197841	norm	8273
A	44	1	11728	0.370998355055	raw	8273
A	44	1	11728	1.19754685014	norm	8273
C	44	1	3569	0.112900164494	raw	8273
C	44	1	3569	0.591430798344	norm	8273
G	44	1	3417	0.108091863849	raw	8273
G	44	1	3417	0.56713172697	norm	8273
T	45	1	12625	0.399373655574	raw	8273
T	45	1	12625	1.29366800879	norm	8273
A	45	1	11835	0.374383145641	raw	8273
A	45	1	11835	1.20847262717	norm	8273
C	45	1	3712	0.117423763128	raw	8273
C	45	1	3712	0.615127801472	norm	8273
G	45	1	3440	0.108819435657	raw	8273
G	45	1	3440	0.570949119338	norm	8273
T	46	1	12627	0.399436922688	raw	8273
T	46	1	12627	1.2938729463	norm	8273
A	46	1	12256	0.387700873086	raw	8273
A	46	1	12256	1.25146096482	norm	8273
G	46	1	3444	0.108945969885	raw	8273
G	46	1	3444	0.571613013663	norm	8273
C	46	1	3285	0.103916234341	raw	8273
C	46	1	3285	0.544368218706	norm	8273
T	47	1	13052	0.41288118436	raw	8273
T	47	1	13052	1.3374221664	norm	8273
A	47	1	11416	0.361128685309	raw	8273
A	47	1	11416	1.16568850966	norm	8273
G	47	1	3605	0.114038972542	raw	8273
G	47	1	3605	0.598334760236	norm	8273
C	47	1	3539	0.111951157788	raw	8273
C	47	1	3539	0.586459399087	norm	8273
T	48	1	12231	0.386910034164	raw	8273
T	48	1	12231	1.25329532004	norm	8273
A	48	1	12101	0.38279767177	raw	8273
A	48	1	12101	1.23563390464	norm	8273
G	48	1	3880	0.122738200683	raw	8273
G	48	1	3880	0.643977495067	norm	8273
C	48	1	3400	0.107554093382	raw	8273
C	48	1	3400	0.563425249193	norm	8273
T	49	1	12415	0.39273060863	raw	8273
T	49	1	12415	1.27214957063	norm	8273
A	49	1	11986	0.379159812729	raw	8273
A	49	1	11986	1.22389124709	norm	8273
G	49	1	3690	0.116727824877	raw	8273
G	49	1	3690	0.612442514639	norm	8273
C	49	1	3521	0.111381753764	raw	8273
C	49	1	3521	0.583476559532	norm	8273
T	50	1	12987	0.410825003163	raw	8273
T	50	1	12987	1.33076169744	norm	8273
A	50	1	11774	0.372453498671	raw	8273
A	50	1	11774	1.20224391317	norm	8273
C	50	1	3492	0.110464380615	raw	8273
C	50	1	3492	0.578670873583	norm	8273
G	50	1	3359	0.10625711755	raw	8273
G	50	1	3359	0.55750525926	norm	8273
T	51	1	12461	0.394185752246	raw	8273
T	51	1	12461	1.27686313327	norm	8273
A	51	1	12275	0.388301910667	raw	8273
A	51	1	12275	1.25340105606	norm	8273
G	51	1	3638	0.115082879919	raw	8273
G	51	1	3638	0.603811888416	norm	8273
C	51	1	3238	0.102429457168	raw	8273
C	51	1	3238	0.536579693202	norm	8273
A	52	1	12392	0.392003036821	raw	8273
A	52	1	12392	1.26534793375	norm	8273
T	52	1	12352	0.390737694546	raw	8273
T	52	1	12352	1.26569403918	norm	8273
G	52	1	3513	0.111128685309	raw	8273
G	52	1	3513	0.583065190766	norm	8273
C	52	1	3355	0.106130583323	raw	8273
C	52	1	3355	0.555968150307	norm	8273
T	53	1	12960	0.409970897128	raw	8273
T	53	1	12960	1.32799504111	norm	8273
A	53	1	11997	0.379507781855	raw	8273
A	53	1	11997	1.22501445781	norm	8273
G	53	1	3414	0.107996963179	raw	8273
G	53	1	3414	0.566633806227	norm	8273
C	53	1	3241	0.102524357839	raw	8273
C	53	1	3241	0.537076833128	norm	8273
T	54	1	12565	0.397475642161	raw	8273
T	54	1	12565	1.2875198836	norm	8273
A	54	1	12009	0.379887384538	raw	8273
A	54	1	12009	1.2262397786	norm	8273
C	54	1	3559	0.112583828926	raw	8273
C	54	1	3559	0.589773665258	norm	8273
G	54	1	3479	0.110053144376	raw	8273
G	54	1	3479	0.577422089005	norm	8273
T	55	1	12976	0.410477034038	raw	8273
T	55	1	12976	1.32963454116	norm	8273
A	55	1	12498	0.39535619385	raw	8273
A	55	1	12498	1.27617160071	norm	8273
G	55	1	3073	0.0972099202834	raw	8273
G	55	1	3073	0.510036815036	norm	8273
C	55	1	3065	0.0969568518284	raw	8273
C	55	1	3065	0.507911290817	norm	8273
A	56	1	13098	0.414336327977	raw	8273
A	56	1	13098	1.33743764011	norm	8273
T	56	1	12595	0.398424648868	raw	8273
T	56	1	12595	1.2905939462	norm	8273
C	56	1	3065	0.0969568518284	raw	8273
C	56	1	3065	0.507911290817	norm	8273
G	56	1	2854	0.0902821713273	raw	8273
G	56	1	2854	0.473688600753	norm	8273
T	57	1	12293	0.388871314691	raw	8273
T	57	1	12293	1.25964838274	norm	8273
A	57	1	12280	0.388460078451	raw	8273
A	57	1	12280	1.25391160639	norm	8273
G	57	1	3679	0.116379855751	raw	8273
G	57	1	3679	0.610616805245	norm	8273
C	57	1	3360	0.106288751107	raw	8273
C	57	1	3360	0.55679671685	norm	8273
T	58	1	13006	0.411426040744	raw	8273
T	58	1	13006	1.33270860375	norm	8273
A	58	1	12208	0.386182462356	raw	8273
A	58	1	12208	1.24655968166	norm	8273
G	58	1	3390	0.107237757813	raw	8273
G	58	1	3390	0.562650440278	norm	8273
C	58	1	3008	0.0951537390864	raw	8273
C	58	1	3008	0.498465632227	norm	8273
T	59	1	12870	0.407123877009	raw	8273
T	59	1	12870	1.31877285332	norm	8273
A	59	1	12455	0.393995950905	raw	8273
A	59	1	12455	1.27178086788	norm	8273
G	59	1	3167	0.10018347463	raw	8273
G	59	1	3167	0.52563833167	norm	8273
C	59	1	3120	0.0986966974567	raw	8273
C	59	1	3120	0.517025522789	norm	8273
A	60	1	12718	0.402315576363	raw	8273
A	60	1	12718	1.29863581516	norm	8273
T	60	1	12330	0.390041756295	raw	8273
T	60	1	12330	1.26343972661	norm	8273
G	60	1	3420	0.10818676452	raw	8273
G	60	1	3420	0.567629647714	norm	8273
C	60	1	3144	0.0994559028217	raw	8273
C	60	1	3144	0.521002642195	norm	8273
T	61	1	13413	0.424300898393	raw	8273
T	61	1	13413	1.37441338629	norm	8273
A	61	1	12360	0.390990763001	raw	8273
A	61	1	12360	1.26208041165	norm	8273
G	61	1	3226	0.102049854486	raw	8273
G	61	1	3226	0.53543077296	norm	8273
C	61	1	2613	0.08265848412	raw	8273
C	61	1	2613	0.433008875336	norm	8273
A	62	1	12850	0.406491205871	raw	8273
A	62	1	12850	1.31211434382	norm	8273
T	62	1	12590	0.398266481083	raw	8273
T	62	1	12590	1.29008160243	norm	8273
G	62	1	3338	0.105592812856	raw	8273
G	62	1	3338	0.554019814055	norm	8273
C	62	1	2834	0.0896495001898	raw	8273
C	62	1	2834	0.469631516533	norm	8273
T	63	1	12920	0.408705554853	raw	8273
T	63	1	12920	1.32389629098	norm	8273
A	63	1	12253	0.387605972416	raw	8273
A	63	1	12253	1.25115463462	norm	8273
G	63	1	3322	0.105086675946	raw	8273
G	63	1	3322	0.551364236756	norm	8273
C	63	1	3117	0.098601796786	raw	8273
C	63	1	3117	0.516528382863	norm	8273
A	64	1	12911	0.408420852841	raw	8273
A	64	1	12911	1.31834305783	norm	8273
T	64	1	12712	0.402125775022	raw	8273
T	64	1	12712	1.30258279032	norm	8273
G	64	1	3169	0.100246741744	raw	8273
G	64	1	3169	0.525970278832	norm	8273
C	64	1	2820	0.0892066303935	raw	8273
C	64	1	2820	0.467311530213	norm	8273
T	65	1	13134	0.415475136024	raw	8273
T	65	1	13134	1.34582460416	norm	8273
A	65	1	12852	0.406554472985	raw	8273
A	65	1	12852	1.31231856395	norm	8273
C	65	1	2827	0.0894280652917	raw	8273
C	65	1	2827	0.468471523373	norm	8273
G	65	1	2799	0.0885423256991	raw	8273
G	65	1	2799	0.464560053787	norm	8273
T	66	1	12950	0.409654561559	raw	8273
T	66	1	12950	1.32697035358	norm	8273
A	66	1	12804	0.405036062255	raw	8273
A	66	1	12804	1.3074172808	norm	8273
G	66	1	2967	0.0938567632545	raw	8273
G	66	1	2967	0.492443615429	norm	8273
C	66	1	2891	0.0914526129318	raw	8273
C	66	1	2891	0.479077175123	norm	8273
A	67	1	12910	0.408389219284	raw	8273
A	67	1	12910	1.31824094776	norm	8273
T	67	1	12797	0.404814627357	raw	8273
T	67	1	12797	1.31129263434	norm	8273
G	67	1	3118	0.0986334303429	raw	8273
G	67	1	3118	0.517505626191	norm	8273
C	67	1	2787	0.0881627230166	raw	8273
C	67	1	2787	0.46184299103	norm	8273
A	68	1	12876	0.40731367835	raw	8273
A	68	1	12876	1.31476920553	norm	8273
T	68	1	12540	0.396684803239	raw	8273
T	68	1	12540	1.28495816478	norm	8273
G	68	1	3121	0.0987283310135	raw	8273
G	68	1	3121	0.518003546934	norm	8273
C	68	1	3075	0.0972731873972	raw	8273
C	68	1	3075	0.509568423903	norm	8273
T	69	1	12655	0.40032266228	raw	8273
T	69	1	12655	1.29674207139	norm	8273
A	69	1	12514	0.39586233076	raw	8273
A	69	1	12514	1.27780536176	norm	8273
G	69	1	3379	0.106889788688	raw	8273
G	69	1	3379	0.560824730885	norm	8273
C	69	1	3064	0.0969252182715	raw	8273
C	69	1	3064	0.507745577508	norm	8273
T	70	1	13080	0.413766923953	raw	8273
T	70	1	13080	1.34029129149	norm	8273
A	70	1	12956	0.4098443629	raw	8273
A	70	1	12956	1.32293801078	norm	8273
G	70	1	2877	0.0910097431355	raw	8273
G	70	1	2877	0.477505993121	norm	8273
C	70	1	2699	0.0853789700114	raw	8273
C	70	1	2699	0.447260219874	norm	8273
A	71	1	13208	0.417816019233	raw	8273
A	71	1	13208	1.34866974733	norm	8273
T	71	1	12644	0.399974693154	raw	8273
T	71	1	12644	1.2956149151	norm	8273
C	71	1	2907	0.0919587498418	raw	8273
C	71	1	2907	0.48172858806	norm	8273
G	71	1	2853	0.0902505377705	raw	8273
G	71	1	2853	0.473522627172	norm	8273
T	72	1	13036	0.41237504745	raw	8273
T	72	1	13036	1.33578266635	norm	8273
A	72	1	12782	0.404340124004	raw	8273
A	72	1	12782	1.30517085936	norm	8273
C	72	1	2997	0.0948057699608	raw	8273
C	72	1	2997	0.496642785833	norm	8273
G	72	1	2797	0.0884790585853	raw	8273
G	72	1	2797	0.464228106624	norm	8273
T	73	1	12972	0.41035049981	raw	8273
T	73	1	12972	1.32922466615	norm	8273
A	73	1	12969	0.41025559914	raw	8273
A	73	1	12969	1.32426544164	norm	8273
G	73	1	2937	0.0929077565481	raw	8273
G	73	1	2937	0.487464407993	norm	8273
C	73	1	2734	0.0864861445021	raw	8273
C	73	1	2734	0.453060185675	norm	8273
A	74	1	13052	0.41288118436	raw	8273
A	74	1	13052	1.33274057709	norm	8273
T	74	1	12936	0.409211691763	raw	8273
T	74	1	12936	1.32553579103	norm	8273
G	74	1	2888	0.0913577122612	raw	8273
G	74	1	2888	0.479331702514	norm	8273
C	74	1	2736	0.0865494116158	raw	8273
C	74	1	2736	0.453391612292	norm	8273
A	75	1	12870	0.407123877009	raw	8273
A	75	1	12870	1.31415654514	norm	8273
T	75	1	12752	0.403391117297	raw	8273
T	75	1	12752	1.30668154045	norm	8273
G	75	1	3138	0.0992661014805	raw	8273
G	75	1	3138	0.520825097815	norm	8273
C	75	1	2852	0.0902189042136	raw	8273
C	75	1	2852	0.472614356088	norm	8273
A	76	1	12980	0.410603568265	raw	8273
A	76	1	12980	1.32538865236	norm	8273
T	76	1	12962	0.410034164241	raw	8273
T	76	1	12962	1.32819997861	norm	8273
G	76	1	3162	0.100025306846	raw	8273
G	76	1	3162	0.524808463764	norm	8273
C	76	1	2508	0.0793369606479	raw	8273
C	76	1	2508	0.415608977934	norm	8273
T	77	1	13083	0.413861824624	raw	8273
T	77	1	13083	1.34059869775	norm	8273
A	77	1	12927	0.408926989751	raw	8273
A	77	1	12927	1.31997681888	norm	8273
G	77	1	2839	0.0898076679742	raw	8273
G	77	1	2839	0.471198997035	norm	8273
C	77	1	2763	0.0874035176515	raw	8273
C	77	1	2763	0.457865871624	norm	8273
A	78	1	13045	0.412659749462	raw	8273
A	78	1	13045	1.33202580663	norm	8273
T	78	1	12230	0.386878400607	raw	8273
T	78	1	12230	1.25319285129	norm	8273
G	78	1	3334	0.105466278628	raw	8273
G	78	1	3334	0.55335591973	norm	8273
C	78	1	3003	0.094995571302	raw	8273
C	78	1	3003	0.497637065684	norm	8273
A	79	1	13003	0.411331140073	raw	8273
A	79	1	13003	1.32773718387	norm	8273
T	79	1	12981	0.410635201822	raw	8273
T	79	1	12981	1.33014688492	norm	8273
G	79	1	3091	0.0977793243072	raw	8273
G	79	1	3091	0.513024339498	norm	8273
C	79	1	2537	0.0802543337973	raw	8273
C	79	1	2537	0.420414663883	norm	8273
T	80	1	13239	0.418796659496	raw	8273
T	80	1	13239	1.35658382324	norm	8273
A	80	1	13027	0.412090345438	raw	8273
A	80	1	13027	1.33018782545	norm	8273
G	80	1	2771	0.0876565861065	raw	8273
G	80	1	2771	0.459912793513	norm	8273
C	80	1	2575	0.0814564089586	raw	8273
C	80	1	2575	0.426711769609	norm	8273
A	81	1	13162	0.416360875617	raw	8273
A	81	1	13162	1.34397268431	norm	8273
T	81	1	12190	0.385613058332	raw	8273
T	81	1	12190	1.24909410116	norm	8273
G	81	1	3192	0.100974313552	raw	8273
G	81	1	3192	0.5297876712	norm	8273
C	81	1	3068	0.0970517524991	raw	8273
C	81	1	3068	0.508408430742	norm	8273
A	82	1	13131	0.415380235354	raw	8273
A	82	1	13131	1.34080727228	norm	8273
T	82	1	12808	0.405162596482	raw	8273
T	82	1	12808	1.31241979063	norm	8273
G	82	1	3161	0.0999936732886	raw	8273
G	82	1	3161	0.524642490182	norm	8273
C	82	1	2512	0.0794634948754	raw	8273
C	82	1	2512	0.416271831169	norm	8273
T	83	1	13011	0.411584208528	raw	8273
T	83	1	13011	1.33322094752	norm	8273
A	83	1	12880	0.407440212578	raw	8273
A	83	1	12880	1.31517764579	norm	8273
G	83	1	2961	0.0936669619132	raw	8273
G	83	1	2961	0.491447773942	norm	8273
C	83	1	2760	0.0873086169809	raw	8273
C	83	1	2760	0.457368731698	norm	8273
T	84	1	13039	0.412469948121	raw	8273
T	84	1	13039	1.33609007261	norm	8273
A	84	1	12391	0.391971403265	raw	8273
A	84	1	12391	1.26524582368	norm	8273
G	84	1	3236	0.102366190054	raw	8273
G	84	1	3236	0.537090508773	norm	8273
C	84	1	2946	0.09319245856	raw	8273
C	84	1	2946	0.488191407095	norm	8273
A	85	1	12894	0.407883082374	raw	8273
A	85	1	12894	1.31660718671	norm	8273
T	85	1	12663	0.400575730735	raw	8273
T	85	1	12663	1.29756182142	norm	8273
G	85	1	3359	0.10625711755	raw	8273
G	85	1	3359	0.55750525926	norm	8273
C	85	1	2696	0.0852840693408	raw	8273
C	85	1	2696	0.446763079948	norm	8273
A	86	1	13067	0.413355687714	raw	8273
A	86	1	13067	1.33427222807	norm	8273
T	86	1	13038	0.412438314564	raw	8273
T	86	1	13038	1.33598760385	norm	8273
G	86	1	2945	0.0931608250032	raw	8273
G	86	1	2945	0.488792196642	norm	8273
C	86	1	2562	0.0810451727192	raw	8273
C	86	1	2562	0.424557496598	norm	8273
A	87	1	12825	0.405700366949	raw	8273
A	87	1	12825	1.30956159218	norm	8273
T	87	1	12596	0.398456282424	raw	8273
T	87	1	12596	1.29069641495	norm	8273
G	87	1	3316	0.104896874605	raw	8273
G	87	1	3316	0.550368395269	norm	8273
C	87	1	2875	0.0909464760218	raw	8273
C	87	1	2875	0.476425762185	norm	8273
A	88	1	13345	0.422149816525	raw	8273
A	88	1	13345	1.36265882633	norm	8273
T	88	1	12703	0.40184107301	raw	8273
T	88	1	12703	1.30166057154	norm	8273
G	88	1	2930	0.09268632165	raw	8273
G	88	1	2930	0.486302592924	norm	8273
C	88	1	2634	0.0833227888144	raw	8273
C	88	1	2634	0.436488854816	norm	8273
T	89	1	13127	0.415253701126	raw	8273
T	89	1	13127	1.34510732289	norm	8273
A	89	1	12507	0.395640895862	raw	8273
A	89	1	12507	1.2770905913	norm	8273
C	89	1	3041	0.0961976464634	raw	8273
C	89	1	3041	0.503934171411	norm	8273
G	89	1	2937	0.0929077565481	raw	8273
G	89	1	2937	0.487464407993	norm	8273
T	90	1	12934	0.409148424649	raw	8273
T	90	1	12934	1.32533085352	norm	8273
A	90	1	12383	0.39171833481	raw	8273
A	90	1	12383	1.26442894316	norm	8273
C	90	1	3152	0.0997089712767	raw	8273
C	90	1	3152	0.522328348664	norm	8273
G	90	1	3143	0.0994242692648	raw	8273
G	90	1	3143	0.521654965721	norm	8273
A	91	1	13146	0.415854738707	raw	8273
A	91	1	13146	1.34233892326	norm	8273
T	91	1	12849	0.406459572314	raw	8273
T	91	1	12849	1.31662100951	norm	8273
G	91	1	3088	0.0976844236366	raw	8273
G	91	1	3088	0.512526418754	norm	8273
C	91	1	2529	0.0800012653423	raw	8273
C	91	1	2529	0.419088957414	norm	8273
A	92	1	12985	0.41076173605	raw	8273
A	92	1	12985	1.32589920269	norm	8273
T	92	1	12860	0.40680754144	raw	8273
T	92	1	12860	1.31774816579	norm	8273
G	92	1	2893	0.0915158800456	raw	8273
G	92	1	2893	0.48016157042	norm	8273
C	92	1	2874	0.0909148424649	raw	8273
C	92	1	2874	0.476260048877	norm	8273
A	93	1	12794	0.404719726686	raw	8273
A	93	1	12794	1.30639618015	norm	8273
T	93	1	12698	0.401682905226	raw	8273
T	93	1	12698	1.30114822778	norm	8273
G	93	1	3085	0.097589522966	raw	8273
G	93	1	3085	0.512028498011	norm	8273
C	93	1	3035	0.0960078451221	raw	8273
C	93	1	3035	0.502939891559	norm	8273
A	94	1	13063	0.413229153486	raw	8273
A	94	1	13063	1.33386378781	norm	8273
T	94	1	12653	0.400259395166	raw	8273
T	94	1	12653	1.29653713388	norm	8273
G	94	1	3321	0.105055042389	raw	8273
G	94	1	3321	0.551198263175	norm	8273
C	94	1	2575	0.0814564089586	raw	8273
C	94	1	2575	0.426711769609	norm	8273
A	95	1	13573	0.429362267493	raw	8273
A	95	1	13573	1.3859399213	norm	8273
T	95	1	12640	0.399848158927	raw	8273
T	95	1	12640	1.29520504009	norm	8273
C	95	1	2815	0.0890484626091	raw	8273
C	95	1	2815	0.46648296367	norm	8273
G	95	1	2584	0.0817411109705	raw	8273
G	95	1	2584	0.428875733828	norm	8273
T	96	1	12731	0.402726812603	raw	8273
T	96	1	12731	1.30452969663	norm	8273
A	96	1	12616	0.399088953562	raw	8273
A	96	1	12616	1.28822058846	norm	8273
C	96	1	3222	0.101923320258	raw	8273
C	96	1	3222	0.533928280265	norm	8273
G	96	1	3043	0.0962609135771	raw	8273
G	96	1	3043	0.5050576076	norm	8273
A	97	1	12949	0.409622928002	raw	8273
A	97	1	12949	1.32222324032	norm	8273
T	97	1	12883	0.407535113248	raw	8273
T	97	1	12883	1.32010494711	norm	8273
G	97	1	2971	0.093983297482	raw	8273
G	97	1	2971	0.493107509754	norm	8273
C	97	1	2809	0.0888586612679	raw	8273
C	97	1	2809	0.465488683819	norm	8273
T	98	1	13139	0.415633303809	raw	8273
T	98	1	13139	1.34633694792	norm	8273
A	98	1	12959	0.409939263571	raw	8273
A	98	1	12959	1.32324434098	norm	8273
G	98	1	2843	0.0899342022017	raw	8273
G	98	1	2843	0.47186289136	norm	8273
C	98	1	2671	0.0844932304188	raw	8273
C	98	1	2671	0.442620247234	norm	8273
A	99	1	12760	0.403644185752	raw	8273
A	99	1	12760	1.30292443791	norm	8273
T	99	1	12643	0.399943059598	raw	8273
T	99	1	12643	1.29551244635	norm	8273
G	99	1	3212	0.101606984689	raw	8273
G	99	1	3212	0.533107142824	norm	8273
C	99	1	2997	0.0948057699608	raw	8273
C	99	1	2997	0.496642785833	norm	8273
T	100	1	13256	0.419334429963	raw	8273
T	100	1	13256	1.35832579205	norm	8273
A	100	1	12488	0.395039858282	raw	8273
A	100	1	12488	1.27515050005	norm	8273
G	100	1	3083	0.0975262558522	raw	8273
G	100	1	3083	0.511696550848	norm	8273
C	100	1	2785	0.0880994559028	raw	8273
C	100	1	2785	0.461511564413	norm	8273
