#nuc	offset	region.size	count	freq	norm.freq	total.sites
T	-100	1	6	0.5	raw	10
T	-100	1	6	1.59626073775	norm	10
A	-100	1	4	0.333333333333	raw	10
A	-100	1	4	1.12260127932	norm	10
C	-100	1	2	0.166666666667	raw	10
C	-100	1	2	0.820093457942	norm	10
A	-99	1	5	0.416666666667	raw	10
A	-99	1	5	1.40325159914	norm	10
T	-99	1	4	0.333333333333	raw	10
T	-99	1	4	1.06417382517	norm	10
G	-99	1	2	0.166666666667	raw	10
G	-99	1	2	0.893129770991	norm	10
C	-99	1	1	0.0833333333333	raw	10
C	-99	1	1	0.410046728971	norm	10
T	-98	1	5	0.416666666667	raw	10
T	-98	1	5	1.33021728146	norm	10
A	-98	1	4	0.333333333333	raw	10
A	-98	1	4	1.12260127932	norm	10
C	-98	1	2	0.166666666667	raw	10
C	-98	1	2	0.820093457942	norm	10
G	-98	1	1	0.0833333333333	raw	10
G	-98	1	1	0.446564885495	norm	10
G	-97	1	5	0.416666666667	raw	10
G	-97	1	5	2.23282442748	norm	10
A	-97	1	4	0.333333333333	raw	10
A	-97	1	4	1.12260127932	norm	10
T	-97	1	3	0.25	raw	10
T	-97	1	3	0.798130368874	norm	10
T	-96	1	6	0.5	raw	10
T	-96	1	6	1.59626073775	norm	10
C	-96	1	4	0.333333333333	raw	10
C	-96	1	4	1.64018691588	norm	10
A	-96	1	1	0.0833333333333	raw	10
A	-96	1	1	0.280650319829	norm	10
G	-96	1	1	0.0833333333333	raw	10
G	-96	1	1	0.446564885495	norm	10
T	-95	1	4	0.333333333333	raw	10
T	-95	1	4	1.06417382517	norm	10
A	-95	1	3	0.25	raw	10
A	-95	1	3	0.841950959487	norm	10
C	-95	1	3	0.25	raw	10
C	-95	1	3	1.23014018691	norm	10
G	-95	1	2	0.166666666667	raw	10
G	-95	1	2	0.893129770991	norm	10
A	-94	1	8	0.666666666667	raw	10
A	-94	1	8	2.24520255863	norm	10
C	-94	1	2	0.166666666667	raw	10
C	-94	1	2	0.820093457942	norm	10
T	-94	1	1	0.0833333333333	raw	10
T	-94	1	1	0.266043456291	norm	10
G	-94	1	1	0.0833333333333	raw	10
G	-94	1	1	0.446564885495	norm	10
A	-93	1	5	0.416666666667	raw	10
A	-93	1	5	1.40325159914	norm	10
T	-93	1	5	0.416666666667	raw	10
T	-93	1	5	1.33021728146	norm	10
C	-93	1	2	0.166666666667	raw	10
C	-93	1	2	0.820093457942	norm	10
C	-92	1	5	0.416666666667	raw	10
C	-92	1	5	2.05023364486	norm	10
T	-92	1	4	0.333333333333	raw	10
T	-92	1	4	1.06417382517	norm	10
A	-92	1	2	0.166666666667	raw	10
A	-92	1	2	0.561300639658	norm	10
G	-92	1	1	0.0833333333333	raw	10
G	-92	1	1	0.446564885495	norm	10
A	-91	1	5	0.416666666667	raw	10
A	-91	1	5	1.40325159914	norm	10
G	-91	1	3	0.25	raw	10
G	-91	1	3	1.33969465649	norm	10
C	-91	1	2	0.166666666667	raw	10
C	-91	1	2	0.820093457942	norm	10
T	-91	1	2	0.166666666667	raw	10
T	-91	1	2	0.532086912583	norm	10
T	-90	1	8	0.666666666667	raw	10
T	-90	1	8	2.12834765033	norm	10
C	-90	1	2	0.166666666667	raw	10
C	-90	1	2	0.820093457942	norm	10
G	-90	1	2	0.166666666667	raw	10
G	-90	1	2	0.893129770991	norm	10
T	-89	1	4	0.333333333333	raw	10
T	-89	1	4	1.06417382517	norm	10
G	-89	1	4	0.333333333333	raw	10
G	-89	1	4	1.78625954198	norm	10
A	-89	1	2	0.166666666667	raw	10
A	-89	1	2	0.561300639658	norm	10
C	-89	1	2	0.166666666667	raw	10
C	-89	1	2	0.820093457942	norm	10
T	-88	1	6	0.5	raw	10
T	-88	1	6	1.59626073775	norm	10
G	-88	1	4	0.333333333333	raw	10
G	-88	1	4	1.78625954198	norm	10
C	-88	1	2	0.166666666667	raw	10
C	-88	1	2	0.820093457942	norm	10
G	-87	1	5	0.416666666667	raw	10
G	-87	1	5	2.23282442748	norm	10
T	-87	1	4	0.333333333333	raw	10
T	-87	1	4	1.06417382517	norm	10
C	-87	1	3	0.25	raw	10
C	-87	1	3	1.23014018691	norm	10
T	-86	1	7	0.583333333333	raw	10
T	-86	1	7	1.86230419404	norm	10
G	-86	1	3	0.25	raw	10
G	-86	1	3	1.33969465649	norm	10
A	-86	1	1	0.0833333333333	raw	10
A	-86	1	1	0.280650319829	norm	10
C	-86	1	1	0.0833333333333	raw	10
C	-86	1	1	0.410046728971	norm	10
T	-85	1	8	0.666666666667	raw	10
T	-85	1	8	2.12834765033	norm	10
A	-85	1	3	0.25	raw	10
A	-85	1	3	0.841950959487	norm	10
C	-85	1	1	0.0833333333333	raw	10
C	-85	1	1	0.410046728971	norm	10
T	-84	1	6	0.5	raw	10
T	-84	1	6	1.59626073775	norm	10
C	-84	1	4	0.333333333333	raw	10
C	-84	1	4	1.64018691588	norm	10
A	-84	1	1	0.0833333333333	raw	10
A	-84	1	1	0.280650319829	norm	10
G	-84	1	1	0.0833333333333	raw	10
G	-84	1	1	0.446564885495	norm	10
T	-83	1	6	0.5	raw	10
T	-83	1	6	1.59626073775	norm	10
C	-83	1	3	0.25	raw	10
C	-83	1	3	1.23014018691	norm	10
A	-83	1	2	0.166666666667	raw	10
A	-83	1	2	0.561300639658	norm	10
G	-83	1	1	0.0833333333333	raw	10
G	-83	1	1	0.446564885495	norm	10
A	-82	1	4	0.333333333333	raw	10
A	-82	1	4	1.12260127932	norm	10
C	-82	1	3	0.25	raw	10
C	-82	1	3	1.23014018691	norm	10
T	-82	1	3	0.25	raw	10
T	-82	1	3	0.798130368874	norm	10
G	-82	1	2	0.166666666667	raw	10
G	-82	1	2	0.893129770991	norm	10
A	-81	1	6	0.5	raw	10
A	-81	1	6	1.68390191897	norm	10
G	-81	1	5	0.416666666667	raw	10
G	-81	1	5	2.23282442748	norm	10
C	-81	1	1	0.0833333333333	raw	10
C	-81	1	1	0.410046728971	norm	10
C	-80	1	6	0.5	raw	10
C	-80	1	6	2.46028037383	norm	10
T	-80	1	5	0.416666666667	raw	10
T	-80	1	5	1.33021728146	norm	10
G	-80	1	1	0.0833333333333	raw	10
G	-80	1	1	0.446564885495	norm	10
C	-79	1	4	0.363636363636	raw	10
C	-79	1	4	1.78929481733	norm	10
T	-79	1	3	0.272727272727	raw	10
T	-79	1	3	0.870687675135	norm	10
A	-79	1	2	0.181818181818	raw	10
A	-79	1	2	0.612327970536	norm	10
G	-79	1	2	0.181818181818	raw	10
G	-79	1	2	0.974323386535	norm	10
A	-78	1	4	0.333333333333	raw	10
A	-78	1	4	1.12260127932	norm	10
T	-78	1	4	0.333333333333	raw	10
T	-78	1	4	1.06417382517	norm	10
G	-78	1	3	0.25	raw	10
G	-78	1	3	1.33969465649	norm	10
C	-78	1	1	0.0833333333333	raw	10
C	-78	1	1	0.410046728971	norm	10
T	-77	1	4	0.333333333333	raw	10
T	-77	1	4	1.06417382517	norm	10
A	-77	1	3	0.25	raw	10
A	-77	1	3	0.841950959487	norm	10
C	-77	1	3	0.25	raw	10
C	-77	1	3	1.23014018691	norm	10
G	-77	1	2	0.166666666667	raw	10
G	-77	1	2	0.893129770991	norm	10
G	-76	1	6	0.5	raw	10
G	-76	1	6	2.67938931297	norm	10
T	-76	1	3	0.25	raw	10
T	-76	1	3	0.798130368874	norm	10
A	-76	1	2	0.166666666667	raw	10
A	-76	1	2	0.561300639658	norm	10
C	-76	1	1	0.0833333333333	raw	10
C	-76	1	1	0.410046728971	norm	10
A	-75	1	6	0.5	raw	10
A	-75	1	6	1.68390191897	norm	10
G	-75	1	4	0.333333333333	raw	10
G	-75	1	4	1.78625954198	norm	10
C	-75	1	1	0.0833333333333	raw	10
C	-75	1	1	0.410046728971	norm	10
T	-75	1	1	0.0833333333333	raw	10
T	-75	1	1	0.266043456291	norm	10
T	-74	1	6	0.5	raw	10
T	-74	1	6	1.59626073775	norm	10
C	-74	1	4	0.333333333333	raw	10
C	-74	1	4	1.64018691588	norm	10
A	-74	1	1	0.0833333333333	raw	10
A	-74	1	1	0.280650319829	norm	10
G	-74	1	1	0.0833333333333	raw	10
G	-74	1	1	0.446564885495	norm	10
A	-73	1	4	0.333333333333	raw	10
A	-73	1	4	1.12260127932	norm	10
T	-73	1	4	0.333333333333	raw	10
T	-73	1	4	1.06417382517	norm	10
G	-73	1	4	0.333333333333	raw	10
G	-73	1	4	1.78625954198	norm	10
C	-72	1	7	0.583333333333	raw	10
C	-72	1	7	2.8703271028	norm	10
A	-72	1	4	0.333333333333	raw	10
A	-72	1	4	1.12260127932	norm	10
T	-72	1	1	0.0833333333333	raw	10
T	-72	1	1	0.266043456291	norm	10
C	-71	1	5	0.416666666667	raw	10
C	-71	1	5	2.05023364486	norm	10
T	-71	1	3	0.25	raw	10
T	-71	1	3	0.798130368874	norm	10
G	-71	1	3	0.25	raw	10
G	-71	1	3	1.33969465649	norm	10
A	-71	1	1	0.0833333333333	raw	10
A	-71	1	1	0.280650319829	norm	10
T	-70	1	7	0.583333333333	raw	10
T	-70	1	7	1.86230419404	norm	10
C	-70	1	4	0.333333333333	raw	10
C	-70	1	4	1.64018691588	norm	10
A	-70	1	1	0.0833333333333	raw	10
A	-70	1	1	0.280650319829	norm	10
A	-69	1	5	0.416666666667	raw	10
A	-69	1	5	1.40325159914	norm	10
T	-69	1	3	0.25	raw	10
T	-69	1	3	0.798130368874	norm	10
C	-69	1	2	0.166666666667	raw	10
C	-69	1	2	0.820093457942	norm	10
G	-69	1	2	0.166666666667	raw	10
G	-69	1	2	0.893129770991	norm	10
A	-68	1	4	0.333333333333	raw	10
A	-68	1	4	1.12260127932	norm	10
C	-68	1	4	0.333333333333	raw	10
C	-68	1	4	1.64018691588	norm	10
T	-68	1	2	0.166666666667	raw	10
T	-68	1	2	0.532086912583	norm	10
G	-68	1	2	0.166666666667	raw	10
G	-68	1	2	0.893129770991	norm	10
G	-67	1	4	0.333333333333	raw	10
G	-67	1	4	1.78625954198	norm	10
C	-67	1	3	0.25	raw	10
C	-67	1	3	1.23014018691	norm	10
T	-67	1	3	0.25	raw	10
T	-67	1	3	0.798130368874	norm	10
A	-67	1	2	0.166666666667	raw	10
A	-67	1	2	0.561300639658	norm	10
A	-66	1	4	0.363636363636	raw	10
A	-66	1	4	1.22465594107	norm	10
G	-66	1	4	0.363636363636	raw	10
G	-66	1	4	1.94864677307	norm	10
T	-66	1	3	0.272727272727	raw	10
T	-66	1	3	0.870687675135	norm	10
T	-65	1	6	0.5	raw	10
T	-65	1	6	1.59626073775	norm	10
A	-65	1	3	0.25	raw	10
A	-65	1	3	0.841950959487	norm	10
C	-65	1	2	0.166666666667	raw	10
C	-65	1	2	0.820093457942	norm	10
G	-65	1	1	0.0833333333333	raw	10
G	-65	1	1	0.446564885495	norm	10
A	-64	1	6	0.5	raw	10
A	-64	1	6	1.68390191897	norm	10
G	-64	1	5	0.416666666667	raw	10
G	-64	1	5	2.23282442748	norm	10
T	-64	1	1	0.0833333333333	raw	10
T	-64	1	1	0.266043456291	norm	10
T	-63	1	8	0.666666666667	raw	10
T	-63	1	8	2.12834765033	norm	10
A	-63	1	2	0.166666666667	raw	10
A	-63	1	2	0.561300639658	norm	10
C	-63	1	1	0.0833333333333	raw	10
C	-63	1	1	0.410046728971	norm	10
G	-63	1	1	0.0833333333333	raw	10
G	-63	1	1	0.446564885495	norm	10
T	-62	1	6	0.5	raw	10
T	-62	1	6	1.59626073775	norm	10
A	-62	1	4	0.333333333333	raw	10
A	-62	1	4	1.12260127932	norm	10
G	-62	1	2	0.166666666667	raw	10
G	-62	1	2	0.893129770991	norm	10
A	-61	1	5	0.416666666667	raw	10
A	-61	1	5	1.40325159914	norm	10
T	-61	1	4	0.333333333333	raw	10
T	-61	1	4	1.06417382517	norm	10
G	-61	1	2	0.166666666667	raw	10
G	-61	1	2	0.893129770991	norm	10
C	-61	1	1	0.0833333333333	raw	10
C	-61	1	1	0.410046728971	norm	10
A	-60	1	5	0.416666666667	raw	10
A	-60	1	5	1.40325159914	norm	10
T	-60	1	4	0.333333333333	raw	10
T	-60	1	4	1.06417382517	norm	10
G	-60	1	2	0.166666666667	raw	10
G	-60	1	2	0.893129770991	norm	10
C	-60	1	1	0.0833333333333	raw	10
C	-60	1	1	0.410046728971	norm	10
A	-59	1	5	0.416666666667	raw	10
A	-59	1	5	1.40325159914	norm	10
T	-59	1	5	0.416666666667	raw	10
T	-59	1	5	1.33021728146	norm	10
C	-59	1	2	0.166666666667	raw	10
C	-59	1	2	0.820093457942	norm	10
A	-58	1	6	0.5	raw	10
A	-58	1	6	1.68390191897	norm	10
C	-58	1	4	0.333333333333	raw	10
C	-58	1	4	1.64018691588	norm	10
T	-58	1	1	0.0833333333333	raw	10
T	-58	1	1	0.266043456291	norm	10
G	-58	1	1	0.0833333333333	raw	10
G	-58	1	1	0.446564885495	norm	10
C	-57	1	5	0.416666666667	raw	10
C	-57	1	5	2.05023364486	norm	10
A	-57	1	4	0.333333333333	raw	10
A	-57	1	4	1.12260127932	norm	10
G	-57	1	2	0.166666666667	raw	10
G	-57	1	2	0.893129770991	norm	10
T	-57	1	1	0.0833333333333	raw	10
T	-57	1	1	0.266043456291	norm	10
A	-56	1	6	0.5	raw	10
A	-56	1	6	1.68390191897	norm	10
T	-56	1	3	0.25	raw	10
T	-56	1	3	0.798130368874	norm	10
G	-56	1	2	0.166666666667	raw	10
G	-56	1	2	0.893129770991	norm	10
C	-56	1	1	0.0833333333333	raw	10
C	-56	1	1	0.410046728971	norm	10
T	-55	1	6	0.5	raw	10
T	-55	1	6	1.59626073775	norm	10
G	-55	1	4	0.333333333333	raw	10
G	-55	1	4	1.78625954198	norm	10
A	-55	1	2	0.166666666667	raw	10
A	-55	1	2	0.561300639658	norm	10
C	-54	1	6	0.5	raw	10
C	-54	1	6	2.46028037383	norm	10
A	-54	1	4	0.333333333333	raw	10
A	-54	1	4	1.12260127932	norm	10
T	-54	1	1	0.0833333333333	raw	10
T	-54	1	1	0.266043456291	norm	10
G	-54	1	1	0.0833333333333	raw	10
G	-54	1	1	0.446564885495	norm	10
T	-53	1	6	0.5	raw	10
T	-53	1	6	1.59626073775	norm	10
A	-53	1	3	0.25	raw	10
A	-53	1	3	0.841950959487	norm	10
C	-53	1	2	0.166666666667	raw	10
C	-53	1	2	0.820093457942	norm	10
G	-53	1	1	0.0833333333333	raw	10
G	-53	1	1	0.446564885495	norm	10
A	-52	1	4	0.333333333333	raw	10
A	-52	1	4	1.12260127932	norm	10
C	-52	1	4	0.333333333333	raw	10
C	-52	1	4	1.64018691588	norm	10
T	-52	1	3	0.25	raw	10
T	-52	1	3	0.798130368874	norm	10
G	-52	1	1	0.0833333333333	raw	10
G	-52	1	1	0.446564885495	norm	10
A	-51	1	5	0.416666666667	raw	10
A	-51	1	5	1.40325159914	norm	10
T	-51	1	4	0.333333333333	raw	10
T	-51	1	4	1.06417382517	norm	10
G	-51	1	2	0.166666666667	raw	10
G	-51	1	2	0.893129770991	norm	10
C	-51	1	1	0.0833333333333	raw	10
C	-51	1	1	0.410046728971	norm	10
T	-50	1	7	0.583333333333	raw	10
T	-50	1	7	1.86230419404	norm	10
A	-50	1	2	0.166666666667	raw	10
A	-50	1	2	0.561300639658	norm	10
C	-50	1	2	0.166666666667	raw	10
C	-50	1	2	0.820093457942	norm	10
G	-50	1	1	0.0833333333333	raw	10
G	-50	1	1	0.446564885495	norm	10
T	-49	1	7	0.583333333333	raw	10
T	-49	1	7	1.86230419404	norm	10
A	-49	1	3	0.25	raw	10
A	-49	1	3	0.841950959487	norm	10
C	-49	1	1	0.0833333333333	raw	10
C	-49	1	1	0.410046728971	norm	10
G	-49	1	1	0.0833333333333	raw	10
G	-49	1	1	0.446564885495	norm	10
C	-48	1	6	0.5	raw	10
C	-48	1	6	2.46028037383	norm	10
A	-48	1	4	0.333333333333	raw	10
A	-48	1	4	1.12260127932	norm	10
T	-48	1	2	0.166666666667	raw	10
T	-48	1	2	0.532086912583	norm	10
A	-47	1	6	0.5	raw	10
A	-47	1	6	1.68390191897	norm	10
T	-47	1	3	0.25	raw	10
T	-47	1	3	0.798130368874	norm	10
G	-47	1	3	0.25	raw	10
G	-47	1	3	1.33969465649	norm	10
T	-46	1	7	0.583333333333	raw	10
T	-46	1	7	1.86230419404	norm	10
G	-46	1	3	0.25	raw	10
G	-46	1	3	1.33969465649	norm	10
A	-46	1	1	0.0833333333333	raw	10
A	-46	1	1	0.280650319829	norm	10
C	-46	1	1	0.0833333333333	raw	10
C	-46	1	1	0.410046728971	norm	10
T	-45	1	5	0.416666666667	raw	10
T	-45	1	5	1.33021728146	norm	10
A	-45	1	4	0.333333333333	raw	10
A	-45	1	4	1.12260127932	norm	10
C	-45	1	2	0.166666666667	raw	10
C	-45	1	2	0.820093457942	norm	10
G	-45	1	1	0.0833333333333	raw	10
G	-45	1	1	0.446564885495	norm	10
T	-44	1	6	0.5	raw	10
T	-44	1	6	1.59626073775	norm	10
A	-44	1	3	0.25	raw	10
A	-44	1	3	0.841950959487	norm	10
G	-44	1	3	0.25	raw	10
G	-44	1	3	1.33969465649	norm	10
T	-43	1	6	0.5	raw	10
T	-43	1	6	1.59626073775	norm	10
C	-43	1	3	0.25	raw	10
C	-43	1	3	1.23014018691	norm	10
G	-43	1	2	0.166666666667	raw	10
G	-43	1	2	0.893129770991	norm	10
A	-43	1	1	0.0833333333333	raw	10
A	-43	1	1	0.280650319829	norm	10
T	-42	1	6	0.5	raw	10
T	-42	1	6	1.59626073775	norm	10
G	-42	1	3	0.25	raw	10
G	-42	1	3	1.33969465649	norm	10
A	-42	1	2	0.166666666667	raw	10
A	-42	1	2	0.561300639658	norm	10
C	-42	1	1	0.0833333333333	raw	10
C	-42	1	1	0.410046728971	norm	10
T	-41	1	8	0.666666666667	raw	10
T	-41	1	8	2.12834765033	norm	10
A	-41	1	3	0.25	raw	10
A	-41	1	3	0.841950959487	norm	10
C	-41	1	1	0.0833333333333	raw	10
C	-41	1	1	0.410046728971	norm	10
G	-40	1	6	0.5	raw	10
G	-40	1	6	2.67938931297	norm	10
C	-40	1	5	0.416666666667	raw	10
C	-40	1	5	2.05023364486	norm	10
A	-40	1	1	0.0833333333333	raw	10
A	-40	1	1	0.280650319829	norm	10
C	-39	1	4	0.333333333333	raw	10
C	-39	1	4	1.64018691588	norm	10
G	-39	1	4	0.333333333333	raw	10
G	-39	1	4	1.78625954198	norm	10
A	-39	1	2	0.166666666667	raw	10
A	-39	1	2	0.561300639658	norm	10
T	-39	1	2	0.166666666667	raw	10
T	-39	1	2	0.532086912583	norm	10
T	-38	1	6	0.5	raw	10
T	-38	1	6	1.59626073775	norm	10
A	-38	1	4	0.333333333333	raw	10
A	-38	1	4	1.12260127932	norm	10
C	-38	1	2	0.166666666667	raw	10
C	-38	1	2	0.820093457942	norm	10
G	-37	1	4	0.333333333333	raw	10
G	-37	1	4	1.78625954198	norm	10
A	-37	1	3	0.25	raw	10
A	-37	1	3	0.841950959487	norm	10
T	-37	1	3	0.25	raw	10
T	-37	1	3	0.798130368874	norm	10
C	-37	1	2	0.166666666667	raw	10
C	-37	1	2	0.820093457942	norm	10
G	-36	1	5	0.416666666667	raw	10
G	-36	1	5	2.23282442748	norm	10
A	-36	1	3	0.25	raw	10
A	-36	1	3	0.841950959487	norm	10
T	-36	1	3	0.25	raw	10
T	-36	1	3	0.798130368874	norm	10
C	-36	1	1	0.0833333333333	raw	10
C	-36	1	1	0.410046728971	norm	10
A	-35	1	6	0.5	raw	10
A	-35	1	6	1.68390191897	norm	10
G	-35	1	3	0.25	raw	10
G	-35	1	3	1.33969465649	norm	10
C	-35	1	2	0.166666666667	raw	10
C	-35	1	2	0.820093457942	norm	10
T	-35	1	1	0.0833333333333	raw	10
T	-35	1	1	0.266043456291	norm	10
T	-34	1	6	0.5	raw	10
T	-34	1	6	1.59626073775	norm	10
A	-34	1	3	0.25	raw	10
A	-34	1	3	0.841950959487	norm	10
G	-34	1	3	0.25	raw	10
G	-34	1	3	1.33969465649	norm	10
T	-33	1	6	0.5	raw	10
T	-33	1	6	1.59626073775	norm	10
A	-33	1	4	0.333333333333	raw	10
A	-33	1	4	1.12260127932	norm	10
G	-33	1	2	0.166666666667	raw	10
G	-33	1	2	0.893129770991	norm	10
C	-32	1	6	0.5	raw	10
C	-32	1	6	2.46028037383	norm	10
A	-32	1	2	0.166666666667	raw	10
A	-32	1	2	0.561300639658	norm	10
T	-32	1	2	0.166666666667	raw	10
T	-32	1	2	0.532086912583	norm	10
G	-32	1	2	0.166666666667	raw	10
G	-32	1	2	0.893129770991	norm	10
G	-31	1	4	0.333333333333	raw	10
G	-31	1	4	1.78625954198	norm	10
A	-31	1	3	0.25	raw	10
A	-31	1	3	0.841950959487	norm	10
C	-31	1	3	0.25	raw	10
C	-31	1	3	1.23014018691	norm	10
T	-31	1	2	0.166666666667	raw	10
T	-31	1	2	0.532086912583	norm	10
A	-30	1	9	0.75	raw	10
A	-30	1	9	2.52585287846	norm	10
T	-30	1	3	0.25	raw	10
T	-30	1	3	0.798130368874	norm	10
C	-29	1	4	0.333333333333	raw	10
C	-29	1	4	1.64018691588	norm	10
T	-29	1	4	0.333333333333	raw	10
T	-29	1	4	1.06417382517	norm	10
A	-29	1	3	0.25	raw	10
A	-29	1	3	0.841950959487	norm	10
G	-29	1	1	0.0833333333333	raw	10
G	-29	1	1	0.446564885495	norm	10
G	-28	1	5	0.416666666667	raw	10
G	-28	1	5	2.23282442748	norm	10
T	-28	1	4	0.333333333333	raw	10
T	-28	1	4	1.06417382517	norm	10
A	-28	1	3	0.25	raw	10
A	-28	1	3	0.841950959487	norm	10
A	-27	1	5	0.416666666667	raw	10
A	-27	1	5	1.40325159914	norm	10
T	-27	1	3	0.25	raw	10
T	-27	1	3	0.798130368874	norm	10
C	-27	1	2	0.166666666667	raw	10
C	-27	1	2	0.820093457942	norm	10
G	-27	1	2	0.166666666667	raw	10
G	-27	1	2	0.893129770991	norm	10
A	-26	1	7	0.583333333333	raw	10
A	-26	1	7	1.9645522388	norm	10
T	-26	1	4	0.333333333333	raw	10
T	-26	1	4	1.06417382517	norm	10
C	-26	1	1	0.0833333333333	raw	10
C	-26	1	1	0.410046728971	norm	10
A	-25	1	5	0.416666666667	raw	10
A	-25	1	5	1.40325159914	norm	10
C	-25	1	4	0.333333333333	raw	10
C	-25	1	4	1.64018691588	norm	10
G	-25	1	2	0.166666666667	raw	10
G	-25	1	2	0.893129770991	norm	10
T	-25	1	1	0.0833333333333	raw	10
T	-25	1	1	0.266043456291	norm	10
A	-24	1	5	0.416666666667	raw	10
A	-24	1	5	1.40325159914	norm	10
T	-24	1	5	0.416666666667	raw	10
T	-24	1	5	1.33021728146	norm	10
C	-24	1	2	0.166666666667	raw	10
C	-24	1	2	0.820093457942	norm	10
A	-23	1	5	0.416666666667	raw	10
A	-23	1	5	1.40325159914	norm	10
T	-23	1	3	0.25	raw	10
T	-23	1	3	0.798130368874	norm	10
C	-23	1	2	0.166666666667	raw	10
C	-23	1	2	0.820093457942	norm	10
G	-23	1	2	0.166666666667	raw	10
G	-23	1	2	0.893129770991	norm	10
T	-22	1	6	0.5	raw	10
T	-22	1	6	1.59626073775	norm	10
G	-22	1	5	0.416666666667	raw	10
G	-22	1	5	2.23282442748	norm	10
C	-22	1	1	0.0833333333333	raw	10
C	-22	1	1	0.410046728971	norm	10
C	-21	1	5	0.416666666667	raw	10
C	-21	1	5	2.05023364486	norm	10
T	-21	1	4	0.333333333333	raw	10
T	-21	1	4	1.06417382517	norm	10
A	-21	1	3	0.25	raw	10
A	-21	1	3	0.841950959487	norm	10
A	-20	1	6	0.5	raw	10
A	-20	1	6	1.68390191897	norm	10
T	-20	1	4	0.333333333333	raw	10
T	-20	1	4	1.06417382517	norm	10
C	-20	1	1	0.0833333333333	raw	10
C	-20	1	1	0.410046728971	norm	10
G	-20	1	1	0.0833333333333	raw	10
G	-20	1	1	0.446564885495	norm	10
A	-19	1	5	0.416666666667	raw	10
A	-19	1	5	1.40325159914	norm	10
G	-19	1	5	0.416666666667	raw	10
G	-19	1	5	2.23282442748	norm	10
C	-19	1	1	0.0833333333333	raw	10
C	-19	1	1	0.410046728971	norm	10
T	-19	1	1	0.0833333333333	raw	10
T	-19	1	1	0.266043456291	norm	10
T	-18	1	8	0.666666666667	raw	10
T	-18	1	8	2.12834765033	norm	10
A	-18	1	3	0.25	raw	10
A	-18	1	3	0.841950959487	norm	10
C	-18	1	1	0.0833333333333	raw	10
C	-18	1	1	0.410046728971	norm	10
A	-17	1	4	0.333333333333	raw	10
A	-17	1	4	1.12260127932	norm	10
C	-17	1	4	0.333333333333	raw	10
C	-17	1	4	1.64018691588	norm	10
T	-17	1	2	0.166666666667	raw	10
T	-17	1	2	0.532086912583	norm	10
G	-17	1	2	0.166666666667	raw	10
G	-17	1	2	0.893129770991	norm	10
A	-16	1	7	0.583333333333	raw	10
A	-16	1	7	1.9645522388	norm	10
T	-16	1	3	0.25	raw	10
T	-16	1	3	0.798130368874	norm	10
C	-16	1	1	0.0833333333333	raw	10
C	-16	1	1	0.410046728971	norm	10
G	-16	1	1	0.0833333333333	raw	10
G	-16	1	1	0.446564885495	norm	10
A	-15	1	6	0.5	raw	10
A	-15	1	6	1.68390191897	norm	10
T	-15	1	4	0.333333333333	raw	10
T	-15	1	4	1.06417382517	norm	10
G	-15	1	2	0.166666666667	raw	10
G	-15	1	2	0.893129770991	norm	10
A	-14	1	6	0.5	raw	10
A	-14	1	6	1.68390191897	norm	10
G	-14	1	3	0.25	raw	10
G	-14	1	3	1.33969465649	norm	10
T	-14	1	2	0.166666666667	raw	10
T	-14	1	2	0.532086912583	norm	10
C	-14	1	1	0.0833333333333	raw	10
C	-14	1	1	0.410046728971	norm	10
T	-13	1	5	0.416666666667	raw	10
T	-13	1	5	1.33021728146	norm	10
C	-13	1	3	0.25	raw	10
C	-13	1	3	1.23014018691	norm	10
A	-13	1	2	0.166666666667	raw	10
A	-13	1	2	0.561300639658	norm	10
G	-13	1	2	0.166666666667	raw	10
G	-13	1	2	0.893129770991	norm	10
A	-12	1	6	0.5	raw	10
A	-12	1	6	1.68390191897	norm	10
T	-12	1	3	0.25	raw	10
T	-12	1	3	0.798130368874	norm	10
G	-12	1	2	0.166666666667	raw	10
G	-12	1	2	0.893129770991	norm	10
C	-12	1	1	0.0833333333333	raw	10
C	-12	1	1	0.410046728971	norm	10
C	-11	1	4	0.333333333333	raw	10
C	-11	1	4	1.64018691588	norm	10
T	-11	1	4	0.333333333333	raw	10
T	-11	1	4	1.06417382517	norm	10
A	-11	1	2	0.166666666667	raw	10
A	-11	1	2	0.561300639658	norm	10
G	-11	1	2	0.166666666667	raw	10
G	-11	1	2	0.893129770991	norm	10
C	-10	1	4	0.333333333333	raw	10
C	-10	1	4	1.64018691588	norm	10
G	-10	1	4	0.333333333333	raw	10
G	-10	1	4	1.78625954198	norm	10
A	-10	1	2	0.166666666667	raw	10
A	-10	1	2	0.561300639658	norm	10
T	-10	1	2	0.166666666667	raw	10
T	-10	1	2	0.532086912583	norm	10
T	-9	1	7	0.583333333333	raw	10
T	-9	1	7	1.86230419404	norm	10
A	-9	1	2	0.166666666667	raw	10
A	-9	1	2	0.561300639658	norm	10
C	-9	1	2	0.166666666667	raw	10
C	-9	1	2	0.820093457942	norm	10
G	-9	1	1	0.0833333333333	raw	10
G	-9	1	1	0.446564885495	norm	10
A	-8	1	6	0.5	raw	10
A	-8	1	6	1.68390191897	norm	10
T	-8	1	5	0.416666666667	raw	10
T	-8	1	5	1.33021728146	norm	10
C	-8	1	1	0.0833333333333	raw	10
C	-8	1	1	0.410046728971	norm	10
T	-7	1	8	0.666666666667	raw	10
T	-7	1	8	2.12834765033	norm	10
A	-7	1	2	0.166666666667	raw	10
A	-7	1	2	0.561300639658	norm	10
C	-7	1	1	0.0833333333333	raw	10
C	-7	1	1	0.410046728971	norm	10
G	-7	1	1	0.0833333333333	raw	10
G	-7	1	1	0.446564885495	norm	10
T	-6	1	4	0.333333333333	raw	10
T	-6	1	4	1.06417382517	norm	10
A	-6	1	3	0.25	raw	10
A	-6	1	3	0.841950959487	norm	10
C	-6	1	3	0.25	raw	10
C	-6	1	3	1.23014018691	norm	10
G	-6	1	2	0.166666666667	raw	10
G	-6	1	2	0.893129770991	norm	10
C	-5	1	6	0.5	raw	10
C	-5	1	6	2.46028037383	norm	10
A	-5	1	4	0.333333333333	raw	10
A	-5	1	4	1.12260127932	norm	10
T	-5	1	1	0.0833333333333	raw	10
T	-5	1	1	0.266043456291	norm	10
G	-5	1	1	0.0833333333333	raw	10
G	-5	1	1	0.446564885495	norm	10
A	-4	1	7	0.583333333333	raw	10
A	-4	1	7	1.9645522388	norm	10
C	-4	1	2	0.166666666667	raw	10
C	-4	1	2	0.820093457942	norm	10
T	-4	1	2	0.166666666667	raw	10
T	-4	1	2	0.532086912583	norm	10
G	-4	1	1	0.0833333333333	raw	10
G	-4	1	1	0.446564885495	norm	10
A	-3	1	5	0.416666666667	raw	10
A	-3	1	5	1.40325159914	norm	10
T	-3	1	4	0.333333333333	raw	10
T	-3	1	4	1.06417382517	norm	10
G	-3	1	2	0.166666666667	raw	10
G	-3	1	2	0.893129770991	norm	10
C	-3	1	1	0.0833333333333	raw	10
C	-3	1	1	0.410046728971	norm	10
A	-2	1	5	0.416666666667	raw	10
A	-2	1	5	1.40325159914	norm	10
T	-2	1	4	0.333333333333	raw	10
T	-2	1	4	1.06417382517	norm	10
G	-2	1	2	0.166666666667	raw	10
G	-2	1	2	0.893129770991	norm	10
C	-2	1	1	0.0833333333333	raw	10
C	-2	1	1	0.410046728971	norm	10
T	-1	1	5	0.416666666667	raw	10
T	-1	1	5	1.33021728146	norm	10
C	-1	1	4	0.333333333333	raw	10
C	-1	1	4	1.64018691588	norm	10
A	-1	1	2	0.166666666667	raw	10
A	-1	1	2	0.561300639658	norm	10
G	-1	1	1	0.0833333333333	raw	10
G	-1	1	1	0.446564885495	norm	10
T	0	1	6	0.5	raw	10
T	0	1	6	1.59626073775	norm	10
G	0	1	3	0.25	raw	10
G	0	1	3	1.33969465649	norm	10
C	0	1	2	0.166666666667	raw	10
C	0	1	2	0.820093457942	norm	10
A	0	1	1	0.0833333333333	raw	10
A	0	1	1	0.280650319829	norm	10
T	1	1	5	0.416666666667	raw	10
T	1	1	5	1.33021728146	norm	10
G	1	1	4	0.333333333333	raw	10
G	1	1	4	1.78625954198	norm	10
A	1	1	3	0.25	raw	10
A	1	1	3	0.841950959487	norm	10
T	2	1	5	0.416666666667	raw	10
T	2	1	5	1.33021728146	norm	10
C	2	1	3	0.25	raw	10
C	2	1	3	1.23014018691	norm	10
A	2	1	2	0.166666666667	raw	10
A	2	1	2	0.561300639658	norm	10
G	2	1	2	0.166666666667	raw	10
G	2	1	2	0.893129770991	norm	10
C	3	1	5	0.416666666667	raw	10
C	3	1	5	2.05023364486	norm	10
A	3	1	4	0.333333333333	raw	10
A	3	1	4	1.12260127932	norm	10
G	3	1	2	0.166666666667	raw	10
G	3	1	2	0.893129770991	norm	10
T	3	1	1	0.0833333333333	raw	10
T	3	1	1	0.266043456291	norm	10
T	4	1	4	0.333333333333	raw	10
T	4	1	4	1.06417382517	norm	10
G	4	1	4	0.333333333333	raw	10
G	4	1	4	1.78625954198	norm	10
A	4	1	2	0.166666666667	raw	10
A	4	1	2	0.561300639658	norm	10
C	4	1	2	0.166666666667	raw	10
C	4	1	2	0.820093457942	norm	10
G	5	1	4	0.333333333333	raw	10
G	5	1	4	1.78625954198	norm	10
C	5	1	3	0.25	raw	10
C	5	1	3	1.23014018691	norm	10
T	5	1	3	0.25	raw	10
T	5	1	3	0.798130368874	norm	10
A	5	1	2	0.166666666667	raw	10
A	5	1	2	0.561300639658	norm	10
G	6	1	6	0.5	raw	10
G	6	1	6	2.67938931297	norm	10
A	6	1	3	0.25	raw	10
A	6	1	3	0.841950959487	norm	10
T	6	1	3	0.25	raw	10
T	6	1	3	0.798130368874	norm	10
A	7	1	6	0.5	raw	10
A	7	1	6	1.68390191897	norm	10
T	7	1	4	0.333333333333	raw	10
T	7	1	4	1.06417382517	norm	10
C	7	1	1	0.0833333333333	raw	10
C	7	1	1	0.410046728971	norm	10
G	7	1	1	0.0833333333333	raw	10
G	7	1	1	0.446564885495	norm	10
A	8	1	7	0.583333333333	raw	10
A	8	1	7	1.9645522388	norm	10
T	8	1	3	0.25	raw	10
T	8	1	3	0.798130368874	norm	10
C	8	1	1	0.0833333333333	raw	10
C	8	1	1	0.410046728971	norm	10
G	8	1	1	0.0833333333333	raw	10
G	8	1	1	0.446564885495	norm	10
A	9	1	6	0.5	raw	10
A	9	1	6	1.68390191897	norm	10
G	9	1	4	0.333333333333	raw	10
G	9	1	4	1.78625954198	norm	10
T	9	1	2	0.166666666667	raw	10
T	9	1	2	0.532086912583	norm	10
T	10	1	5	0.416666666667	raw	10
T	10	1	5	1.33021728146	norm	10
A	10	1	4	0.333333333333	raw	10
A	10	1	4	1.12260127932	norm	10
C	10	1	3	0.25	raw	10
C	10	1	3	1.23014018691	norm	10
G	11	1	5	0.416666666667	raw	10
G	11	1	5	2.23282442748	norm	10
A	11	1	3	0.25	raw	10
A	11	1	3	0.841950959487	norm	10
C	11	1	3	0.25	raw	10
C	11	1	3	1.23014018691	norm	10
T	11	1	1	0.0833333333333	raw	10
T	11	1	1	0.266043456291	norm	10
C	12	1	4	0.333333333333	raw	10
C	12	1	4	1.64018691588	norm	10
T	12	1	4	0.333333333333	raw	10
T	12	1	4	1.06417382517	norm	10
G	12	1	3	0.25	raw	10
G	12	1	3	1.33969465649	norm	10
A	12	1	1	0.0833333333333	raw	10
A	12	1	1	0.280650319829	norm	10
T	13	1	4	0.333333333333	raw	10
T	13	1	4	1.06417382517	norm	10
A	13	1	3	0.25	raw	10
A	13	1	3	0.841950959487	norm	10
C	13	1	3	0.25	raw	10
C	13	1	3	1.23014018691	norm	10
G	13	1	2	0.166666666667	raw	10
G	13	1	2	0.893129770991	norm	10
A	14	1	4	0.333333333333	raw	10
A	14	1	4	1.12260127932	norm	10
C	14	1	4	0.333333333333	raw	10
C	14	1	4	1.64018691588	norm	10
G	14	1	3	0.25	raw	10
G	14	1	3	1.33969465649	norm	10
T	14	1	1	0.0833333333333	raw	10
T	14	1	1	0.266043456291	norm	10
T	15	1	6	0.5	raw	10
T	15	1	6	1.59626073775	norm	10
A	15	1	3	0.25	raw	10
A	15	1	3	0.841950959487	norm	10
G	15	1	2	0.166666666667	raw	10
G	15	1	2	0.893129770991	norm	10
C	15	1	1	0.0833333333333	raw	10
C	15	1	1	0.410046728971	norm	10
C	16	1	4	0.333333333333	raw	10
C	16	1	4	1.64018691588	norm	10
A	16	1	3	0.25	raw	10
A	16	1	3	0.841950959487	norm	10
T	16	1	3	0.25	raw	10
T	16	1	3	0.798130368874	norm	10
G	16	1	2	0.166666666667	raw	10
G	16	1	2	0.893129770991	norm	10
T	17	1	7	0.583333333333	raw	10
T	17	1	7	1.86230419404	norm	10
A	17	1	5	0.416666666667	raw	10
A	17	1	5	1.40325159914	norm	10
A	18	1	6	0.5	raw	10
A	18	1	6	1.68390191897	norm	10
T	18	1	5	0.416666666667	raw	10
T	18	1	5	1.33021728146	norm	10
C	18	1	1	0.0833333333333	raw	10
C	18	1	1	0.410046728971	norm	10
A	19	1	5	0.416666666667	raw	10
A	19	1	5	1.40325159914	norm	10
T	19	1	4	0.333333333333	raw	10
T	19	1	4	1.06417382517	norm	10
G	19	1	2	0.166666666667	raw	10
G	19	1	2	0.893129770991	norm	10
C	19	1	1	0.0833333333333	raw	10
C	19	1	1	0.410046728971	norm	10
A	20	1	5	0.416666666667	raw	10
A	20	1	5	1.40325159914	norm	10
T	20	1	4	0.333333333333	raw	10
T	20	1	4	1.06417382517	norm	10
C	20	1	2	0.166666666667	raw	10
C	20	1	2	0.820093457942	norm	10
G	20	1	1	0.0833333333333	raw	10
G	20	1	1	0.446564885495	norm	10
A	21	1	6	0.5	raw	10
A	21	1	6	1.68390191897	norm	10
C	21	1	3	0.25	raw	10
C	21	1	3	1.23014018691	norm	10
T	21	1	3	0.25	raw	10
T	21	1	3	0.798130368874	norm	10
T	22	1	5	0.416666666667	raw	10
T	22	1	5	1.33021728146	norm	10
C	22	1	4	0.333333333333	raw	10
C	22	1	4	1.64018691588	norm	10
G	22	1	2	0.166666666667	raw	10
G	22	1	2	0.893129770991	norm	10
A	22	1	1	0.0833333333333	raw	10
A	22	1	1	0.280650319829	norm	10
A	23	1	5	0.416666666667	raw	10
A	23	1	5	1.40325159914	norm	10
C	23	1	5	0.416666666667	raw	10
C	23	1	5	2.05023364486	norm	10
T	23	1	1	0.0833333333333	raw	10
T	23	1	1	0.266043456291	norm	10
G	23	1	1	0.0833333333333	raw	10
G	23	1	1	0.446564885495	norm	10
G	24	1	6	0.5	raw	10
G	24	1	6	2.67938931297	norm	10
T	24	1	4	0.333333333333	raw	10
T	24	1	4	1.06417382517	norm	10
A	24	1	1	0.0833333333333	raw	10
A	24	1	1	0.280650319829	norm	10
C	24	1	1	0.0833333333333	raw	10
C	24	1	1	0.410046728971	norm	10
T	25	1	6	0.5	raw	10
T	25	1	6	1.59626073775	norm	10
A	25	1	2	0.166666666667	raw	10
A	25	1	2	0.561300639658	norm	10
C	25	1	2	0.166666666667	raw	10
C	25	1	2	0.820093457942	norm	10
G	25	1	2	0.166666666667	raw	10
G	25	1	2	0.893129770991	norm	10
A	26	1	5	0.416666666667	raw	10
A	26	1	5	1.40325159914	norm	10
C	26	1	3	0.25	raw	10
C	26	1	3	1.23014018691	norm	10
T	26	1	3	0.25	raw	10
T	26	1	3	0.798130368874	norm	10
G	26	1	1	0.0833333333333	raw	10
G	26	1	1	0.446564885495	norm	10
A	27	1	8	0.666666666667	raw	10
A	27	1	8	2.24520255863	norm	10
G	27	1	3	0.25	raw	10
G	27	1	3	1.33969465649	norm	10
T	27	1	1	0.0833333333333	raw	10
T	27	1	1	0.266043456291	norm	10
A	28	1	5	0.416666666667	raw	10
A	28	1	5	1.40325159914	norm	10
T	28	1	4	0.333333333333	raw	10
T	28	1	4	1.06417382517	norm	10
G	28	1	2	0.166666666667	raw	10
G	28	1	2	0.893129770991	norm	10
C	28	1	1	0.0833333333333	raw	10
C	28	1	1	0.410046728971	norm	10
A	29	1	6	0.5	raw	10
A	29	1	6	1.68390191897	norm	10
G	29	1	4	0.333333333333	raw	10
G	29	1	4	1.78625954198	norm	10
C	29	1	1	0.0833333333333	raw	10
C	29	1	1	0.410046728971	norm	10
T	29	1	1	0.0833333333333	raw	10
T	29	1	1	0.266043456291	norm	10
C	30	1	5	0.416666666667	raw	10
C	30	1	5	2.05023364486	norm	10
T	30	1	3	0.25	raw	10
T	30	1	3	0.798130368874	norm	10
G	30	1	3	0.25	raw	10
G	30	1	3	1.33969465649	norm	10
A	30	1	1	0.0833333333333	raw	10
A	30	1	1	0.280650319829	norm	10
A	31	1	6	0.5	raw	10
A	31	1	6	1.68390191897	norm	10
T	31	1	4	0.333333333333	raw	10
T	31	1	4	1.06417382517	norm	10
G	31	1	2	0.166666666667	raw	10
G	31	1	2	0.893129770991	norm	10
C	32	1	5	0.416666666667	raw	10
C	32	1	5	2.05023364486	norm	10
A	32	1	3	0.25	raw	10
A	32	1	3	0.841950959487	norm	10
T	32	1	2	0.166666666667	raw	10
T	32	1	2	0.532086912583	norm	10
G	32	1	2	0.166666666667	raw	10
G	32	1	2	0.893129770991	norm	10
G	33	1	7	0.583333333333	raw	10
G	33	1	7	3.12595419847	norm	10
C	33	1	2	0.166666666667	raw	10
C	33	1	2	0.820093457942	norm	10
T	33	1	2	0.166666666667	raw	10
T	33	1	2	0.532086912583	norm	10
A	33	1	1	0.0833333333333	raw	10
A	33	1	1	0.280650319829	norm	10
A	34	1	6	0.5	raw	10
A	34	1	6	1.68390191897	norm	10
T	34	1	4	0.333333333333	raw	10
T	34	1	4	1.06417382517	norm	10
C	34	1	2	0.166666666667	raw	10
C	34	1	2	0.820093457942	norm	10
C	35	1	6	0.5	raw	10
C	35	1	6	2.46028037383	norm	10
T	35	1	4	0.333333333333	raw	10
T	35	1	4	1.06417382517	norm	10
A	35	1	2	0.166666666667	raw	10
A	35	1	2	0.561300639658	norm	10
A	36	1	6	0.5	raw	10
A	36	1	6	1.68390191897	norm	10
G	36	1	4	0.333333333333	raw	10
G	36	1	4	1.78625954198	norm	10
C	36	1	1	0.0833333333333	raw	10
C	36	1	1	0.410046728971	norm	10
T	36	1	1	0.0833333333333	raw	10
T	36	1	1	0.266043456291	norm	10
A	37	1	4	0.333333333333	raw	10
A	37	1	4	1.12260127932	norm	10
T	37	1	4	0.333333333333	raw	10
T	37	1	4	1.06417382517	norm	10
C	37	1	3	0.25	raw	10
C	37	1	3	1.23014018691	norm	10
G	37	1	1	0.0833333333333	raw	10
G	37	1	1	0.446564885495	norm	10
C	38	1	5	0.416666666667	raw	10
C	38	1	5	2.05023364486	norm	10
A	38	1	3	0.25	raw	10
A	38	1	3	0.841950959487	norm	10
T	38	1	3	0.25	raw	10
T	38	1	3	0.798130368874	norm	10
G	38	1	1	0.0833333333333	raw	10
G	38	1	1	0.446564885495	norm	10
T	39	1	8	0.666666666667	raw	10
T	39	1	8	2.12834765033	norm	10
A	39	1	2	0.166666666667	raw	10
A	39	1	2	0.561300639658	norm	10
C	39	1	1	0.0833333333333	raw	10
C	39	1	1	0.410046728971	norm	10
G	39	1	1	0.0833333333333	raw	10
G	39	1	1	0.446564885495	norm	10
T	40	1	6	0.5	raw	10
T	40	1	6	1.59626073775	norm	10
A	40	1	5	0.416666666667	raw	10
A	40	1	5	1.40325159914	norm	10
G	40	1	1	0.0833333333333	raw	10
G	40	1	1	0.446564885495	norm	10
T	41	1	4	0.333333333333	raw	10
T	41	1	4	1.06417382517	norm	10
G	41	1	4	0.333333333333	raw	10
G	41	1	4	1.78625954198	norm	10
A	41	1	3	0.25	raw	10
A	41	1	3	0.841950959487	norm	10
C	41	1	1	0.0833333333333	raw	10
C	41	1	1	0.410046728971	norm	10
A	42	1	8	0.666666666667	raw	10
A	42	1	8	2.24520255863	norm	10
C	42	1	4	0.333333333333	raw	10
C	42	1	4	1.64018691588	norm	10
T	43	1	6	0.5	raw	10
T	43	1	6	1.59626073775	norm	10
A	43	1	2	0.166666666667	raw	10
A	43	1	2	0.561300639658	norm	10
C	43	1	2	0.166666666667	raw	10
C	43	1	2	0.820093457942	norm	10
G	43	1	2	0.166666666667	raw	10
G	43	1	2	0.893129770991	norm	10
T	44	1	5	0.416666666667	raw	10
T	44	1	5	1.33021728146	norm	10
A	44	1	4	0.333333333333	raw	10
A	44	1	4	1.12260127932	norm	10
G	44	1	2	0.166666666667	raw	10
G	44	1	2	0.893129770991	norm	10
C	44	1	1	0.0833333333333	raw	10
C	44	1	1	0.410046728971	norm	10
G	45	1	6	0.5	raw	10
G	45	1	6	2.67938931297	norm	10
T	45	1	4	0.333333333333	raw	10
T	45	1	4	1.06417382517	norm	10
A	45	1	1	0.0833333333333	raw	10
A	45	1	1	0.280650319829	norm	10
C	45	1	1	0.0833333333333	raw	10
C	45	1	1	0.410046728971	norm	10
G	46	1	5	0.416666666667	raw	10
G	46	1	5	2.23282442748	norm	10
C	46	1	3	0.25	raw	10
C	46	1	3	1.23014018691	norm	10
T	46	1	3	0.25	raw	10
T	46	1	3	0.798130368874	norm	10
A	46	1	1	0.0833333333333	raw	10
A	46	1	1	0.280650319829	norm	10
A	47	1	7	0.583333333333	raw	10
A	47	1	7	1.9645522388	norm	10
T	47	1	2	0.166666666667	raw	10
T	47	1	2	0.532086912583	norm	10
G	47	1	2	0.166666666667	raw	10
G	47	1	2	0.893129770991	norm	10
C	47	1	1	0.0833333333333	raw	10
C	47	1	1	0.410046728971	norm	10
T	48	1	5	0.416666666667	raw	10
T	48	1	5	1.33021728146	norm	10
A	48	1	4	0.333333333333	raw	10
A	48	1	4	1.12260127932	norm	10
C	48	1	3	0.25	raw	10
C	48	1	3	1.23014018691	norm	10
A	49	1	4	0.333333333333	raw	10
A	49	1	4	1.12260127932	norm	10
G	49	1	4	0.333333333333	raw	10
G	49	1	4	1.78625954198	norm	10
C	49	1	3	0.25	raw	10
C	49	1	3	1.23014018691	norm	10
T	49	1	1	0.0833333333333	raw	10
T	49	1	1	0.266043456291	norm	10
T	50	1	5	0.416666666667	raw	10
T	50	1	5	1.33021728146	norm	10
A	50	1	4	0.333333333333	raw	10
A	50	1	4	1.12260127932	norm	10
G	50	1	2	0.166666666667	raw	10
G	50	1	2	0.893129770991	norm	10
C	50	1	1	0.0833333333333	raw	10
C	50	1	1	0.410046728971	norm	10
A	51	1	8	0.666666666667	raw	10
A	51	1	8	2.24520255863	norm	10
T	51	1	2	0.166666666667	raw	10
T	51	1	2	0.532086912583	norm	10
G	51	1	2	0.166666666667	raw	10
G	51	1	2	0.893129770991	norm	10
T	52	1	5	0.416666666667	raw	10
T	52	1	5	1.33021728146	norm	10
A	52	1	3	0.25	raw	10
A	52	1	3	0.841950959487	norm	10
G	52	1	3	0.25	raw	10
G	52	1	3	1.33969465649	norm	10
C	52	1	1	0.0833333333333	raw	10
C	52	1	1	0.410046728971	norm	10
A	53	1	5	0.416666666667	raw	10
A	53	1	5	1.40325159914	norm	10
T	53	1	3	0.25	raw	10
T	53	1	3	0.798130368874	norm	10
C	53	1	2	0.166666666667	raw	10
C	53	1	2	0.820093457942	norm	10
G	53	1	2	0.166666666667	raw	10
G	53	1	2	0.893129770991	norm	10
C	54	1	8	0.666666666667	raw	10
C	54	1	8	3.28037383177	norm	10
T	54	1	2	0.166666666667	raw	10
T	54	1	2	0.532086912583	norm	10
A	54	1	1	0.0833333333333	raw	10
A	54	1	1	0.280650319829	norm	10
G	54	1	1	0.0833333333333	raw	10
G	54	1	1	0.446564885495	norm	10
A	55	1	6	0.5	raw	10
A	55	1	6	1.68390191897	norm	10
T	55	1	4	0.333333333333	raw	10
T	55	1	4	1.06417382517	norm	10
C	55	1	1	0.0833333333333	raw	10
C	55	1	1	0.410046728971	norm	10
G	55	1	1	0.0833333333333	raw	10
G	55	1	1	0.446564885495	norm	10
A	56	1	5	0.416666666667	raw	10
A	56	1	5	1.40325159914	norm	10
T	56	1	5	0.416666666667	raw	10
T	56	1	5	1.33021728146	norm	10
C	56	1	1	0.0833333333333	raw	10
C	56	1	1	0.410046728971	norm	10
G	56	1	1	0.0833333333333	raw	10
G	56	1	1	0.446564885495	norm	10
C	57	1	6	0.5	raw	10
C	57	1	6	2.46028037383	norm	10
T	57	1	3	0.25	raw	10
T	57	1	3	0.798130368874	norm	10
A	57	1	2	0.166666666667	raw	10
A	57	1	2	0.561300639658	norm	10
G	57	1	1	0.0833333333333	raw	10
G	57	1	1	0.446564885495	norm	10
A	58	1	4	0.333333333333	raw	10
A	58	1	4	1.12260127932	norm	10
G	58	1	4	0.333333333333	raw	10
G	58	1	4	1.78625954198	norm	10
C	58	1	3	0.25	raw	10
C	58	1	3	1.23014018691	norm	10
T	58	1	1	0.0833333333333	raw	10
T	58	1	1	0.266043456291	norm	10
T	59	1	6	0.5	raw	10
T	59	1	6	1.59626073775	norm	10
A	59	1	4	0.333333333333	raw	10
A	59	1	4	1.12260127932	norm	10
G	59	1	2	0.166666666667	raw	10
G	59	1	2	0.893129770991	norm	10
A	60	1	7	0.583333333333	raw	10
A	60	1	7	1.9645522388	norm	10
T	60	1	5	0.416666666667	raw	10
T	60	1	5	1.33021728146	norm	10
C	61	1	5	0.416666666667	raw	10
C	61	1	5	2.05023364486	norm	10
G	61	1	3	0.25	raw	10
G	61	1	3	1.33969465649	norm	10
A	61	1	2	0.166666666667	raw	10
A	61	1	2	0.561300639658	norm	10
T	61	1	2	0.166666666667	raw	10
T	61	1	2	0.532086912583	norm	10
T	62	1	6	0.5	raw	10
T	62	1	6	1.59626073775	norm	10
G	62	1	3	0.25	raw	10
G	62	1	3	1.33969465649	norm	10
A	62	1	2	0.166666666667	raw	10
A	62	1	2	0.561300639658	norm	10
C	62	1	1	0.0833333333333	raw	10
C	62	1	1	0.410046728971	norm	10
A	63	1	6	0.5	raw	10
A	63	1	6	1.68390191897	norm	10
T	63	1	5	0.416666666667	raw	10
T	63	1	5	1.33021728146	norm	10
C	63	1	1	0.0833333333333	raw	10
C	63	1	1	0.410046728971	norm	10
A	64	1	5	0.416666666667	raw	10
A	64	1	5	1.40325159914	norm	10
T	64	1	3	0.25	raw	10
T	64	1	3	0.798130368874	norm	10
C	64	1	2	0.166666666667	raw	10
C	64	1	2	0.820093457942	norm	10
G	64	1	2	0.166666666667	raw	10
G	64	1	2	0.893129770991	norm	10
T	65	1	6	0.5	raw	10
T	65	1	6	1.59626073775	norm	10
A	65	1	4	0.333333333333	raw	10
A	65	1	4	1.12260127932	norm	10
C	65	1	2	0.166666666667	raw	10
C	65	1	2	0.820093457942	norm	10
G	66	1	5	0.416666666667	raw	10
G	66	1	5	2.23282442748	norm	10
A	66	1	3	0.25	raw	10
A	66	1	3	0.841950959487	norm	10
T	66	1	3	0.25	raw	10
T	66	1	3	0.798130368874	norm	10
C	66	1	1	0.0833333333333	raw	10
C	66	1	1	0.410046728971	norm	10
T	67	1	6	0.5	raw	10
T	67	1	6	1.59626073775	norm	10
A	67	1	2	0.166666666667	raw	10
A	67	1	2	0.561300639658	norm	10
C	67	1	2	0.166666666667	raw	10
C	67	1	2	0.820093457942	norm	10
G	67	1	2	0.166666666667	raw	10
G	67	1	2	0.893129770991	norm	10
A	68	1	4	0.333333333333	raw	10
A	68	1	4	1.12260127932	norm	10
T	68	1	4	0.333333333333	raw	10
T	68	1	4	1.06417382517	norm	10
G	68	1	3	0.25	raw	10
G	68	1	3	1.33969465649	norm	10
C	68	1	1	0.0833333333333	raw	10
C	68	1	1	0.410046728971	norm	10
T	69	1	6	0.5	raw	10
T	69	1	6	1.59626073775	norm	10
C	69	1	4	0.333333333333	raw	10
C	69	1	4	1.64018691588	norm	10
A	69	1	2	0.166666666667	raw	10
A	69	1	2	0.561300639658	norm	10
A	70	1	5	0.416666666667	raw	10
A	70	1	5	1.40325159914	norm	10
T	70	1	3	0.25	raw	10
T	70	1	3	0.798130368874	norm	10
C	70	1	2	0.166666666667	raw	10
C	70	1	2	0.820093457942	norm	10
G	70	1	2	0.166666666667	raw	10
G	70	1	2	0.893129770991	norm	10
T	71	1	5	0.416666666667	raw	10
T	71	1	5	1.33021728146	norm	10
C	71	1	3	0.25	raw	10
C	71	1	3	1.23014018691	norm	10
A	71	1	2	0.166666666667	raw	10
A	71	1	2	0.561300639658	norm	10
G	71	1	2	0.166666666667	raw	10
G	71	1	2	0.893129770991	norm	10
T	72	1	7	0.583333333333	raw	10
T	72	1	7	1.86230419404	norm	10
A	72	1	2	0.166666666667	raw	10
A	72	1	2	0.561300639658	norm	10
C	72	1	2	0.166666666667	raw	10
C	72	1	2	0.820093457942	norm	10
G	72	1	1	0.0833333333333	raw	10
G	72	1	1	0.446564885495	norm	10
G	73	1	5	0.416666666667	raw	10
G	73	1	5	2.23282442748	norm	10
T	73	1	4	0.333333333333	raw	10
T	73	1	4	1.06417382517	norm	10
A	73	1	2	0.166666666667	raw	10
A	73	1	2	0.561300639658	norm	10
C	73	1	1	0.0833333333333	raw	10
C	73	1	1	0.410046728971	norm	10
T	74	1	6	0.5	raw	10
T	74	1	6	1.59626073775	norm	10
C	74	1	3	0.25	raw	10
C	74	1	3	1.23014018691	norm	10
G	74	1	2	0.166666666667	raw	10
G	74	1	2	0.893129770991	norm	10
A	74	1	1	0.0833333333333	raw	10
A	74	1	1	0.280650319829	norm	10
A	75	1	4	0.333333333333	raw	10
A	75	1	4	1.12260127932	norm	10
C	75	1	4	0.333333333333	raw	10
C	75	1	4	1.64018691588	norm	10
G	75	1	3	0.25	raw	10
G	75	1	3	1.33969465649	norm	10
T	75	1	1	0.0833333333333	raw	10
T	75	1	1	0.266043456291	norm	10
T	76	1	6	0.5	raw	10
T	76	1	6	1.59626073775	norm	10
A	76	1	2	0.166666666667	raw	10
A	76	1	2	0.561300639658	norm	10
C	76	1	2	0.166666666667	raw	10
C	76	1	2	0.820093457942	norm	10
G	76	1	2	0.166666666667	raw	10
G	76	1	2	0.893129770991	norm	10
T	77	1	8	0.666666666667	raw	10
T	77	1	8	2.12834765033	norm	10
A	77	1	2	0.166666666667	raw	10
A	77	1	2	0.561300639658	norm	10
C	77	1	1	0.0833333333333	raw	10
C	77	1	1	0.410046728971	norm	10
G	77	1	1	0.0833333333333	raw	10
G	77	1	1	0.446564885495	norm	10
A	78	1	4	0.333333333333	raw	10
A	78	1	4	1.12260127932	norm	10
C	78	1	3	0.25	raw	10
C	78	1	3	1.23014018691	norm	10
G	78	1	3	0.25	raw	10
G	78	1	3	1.33969465649	norm	10
T	78	1	2	0.166666666667	raw	10
T	78	1	2	0.532086912583	norm	10
T	79	1	8	0.666666666667	raw	10
T	79	1	8	2.12834765033	norm	10
A	79	1	2	0.166666666667	raw	10
A	79	1	2	0.561300639658	norm	10
C	79	1	2	0.166666666667	raw	10
C	79	1	2	0.820093457942	norm	10
C	80	1	5	0.416666666667	raw	10
C	80	1	5	2.05023364486	norm	10
A	80	1	4	0.333333333333	raw	10
A	80	1	4	1.12260127932	norm	10
T	80	1	2	0.166666666667	raw	10
T	80	1	2	0.532086912583	norm	10
G	80	1	1	0.0833333333333	raw	10
G	80	1	1	0.446564885495	norm	10
A	81	1	4	0.333333333333	raw	10
A	81	1	4	1.12260127932	norm	10
T	81	1	4	0.333333333333	raw	10
T	81	1	4	1.06417382517	norm	10
G	81	1	3	0.25	raw	10
G	81	1	3	1.33969465649	norm	10
C	81	1	1	0.0833333333333	raw	10
C	81	1	1	0.410046728971	norm	10
T	82	1	6	0.5	raw	10
T	82	1	6	1.59626073775	norm	10
C	82	1	3	0.25	raw	10
C	82	1	3	1.23014018691	norm	10
A	82	1	2	0.166666666667	raw	10
A	82	1	2	0.561300639658	norm	10
G	82	1	1	0.0833333333333	raw	10
G	82	1	1	0.446564885495	norm	10
T	83	1	7	0.583333333333	raw	10
T	83	1	7	1.86230419404	norm	10
A	83	1	2	0.166666666667	raw	10
A	83	1	2	0.561300639658	norm	10
C	83	1	2	0.166666666667	raw	10
C	83	1	2	0.820093457942	norm	10
G	83	1	1	0.0833333333333	raw	10
G	83	1	1	0.446564885495	norm	10
A	84	1	8	0.666666666667	raw	10
A	84	1	8	2.24520255863	norm	10
T	84	1	4	0.333333333333	raw	10
T	84	1	4	1.06417382517	norm	10
T	85	1	5	0.416666666667	raw	10
T	85	1	5	1.33021728146	norm	10
G	85	1	5	0.416666666667	raw	10
G	85	1	5	2.23282442748	norm	10
A	85	1	1	0.0833333333333	raw	10
A	85	1	1	0.280650319829	norm	10
C	85	1	1	0.0833333333333	raw	10
C	85	1	1	0.410046728971	norm	10
T	86	1	8	0.666666666667	raw	10
T	86	1	8	2.12834765033	norm	10
A	86	1	2	0.166666666667	raw	10
A	86	1	2	0.561300639658	norm	10
C	86	1	2	0.166666666667	raw	10
C	86	1	2	0.820093457942	norm	10
T	87	1	7	0.583333333333	raw	10
T	87	1	7	1.86230419404	norm	10
A	87	1	2	0.166666666667	raw	10
A	87	1	2	0.561300639658	norm	10
G	87	1	2	0.166666666667	raw	10
G	87	1	2	0.893129770991	norm	10
C	87	1	1	0.0833333333333	raw	10
C	87	1	1	0.410046728971	norm	10
C	88	1	6	0.5	raw	10
C	88	1	6	2.46028037383	norm	10
A	88	1	3	0.25	raw	10
A	88	1	3	0.841950959487	norm	10
G	88	1	2	0.166666666667	raw	10
G	88	1	2	0.893129770991	norm	10
T	88	1	1	0.0833333333333	raw	10
T	88	1	1	0.266043456291	norm	10
T	89	1	7	0.583333333333	raw	10
T	89	1	7	1.86230419404	norm	10
A	89	1	3	0.25	raw	10
A	89	1	3	0.841950959487	norm	10
C	89	1	2	0.166666666667	raw	10
C	89	1	2	0.820093457942	norm	10
A	90	1	5	0.416666666667	raw	10
A	90	1	5	1.40325159914	norm	10
C	90	1	4	0.333333333333	raw	10
C	90	1	4	1.64018691588	norm	10
T	90	1	2	0.166666666667	raw	10
T	90	1	2	0.532086912583	norm	10
G	90	1	1	0.0833333333333	raw	10
G	90	1	1	0.446564885495	norm	10
T	91	1	6	0.5	raw	10
T	91	1	6	1.59626073775	norm	10
A	91	1	3	0.25	raw	10
A	91	1	3	0.841950959487	norm	10
C	91	1	2	0.166666666667	raw	10
C	91	1	2	0.820093457942	norm	10
G	91	1	1	0.0833333333333	raw	10
G	91	1	1	0.446564885495	norm	10
A	92	1	5	0.416666666667	raw	10
A	92	1	5	1.40325159914	norm	10
C	92	1	5	0.416666666667	raw	10
C	92	1	5	2.05023364486	norm	10
T	92	1	2	0.166666666667	raw	10
T	92	1	2	0.532086912583	norm	10
G	93	1	7	0.583333333333	raw	10
G	93	1	7	3.12595419847	norm	10
T	93	1	4	0.333333333333	raw	10
T	93	1	4	1.06417382517	norm	10
A	93	1	1	0.0833333333333	raw	10
A	93	1	1	0.280650319829	norm	10
G	94	1	6	0.5	raw	10
G	94	1	6	2.67938931297	norm	10
T	94	1	3	0.25	raw	10
T	94	1	3	0.798130368874	norm	10
A	94	1	2	0.166666666667	raw	10
A	94	1	2	0.561300639658	norm	10
C	94	1	1	0.0833333333333	raw	10
C	94	1	1	0.410046728971	norm	10
T	95	1	7	0.583333333333	raw	10
T	95	1	7	1.86230419404	norm	10
A	95	1	4	0.333333333333	raw	10
A	95	1	4	1.12260127932	norm	10
G	95	1	1	0.0833333333333	raw	10
G	95	1	1	0.446564885495	norm	10
A	96	1	3	0.25	raw	10
A	96	1	3	0.841950959487	norm	10
C	96	1	3	0.25	raw	10
C	96	1	3	1.23014018691	norm	10
T	96	1	3	0.25	raw	10
T	96	1	3	0.798130368874	norm	10
G	96	1	3	0.25	raw	10
G	96	1	3	1.33969465649	norm	10
T	97	1	5	0.416666666667	raw	10
T	97	1	5	1.33021728146	norm	10
A	97	1	4	0.333333333333	raw	10
A	97	1	4	1.12260127932	norm	10
C	97	1	2	0.166666666667	raw	10
C	97	1	2	0.820093457942	norm	10
G	97	1	1	0.0833333333333	raw	10
G	97	1	1	0.446564885495	norm	10
A	98	1	6	0.5	raw	10
A	98	1	6	1.68390191897	norm	10
T	98	1	3	0.25	raw	10
T	98	1	3	0.798130368874	norm	10
C	98	1	2	0.166666666667	raw	10
C	98	1	2	0.820093457942	norm	10
G	98	1	1	0.0833333333333	raw	10
G	98	1	1	0.446564885495	norm	10
A	99	1	9	0.75	raw	10
A	99	1	9	2.52585287846	norm	10
C	99	1	2	0.166666666667	raw	10
C	99	1	2	0.820093457942	norm	10
G	99	1	1	0.0833333333333	raw	10
G	99	1	1	0.446564885495	norm	10
G	100	1	6	0.5	raw	10
G	100	1	6	2.67938931297	norm	10
T	100	1	4	0.333333333333	raw	10
T	100	1	4	1.06417382517	norm	10
C	100	1	2	0.166666666667	raw	10
C	100	1	2	0.820093457942	norm	10
