#nuc	offset	region.size	count	freq	norm.freq	total.sites
A	-100	1	261	0.323420074349	raw	703
A	-100	1	261	1.04396875629	norm	703
T	-100	1	252	0.312267657993	raw	703
T	-100	1	252	1.01151058336	norm	703
G	-100	1	157	0.194547707559	raw	703
G	-100	1	157	1.02074451709	norm	703
C	-100	1	137	0.169764560099	raw	703
C	-100	1	137	0.8893165901	norm	703
T	-99	1	262	0.324659231722	raw	703
T	-99	1	262	1.05164989222	norm	703
A	-99	1	246	0.304832713755	raw	703
A	-99	1	246	0.983970551901	norm	703
G	-99	1	163	0.201982651797	raw	703
G	-99	1	163	1.05975386169	norm	703
C	-99	1	136	0.168525402726	raw	703
C	-99	1	136	0.882825228128	norm	703
T	-98	1	248	0.307311028501	raw	703
T	-98	1	248	0.99545485981	norm	703
A	-98	1	235	0.291201982652	raw	703
A	-98	1	235	0.939971868686	norm	703
C	-98	1	164	0.20322180917	raw	703
C	-98	1	164	1.06458336333	norm	703
G	-98	1	160	0.198265179678	raw	703
G	-98	1	160	1.04024918939	norm	703
T	-97	1	253	0.313506815366	raw	703
T	-97	1	253	1.01552451424	norm	703
A	-97	1	246	0.304832713755	raw	703
A	-97	1	246	0.983970551901	norm	703
C	-97	1	160	0.198265179678	raw	703
C	-97	1	160	1.03861791545	norm	703
G	-97	1	148	0.183395291202	raw	703
G	-97	1	148	0.962230500186	norm	703
T	-96	1	258	0.31970260223	raw	703
T	-96	1	258	1.03559416867	norm	703
A	-96	1	236	0.292441140025	raw	703
A	-96	1	236	0.943971748978	norm	703
C	-96	1	176	0.218091697646	raw	703
C	-96	1	176	1.14247970699	norm	703
G	-96	1	137	0.169764560099	raw	703
G	-96	1	137	0.890713368415	norm	703
T	-95	1	258	0.31970260223	raw	703
T	-95	1	258	1.03559416867	norm	703
A	-95	1	216	0.267657992565	raw	703
A	-95	1	216	0.863974143133	norm	703
C	-95	1	197	0.244114002478	raw	703
C	-95	1	197	1.27879830839	norm	703
G	-95	1	136	0.168525402726	raw	703
G	-95	1	136	0.884211810981	norm	703
T	-94	1	261	0.323420074349	raw	703
T	-94	1	261	1.04763596133	norm	703
A	-94	1	243	0.301115241636	raw	703
A	-94	1	243	0.971970911024	norm	703
G	-94	1	153	0.189591078067	raw	703
G	-94	1	153	0.994738287354	norm	703
C	-94	1	150	0.185873605948	raw	703
C	-94	1	150	0.97370429573	norm	703
T	-93	1	243	0.301115241636	raw	703
T	-93	1	243	0.975385205378	norm	703
A	-93	1	240	0.297397769517	raw	703
A	-93	1	240	0.959971270147	norm	703
C	-93	1	193	0.239157372986	raw	703
C	-93	1	193	1.25283286051	norm	703
G	-93	1	131	0.162329615861	raw	703
G	-93	1	131	0.851704023813	norm	703
T	-92	1	252	0.312267657993	raw	703
T	-92	1	252	1.01151058336	norm	703
A	-92	1	229	0.283767038414	raw	703
A	-92	1	229	0.915972586932	norm	703
C	-92	1	187	0.231722428748	raw	703
C	-92	1	187	1.21388468868	norm	703
G	-92	1	139	0.172242874845	raw	703
G	-92	1	139	0.903716483282	norm	703
A	-91	1	277	0.343246592317	raw	703
A	-91	1	277	1.10796684096	norm	703
T	-91	1	250	0.309789343247	raw	703
T	-91	1	250	1.00348272158	norm	703
C	-91	1	143	0.177199504337	raw	703
C	-91	1	143	0.928264761929	norm	703
G	-91	1	137	0.169764560099	raw	703
G	-91	1	137	0.890713368415	norm	703
A	-90	1	263	0.325898389095	raw	703
A	-90	1	263	1.05196851687	norm	703
T	-90	1	250	0.309789343247	raw	703
T	-90	1	250	1.00348272158	norm	703
C	-90	1	164	0.20322180917	raw	703
C	-90	1	164	1.06458336333	norm	703
G	-90	1	130	0.161090458488	raw	703
G	-90	1	130	0.845202466379	norm	703
T	-89	1	256	0.317224287485	raw	703
T	-89	1	256	1.0275663069	norm	703
A	-89	1	248	0.307311028501	raw	703
A	-89	1	248	0.991970312486	norm	703
C	-89	1	153	0.189591078067	raw	703
C	-89	1	153	0.993178381645	norm	703
G	-89	1	150	0.185873605948	raw	703
G	-89	1	150	0.975233615053	norm	703
A	-88	1	260	0.322180916976	raw	703
A	-88	1	260	1.03996887599	norm	703
T	-88	1	256	0.317224287485	raw	703
T	-88	1	256	1.0275663069	norm	703
G	-88	1	148	0.183395291202	raw	703
G	-88	1	148	0.962230500186	norm	703
C	-88	1	143	0.177199504337	raw	703
C	-88	1	143	0.928264761929	norm	703
A	-87	1	266	0.329615861214	raw	703
A	-87	1	266	1.06396815775	norm	703
T	-87	1	235	0.291201982652	raw	703
T	-87	1	235	0.943273758288	norm	703
G	-87	1	158	0.195786864932	raw	703
G	-87	1	158	1.02724607452	norm	703
C	-87	1	148	0.183395291202	raw	703
C	-87	1	148	0.960721571787	norm	703
A	-86	1	268	0.33209417596	raw	703
A	-86	1	268	1.07196791833	norm	703
T	-86	1	243	0.301115241636	raw	703
T	-86	1	243	0.975385205378	norm	703
G	-86	1	155	0.192069392813	raw	703
G	-86	1	155	1.00774140222	norm	703
C	-86	1	141	0.174721189591	raw	703
C	-86	1	141	0.915282037986	norm	703
T	-85	1	260	0.322180916976	raw	703
T	-85	1	260	1.04362203045	norm	703
A	-85	1	253	0.313506815366	raw	703
A	-85	1	253	1.01196971395	norm	703
C	-85	1	148	0.183395291202	raw	703
C	-85	1	148	0.960721571787	norm	703
G	-85	1	146	0.180916976456	raw	703
G	-85	1	146	0.949227385318	norm	703
A	-84	1	221	0.27385377943	raw	703
A	-84	1	221	0.883973544594	norm	703
T	-84	1	217	0.268897149938	raw	703
T	-84	1	217	0.871023002334	norm	703
C	-84	1	198	0.245353159851	raw	703
C	-84	1	198	1.28528967036	norm	703
G	-84	1	171	0.211895910781	raw	703
G	-84	1	171	1.11176632116	norm	703
T	-83	1	282	0.349442379182	raw	703
T	-83	1	282	1.13192850995	norm	703
A	-83	1	203	0.251548946716	raw	703
A	-83	1	203	0.811975699333	norm	703
G	-83	1	178	0.220570012392	raw	703
G	-83	1	178	1.1572772232	norm	703
C	-83	1	144	0.17843866171	raw	703
C	-83	1	144	0.934756123901	norm	703
T	-82	1	247	0.306071871128	raw	703
T	-82	1	247	0.991440928924	norm	703
A	-82	1	235	0.291201982652	raw	703
A	-82	1	235	0.939971868686	norm	703
C	-82	1	163	0.201982651797	raw	703
C	-82	1	163	1.05809200136	norm	703
G	-82	1	162	0.200743494424	raw	703
G	-82	1	162	1.05325230426	norm	703
A	-81	1	252	0.312267657993	raw	703
A	-81	1	252	1.00796983365	norm	703
T	-81	1	243	0.301115241636	raw	703
T	-81	1	243	0.975385205378	norm	703
G	-81	1	160	0.198265179678	raw	703
G	-81	1	160	1.04024918939	norm	703
C	-81	1	152	0.188351920694	raw	703
C	-81	1	152	0.986687019673	norm	703
T	-80	1	258	0.31970260223	raw	703
T	-80	1	258	1.03559416867	norm	703
A	-80	1	233	0.288723667906	raw	703
A	-80	1	233	0.931972108101	norm	703
G	-80	1	162	0.200743494424	raw	703
G	-80	1	162	1.05325230426	norm	703
C	-80	1	154	0.19083023544	raw	703
C	-80	1	154	0.999669743616	norm	703
T	-79	1	272	0.33746898263	raw	703
T	-79	1	272	1.09314377825	norm	703
A	-79	1	218	0.27047146402	raw	703
A	-79	1	218	0.873055757196	norm	703
G	-79	1	160	0.198511166253	raw	703
G	-79	1	160	1.04153982114	norm	703
C	-79	1	156	0.193548387097	raw	703
C	-79	1	156	1.0139088602	norm	703
T	-78	1	244	0.302354399009	raw	703
T	-78	1	244	0.979399136265	norm	703
A	-78	1	234	0.289962825279	raw	703
A	-78	1	234	0.935971988394	norm	703
G	-78	1	170	0.210656753408	raw	703
G	-78	1	170	1.10526476373	norm	703
C	-78	1	159	0.197026022305	raw	703
C	-78	1	159	1.03212655347	norm	703
T	-77	1	273	0.338289962825	raw	703
T	-77	1	273	1.09580313197	norm	703
A	-77	1	231	0.28624535316	raw	703
A	-77	1	231	0.923972347517	norm	703
C	-77	1	162	0.200743494424	raw	703
C	-77	1	162	1.05160063939	norm	703
G	-77	1	141	0.174721189591	raw	703
G	-77	1	141	0.91671959815	norm	703
A	-76	1	259	0.320941759603	raw	703
A	-76	1	259	1.0359689957	norm	703
T	-76	1	251	0.31102850062	raw	703
T	-76	1	251	1.00749665247	norm	703
G	-76	1	153	0.189591078067	raw	703
G	-76	1	153	0.994738287354	norm	703
C	-76	1	144	0.17843866171	raw	703
C	-76	1	144	0.934756123901	norm	703
A	-75	1	264	0.327137546468	raw	703
A	-75	1	264	1.05596839716	norm	703
T	-75	1	242	0.299876084263	raw	703
T	-75	1	242	0.971371274492	norm	703
G	-75	1	161	0.199504337051	raw	703
G	-75	1	161	1.04675074682	norm	703
C	-75	1	140	0.173482032218	raw	703
C	-75	1	140	0.908790676015	norm	703
T	-74	1	282	0.349442379182	raw	703
T	-74	1	282	1.13192850995	norm	703
A	-74	1	224	0.277571251549	raw	703
A	-74	1	224	0.895973185471	norm	703
G	-74	1	151	0.187112763321	raw	703
G	-74	1	151	0.981735172487	norm	703
C	-74	1	150	0.185873605948	raw	703
C	-74	1	150	0.97370429573	norm	703
T	-73	1	277	0.343246592317	raw	703
T	-73	1	277	1.11185885551	norm	703
A	-73	1	235	0.291201982652	raw	703
A	-73	1	235	0.939971868686	norm	703
C	-73	1	149	0.184634448575	raw	703
C	-73	1	149	0.967212933758	norm	703
G	-73	1	146	0.180916976456	raw	703
G	-73	1	146	0.949227385318	norm	703
A	-72	1	248	0.307311028501	raw	703
A	-72	1	248	0.991970312486	norm	703
T	-72	1	232	0.287484510533	raw	703
T	-72	1	232	0.931231965629	norm	703
C	-72	1	174	0.2156133829	raw	703
C	-72	1	174	1.12949698305	norm	703
G	-72	1	153	0.189591078067	raw	703
G	-72	1	153	0.994738287354	norm	703
A	-71	1	288	0.35687732342	raw	703
A	-71	1	288	1.15196552418	norm	703
T	-71	1	238	0.294919454771	raw	703
T	-71	1	238	0.955315550947	norm	703
C	-71	1	149	0.184634448575	raw	703
C	-71	1	149	0.967212933758	norm	703
G	-71	1	132	0.163568773234	raw	703
G	-71	1	132	0.858205581247	norm	703
T	-70	1	251	0.31102850062	raw	703
T	-70	1	251	1.00749665247	norm	703
A	-70	1	243	0.301115241636	raw	703
A	-70	1	243	0.971970911024	norm	703
G	-70	1	162	0.200743494424	raw	703
G	-70	1	162	1.05325230426	norm	703
C	-70	1	151	0.187112763321	raw	703
C	-70	1	151	0.980195657701	norm	703
A	-69	1	258	0.31970260223	raw	703
A	-69	1	258	1.03196911541	norm	703
T	-69	1	224	0.277571251549	raw	703
T	-69	1	224	0.899120518538	norm	703
C	-69	1	165	0.204460966543	raw	703
C	-69	1	165	1.0710747253	norm	703
G	-69	1	160	0.198265179678	raw	703
G	-69	1	160	1.04024918939	norm	703
A	-68	1	258	0.31970260223	raw	703
A	-68	1	258	1.03196911541	norm	703
T	-68	1	230	0.285006195787	raw	703
T	-68	1	230	0.923204103856	norm	703
C	-68	1	171	0.211895910781	raw	703
C	-68	1	171	1.11002289713	norm	703
G	-68	1	148	0.183395291202	raw	703
G	-68	1	148	0.962230500186	norm	703
A	-67	1	282	0.349442379182	raw	703
A	-67	1	282	1.12796624242	norm	703
T	-67	1	205	0.254027261462	raw	703
T	-67	1	205	0.822855831698	norm	703
C	-67	1	163	0.201982651797	raw	703
C	-67	1	163	1.05809200136	norm	703
G	-67	1	157	0.194547707559	raw	703
G	-67	1	157	1.02074451709	norm	703
T	-66	1	263	0.326302729529	raw	703
T	-66	1	263	1.05697357971	norm	703
A	-66	1	232	0.287841191067	raw	703
A	-66	1	232	0.929123558117	norm	703
C	-66	1	174	0.2158808933	raw	703
C	-66	1	174	1.13089834407	norm	703
G	-66	1	137	0.169975186104	raw	703
G	-66	1	137	0.89181847185	norm	703
T	-65	1	268	0.33209417596	raw	703
T	-65	1	268	1.07573347754	norm	703
A	-65	1	229	0.283767038414	raw	703
A	-65	1	229	0.915972586932	norm	703
C	-65	1	162	0.200743494424	raw	703
C	-65	1	162	1.05160063939	norm	703
G	-65	1	148	0.183395291202	raw	703
G	-65	1	148	0.962230500186	norm	703
T	-64	1	249	0.308550185874	raw	703
T	-64	1	249	0.999468790696	norm	703
A	-64	1	238	0.294919454771	raw	703
A	-64	1	238	0.951971509563	norm	703
C	-64	1	166	0.205700123916	raw	703
C	-64	1	166	1.07756608727	norm	703
G	-64	1	154	0.19083023544	raw	703
G	-64	1	154	1.00123984479	norm	703
T	-63	1	260	0.322180916976	raw	703
T	-63	1	260	1.04362203045	norm	703
A	-63	1	208	0.257744733581	raw	703
A	-63	1	208	0.831975100794	norm	703
C	-63	1	192	0.237918215613	raw	703
C	-63	1	192	1.24634149853	norm	703
G	-63	1	147	0.182156133829	raw	703
G	-63	1	147	0.955728942752	norm	703
T	-62	1	261	0.323420074349	raw	703
T	-62	1	261	1.04763596133	norm	703
A	-62	1	238	0.294919454771	raw	703
A	-62	1	238	0.951971509563	norm	703
G	-62	1	156	0.193308550186	raw	703
G	-62	1	156	1.01424295966	norm	703
C	-62	1	152	0.188351920694	raw	703
C	-62	1	152	0.986687019673	norm	703
A	-61	1	262	0.324659231722	raw	703
A	-61	1	262	1.04796863658	norm	703
T	-61	1	246	0.304832713755	raw	703
T	-61	1	246	0.987426998037	norm	703
G	-61	1	176	0.218091697646	raw	703
G	-61	1	176	1.14427410833	norm	703
C	-61	1	123	0.152416356877	raw	703
C	-61	1	123	0.798437522499	norm	703
A	-60	1	277	0.343246592317	raw	703
A	-60	1	277	1.10796684096	norm	703
T	-60	1	250	0.309789343247	raw	703
T	-60	1	250	1.00348272158	norm	703
G	-60	1	146	0.180916976456	raw	703
G	-60	1	146	0.949227385318	norm	703
C	-60	1	134	0.16604708798	raw	703
C	-60	1	134	0.869842504185	norm	703
T	-59	1	266	0.329615861214	raw	703
T	-59	1	266	1.06770561576	norm	703
A	-59	1	236	0.292441140025	raw	703
A	-59	1	236	0.943971748978	norm	703
C	-59	1	163	0.201982651797	raw	703
C	-59	1	163	1.05809200136	norm	703
G	-59	1	142	0.175960346964	raw	703
G	-59	1	142	0.923221155584	norm	703
T	-58	1	255	0.315985130112	raw	703
T	-58	1	255	1.02355237601	norm	703
A	-58	1	247	0.306071871128	raw	703
A	-58	1	247	0.987970432193	norm	703
G	-58	1	164	0.20322180917	raw	703
G	-58	1	164	1.06625541912	norm	703
C	-58	1	141	0.174721189591	raw	703
C	-58	1	141	0.915282037986	norm	703
T	-57	1	247	0.306071871128	raw	703
T	-57	1	247	0.991440928924	norm	703
A	-57	1	219	0.271375464684	raw	703
A	-57	1	219	0.875973784009	norm	703
C	-57	1	185	0.229244114002	raw	703
C	-57	1	185	1.20090196473	norm	703
G	-57	1	156	0.193308550186	raw	703
G	-57	1	156	1.01424295966	norm	703
A	-56	1	271	0.335811648079	raw	703
A	-56	1	271	1.08396755921	norm	703
T	-56	1	246	0.304832713755	raw	703
T	-56	1	246	0.987426998037	norm	703
C	-56	1	166	0.205700123916	raw	703
C	-56	1	166	1.07756608727	norm	703
G	-56	1	124	0.15365551425	raw	703
G	-56	1	124	0.806193121777	norm	703
T	-55	1	260	0.322180916976	raw	703
T	-55	1	260	1.04362203045	norm	703
A	-55	1	220	0.272614622057	raw	703
A	-55	1	220	0.879973664302	norm	703
C	-55	1	180	0.223048327138	raw	703
C	-55	1	180	1.16844515488	norm	703
G	-55	1	147	0.182156133829	raw	703
G	-55	1	147	0.955728942752	norm	703
T	-54	1	283	0.350681536555	raw	703
T	-54	1	283	1.13594244083	norm	703
A	-54	1	206	0.255266418835	raw	703
A	-54	1	206	0.82397534021	norm	703
C	-54	1	163	0.201982651797	raw	703
C	-54	1	163	1.05809200136	norm	703
G	-54	1	155	0.192069392813	raw	703
G	-54	1	155	1.00774140222	norm	703
T	-53	1	300	0.371747211896	raw	703
T	-53	1	300	1.2041792659	norm	703
A	-53	1	215	0.266418835192	raw	703
A	-53	1	215	0.85997426284	norm	703
G	-53	1	153	0.189591078067	raw	703
G	-53	1	153	0.994738287354	norm	703
C	-53	1	139	0.172242874845	raw	703
C	-53	1	139	0.902299314043	norm	703
A	-52	1	253	0.313506815366	raw	703
A	-52	1	253	1.01196971395	norm	703
T	-52	1	242	0.299876084263	raw	703
T	-52	1	242	0.971371274492	norm	703
G	-52	1	157	0.194547707559	raw	703
G	-52	1	157	1.02074451709	norm	703
C	-52	1	155	0.192069392813	raw	703
C	-52	1	155	1.00616110559	norm	703
A	-51	1	262	0.324659231722	raw	703
A	-51	1	262	1.04796863658	norm	703
T	-51	1	241	0.29863692689	raw	703
T	-51	1	241	0.967357343606	norm	703
G	-51	1	154	0.19083023544	raw	703
G	-51	1	154	1.00123984479	norm	703
C	-51	1	150	0.185873605948	raw	703
C	-51	1	150	0.97370429573	norm	703
A	-50	1	245	0.303593556382	raw	703
A	-50	1	245	0.979970671609	norm	703
T	-50	1	245	0.303593556382	raw	703
T	-50	1	245	0.983413067151	norm	703
G	-50	1	170	0.210656753408	raw	703
G	-50	1	170	1.10526476373	norm	703
C	-50	1	147	0.182156133829	raw	703
C	-50	1	147	0.954230209815	norm	703
A	-49	1	253	0.313506815366	raw	703
A	-49	1	253	1.01196971395	norm	703
T	-49	1	240	0.297397769517	raw	703
T	-49	1	240	0.963343412719	norm	703
C	-49	1	163	0.201982651797	raw	703
C	-49	1	163	1.05809200136	norm	703
G	-49	1	151	0.187112763321	raw	703
G	-49	1	151	0.981735172487	norm	703
A	-48	1	288	0.35687732342	raw	703
A	-48	1	288	1.15196552418	norm	703
T	-48	1	226	0.280049566295	raw	703
T	-48	1	226	0.907148380311	norm	703
C	-48	1	163	0.201982651797	raw	703
C	-48	1	163	1.05809200136	norm	703
G	-48	1	130	0.161090458488	raw	703
G	-48	1	130	0.845202466379	norm	703
A	-47	1	249	0.308550185874	raw	703
A	-47	1	249	0.995970192778	norm	703
T	-47	1	226	0.280049566295	raw	703
T	-47	1	226	0.907148380311	norm	703
C	-47	1	175	0.216852540273	raw	703
C	-47	1	175	1.13598834502	norm	703
G	-47	1	157	0.194547707559	raw	703
G	-47	1	157	1.02074451709	norm	703
A	-46	1	266	0.329615861214	raw	703
A	-46	1	266	1.06396815775	norm	703
T	-46	1	251	0.31102850062	raw	703
T	-46	1	251	1.00749665247	norm	703
C	-46	1	150	0.185873605948	raw	703
C	-46	1	150	0.97370429573	norm	703
G	-46	1	140	0.173482032218	raw	703
G	-46	1	140	0.910218040716	norm	703
A	-45	1	266	0.329615861214	raw	703
A	-45	1	266	1.06396815775	norm	703
T	-45	1	253	0.313506815366	raw	703
T	-45	1	253	1.01552451424	norm	703
C	-45	1	154	0.19083023544	raw	703
C	-45	1	154	0.999669743616	norm	703
G	-45	1	134	0.16604708798	raw	703
G	-45	1	134	0.871208696114	norm	703
T	-44	1	281	0.348203221809	raw	703
T	-44	1	281	1.12791457906	norm	703
A	-44	1	215	0.266418835192	raw	703
A	-44	1	215	0.85997426284	norm	703
G	-44	1	157	0.194547707559	raw	703
G	-44	1	157	1.02074451709	norm	703
C	-44	1	154	0.19083023544	raw	703
C	-44	1	154	0.999669743616	norm	703
T	-43	1	265	0.328376703841	raw	703
T	-43	1	265	1.06369168488	norm	703
A	-43	1	247	0.306071871128	raw	703
A	-43	1	247	0.987970432193	norm	703
C	-43	1	155	0.192069392813	raw	703
C	-43	1	155	1.00616110559	norm	703
G	-43	1	140	0.173482032218	raw	703
G	-43	1	140	0.910218040716	norm	703
T	-42	1	249	0.308550185874	raw	703
T	-42	1	249	0.999468790696	norm	703
A	-42	1	248	0.307311028501	raw	703
A	-42	1	248	0.991970312486	norm	703
C	-42	1	171	0.211895910781	raw	703
C	-42	1	171	1.11002289713	norm	703
G	-42	1	139	0.172242874845	raw	703
G	-42	1	139	0.903716483282	norm	703
T	-41	1	295	0.365551425031	raw	703
T	-41	1	295	1.18410961147	norm	703
A	-41	1	241	0.29863692689	raw	703
A	-41	1	241	0.96397115044	norm	703
G	-41	1	138	0.171003717472	raw	703
G	-41	1	138	0.897214925849	norm	703
C	-41	1	133	0.164807930607	raw	703
C	-41	1	133	0.863351142214	norm	703
A	-40	1	253	0.313506815366	raw	703
A	-40	1	253	1.01196971395	norm	703
T	-40	1	237	0.293680297398	raw	703
T	-40	1	237	0.95130162006	norm	703
C	-40	1	161	0.199504337051	raw	703
C	-40	1	161	1.04510927742	norm	703
G	-40	1	156	0.193308550186	raw	703
G	-40	1	156	1.01424295966	norm	703
A	-39	1	275	0.340768277571	raw	703
A	-39	1	275	1.09996708038	norm	703
T	-39	1	261	0.323420074349	raw	703
T	-39	1	261	1.04763596133	norm	703
G	-39	1	138	0.171003717472	raw	703
G	-39	1	138	0.897214925849	norm	703
C	-39	1	133	0.164807930607	raw	703
C	-39	1	133	0.863351142214	norm	703
A	-38	1	277	0.343246592317	raw	703
A	-38	1	277	1.10796684096	norm	703
T	-38	1	246	0.304832713755	raw	703
T	-38	1	246	0.987426998037	norm	703
G	-38	1	145	0.179677819083	raw	703
G	-38	1	145	0.942725827885	norm	703
C	-38	1	139	0.172242874845	raw	703
C	-38	1	139	0.902299314043	norm	703
T	-37	1	259	0.320941759603	raw	703
T	-37	1	259	1.03960809956	norm	703
A	-37	1	234	0.289962825279	raw	703
A	-37	1	234	0.935971988394	norm	703
C	-37	1	157	0.194547707559	raw	703
C	-37	1	157	1.01914382953	norm	703
G	-37	1	157	0.194547707559	raw	703
G	-37	1	157	1.02074451709	norm	703
T	-36	1	240	0.297397769517	raw	703
T	-36	1	240	0.963343412719	norm	703
A	-36	1	225	0.278810408922	raw	703
A	-36	1	225	0.899973065763	norm	703
G	-36	1	179	0.221809169765	raw	703
G	-36	1	179	1.16377878063	norm	703
C	-36	1	163	0.201982651797	raw	703
C	-36	1	163	1.05809200136	norm	703
A	-35	1	272	0.337050805452	raw	703
A	-35	1	272	1.0879674395	norm	703
T	-35	1	245	0.303593556382	raw	703
T	-35	1	245	0.983413067151	norm	703
G	-35	1	152	0.188351920694	raw	703
G	-35	1	152	0.98823672992	norm	703
C	-35	1	138	0.171003717472	raw	703
C	-35	1	138	0.895807952072	norm	703
T	-34	1	251	0.31102850062	raw	703
T	-34	1	251	1.00749665247	norm	703
A	-34	1	238	0.294919454771	raw	703
A	-34	1	238	0.951971509563	norm	703
C	-34	1	169	0.209417596035	raw	703
C	-34	1	169	1.09704017319	norm	703
G	-34	1	149	0.184634448575	raw	703
G	-34	1	149	0.968732057619	norm	703
A	-33	1	241	0.29863692689	raw	703
A	-33	1	241	0.96397115044	norm	703
T	-33	1	219	0.271375464684	raw	703
T	-33	1	219	0.879050864106	norm	703
C	-33	1	179	0.221809169765	raw	703
C	-33	1	179	1.1619537929	norm	703
G	-33	1	168	0.208178438662	raw	703
G	-33	1	168	1.09226164886	norm	703
A	-32	1	260	0.322180916976	raw	703
A	-32	1	260	1.03996887599	norm	703
T	-32	1	249	0.308550185874	raw	703
T	-32	1	249	0.999468790696	norm	703
C	-32	1	155	0.192069392813	raw	703
C	-32	1	155	1.00616110559	norm	703
G	-32	1	143	0.177199504337	raw	703
G	-32	1	143	0.929722713017	norm	703
A	-31	1	265	0.328376703841	raw	703
A	-31	1	265	1.05996827745	norm	703
T	-31	1	225	0.278810408922	raw	703
T	-31	1	225	0.903134449424	norm	703
C	-31	1	161	0.199504337051	raw	703
C	-31	1	161	1.04510927742	norm	703
G	-31	1	156	0.193308550186	raw	703
G	-31	1	156	1.01424295966	norm	703
A	-30	1	266	0.329615861214	raw	703
A	-30	1	266	1.06396815775	norm	703
T	-30	1	252	0.312267657993	raw	703
T	-30	1	252	1.01151058336	norm	703
G	-30	1	145	0.179677819083	raw	703
G	-30	1	145	0.942725827885	norm	703
C	-30	1	144	0.17843866171	raw	703
C	-30	1	144	0.934756123901	norm	703
A	-29	1	247	0.306071871128	raw	703
A	-29	1	247	0.987970432193	norm	703
T	-29	1	243	0.301115241636	raw	703
T	-29	1	243	0.975385205378	norm	703
C	-29	1	159	0.197026022305	raw	703
C	-29	1	159	1.03212655347	norm	703
G	-29	1	158	0.195786864932	raw	703
G	-29	1	158	1.02724607452	norm	703
A	-28	1	288	0.35687732342	raw	703
A	-28	1	288	1.15196552418	norm	703
T	-28	1	231	0.28624535316	raw	703
T	-28	1	231	0.927218034742	norm	703
G	-28	1	147	0.182156133829	raw	703
G	-28	1	147	0.955728942752	norm	703
C	-28	1	141	0.174721189591	raw	703
C	-28	1	141	0.915282037986	norm	703
A	-27	1	253	0.313506815366	raw	703
A	-27	1	253	1.01196971395	norm	703
T	-27	1	238	0.294919454771	raw	703
T	-27	1	238	0.955315550947	norm	703
G	-27	1	176	0.218091697646	raw	703
G	-27	1	176	1.14427410833	norm	703
C	-27	1	140	0.173482032218	raw	703
C	-27	1	140	0.908790676015	norm	703
T	-26	1	271	0.335811648079	raw	703
T	-26	1	271	1.0877752702	norm	703
A	-26	1	242	0.299876084263	raw	703
A	-26	1	242	0.967971030732	norm	703
C	-26	1	147	0.182156133829	raw	703
C	-26	1	147	0.954230209815	norm	703
G	-26	1	147	0.182156133829	raw	703
G	-26	1	147	0.955728942752	norm	703
A	-25	1	277	0.343246592317	raw	703
A	-25	1	277	1.10796684096	norm	703
T	-25	1	240	0.297397769517	raw	703
T	-25	1	240	0.963343412719	norm	703
C	-25	1	145	0.179677819083	raw	703
C	-25	1	145	0.941247485872	norm	703
G	-25	1	145	0.179677819083	raw	703
G	-25	1	145	0.942725827885	norm	703
T	-24	1	263	0.325898389095	raw	703
T	-24	1	263	1.0556638231	norm	703
A	-24	1	256	0.317224287485	raw	703
A	-24	1	256	1.02396935482	norm	703
C	-24	1	155	0.192069392813	raw	703
C	-24	1	155	1.00616110559	norm	703
G	-24	1	133	0.164807930607	raw	703
G	-24	1	133	0.86470713868	norm	703
A	-23	1	280	0.346964064436	raw	703
A	-23	1	280	1.11996648184	norm	703
T	-23	1	231	0.28624535316	raw	703
T	-23	1	231	0.927218034742	norm	703
G	-23	1	155	0.192069392813	raw	703
G	-23	1	155	1.00774140222	norm	703
C	-23	1	141	0.174721189591	raw	703
C	-23	1	141	0.915282037986	norm	703
T	-22	1	239	0.296158612144	raw	703
T	-22	1	239	0.959329481833	norm	703
A	-22	1	232	0.287484510533	raw	703
A	-22	1	232	0.927972227809	norm	703
C	-22	1	181	0.224287484511	raw	703
C	-22	1	181	1.17493651685	norm	703
G	-22	1	155	0.192069392813	raw	703
G	-22	1	155	1.00774140222	norm	703
T	-21	1	279	0.345724907063	raw	703
T	-21	1	279	1.11988671729	norm	703
A	-21	1	225	0.278810408922	raw	703
A	-21	1	225	0.899973065763	norm	703
C	-21	1	156	0.193308550186	raw	703
C	-21	1	156	1.01265246756	norm	703
G	-21	1	147	0.182156133829	raw	703
G	-21	1	147	0.955728942752	norm	703
A	-20	1	257	0.318463444857	raw	703
A	-20	1	257	1.02796923512	norm	703
T	-20	1	253	0.313506815366	raw	703
T	-20	1	253	1.01552451424	norm	703
G	-20	1	153	0.189591078067	raw	703
G	-20	1	153	0.994738287354	norm	703
C	-20	1	144	0.17843866171	raw	703
C	-20	1	144	0.934756123901	norm	703
T	-19	1	252	0.312267657993	raw	703
T	-19	1	252	1.01151058336	norm	703
A	-19	1	238	0.294919454771	raw	703
A	-19	1	238	0.951971509563	norm	703
G	-19	1	161	0.199504337051	raw	703
G	-19	1	161	1.04675074682	norm	703
C	-19	1	156	0.193308550186	raw	703
C	-19	1	156	1.01265246756	norm	703
A	-18	1	267	0.330855018587	raw	703
A	-18	1	267	1.06796803804	norm	703
T	-18	1	266	0.329615861214	raw	703
T	-18	1	266	1.06770561576	norm	703
G	-18	1	154	0.19083023544	raw	703
G	-18	1	154	1.00123984479	norm	703
C	-18	1	120	0.148698884758	raw	703
C	-18	1	120	0.778963436584	norm	703
T	-17	1	281	0.348203221809	raw	703
T	-17	1	281	1.12791457906	norm	703
A	-17	1	244	0.302354399009	raw	703
A	-17	1	244	0.975970791316	norm	703
C	-17	1	150	0.185873605948	raw	703
C	-17	1	150	0.97370429573	norm	703
G	-17	1	132	0.163568773234	raw	703
G	-17	1	132	0.858205581247	norm	703
A	-16	1	264	0.327137546468	raw	703
A	-16	1	264	1.05596839716	norm	703
T	-16	1	240	0.297397769517	raw	703
T	-16	1	240	0.963343412719	norm	703
C	-16	1	156	0.193308550186	raw	703
C	-16	1	156	1.01265246756	norm	703
G	-16	1	147	0.182156133829	raw	703
G	-16	1	147	0.955728942752	norm	703
A	-15	1	282	0.349442379182	raw	703
A	-15	1	282	1.12796624242	norm	703
T	-15	1	234	0.289962825279	raw	703
T	-15	1	234	0.939259827401	norm	703
C	-15	1	150	0.185873605948	raw	703
C	-15	1	150	0.97370429573	norm	703
G	-15	1	141	0.174721189591	raw	703
G	-15	1	141	0.91671959815	norm	703
A	-14	1	271	0.335811648079	raw	703
A	-14	1	271	1.08396755921	norm	703
T	-14	1	246	0.304832713755	raw	703
T	-14	1	246	0.987426998037	norm	703
G	-14	1	149	0.184634448575	raw	703
G	-14	1	149	0.968732057619	norm	703
C	-14	1	141	0.174721189591	raw	703
C	-14	1	141	0.915282037986	norm	703
A	-13	1	263	0.325898389095	raw	703
A	-13	1	263	1.05196851687	norm	703
T	-13	1	262	0.324659231722	raw	703
T	-13	1	262	1.05164989222	norm	703
C	-13	1	152	0.188351920694	raw	703
C	-13	1	152	0.986687019673	norm	703
G	-13	1	130	0.161090458488	raw	703
G	-13	1	130	0.845202466379	norm	703
T	-12	1	254	0.314745972739	raw	703
T	-12	1	254	1.01953844513	norm	703
A	-12	1	247	0.306071871128	raw	703
A	-12	1	247	0.987970432193	norm	703
C	-12	1	153	0.189591078067	raw	703
C	-12	1	153	0.993178381645	norm	703
G	-12	1	153	0.189591078067	raw	703
G	-12	1	153	0.994738287354	norm	703
A	-11	1	285	0.353159851301	raw	703
A	-11	1	285	1.1399658833	norm	703
T	-11	1	263	0.325898389095	raw	703
T	-11	1	263	1.0556638231	norm	703
G	-11	1	146	0.180916976456	raw	703
G	-11	1	146	0.949227385318	norm	703
C	-11	1	113	0.140024783147	raw	703
C	-11	1	113	0.733523902783	norm	703
T	-10	1	293	0.363073110285	raw	703
T	-10	1	293	1.17608174969	norm	703
A	-10	1	245	0.303593556382	raw	703
A	-10	1	245	0.979970671609	norm	703
C	-10	1	136	0.168525402726	raw	703
C	-10	1	136	0.882825228128	norm	703
G	-10	1	133	0.164807930607	raw	703
G	-10	1	133	0.86470713868	norm	703
A	-9	1	295	0.365551425031	raw	703
A	-9	1	295	1.17996468622	norm	703
T	-9	1	240	0.297397769517	raw	703
T	-9	1	240	0.963343412719	norm	703
G	-9	1	150	0.185873605948	raw	703
G	-9	1	150	0.975233615053	norm	703
C	-9	1	122	0.151177199504	raw	703
C	-9	1	122	0.791946160527	norm	703
A	-8	1	269	0.333333333333	raw	703
A	-8	1	269	1.07596779862	norm	703
T	-8	1	252	0.312267657993	raw	703
T	-8	1	252	1.01151058336	norm	703
G	-8	1	153	0.189591078067	raw	703
G	-8	1	153	0.994738287354	norm	703
C	-8	1	133	0.164807930607	raw	703
C	-8	1	133	0.863351142214	norm	703
T	-7	1	282	0.349442379182	raw	703
T	-7	1	282	1.13192850995	norm	703
A	-7	1	235	0.291201982652	raw	703
A	-7	1	235	0.939971868686	norm	703
G	-7	1	158	0.195786864932	raw	703
G	-7	1	158	1.02724607452	norm	703
C	-7	1	132	0.163568773234	raw	703
C	-7	1	132	0.856859780242	norm	703
A	-6	1	249	0.308550185874	raw	703
A	-6	1	249	0.995970192778	norm	703
T	-6	1	238	0.294919454771	raw	703
T	-6	1	238	0.955315550947	norm	703
G	-6	1	176	0.218091697646	raw	703
G	-6	1	176	1.14427410833	norm	703
C	-6	1	144	0.17843866171	raw	703
C	-6	1	144	0.934756123901	norm	703
T	-5	1	277	0.343246592317	raw	703
T	-5	1	277	1.11185885551	norm	703
A	-5	1	207	0.256505576208	raw	703
A	-5	1	207	0.827975220502	norm	703
G	-5	1	164	0.20322180917	raw	703
G	-5	1	164	1.06625541912	norm	703
C	-5	1	159	0.197026022305	raw	703
C	-5	1	159	1.03212655347	norm	703
T	-4	1	300	0.371747211896	raw	703
T	-4	1	300	1.2041792659	norm	703
A	-4	1	213	0.263940520446	raw	703
A	-4	1	213	0.851974502256	norm	703
G	-4	1	149	0.184634448575	raw	703
G	-4	1	149	0.968732057619	norm	703
C	-4	1	145	0.179677819083	raw	703
C	-4	1	145	0.941247485872	norm	703
T	-3	1	251	0.31102850062	raw	703
T	-3	1	251	1.00749665247	norm	703
A	-3	1	224	0.277571251549	raw	703
A	-3	1	224	0.895973185471	norm	703
C	-3	1	192	0.237918215613	raw	703
C	-3	1	192	1.24634149853	norm	703
G	-3	1	140	0.173482032218	raw	703
G	-3	1	140	0.910218040716	norm	703
T	-2	1	299	0.370508054523	raw	703
T	-2	1	299	1.20016533501	norm	703
A	-2	1	216	0.267657992565	raw	703
A	-2	1	216	0.863974143133	norm	703
C	-2	1	148	0.183395291202	raw	703
C	-2	1	148	0.960721571787	norm	703
G	-2	1	144	0.17843866171	raw	703
G	-2	1	144	0.936224270451	norm	703
T	-1	1	269	0.333333333333	raw	703
T	-1	1	269	1.07974740842	norm	703
A	-1	1	227	0.281288723668	raw	703
A	-1	1	227	0.907972826348	norm	703
G	-1	1	171	0.211895910781	raw	703
G	-1	1	171	1.11176632116	norm	703
C	-1	1	140	0.173482032218	raw	703
C	-1	1	140	0.908790676015	norm	703
C	0	1	267	0.330855018587	raw	703
C	0	1	267	1.7331936464	norm	703
A	0	1	216	0.267657992565	raw	703
A	0	1	216	0.863974143133	norm	703
T	0	1	170	0.210656753408	raw	703
T	0	1	170	0.682368250676	norm	703
G	0	1	154	0.19083023544	raw	703
G	0	1	154	1.00123984479	norm	703
A	1	1	366	0.453531598513	raw	703
A	1	1	366	1.46395618697	norm	703
T	1	1	181	0.224287484511	raw	703
T	1	1	181	0.726521490426	norm	703
C	1	1	152	0.188351920694	raw	703
C	1	1	152	0.986687019673	norm	703
G	1	1	108	0.133828996283	raw	703
G	1	1	108	0.702168202838	norm	703
A	2	1	274	0.339529120198	raw	703
A	2	1	274	1.09596720008	norm	703
T	2	1	243	0.301115241636	raw	703
T	2	1	243	0.975385205378	norm	703
C	2	1	157	0.194547707559	raw	703
C	2	1	157	1.01914382953	norm	703
G	2	1	133	0.164807930607	raw	703
G	2	1	133	0.86470713868	norm	703
A	3	1	286	0.354399008674	raw	703
A	3	1	286	1.14396576359	norm	703
T	3	1	229	0.283767038414	raw	703
T	3	1	229	0.91919017297	norm	703
C	3	1	170	0.210656753408	raw	703
C	3	1	170	1.10353153516	norm	703
G	3	1	122	0.151177199504	raw	703
G	3	1	122	0.79319000691	norm	703
A	4	1	312	0.386617100372	raw	703
A	4	1	312	1.24796265119	norm	703
T	4	1	249	0.308550185874	raw	703
T	4	1	249	0.999468790696	norm	703
C	4	1	130	0.161090458488	raw	703
C	4	1	130	0.843877056299	norm	703
G	4	1	116	0.143742255266	raw	703
G	4	1	116	0.754180662308	norm	703
A	5	1	328	0.40644361834	raw	703
A	5	1	328	1.31196073587	norm	703
T	5	1	210	0.260223048327	raw	703
T	5	1	210	0.842925486129	norm	703
C	5	1	143	0.177199504337	raw	703
C	5	1	143	0.928264761929	norm	703
G	5	1	126	0.156133828996	raw	703
G	5	1	126	0.819196236645	norm	703
A	6	1	255	0.315985130112	raw	703
A	6	1	255	1.01996947453	norm	703
T	6	1	221	0.27385377943	raw	703
T	6	1	221	0.887078725879	norm	703
G	6	1	182	0.225526641884	raw	703
G	6	1	182	1.18328345293	norm	703
C	6	1	149	0.184634448575	raw	703
C	6	1	149	0.967212933758	norm	703
T	7	1	246	0.304832713755	raw	703
T	7	1	246	0.987426998037	norm	703
A	7	1	239	0.296158612144	raw	703
A	7	1	239	0.955971389855	norm	703
G	7	1	180	0.223048327138	raw	703
G	7	1	180	1.17028033806	norm	703
C	7	1	142	0.175960346964	raw	703
C	7	1	142	0.921773399958	norm	703
A	8	1	250	0.309789343247	raw	703
A	8	1	250	0.99997007307	norm	703
T	8	1	222	0.275092936803	raw	703
T	8	1	222	0.891092656765	norm	703
G	8	1	178	0.220570012392	raw	703
G	8	1	178	1.1572772232	norm	703
C	8	1	157	0.194547707559	raw	703
C	8	1	157	1.01914382953	norm	703
A	9	1	277	0.343246592317	raw	703
A	9	1	277	1.10796684096	norm	703
T	9	1	222	0.275092936803	raw	703
T	9	1	222	0.891092656765	norm	703
C	9	1	160	0.198265179678	raw	703
C	9	1	160	1.03861791545	norm	703
G	9	1	148	0.183395291202	raw	703
G	9	1	148	0.962230500186	norm	703
T	10	1	250	0.309789343247	raw	703
T	10	1	250	1.00348272158	norm	703
A	10	1	242	0.299876084263	raw	703
A	10	1	242	0.967971030732	norm	703
C	10	1	180	0.223048327138	raw	703
C	10	1	180	1.16844515488	norm	703
G	10	1	135	0.167286245353	raw	703
G	10	1	135	0.877710253548	norm	703
A	11	1	266	0.329615861214	raw	703
A	11	1	266	1.06396815775	norm	703
T	11	1	243	0.301115241636	raw	703
T	11	1	243	0.975385205378	norm	703
C	11	1	165	0.204460966543	raw	703
C	11	1	165	1.0710747253	norm	703
G	11	1	133	0.164807930607	raw	703
G	11	1	133	0.86470713868	norm	703
T	12	1	252	0.312267657993	raw	703
T	12	1	252	1.01151058336	norm	703
A	12	1	243	0.301115241636	raw	703
A	12	1	243	0.971970911024	norm	703
C	12	1	156	0.193308550186	raw	703
C	12	1	156	1.01265246756	norm	703
G	12	1	156	0.193308550186	raw	703
G	12	1	156	1.01424295966	norm	703
A	13	1	254	0.314745972739	raw	703
A	13	1	254	1.01596959424	norm	703
T	13	1	236	0.292441140025	raw	703
T	13	1	236	0.947287689174	norm	703
G	13	1	185	0.229244114002	raw	703
G	13	1	185	1.20278812523	norm	703
C	13	1	132	0.163568773234	raw	703
C	13	1	132	0.856859780242	norm	703
A	14	1	262	0.324659231722	raw	703
A	14	1	262	1.04796863658	norm	703
T	14	1	234	0.289962825279	raw	703
T	14	1	234	0.939259827401	norm	703
G	14	1	165	0.204460966543	raw	703
G	14	1	165	1.07275697656	norm	703
C	14	1	146	0.180916976456	raw	703
C	14	1	146	0.947738847844	norm	703
A	15	1	272	0.337050805452	raw	703
A	15	1	272	1.0879674395	norm	703
T	15	1	225	0.278810408922	raw	703
T	15	1	225	0.903134449424	norm	703
G	15	1	159	0.197026022305	raw	703
G	15	1	159	1.03374763196	norm	703
C	15	1	151	0.187112763321	raw	703
C	15	1	151	0.980195657701	norm	703
A	16	1	250	0.309789343247	raw	703
A	16	1	250	0.99997007307	norm	703
T	16	1	235	0.291201982652	raw	703
T	16	1	235	0.943273758288	norm	703
G	16	1	173	0.214374225527	raw	703
G	16	1	173	1.12476943603	norm	703
C	16	1	149	0.184634448575	raw	703
C	16	1	149	0.967212933758	norm	703
A	17	1	285	0.353159851301	raw	703
A	17	1	285	1.1399658833	norm	703
T	17	1	217	0.268897149938	raw	703
T	17	1	217	0.871023002334	norm	703
G	17	1	153	0.189591078067	raw	703
G	17	1	153	0.994738287354	norm	703
C	17	1	152	0.188351920694	raw	703
C	17	1	152	0.986687019673	norm	703
A	18	1	247	0.306071871128	raw	703
A	18	1	247	0.987970432193	norm	703
T	18	1	233	0.288723667906	raw	703
T	18	1	233	0.935245896515	norm	703
G	18	1	190	0.235439900867	raw	703
G	18	1	190	1.2352959124	norm	703
C	18	1	137	0.169764560099	raw	703
C	18	1	137	0.8893165901	norm	703
A	19	1	262	0.324659231722	raw	703
A	19	1	262	1.04796863658	norm	703
T	19	1	260	0.322180916976	raw	703
T	19	1	260	1.04362203045	norm	703
G	19	1	154	0.19083023544	raw	703
G	19	1	154	1.00123984479	norm	703
C	19	1	131	0.162329615861	raw	703
C	19	1	131	0.850368418271	norm	703
T	20	1	266	0.329615861214	raw	703
T	20	1	266	1.06770561576	norm	703
A	20	1	240	0.297397769517	raw	703
A	20	1	240	0.959971270147	norm	703
G	20	1	162	0.200743494424	raw	703
G	20	1	162	1.05325230426	norm	703
C	20	1	139	0.172242874845	raw	703
C	20	1	139	0.902299314043	norm	703
A	21	1	249	0.308550185874	raw	703
A	21	1	249	0.995970192778	norm	703
T	21	1	234	0.289962825279	raw	703
T	21	1	234	0.939259827401	norm	703
G	21	1	165	0.204460966543	raw	703
G	21	1	165	1.07275697656	norm	703
C	21	1	159	0.197026022305	raw	703
C	21	1	159	1.03212655347	norm	703
T	22	1	254	0.314745972739	raw	703
T	22	1	254	1.01953844513	norm	703
A	22	1	248	0.307311028501	raw	703
A	22	1	248	0.991970312486	norm	703
C	22	1	162	0.200743494424	raw	703
C	22	1	162	1.05160063939	norm	703
G	22	1	143	0.177199504337	raw	703
G	22	1	143	0.929722713017	norm	703
T	23	1	265	0.328376703841	raw	703
T	23	1	265	1.06369168488	norm	703
A	23	1	221	0.27385377943	raw	703
A	23	1	221	0.883973544594	norm	703
G	23	1	161	0.199504337051	raw	703
G	23	1	161	1.04675074682	norm	703
C	23	1	160	0.198265179678	raw	703
C	23	1	160	1.03861791545	norm	703
T	24	1	250	0.309789343247	raw	703
T	24	1	250	1.00348272158	norm	703
A	24	1	235	0.291201982652	raw	703
A	24	1	235	0.939971868686	norm	703
C	24	1	176	0.218091697646	raw	703
C	24	1	176	1.14247970699	norm	703
G	24	1	146	0.180916976456	raw	703
G	24	1	146	0.949227385318	norm	703
A	25	1	265	0.328376703841	raw	703
A	25	1	265	1.05996827745	norm	703
T	25	1	251	0.31102850062	raw	703
T	25	1	251	1.00749665247	norm	703
C	25	1	153	0.189591078067	raw	703
C	25	1	153	0.993178381645	norm	703
G	25	1	138	0.171003717472	raw	703
G	25	1	138	0.897214925849	norm	703
A	26	1	262	0.324659231722	raw	703
A	26	1	262	1.04796863658	norm	703
T	26	1	247	0.306071871128	raw	703
T	26	1	247	0.991440928924	norm	703
C	26	1	152	0.188351920694	raw	703
C	26	1	152	0.986687019673	norm	703
G	26	1	146	0.180916976456	raw	703
G	26	1	146	0.949227385318	norm	703
A	27	1	278	0.34448574969	raw	703
A	27	1	278	1.11196672125	norm	703
T	27	1	237	0.293680297398	raw	703
T	27	1	237	0.95130162006	norm	703
C	27	1	151	0.187112763321	raw	703
C	27	1	151	0.980195657701	norm	703
G	27	1	141	0.174721189591	raw	703
G	27	1	141	0.91671959815	norm	703
T	28	1	260	0.322180916976	raw	703
T	28	1	260	1.04362203045	norm	703
A	28	1	232	0.287484510533	raw	703
A	28	1	232	0.927972227809	norm	703
C	28	1	173	0.214374225527	raw	703
C	28	1	173	1.12300562108	norm	703
G	28	1	142	0.175960346964	raw	703
G	28	1	142	0.923221155584	norm	703
T	29	1	241	0.29863692689	raw	703
T	29	1	241	0.967357343606	norm	703
A	29	1	238	0.294919454771	raw	703
A	29	1	238	0.951971509563	norm	703
G	29	1	174	0.2156133829	raw	703
G	29	1	174	1.13127099346	norm	703
C	29	1	154	0.19083023544	raw	703
C	29	1	154	0.999669743616	norm	703
T	30	1	247	0.306071871128	raw	703
T	30	1	247	0.991440928924	norm	703
A	30	1	242	0.299876084263	raw	703
A	30	1	242	0.967971030732	norm	703
G	30	1	161	0.199504337051	raw	703
G	30	1	161	1.04675074682	norm	703
C	30	1	157	0.194547707559	raw	703
C	30	1	157	1.01914382953	norm	703
T	31	1	277	0.343246592317	raw	703
T	31	1	277	1.11185885551	norm	703
A	31	1	241	0.29863692689	raw	703
A	31	1	241	0.96397115044	norm	703
G	31	1	150	0.185873605948	raw	703
G	31	1	150	0.975233615053	norm	703
C	31	1	139	0.172242874845	raw	703
C	31	1	139	0.902299314043	norm	703
A	32	1	269	0.333333333333	raw	703
A	32	1	269	1.07596779862	norm	703
T	32	1	215	0.266418835192	raw	703
T	32	1	215	0.862995140561	norm	703
C	32	1	176	0.218091697646	raw	703
C	32	1	176	1.14247970699	norm	703
G	32	1	147	0.182156133829	raw	703
G	32	1	147	0.955728942752	norm	703
A	33	1	255	0.315985130112	raw	703
A	33	1	255	1.01996947453	norm	703
T	33	1	227	0.281288723668	raw	703
T	33	1	227	0.911162311197	norm	703
C	33	1	172	0.213135068154	raw	703
C	33	1	172	1.1165142591	norm	703
G	33	1	153	0.189591078067	raw	703
G	33	1	153	0.994738287354	norm	703
A	34	1	252	0.312267657993	raw	703
A	34	1	252	1.00796983365	norm	703
T	34	1	226	0.280049566295	raw	703
T	34	1	226	0.907148380311	norm	703
G	34	1	199	0.246592317224	raw	703
G	34	1	199	1.2938099293	norm	703
C	34	1	130	0.161090458488	raw	703
C	34	1	130	0.843877056299	norm	703
T	35	1	264	0.327137546468	raw	703
T	35	1	264	1.05967775399	norm	703
A	35	1	208	0.257744733581	raw	703
A	35	1	208	0.831975100794	norm	703
C	35	1	174	0.2156133829	raw	703
C	35	1	174	1.12949698305	norm	703
G	35	1	161	0.199504337051	raw	703
G	35	1	161	1.04675074682	norm	703
A	36	1	241	0.29863692689	raw	703
A	36	1	241	0.96397115044	norm	703
T	36	1	229	0.283767038414	raw	703
T	36	1	229	0.91919017297	norm	703
C	36	1	169	0.209417596035	raw	703
C	36	1	169	1.09704017319	norm	703
G	36	1	168	0.208178438662	raw	703
G	36	1	168	1.09226164886	norm	703
A	37	1	268	0.33209417596	raw	703
A	37	1	268	1.07196791833	norm	703
T	37	1	232	0.287484510533	raw	703
T	37	1	232	0.931231965629	norm	703
C	37	1	173	0.214374225527	raw	703
C	37	1	173	1.12300562108	norm	703
G	37	1	134	0.16604708798	raw	703
G	37	1	134	0.871208696114	norm	703
T	38	1	239	0.296158612144	raw	703
T	38	1	239	0.959329481833	norm	703
A	38	1	231	0.28624535316	raw	703
A	38	1	231	0.923972347517	norm	703
C	38	1	187	0.231722428748	raw	703
C	38	1	187	1.21388468868	norm	703
G	38	1	150	0.185873605948	raw	703
G	38	1	150	0.975233615053	norm	703
T	39	1	259	0.320941759603	raw	703
T	39	1	259	1.03960809956	norm	703
A	39	1	249	0.308550185874	raw	703
A	39	1	249	0.995970192778	norm	703
C	39	1	164	0.20322180917	raw	703
C	39	1	164	1.06458336333	norm	703
G	39	1	135	0.167286245353	raw	703
G	39	1	135	0.877710253548	norm	703
T	40	1	272	0.337050805452	raw	703
T	40	1	272	1.09178920108	norm	703
A	40	1	226	0.280049566295	raw	703
A	40	1	226	0.903972946055	norm	703
G	40	1	156	0.193308550186	raw	703
G	40	1	156	1.01424295966	norm	703
C	40	1	153	0.189591078067	raw	703
C	40	1	153	0.993178381645	norm	703
A	41	1	274	0.339529120198	raw	703
A	41	1	274	1.09596720008	norm	703
T	41	1	248	0.307311028501	raw	703
T	41	1	248	0.99545485981	norm	703
C	41	1	151	0.187112763321	raw	703
C	41	1	151	0.980195657701	norm	703
G	41	1	134	0.16604708798	raw	703
G	41	1	134	0.871208696114	norm	703
A	42	1	271	0.335811648079	raw	703
A	42	1	271	1.08396755921	norm	703
T	42	1	244	0.302354399009	raw	703
T	42	1	244	0.979399136265	norm	703
C	42	1	157	0.194547707559	raw	703
C	42	1	157	1.01914382953	norm	703
G	42	1	135	0.167286245353	raw	703
G	42	1	135	0.877710253548	norm	703
T	43	1	262	0.324659231722	raw	703
T	43	1	262	1.05164989222	norm	703
A	43	1	254	0.314745972739	raw	703
A	43	1	254	1.01596959424	norm	703
G	43	1	150	0.185873605948	raw	703
G	43	1	150	0.975233615053	norm	703
C	43	1	141	0.174721189591	raw	703
C	43	1	141	0.915282037986	norm	703
A	44	1	257	0.318463444857	raw	703
A	44	1	257	1.02796923512	norm	703
T	44	1	251	0.31102850062	raw	703
T	44	1	251	1.00749665247	norm	703
C	44	1	157	0.194547707559	raw	703
C	44	1	157	1.01914382953	norm	703
G	44	1	142	0.175960346964	raw	703
G	44	1	142	0.923221155584	norm	703
A	45	1	264	0.327137546468	raw	703
A	45	1	264	1.05596839716	norm	703
T	45	1	235	0.291201982652	raw	703
T	45	1	235	0.943273758288	norm	703
C	45	1	165	0.204460966543	raw	703
C	45	1	165	1.0710747253	norm	703
G	45	1	143	0.177199504337	raw	703
G	45	1	143	0.929722713017	norm	703
T	46	1	282	0.349442379182	raw	703
T	46	1	282	1.13192850995	norm	703
A	46	1	235	0.291201982652	raw	703
A	46	1	235	0.939971868686	norm	703
C	46	1	154	0.19083023544	raw	703
C	46	1	154	0.999669743616	norm	703
G	46	1	136	0.168525402726	raw	703
G	46	1	136	0.884211810981	norm	703
T	47	1	245	0.303593556382	raw	703
T	47	1	245	0.983413067151	norm	703
A	47	1	241	0.29863692689	raw	703
A	47	1	241	0.96397115044	norm	703
G	47	1	175	0.216852540273	raw	703
G	47	1	175	1.1377725509	norm	703
C	47	1	146	0.180916976456	raw	703
C	47	1	146	0.947738847844	norm	703
T	48	1	273	0.338289962825	raw	703
T	48	1	273	1.09580313197	norm	703
A	48	1	246	0.304832713755	raw	703
A	48	1	246	0.983970551901	norm	703
G	48	1	145	0.179677819083	raw	703
G	48	1	145	0.942725827885	norm	703
C	48	1	143	0.177199504337	raw	703
C	48	1	143	0.928264761929	norm	703
A	49	1	261	0.323420074349	raw	703
A	49	1	261	1.04396875629	norm	703
T	49	1	255	0.315985130112	raw	703
T	49	1	255	1.02355237601	norm	703
C	49	1	155	0.192069392813	raw	703
C	49	1	155	1.00616110559	norm	703
G	49	1	136	0.168525402726	raw	703
G	49	1	136	0.884211810981	norm	703
A	50	1	260	0.322180916976	raw	703
A	50	1	260	1.03996887599	norm	703
T	50	1	239	0.296158612144	raw	703
T	50	1	239	0.959329481833	norm	703
G	50	1	174	0.2156133829	raw	703
G	50	1	174	1.13127099346	norm	703
C	50	1	134	0.16604708798	raw	703
C	50	1	134	0.869842504185	norm	703
A	51	1	262	0.324659231722	raw	703
A	51	1	262	1.04796863658	norm	703
T	51	1	248	0.307311028501	raw	703
T	51	1	248	0.99545485981	norm	703
C	51	1	167	0.206939281289	raw	703
C	51	1	167	1.08405744925	norm	703
G	51	1	130	0.161090458488	raw	703
G	51	1	130	0.845202466379	norm	703
A	52	1	285	0.353159851301	raw	703
A	52	1	285	1.1399658833	norm	703
T	52	1	248	0.307311028501	raw	703
T	52	1	248	0.99545485981	norm	703
C	52	1	152	0.188351920694	raw	703
C	52	1	152	0.986687019673	norm	703
G	52	1	122	0.151177199504	raw	703
G	52	1	122	0.79319000691	norm	703
A	53	1	295	0.365551425031	raw	703
A	53	1	295	1.17996468622	norm	703
T	53	1	225	0.278810408922	raw	703
T	53	1	225	0.903134449424	norm	703
G	53	1	160	0.198265179678	raw	703
G	53	1	160	1.04024918939	norm	703
C	53	1	127	0.157372986369	raw	703
C	53	1	127	0.824402970385	norm	703
A	54	1	245	0.303593556382	raw	703
A	54	1	245	0.979970671609	norm	703
T	54	1	239	0.296158612144	raw	703
T	54	1	239	0.959329481833	norm	703
C	54	1	173	0.214374225527	raw	703
C	54	1	173	1.12300562108	norm	703
G	54	1	150	0.185873605948	raw	703
G	54	1	150	0.975233615053	norm	703
A	55	1	266	0.329615861214	raw	703
A	55	1	266	1.06396815775	norm	703
T	55	1	247	0.306071871128	raw	703
T	55	1	247	0.991440928924	norm	703
C	55	1	158	0.195786864932	raw	703
C	55	1	158	1.0256351915	norm	703
G	55	1	136	0.168525402726	raw	703
G	55	1	136	0.884211810981	norm	703
A	56	1	290	0.359355638166	raw	703
A	56	1	290	1.15996528476	norm	703
T	56	1	258	0.31970260223	raw	703
T	56	1	258	1.03559416867	norm	703
G	56	1	139	0.172242874845	raw	703
G	56	1	139	0.903716483282	norm	703
C	56	1	120	0.148698884758	raw	703
C	56	1	120	0.778963436584	norm	703
A	57	1	233	0.288723667906	raw	703
A	57	1	233	0.931972108101	norm	703
T	57	1	227	0.281288723668	raw	703
T	57	1	227	0.911162311197	norm	703
C	57	1	174	0.2156133829	raw	703
C	57	1	174	1.12949698305	norm	703
G	57	1	173	0.214374225527	raw	703
G	57	1	173	1.12476943603	norm	703
A	58	1	285	0.353159851301	raw	703
A	58	1	285	1.1399658833	norm	703
T	58	1	230	0.285006195787	raw	703
T	58	1	230	0.923204103856	norm	703
C	58	1	148	0.183395291202	raw	703
C	58	1	148	0.960721571787	norm	703
G	58	1	144	0.17843866171	raw	703
G	58	1	144	0.936224270451	norm	703
A	59	1	265	0.328376703841	raw	703
A	59	1	265	1.05996827745	norm	703
T	59	1	237	0.293680297398	raw	703
T	59	1	237	0.95130162006	norm	703
C	59	1	160	0.198265179678	raw	703
C	59	1	160	1.03861791545	norm	703
G	59	1	145	0.179677819083	raw	703
G	59	1	145	0.942725827885	norm	703
A	60	1	269	0.333333333333	raw	703
A	60	1	269	1.07596779862	norm	703
T	60	1	242	0.299876084263	raw	703
T	60	1	242	0.971371274492	norm	703
C	60	1	160	0.198265179678	raw	703
C	60	1	160	1.03861791545	norm	703
G	60	1	136	0.168525402726	raw	703
G	60	1	136	0.884211810981	norm	703
A	61	1	271	0.335811648079	raw	703
A	61	1	271	1.08396755921	norm	703
T	61	1	249	0.308550185874	raw	703
T	61	1	249	0.999468790696	norm	703
C	61	1	160	0.198265179678	raw	703
C	61	1	160	1.03861791545	norm	703
G	61	1	127	0.157372986369	raw	703
G	61	1	127	0.825697794078	norm	703
A	62	1	279	0.345724907063	raw	703
A	62	1	279	1.11596660155	norm	703
T	62	1	249	0.308550185874	raw	703
T	62	1	249	0.999468790696	norm	703
G	62	1	150	0.185873605948	raw	703
G	62	1	150	0.975233615053	norm	703
C	62	1	129	0.159851301115	raw	703
C	62	1	129	0.837385694328	norm	703
T	63	1	273	0.338289962825	raw	703
T	63	1	273	1.09580313197	norm	703
A	63	1	245	0.303593556382	raw	703
A	63	1	245	0.979970671609	norm	703
G	63	1	156	0.193308550186	raw	703
G	63	1	156	1.01424295966	norm	703
C	63	1	133	0.164807930607	raw	703
C	63	1	133	0.863351142214	norm	703
T	64	1	273	0.338289962825	raw	703
T	64	1	273	1.09580313197	norm	703
A	64	1	236	0.292441140025	raw	703
A	64	1	236	0.943971748978	norm	703
C	64	1	155	0.192069392813	raw	703
C	64	1	155	1.00616110559	norm	703
G	64	1	143	0.177199504337	raw	703
G	64	1	143	0.929722713017	norm	703
T	65	1	256	0.317224287485	raw	703
T	65	1	256	1.0275663069	norm	703
A	65	1	254	0.314745972739	raw	703
A	65	1	254	1.01596959424	norm	703
G	65	1	149	0.184634448575	raw	703
G	65	1	149	0.968732057619	norm	703
C	65	1	148	0.183395291202	raw	703
C	65	1	148	0.960721571787	norm	703
A	66	1	269	0.333333333333	raw	703
A	66	1	269	1.07596779862	norm	703
T	66	1	243	0.301115241636	raw	703
T	66	1	243	0.975385205378	norm	703
C	66	1	153	0.189591078067	raw	703
C	66	1	153	0.993178381645	norm	703
G	66	1	142	0.175960346964	raw	703
G	66	1	142	0.923221155584	norm	703
A	67	1	260	0.322180916976	raw	703
A	67	1	260	1.03996887599	norm	703
T	67	1	260	0.322180916976	raw	703
T	67	1	260	1.04362203045	norm	703
C	67	1	163	0.201982651797	raw	703
C	67	1	163	1.05809200136	norm	703
G	67	1	124	0.15365551425	raw	703
G	67	1	124	0.806193121777	norm	703
A	68	1	245	0.303593556382	raw	703
A	68	1	245	0.979970671609	norm	703
T	68	1	244	0.302354399009	raw	703
T	68	1	244	0.979399136265	norm	703
G	68	1	172	0.213135068154	raw	703
G	68	1	172	1.11826787859	norm	703
C	68	1	146	0.180916976456	raw	703
C	68	1	146	0.947738847844	norm	703
A	69	1	265	0.328376703841	raw	703
A	69	1	265	1.05996827745	norm	703
T	69	1	254	0.314745972739	raw	703
T	69	1	254	1.01953844513	norm	703
C	69	1	150	0.185873605948	raw	703
C	69	1	150	0.97370429573	norm	703
G	69	1	138	0.171003717472	raw	703
G	69	1	138	0.897214925849	norm	703
A	70	1	268	0.33209417596	raw	703
A	70	1	268	1.07196791833	norm	703
T	70	1	246	0.304832713755	raw	703
T	70	1	246	0.987426998037	norm	703
C	70	1	154	0.19083023544	raw	703
C	70	1	154	0.999669743616	norm	703
G	70	1	139	0.172242874845	raw	703
G	70	1	139	0.903716483282	norm	703
A	71	1	257	0.318463444857	raw	703
A	71	1	257	1.02796923512	norm	703
T	71	1	242	0.299876084263	raw	703
T	71	1	242	0.971371274492	norm	703
C	71	1	156	0.193308550186	raw	703
C	71	1	156	1.01265246756	norm	703
G	71	1	152	0.188351920694	raw	703
G	71	1	152	0.98823672992	norm	703
A	72	1	265	0.328376703841	raw	703
A	72	1	265	1.05996827745	norm	703
T	72	1	255	0.315985130112	raw	703
T	72	1	255	1.02355237601	norm	703
G	72	1	145	0.179677819083	raw	703
G	72	1	145	0.942725827885	norm	703
C	72	1	142	0.175960346964	raw	703
C	72	1	142	0.921773399958	norm	703
T	73	1	262	0.324659231722	raw	703
T	73	1	262	1.05164989222	norm	703
A	73	1	250	0.309789343247	raw	703
A	73	1	250	0.99997007307	norm	703
C	73	1	159	0.197026022305	raw	703
C	73	1	159	1.03212655347	norm	703
G	73	1	136	0.168525402726	raw	703
G	73	1	136	0.884211810981	norm	703
T	74	1	265	0.328376703841	raw	703
T	74	1	265	1.06369168488	norm	703
A	74	1	245	0.303593556382	raw	703
A	74	1	245	0.979970671609	norm	703
C	74	1	167	0.206939281289	raw	703
C	74	1	167	1.08405744925	norm	703
G	74	1	130	0.161090458488	raw	703
G	74	1	130	0.845202466379	norm	703
T	75	1	256	0.317224287485	raw	703
T	75	1	256	1.0275663069	norm	703
A	75	1	238	0.294919454771	raw	703
A	75	1	238	0.951971509563	norm	703
G	75	1	176	0.218091697646	raw	703
G	75	1	176	1.14427410833	norm	703
C	75	1	137	0.169764560099	raw	703
C	75	1	137	0.8893165901	norm	703
A	76	1	260	0.322180916976	raw	703
A	76	1	260	1.03996887599	norm	703
T	76	1	237	0.293680297398	raw	703
T	76	1	237	0.95130162006	norm	703
G	76	1	162	0.200743494424	raw	703
G	76	1	162	1.05325230426	norm	703
C	76	1	148	0.183395291202	raw	703
C	76	1	148	0.960721571787	norm	703
T	77	1	260	0.322180916976	raw	703
T	77	1	260	1.04362203045	norm	703
A	77	1	242	0.299876084263	raw	703
A	77	1	242	0.967971030732	norm	703
C	77	1	160	0.198265179678	raw	703
C	77	1	160	1.03861791545	norm	703
G	77	1	145	0.179677819083	raw	703
G	77	1	145	0.942725827885	norm	703
T	78	1	268	0.33209417596	raw	703
T	78	1	268	1.07573347754	norm	703
A	78	1	261	0.323420074349	raw	703
A	78	1	261	1.04396875629	norm	703
G	78	1	149	0.184634448575	raw	703
G	78	1	149	0.968732057619	norm	703
C	78	1	129	0.159851301115	raw	703
C	78	1	129	0.837385694328	norm	703
A	79	1	277	0.343246592317	raw	703
A	79	1	277	1.10796684096	norm	703
T	79	1	241	0.29863692689	raw	703
T	79	1	241	0.967357343606	norm	703
C	79	1	149	0.184634448575	raw	703
C	79	1	149	0.967212933758	norm	703
G	79	1	140	0.173482032218	raw	703
G	79	1	140	0.910218040716	norm	703
A	80	1	260	0.322180916976	raw	703
A	80	1	260	1.03996887599	norm	703
T	80	1	240	0.297397769517	raw	703
T	80	1	240	0.963343412719	norm	703
C	80	1	160	0.198265179678	raw	703
C	80	1	160	1.03861791545	norm	703
G	80	1	147	0.182156133829	raw	703
G	80	1	147	0.955728942752	norm	703
A	81	1	262	0.324659231722	raw	703
A	81	1	262	1.04796863658	norm	703
T	81	1	229	0.283767038414	raw	703
T	81	1	229	0.91919017297	norm	703
G	81	1	159	0.197026022305	raw	703
G	81	1	159	1.03374763196	norm	703
C	81	1	157	0.194547707559	raw	703
C	81	1	157	1.01914382953	norm	703
A	82	1	268	0.33209417596	raw	703
A	82	1	268	1.07196791833	norm	703
T	82	1	253	0.313506815366	raw	703
T	82	1	253	1.01552451424	norm	703
G	82	1	146	0.180916976456	raw	703
G	82	1	146	0.949227385318	norm	703
C	82	1	140	0.173482032218	raw	703
C	82	1	140	0.908790676015	norm	703
A	83	1	265	0.328376703841	raw	703
A	83	1	265	1.05996827745	norm	703
T	83	1	233	0.288723667906	raw	703
T	83	1	233	0.935245896515	norm	703
G	83	1	157	0.194547707559	raw	703
G	83	1	157	1.02074451709	norm	703
C	83	1	152	0.188351920694	raw	703
C	83	1	152	0.986687019673	norm	703
A	84	1	280	0.346964064436	raw	703
A	84	1	280	1.11996648184	norm	703
T	84	1	215	0.266418835192	raw	703
T	84	1	215	0.862995140561	norm	703
C	84	1	175	0.216852540273	raw	703
C	84	1	175	1.13598834502	norm	703
G	84	1	137	0.169764560099	raw	703
G	84	1	137	0.890713368415	norm	703
T	85	1	244	0.302354399009	raw	703
T	85	1	244	0.979399136265	norm	703
A	85	1	226	0.280049566295	raw	703
A	85	1	226	0.903972946055	norm	703
G	85	1	173	0.214374225527	raw	703
G	85	1	173	1.12476943603	norm	703
C	85	1	164	0.20322180917	raw	703
C	85	1	164	1.06458336333	norm	703
T	86	1	268	0.33209417596	raw	703
T	86	1	268	1.07573347754	norm	703
A	86	1	233	0.288723667906	raw	703
A	86	1	233	0.931972108101	norm	703
G	86	1	169	0.209417596035	raw	703
G	86	1	169	1.09876320629	norm	703
C	86	1	137	0.169764560099	raw	703
C	86	1	137	0.8893165901	norm	703
A	87	1	280	0.346964064436	raw	703
A	87	1	280	1.11996648184	norm	703
T	87	1	229	0.283767038414	raw	703
T	87	1	229	0.91919017297	norm	703
C	87	1	156	0.193308550186	raw	703
C	87	1	156	1.01265246756	norm	703
G	87	1	142	0.175960346964	raw	703
G	87	1	142	0.923221155584	norm	703
T	88	1	266	0.329615861214	raw	703
T	88	1	266	1.06770561576	norm	703
A	88	1	246	0.304832713755	raw	703
A	88	1	246	0.983970551901	norm	703
C	88	1	155	0.192069392813	raw	703
C	88	1	155	1.00616110559	norm	703
G	88	1	140	0.173482032218	raw	703
G	88	1	140	0.910218040716	norm	703
A	89	1	270	0.334572490706	raw	703
A	89	1	270	1.07996767892	norm	703
T	89	1	239	0.296158612144	raw	703
T	89	1	239	0.959329481833	norm	703
G	89	1	158	0.195786864932	raw	703
G	89	1	158	1.02724607452	norm	703
C	89	1	140	0.173482032218	raw	703
C	89	1	140	0.908790676015	norm	703
A	90	1	243	0.301115241636	raw	703
A	90	1	243	0.971970911024	norm	703
T	90	1	236	0.292441140025	raw	703
T	90	1	236	0.947287689174	norm	703
G	90	1	165	0.204460966543	raw	703
G	90	1	165	1.07275697656	norm	703
C	90	1	163	0.201982651797	raw	703
C	90	1	163	1.05809200136	norm	703
T	91	1	268	0.33209417596	raw	703
T	91	1	268	1.07573347754	norm	703
A	91	1	250	0.309789343247	raw	703
A	91	1	250	0.99997007307	norm	703
G	91	1	150	0.185873605948	raw	703
G	91	1	150	0.975233615053	norm	703
C	91	1	139	0.172242874845	raw	703
C	91	1	139	0.902299314043	norm	703
A	92	1	254	0.314745972739	raw	703
A	92	1	254	1.01596959424	norm	703
T	92	1	234	0.289962825279	raw	703
T	92	1	234	0.939259827401	norm	703
C	92	1	166	0.205700123916	raw	703
C	92	1	166	1.07756608727	norm	703
G	92	1	153	0.189591078067	raw	703
G	92	1	153	0.994738287354	norm	703
A	93	1	277	0.343246592317	raw	703
A	93	1	277	1.10796684096	norm	703
T	93	1	214	0.265179677819	raw	703
T	93	1	214	0.858981209675	norm	703
G	93	1	170	0.210656753408	raw	703
G	93	1	170	1.10526476373	norm	703
C	93	1	146	0.180916976456	raw	703
C	93	1	146	0.947738847844	norm	703
A	94	1	258	0.31970260223	raw	703
A	94	1	258	1.03196911541	norm	703
T	94	1	245	0.303593556382	raw	703
T	94	1	245	0.983413067151	norm	703
C	94	1	168	0.208178438662	raw	703
C	94	1	168	1.09054881122	norm	703
G	94	1	136	0.168525402726	raw	703
G	94	1	136	0.884211810981	norm	703
A	95	1	260	0.322180916976	raw	703
A	95	1	260	1.03996887599	norm	703
T	95	1	245	0.303593556382	raw	703
T	95	1	245	0.983413067151	norm	703
C	95	1	153	0.189591078067	raw	703
C	95	1	153	0.993178381645	norm	703
G	95	1	149	0.184634448575	raw	703
G	95	1	149	0.968732057619	norm	703
A	96	1	260	0.322180916976	raw	703
A	96	1	260	1.03996887599	norm	703
T	96	1	260	0.322180916976	raw	703
T	96	1	260	1.04362203045	norm	703
G	96	1	161	0.199504337051	raw	703
G	96	1	161	1.04675074682	norm	703
C	96	1	126	0.156133828996	raw	703
C	96	1	126	0.817911608413	norm	703
A	97	1	270	0.334572490706	raw	703
A	97	1	270	1.07996767892	norm	703
T	97	1	261	0.323420074349	raw	703
T	97	1	261	1.04763596133	norm	703
C	97	1	156	0.193308550186	raw	703
C	97	1	156	1.01265246756	norm	703
G	97	1	120	0.148698884758	raw	703
G	97	1	120	0.780186892042	norm	703
A	98	1	263	0.325898389095	raw	703
A	98	1	263	1.05196851687	norm	703
T	98	1	239	0.296158612144	raw	703
T	98	1	239	0.959329481833	norm	703
C	98	1	156	0.193308550186	raw	703
C	98	1	156	1.01265246756	norm	703
G	98	1	149	0.184634448575	raw	703
G	98	1	149	0.968732057619	norm	703
A	99	1	274	0.339529120198	raw	703
A	99	1	274	1.09596720008	norm	703
T	99	1	226	0.280049566295	raw	703
T	99	1	226	0.907148380311	norm	703
C	99	1	154	0.19083023544	raw	703
C	99	1	154	0.999669743616	norm	703
G	99	1	153	0.189591078067	raw	703
G	99	1	153	0.994738287354	norm	703
A	100	1	250	0.309789343247	raw	703
A	100	1	250	0.99997007307	norm	703
T	100	1	226	0.280049566295	raw	703
T	100	1	226	0.907148380311	norm	703
C	100	1	190	0.235439900867	raw	703
C	100	1	190	1.23335877459	norm	703
G	100	1	141	0.174721189591	raw	703
G	100	1	141	0.91671959815	norm	703
