#nuc	offset	region.size	count	freq	norm.freq	total.sites
T	-100	1	13097	0.42515825353	raw	7570
T	-100	1	13097	1.04395860278	norm	7570
A	-100	1	12196	0.39590975491	raw	7570
A	-100	1	12196	0.938946138031	norm	7570
C	-100	1	2918	0.0947248823243	raw	7570
C	-100	1	2918	1.18394370988	norm	7570
G	-100	1	2594	0.0842071092355	raw	7570
G	-100	1	2594	0.924510639077	norm	7570
T	-99	1	12488	0.405388735595	raw	7570
T	-99	1	12488	0.995415364704	norm	7570
A	-99	1	12322	0.4	raw	7570
A	-99	1	12322	0.948646631094	norm	7570
C	-99	1	3053	0.099107287778	raw	7570
C	-99	1	3053	1.23871835033	norm	7570
G	-99	1	2942	0.0955039766272	raw	7570
G	-99	1	2942	1.04853905172	norm	7570
A	-98	1	12895	0.418600876481	raw	7570
A	-98	1	12895	0.992760778116	norm	7570
T	-98	1	12301	0.399318292485	raw	7570
T	-98	1	12301	0.980509641354	norm	7570
C	-98	1	2994	0.0971920142834	raw	7570
C	-98	1	2994	1.21477980376	norm	7570
G	-98	1	2615	0.0848888167505	raw	7570
G	-98	1	2615	0.931995112254	norm	7570
T	-97	1	12884	0.418243791592	raw	7570
T	-97	1	12884	1.02698042592	norm	7570
A	-97	1	12267	0.398214575556	raw	7570
A	-97	1	12267	0.944412288884	norm	7570
C	-97	1	3172	0.10297029703	raw	7570
C	-97	1	3172	1.28700118154	norm	7570
G	-97	1	2482	0.0805713358221	raw	7570
G	-97	1	2482	0.884593448801	norm	7570
T	-96	1	12598	0.408959584483	raw	7570
T	-96	1	12598	1.00418343726	norm	7570
A	-96	1	12256	0.397857490667	raw	7570
A	-96	1	12256	0.943565420442	norm	7570
C	-96	1	3433	0.111442947573	raw	7570
C	-96	1	3433	1.39289881974	norm	7570
G	-96	1	2518	0.0817399772764	raw	7570
G	-96	1	2518	0.897423974247	norm	7570
T	-95	1	13061	0.423989612076	raw	7570
T	-95	1	13061	1.04108905176	norm	7570
A	-95	1	12263	0.398084726505	raw	7570
A	-95	1	12263	0.944104336723	norm	7570
C	-95	1	2984	0.0968673916572	raw	7570
C	-95	1	2984	1.21072242299	norm	7570
G	-95	1	2497	0.0810582697614	raw	7570
G	-95	1	2497	0.88993950107	norm	7570
A	-94	1	12684	0.411751339068	raw	7570
A	-94	1	12684	0.976516301639	norm	7570
T	-94	1	12576	0.408245414705	raw	7570
T	-94	1	12576	1.00242982275	norm	7570
C	-94	1	3048	0.0989449764649	raw	7570
C	-94	1	3048	1.23668965994	norm	7570
G	-94	1	2497	0.0810582697614	raw	7570
G	-94	1	2497	0.88993950107	norm	7570
A	-93	1	12416	0.403051452686	raw	7570
A	-93	1	12416	0.95588350687	norm	7570
T	-93	1	12154	0.39454633988	raw	7570
T	-93	1	12154	0.968792308025	norm	7570
C	-93	1	3144	0.102061353676	raw	7570
C	-93	1	3144	1.27564051537	norm	7570
G	-93	1	3091	0.100340853758	raw	7570
G	-93	1	3091	1.10164317093	norm	7570
A	-92	1	12849	0.417107612401	raw	7570
A	-92	1	12849	0.989219328268	norm	7570
T	-92	1	12573	0.408148027918	raw	7570
T	-92	1	12573	1.0021906935	norm	7570
C	-92	1	2864	0.0929719201428	raw	7570
C	-92	1	2864	1.1620338537	norm	7570
G	-92	1	2519	0.081772439539	raw	7570
G	-92	1	2519	0.897780377731	norm	7570
T	-91	1	12658	0.41090732024	raw	7570
T	-91	1	12658	1.0089660223	norm	7570
A	-91	1	12464	0.404609641292	raw	7570
A	-91	1	12464	0.959578932799	norm	7570
C	-91	1	2986	0.0969323161824	raw	7570
C	-91	1	2986	1.21153389914	norm	7570
G	-91	1	2697	0.0875507222853	raw	7570
G	-91	1	2697	0.961220197992	norm	7570
T	-90	1	12820	0.416166206785	raw	7570
T	-90	1	12820	1.02187900188	norm	7570
A	-90	1	11921	0.386982632689	raw	7570
A	-90	1	11921	0.917774426981	norm	7570
C	-90	1	3226	0.104723259211	raw	7570
C	-90	1	3226	1.30891103772	norm	7570
G	-90	1	2838	0.0921279013147	raw	7570
G	-90	1	2838	1.01147308932	norm	7570
T	-89	1	12766	0.414413244603	raw	7570
T	-89	1	12766	1.01757467535	norm	7570
A	-89	1	12424	0.403311150787	raw	7570
A	-89	1	12424	0.956499411192	norm	7570
G	-89	1	2970	0.0964129199805	raw	7570
G	-89	1	2970	1.05851834929	norm	7570
C	-89	1	2645	0.0858626846291	raw	7570
C	-89	1	2645	1.07317721475	norm	7570
T	-88	1	13008	0.422269112157	raw	7570
T	-88	1	13008	1.03686443498	norm	7570
A	-88	1	12283	0.398733971758	raw	7570
A	-88	1	12283	0.945644097527	norm	7570
C	-88	1	2916	0.0946599577991	raw	7570
C	-88	1	2916	1.18313223372	norm	7570
G	-88	1	2598	0.084336958286	raw	7570
G	-88	1	2598	0.925936253016	norm	7570
T	-87	1	12434	0.403635773413	raw	7570
T	-87	1	12434	0.991111038175	norm	7570
A	-87	1	12077	0.392046745658	raw	7570
A	-87	1	12077	0.92978456125	norm	7570
C	-87	1	3264	0.105956825191	raw	7570
C	-87	1	3264	1.32432908466	norm	7570
G	-87	1	3030	0.0983606557377	raw	7570
G	-87	1	3030	1.07990255837	norm	7570
T	-86	1	13257	0.430352215549	raw	7570
T	-86	1	13257	1.05671216287	norm	7570
A	-86	1	12097	0.392695990911	raw	7570
A	-86	1	12097	0.931324322053	norm	7570
C	-86	1	2731	0.0886544392144	raw	7570
C	-86	1	2731	1.1080706894	norm	7570
G	-86	1	2720	0.0882973543256	raw	7570
G	-86	1	2720	0.969417478138	norm	7570
T	-85	1	12740	0.413569225775	raw	7570
T	-85	1	12740	1.01550222184	norm	7570
A	-85	1	11992	0.389287453335	raw	7570
A	-85	1	11992	0.923240577834	norm	7570
C	-85	1	3342	0.108488881675	raw	7570
C	-85	1	3342	1.3559766547	norm	7570
G	-85	1	2731	0.0886544392144	raw	7570
G	-85	1	2731	0.973337916469	norm	7570
T	-84	1	12531	0.406784612888	raw	7570
T	-84	1	12531	0.998842883977	norm	7570
A	-84	1	12147	0.394319104042	raw	7570
A	-84	1	12147	0.935173724062	norm	7570
C	-84	1	3239	0.105145268625	raw	7570
C	-84	1	3239	1.31418563273	norm	7570
G	-84	1	2888	0.0937510144457	raw	7570
G	-84	1	2888	1.02929326355	norm	7570
T	-83	1	13041	0.423340366824	raw	7570
T	-83	1	13041	1.03949485675	norm	7570
A	-83	1	12019	0.390163934426	raw	7570
A	-83	1	12019	0.925319254919	norm	7570
C	-83	1	3078	0.0999188443435	raw	7570
C	-83	1	3078	1.24886180226	norm	7570
G	-83	1	2667	0.0865768544068	raw	7570
G	-83	1	2667	0.950528093454	norm	7570
A	-82	1	12500	0.405778282746	raw	7570
A	-82	1	12500	0.962350502245	norm	7570
T	-82	1	12288	0.398896283071	raw	7570
T	-82	1	12288	0.979473414597	norm	7570
C	-82	1	3159	0.102548287616	raw	7570
C	-82	1	3159	1.28172658653	norm	7570
G	-82	1	2858	0.0927771465671	raw	7570
G	-82	1	2858	1.01860115901	norm	7570
T	-81	1	12749	0.413861386139	raw	7570
T	-81	1	12749	1.01621960959	norm	7570
A	-81	1	11671	0.378867067035	raw	7570
A	-81	1	11671	0.898527416937	norm	7570
G	-81	1	3394	0.110176919331	raw	7570
G	-81	1	3394	1.20963342676	norm	7570
C	-81	1	2991	0.0970946274955	raw	7570
C	-81	1	2991	1.21356258953	norm	7570
T	-80	1	12740	0.413569225775	raw	7570
T	-80	1	12740	1.01550222184	norm	7570
A	-80	1	12348	0.400844018828	raw	7570
A	-80	1	12348	0.950648320138	norm	7570
G	-80	1	2889	0.0937834767083	raw	7570
G	-80	1	2889	1.02964966704	norm	7570
C	-80	1	2828	0.0918032786885	raw	7570
C	-80	1	2828	1.14742728291	norm	7570
T	-79	1	13100	0.425255640318	raw	7570
T	-79	1	13100	1.04419773203	norm	7570
A	-79	1	11974	0.388703132608	raw	7570
A	-79	1	11974	0.921854793111	norm	7570
C	-79	1	3113	0.101055023535	raw	7570
C	-79	1	3113	1.26306263497	norm	7570
G	-79	1	2618	0.0849862035384	raw	7570
G	-79	1	2618	0.933064322708	norm	7570
T	-78	1	13212	0.428891413732	raw	7570
T	-78	1	13212	1.05312522409	norm	7570
A	-78	1	11621	0.377243953904	raw	7570
A	-78	1	11621	0.894678014928	norm	7570
C	-78	1	3144	0.102061353676	raw	7570
C	-78	1	3144	1.27564051537	norm	7570
G	-78	1	2828	0.0918032786885	raw	7570
G	-78	1	2828	1.00790905448	norm	7570
A	-77	1	12507	0.406005518585	raw	7570
A	-77	1	12507	0.962889418527	norm	7570
T	-77	1	12444	0.40396039604	raw	7570
T	-77	1	12444	0.99190813568	norm	7570
C	-77	1	3075	0.0998214575556	raw	7570
C	-77	1	3075	1.24764458803	norm	7570
G	-77	1	2779	0.0902126278202	raw	7570
G	-77	1	2779	0.99044528373	norm	7570
T	-76	1	13079	0.424573932803	raw	7570
T	-76	1	13079	1.04252382727	norm	7570
A	-76	1	11967	0.38847589677	raw	7570
A	-76	1	11967	0.92131587683	norm	7570
C	-76	1	2970	0.0964129199805	raw	7570
C	-76	1	2970	1.2050420899	norm	7570
G	-76	1	2789	0.0905372504464	raw	7570
G	-76	1	2789	0.994009318576	norm	7570
T	-75	1	12724	0.413049829573	raw	7570
T	-75	1	12724	1.01422686583	norm	7570
A	-75	1	12253	0.397760103879	raw	7570
A	-75	1	12253	0.943334456321	norm	7570
G	-75	1	2947	0.0956662879403	raw	7570
G	-75	1	2947	1.05032106914	norm	7570
C	-75	1	2881	0.0935237786074	raw	7570
C	-75	1	2881	1.16893140101	norm	7570
T	-74	1	12887	0.41834117838	raw	7570
T	-74	1	12887	1.02721955517	norm	7570
A	-74	1	12081	0.392176594709	raw	7570
A	-74	1	12081	0.93009251341	norm	7570
C	-74	1	3000	0.0973867878591	raw	7570
C	-74	1	3000	1.21721423223	norm	7570
G	-74	1	2837	0.0920954390521	raw	7570
G	-74	1	2837	1.01111668584	norm	7570
T	-73	1	12571	0.408083103392	raw	7570
T	-73	1	12571	1.002031274	norm	7570
A	-73	1	12073	0.391916896608	raw	7570
A	-73	1	12073	0.929476609089	norm	7570
C	-73	1	3298	0.10706054212	raw	7570
C	-73	1	3298	1.33812417929	norm	7570
G	-73	1	2863	0.0929394578802	raw	7570
G	-73	1	2863	1.02038317644	norm	7570
T	-72	1	12672	0.411361791917	raw	7570
T	-72	1	12672	1.0100819588	norm	7570
A	-72	1	11875	0.385489368609	raw	7570
A	-72	1	11875	0.914232977133	norm	7570
C	-72	1	3164	0.102710598929	raw	7570
C	-72	1	3164	1.28375527692	norm	7570
G	-72	1	3094	0.100438240545	raw	7570
G	-72	1	3094	1.10271238138	norm	7570
A	-71	1	12466	0.404674565817	raw	7570
A	-71	1	12466	0.959732908879	norm	7570
T	-71	1	12459	0.404447329979	raw	7570
T	-71	1	12459	0.993103781938	norm	7570
G	-71	1	3079	0.0999513066061	raw	7570
G	-71	1	3079	1.09736632911	norm	7570
C	-71	1	2801	0.0909267975978	raw	7570
C	-71	1	2801	1.13647235482	norm	7570
T	-70	1	12809	0.415809121896	raw	7570
T	-70	1	12809	1.02100219463	norm	7570
A	-70	1	12365	0.401395877293	raw	7570
A	-70	1	12365	0.951957116821	norm	7570
C	-70	1	3145	0.102093815939	raw	7570
C	-70	1	3145	1.27604625345	norm	7570
G	-70	1	2486	0.0807011848726	raw	7570
G	-70	1	2486	0.886019062739	norm	7570
T	-69	1	12592	0.408764810907	raw	7570
T	-69	1	12592	1.00370517876	norm	7570
A	-69	1	11781	0.382437915923	raw	7570
A	-69	1	11781	0.906996101356	norm	7570
C	-69	1	3296	0.106995617595	raw	7570
C	-69	1	3296	1.33731270314	norm	7570
G	-69	1	3136	0.101801655575	raw	7570
G	-69	1	3136	1.11768132774	norm	7570
A	-68	1	12432	0.403570848888	raw	7570
A	-68	1	12432	0.957115315513	norm	7570
T	-68	1	12296	0.399155981172	raw	7570
T	-68	1	12296	0.980111092601	norm	7570
C	-68	1	3119	0.101249797111	raw	7570
C	-68	1	3119	1.26549706344	norm	7570
G	-68	1	2958	0.0960233728291	raw	7570
G	-68	1	2958	1.05424150748	norm	7570
T	-67	1	12705	0.412433046583	raw	7570
T	-67	1	12705	1.01271238057	norm	7570
A	-67	1	12161	0.394773575718	raw	7570
A	-67	1	12161	0.936251556625	norm	7570
C	-67	1	3142	0.101996429151	raw	7570
C	-67	1	3142	1.27482903922	norm	7570
G	-67	1	2797	0.0907969485473	raw	7570
G	-67	1	2797	0.996860546453	norm	7570
T	-66	1	12458	0.404414867716	raw	7570
T	-66	1	12458	0.993024072188	norm	7570
A	-66	1	12059	0.391462424931	raw	7570
A	-66	1	12059	0.928398776526	norm	7570
G	-66	1	3229	0.104820645999	raw	7570
G	-66	1	3229	1.1508268518	norm	7570
C	-66	1	3059	0.0993020613537	raw	7570
C	-66	1	3059	1.24115277879	norm	7570
A	-65	1	12788	0.415127414381	raw	7570
A	-65	1	12788	0.984523057817	norm	7570
T	-65	1	11930	0.387274793053	raw	7570
T	-65	1	11930	0.950937323904	norm	7570
G	-65	1	3063	0.0994319104042	raw	7570
G	-65	1	3063	1.09166387336	norm	7570
C	-65	1	3024	0.098165882162	raw	7570
C	-65	1	3024	1.22695194608	norm	7570
A	-64	1	12774	0.414672942704	raw	7570
A	-64	1	12774	0.983445225255	norm	7570
T	-64	1	12508	0.406037980847	raw	7570
T	-64	1	12508	0.997009559715	norm	7570
C	-64	1	3241	0.10521019315	raw	7570
C	-64	1	3241	1.31499710888	norm	7570
G	-64	1	2282	0.0740788832982	raw	7570
G	-64	1	2282	0.813312751879	norm	7570
T	-63	1	12750	0.413893848401	raw	7570
T	-63	1	12750	1.01629931934	norm	7570
A	-63	1	12012	0.389936698588	raw	7570
A	-63	1	12012	0.924780338638	norm	7570
C	-63	1	3180	0.103229995131	raw	7570
C	-63	1	3180	1.29024708616	norm	7570
G	-63	1	2863	0.0929394578802	raw	7570
G	-63	1	2863	1.02038317644	norm	7570
T	-62	1	12866	0.417659470865	raw	7570
T	-62	1	12866	1.02554565041	norm	7570
A	-62	1	12084	0.392273981497	raw	7570
A	-62	1	12084	0.930323477531	norm	7570
C	-62	1	3120	0.101282259373	raw	7570
C	-62	1	3120	1.26590280151	norm	7570
G	-62	1	2735	0.0887842882649	raw	7570
G	-62	1	2735	0.974763530407	norm	7570
T	-61	1	12689	0.411913650381	raw	7570
T	-61	1	12689	1.01143702456	norm	7570
A	-61	1	12324	0.400064924525	raw	7570
A	-61	1	12324	0.948800607174	norm	7570
C	-61	1	3309	0.107417627009	raw	7570
C	-61	1	3309	1.34258729815	norm	7570
G	-61	1	2483	0.0806037980847	raw	7570
G	-61	1	2483	0.884949852286	norm	7570
T	-60	1	12626	0.409868527836	raw	7570
T	-60	1	12626	1.00641531028	norm	7570
A	-60	1	11682	0.379224151923	raw	7570
A	-60	1	11682	0.899374285379	norm	7570
G	-60	1	3249	0.105469891251	raw	7570
G	-60	1	3249	1.1579549215	norm	7570
C	-60	1	3248	0.105437428989	raw	7570
C	-60	1	3248	1.31783727542	norm	7570
A	-59	1	12769	0.414510631391	raw	7570
A	-59	1	12769	0.983060285054	norm	7570
T	-59	1	12521	0.406459990261	raw	7570
T	-59	1	12521	0.998045786472	norm	7570
C	-59	1	2766	0.0897906184061	raw	7570
C	-59	1	2766	1.12227152211	norm	7570
G	-59	1	2749	0.0892387599416	raw	7570
G	-59	1	2749	0.979753179192	norm	7570
T	-58	1	13199	0.428469404317	raw	7570
T	-58	1	13199	1.05208899734	norm	7570
A	-58	1	11423	0.370816425905	raw	7570
A	-58	1	11423	0.879434382972	norm	7570
C	-58	1	3353	0.108845966564	raw	7570
C	-58	1	3353	1.36043977355	norm	7570
G	-58	1	2830	0.0918682032138	raw	7570
G	-58	1	2830	1.00862186145	norm	7570
T	-57	1	12627	0.409900990099	raw	7570
T	-57	1	12627	1.00649502003	norm	7570
A	-57	1	11768	0.382015906509	raw	7570
A	-57	1	11768	0.905995256834	norm	7570
C	-57	1	3318	0.107709787372	raw	7570
C	-57	1	3318	1.34623894084	norm	7570
G	-57	1	3092	0.10037331602	raw	7570
G	-57	1	3092	1.10199957441	norm	7570
T	-56	1	12435	0.403668235676	raw	7570
T	-56	1	12435	0.991190747925	norm	7570
A	-56	1	12357	0.401136179192	raw	7570
A	-56	1	12357	0.9513412125	norm	7570
C	-56	1	3022	0.0981009576367	raw	7570
C	-56	1	3022	1.22614046993	norm	7570
G	-56	1	2991	0.0970946274955	raw	7570
G	-56	1	2991	1.06600282247	norm	7570
T	-55	1	12685	0.411783801331	raw	7570
T	-55	1	12685	1.01111818556	norm	7570
A	-55	1	12235	0.397175783152	raw	7570
A	-55	1	12235	0.941948671598	norm	7570
C	-55	1	3081	0.100016231131	raw	7570
C	-55	1	3081	1.2500790165	norm	7570
G	-55	1	2804	0.0910241843857	raw	7570
G	-55	1	2804	0.999355370845	norm	7570
A	-54	1	12299	0.39925336796	raw	7570
A	-54	1	12299	0.946875906169	norm	7570
T	-54	1	12071	0.391851972082	raw	7570
T	-54	1	12071	0.96217639873	norm	7570
G	-54	1	3314	0.107579938322	raw	7570
G	-54	1	3314	1.181121148	norm	7570
C	-54	1	3121	0.101314721636	raw	7570
C	-54	1	3121	1.26630853959	norm	7570
T	-53	1	12650	0.410647622139	raw	7570
T	-53	1	12650	1.00832834429	norm	7570
A	-53	1	12153	0.394513877617	raw	7570
A	-53	1	12153	0.935635652303	norm	7570
G	-53	1	3102	0.100697938646	raw	7570
G	-53	1	3102	1.10556360926	norm	7570
C	-53	1	2900	0.0941405615971	raw	7570
C	-53	1	2900	1.17664042448	norm	7570
A	-52	1	12456	0.404349943191	raw	7570
A	-52	1	12456	0.958963028478	norm	7570
T	-52	1	12266	0.398182113293	raw	7570
T	-52	1	12266	0.977719800085	norm	7570
C	-52	1	3159	0.102548287616	raw	7570
C	-52	1	3159	1.28172658653	norm	7570
G	-52	1	2924	0.0949196559	raw	7570
G	-52	1	2924	1.042123789	norm	7570
A	-51	1	12166	0.394935887031	raw	7570
A	-51	1	12166	0.936636496825	norm	7570
T	-51	1	12095	0.392631066385	raw	7570
T	-51	1	12095	0.964089432743	norm	7570
C	-51	1	3296	0.106995617595	raw	7570
C	-51	1	3296	1.33731270314	norm	7570
G	-51	1	3248	0.105437428989	raw	7570
G	-51	1	3248	1.15759851801	norm	7570
T	-50	1	12452	0.404220094141	raw	7570
T	-50	1	12452	0.992545813685	norm	7570
A	-50	1	12099	0.392760915436	raw	7570
A	-50	1	12099	0.931478298133	norm	7570
G	-50	1	3240	0.105177730888	raw	7570
G	-50	1	3240	1.15474729013	norm	7570
C	-50	1	3014	0.0978412595358	raw	7570
C	-50	1	3014	1.22289456531	norm	7570
T	-49	1	12556	0.407596169453	raw	7570
T	-49	1	12556	1.00083562774	norm	7570
A	-49	1	12425	0.40334361305	raw	7570
A	-49	1	12425	0.956576399232	norm	7570
C	-49	1	3113	0.101055023535	raw	7570
C	-49	1	3113	1.26306263497	norm	7570
G	-49	1	2711	0.088005193962	raw	7570
G	-49	1	2711	0.966209846777	norm	7570
A	-48	1	12147	0.394319104042	raw	7570
A	-48	1	12147	0.935173724062	norm	7570
T	-48	1	12087	0.392371368284	raw	7570
T	-48	1	12087	0.963451754739	norm	7570
C	-48	1	3625	0.117675701996	raw	7570
C	-48	1	3625	1.47080053061	norm	7570
G	-48	1	2946	0.0956338256776	raw	7570
G	-48	1	2946	1.04996466566	norm	7570
T	-47	1	12356	0.401103716929	raw	7570
T	-47	1	12356	0.984893677633	norm	7570
A	-47	1	12325	0.400097386788	raw	7570
A	-47	1	12325	0.948877595214	norm	7570
C	-47	1	3166	0.102775523454	raw	7570
C	-47	1	3166	1.28456675308	norm	7570
G	-47	1	2958	0.0960233728291	raw	7570
G	-47	1	2958	1.05424150748	norm	7570
T	-46	1	12619	0.409641291998	raw	7570
T	-46	1	12619	1.00585734202	norm	7570
A	-46	1	12120	0.393442622951	raw	7570
A	-46	1	12120	0.933095046977	norm	7570
C	-46	1	3161	0.102613212141	raw	7570
C	-46	1	3161	1.28253806269	norm	7570
G	-46	1	2905	0.0943028729102	raw	7570
G	-46	1	2905	1.03535212279	norm	7570
A	-45	1	12395	0.402369745171	raw	7570
A	-45	1	12395	0.954266758027	norm	7570
T	-45	1	11863	0.385099821458	raw	7570
T	-45	1	11863	0.945596770618	norm	7570
C	-45	1	3477	0.112871287129	raw	7570
C	-45	1	3477	1.41075129515	norm	7570
G	-45	1	3070	0.0996591462425	raw	7570
G	-45	1	3070	1.09415869775	norm	7570
T	-44	1	12379	0.401850348969	raw	7570
T	-44	1	12379	0.986727001895	norm	7570
A	-44	1	12170	0.395065736082	raw	7570
A	-44	1	12170	0.936944448986	norm	7570
C	-44	1	3329	0.108066872261	raw	7570
C	-44	1	3329	1.35070205969	norm	7570
G	-44	1	2927	0.0950170426879	raw	7570
G	-44	1	2927	1.04319299945	norm	7570
T	-43	1	12504	0.405908131797	raw	7570
T	-43	1	12504	0.996690720712	norm	7570
A	-43	1	11718	0.380392793378	raw	7570
A	-43	1	11718	0.902145854825	norm	7570
G	-43	1	3293	0.106898230807	raw	7570
G	-43	1	3293	1.17363667482	norm	7570
C	-43	1	3290	0.106800844019	raw	7570
C	-43	1	3290	1.33487827467	norm	7570
T	-42	1	12394	0.402337282909	raw	7570
T	-42	1	12394	0.987922648153	norm	7570
A	-42	1	11621	0.377243953904	raw	7570
A	-42	1	11621	0.894678014928	norm	7570
C	-42	1	3602	0.116929069956	raw	7570
C	-42	1	3602	1.46146855483	norm	7570
G	-42	1	3188	0.103489693232	raw	7570
G	-42	1	3188	1.13621430894	norm	7570
T	-41	1	12352	0.400973867879	raw	7570
T	-41	1	12352	0.984574838631	norm	7570
A	-41	1	12217	0.396591462425	raw	7570
A	-41	1	12217	0.940562886875	norm	7570
C	-41	1	3152	0.102321051777	raw	7570
C	-41	1	3152	1.27888641999	norm	7570
G	-41	1	3084	0.100113617919	raw	7570
G	-41	1	3084	1.09914834654	norm	7570
A	-40	1	12366	0.401428339555	raw	7570
A	-40	1	12366	0.952034104861	norm	7570
T	-40	1	12284	0.39876643402	raw	7570
T	-40	1	12284	0.979154575594	norm	7570
C	-40	1	3208	0.104138938484	raw	7570
C	-40	1	3208	1.30160775233	norm	7570
G	-40	1	2947	0.0956662879403	raw	7570
G	-40	1	2947	1.05032106914	norm	7570
A	-39	1	12310	0.399610452849	raw	7570
A	-39	1	12310	0.947722774611	norm	7570
T	-39	1	11770	0.382080831034	raw	7570
T	-39	1	11770	0.938183763818	norm	7570
G	-39	1	3573	0.11598766434	raw	7570
G	-39	1	3573	1.27342965051	norm	7570
C	-39	1	3152	0.102321051777	raw	7570
C	-39	1	3152	1.27888641999	norm	7570
T	-38	1	12286	0.398831358546	raw	7570
T	-38	1	12286	0.979313995095	norm	7570
A	-38	1	12114	0.393247849375	raw	7570
A	-38	1	12114	0.932633118736	norm	7570
G	-38	1	3341	0.108456419412	raw	7570
G	-38	1	3341	1.19074404208	norm	7570
C	-38	1	3064	0.0994643726668	raw	7570
C	-38	1	3064	1.24318146918	norm	7570
T	-37	1	12589	0.408667424119	raw	7570
T	-37	1	12589	1.00346604951	norm	7570
A	-37	1	11785	0.382567764973	raw	7570
A	-37	1	11785	0.907304053517	norm	7570
C	-37	1	3493	0.113390683331	raw	7570
C	-37	1	3493	1.41724310439	norm	7570
G	-37	1	2938	0.0953741275767	raw	7570
G	-37	1	2938	1.04711343778	norm	7570
T	-36	1	11979	0.388865443921	raw	7570
T	-36	1	11979	0.954843101681	norm	7570
A	-36	1	11683	0.379256614186	raw	7570
A	-36	1	11683	0.899451273419	norm	7570
C	-36	1	3750	0.121733484824	raw	7570
C	-36	1	3750	1.52151779028	norm	7570
G	-36	1	3393	0.110144457069	raw	7570
G	-36	1	3393	1.20927702328	norm	7570
T	-35	1	12523	0.406524914787	raw	7570
T	-35	1	12523	0.998205205973	norm	7570
A	-35	1	12343	0.400681707515	raw	7570
A	-35	1	12343	0.950263379937	norm	7570
G	-35	1	3028	0.0982957312125	raw	7570
G	-35	1	3028	1.0791897514	norm	7570
C	-35	1	2911	0.094497646486	raw	7570
C	-35	1	2911	1.18110354334	norm	7570
T	-34	1	12389	0.402174971596	raw	7570
T	-34	1	12389	0.987524099401	norm	7570
A	-34	1	11920	0.386950170427	raw	7570
A	-34	1	11920	0.917697438941	norm	7570
C	-34	1	3475	0.112806362603	raw	7570
C	-34	1	3475	1.40993981899	norm	7570
G	-34	1	3021	0.0980684953741	raw	7570
G	-34	1	3021	1.07669492701	norm	7570
T	-33	1	11946	0.387794189255	raw	7570
T	-33	1	11946	0.952212679913	norm	7570
A	-33	1	11588	0.376172699237	raw	7570
A	-33	1	11588	0.892137409602	norm	7570
C	-33	1	3762	0.122123031975	raw	7570
C	-33	1	3762	1.52638664721	norm	7570
G	-33	1	3509	0.113910079533	raw	7570
G	-33	1	3509	1.25061982749	norm	7570
T	-32	1	11831	0.384061029054	raw	7570
T	-32	1	11831	0.943046058601	norm	7570
A	-32	1	11706	0.380003246226	raw	7570
A	-32	1	11706	0.901221998343	norm	7570
G	-32	1	3703	0.120207758481	raw	7570
G	-32	1	3703	1.31976210351	norm	7570
C	-32	1	3565	0.115727966239	raw	7570
C	-32	1	3565	1.44645624596	norm	7570
T	-31	1	12554	0.407531244928	raw	7570
T	-31	1	12554	1.00067620824	norm	7570
A	-31	1	11800	0.383054698913	raw	7570
A	-31	1	11800	0.90845887412	norm	7570
C	-31	1	3288	0.106735919494	raw	7570
C	-31	1	3288	1.33406679852	norm	7570
G	-31	1	3163	0.102678136666	raw	7570
G	-31	1	3163	1.12730422182	norm	7570
A	-30	1	12012	0.389936698588	raw	7570
A	-30	1	12012	0.924780338638	norm	7570
T	-30	1	11750	0.381431585782	raw	7570
T	-30	1	11750	0.936589568808	norm	7570
C	-30	1	3730	0.121084239571	raw	7570
C	-30	1	3730	1.51340302873	norm	7570
G	-30	1	3313	0.107547476059	raw	7570
G	-30	1	3313	1.18076474451	norm	7570
T	-29	1	12101	0.392825839961	raw	7570
T	-29	1	12101	0.964567691246	norm	7570
A	-29	1	11728	0.380717416004	raw	7570
A	-29	1	11728	0.902915735227	norm	7570
C	-29	1	3552	0.115305956825	raw	7570
C	-29	1	3552	1.44118165096	norm	7570
G	-29	1	3424	0.11115078721	raw	7570
G	-29	1	3424	1.2203255313	norm	7570
A	-28	1	12170	0.395065736082	raw	7570
A	-28	1	12170	0.936944448986	norm	7570
T	-28	1	11961	0.388281123194	raw	7570
T	-28	1	11961	0.953408326171	norm	7570
C	-28	1	3691	0.119818211329	raw	7570
C	-28	1	3691	1.49757924372	norm	7570
G	-28	1	2983	0.0968349293946	raw	7570
G	-28	1	2983	1.06315159459	norm	7570
A	-27	1	11953	0.388021425093	raw	7570
A	-27	1	11953	0.920238044267	norm	7570
T	-27	1	11487	0.372894010713	raw	7570
T	-27	1	11487	0.915625904417	norm	7570
C	-27	1	3849	0.124947248823	raw	7570
C	-27	1	3849	1.56168585995	norm	7570
G	-27	1	3516	0.114137315371	raw	7570
G	-27	1	3516	1.25311465189	norm	7570
T	-26	1	12335	0.400422009414	raw	7570
T	-26	1	12335	0.983219772872	norm	7570
A	-26	1	11629	0.377503652005	raw	7570
A	-26	1	11629	0.895293919249	norm	7570
C	-26	1	3514	0.114072390846	raw	7570
C	-26	1	3514	1.42576360401	norm	7570
G	-26	1	3327	0.108001947736	raw	7570
G	-26	1	3327	1.1857543933	norm	7570
A	-25	1	12203	0.396136990748	raw	7570
A	-25	1	12203	0.939485054312	norm	7570
T	-25	1	11603	0.376659633176	raw	7570
T	-25	1	11603	0.924872235479	norm	7570
C	-25	1	3830	0.124330465833	raw	7570
C	-25	1	3830	1.55397683647	norm	7570
G	-25	1	3169	0.102872910242	raw	7570
G	-25	1	3169	1.12944264273	norm	7570
T	-24	1	11570	0.37558837851	raw	7570
T	-24	1	11570	0.922241813711	norm	7570
A	-24	1	11454	0.371822756046	raw	7570
A	-24	1	11454	0.881821012218	norm	7570
C	-24	1	4052	0.131537088135	raw	7570
C	-24	1	4052	1.64405068966	norm	7570
G	-24	1	3729	0.121051777309	raw	7570
G	-24	1	3729	1.32902859411	norm	7570
A	-23	1	11881	0.385684142185	raw	7570
A	-23	1	11881	0.914694905374	norm	7570
T	-23	1	11717	0.380360331115	raw	7570
T	-23	1	11717	0.93395914704	norm	7570
C	-23	1	3766	0.122252881026	raw	7570
C	-23	1	3766	1.52800959952	norm	7570
G	-23	1	3441	0.111702645674	raw	7570
G	-23	1	3441	1.22638439054	norm	7570
T	-22	1	11802	0.383119623438	raw	7570
T	-22	1	11802	0.940734475836	norm	7570
A	-22	1	11526	0.374160038955	raw	7570
A	-22	1	11526	0.887364151111	norm	7570
C	-22	1	4017	0.130400908943	raw	7570
C	-22	1	4017	1.62984985695	norm	7570
G	-22	1	3460	0.112319428664	raw	7570
G	-22	1	3460	1.23315605675	norm	7570
T	-21	1	11770	0.382080831034	raw	7570
T	-21	1	11770	0.938183763818	norm	7570
A	-21	1	10936	0.355007304009	raw	7570
A	-21	1	10936	0.841941207405	norm	7570
C	-21	1	4443	0.144229832819	raw	7570
C	-21	1	4443	1.80269427793	norm	7570
G	-21	1	3656	0.118682032138	raw	7570
G	-21	1	3656	1.30301113973	norm	7570
T	-20	1	11638	0.377795812368	raw	7570
T	-20	1	11638	0.927662076748	norm	7570
A	-20	1	11495	0.373153708814	raw	7570
A	-20	1	11495	0.884977521865	norm	7570
C	-20	1	3887	0.126180814803	raw	7570
C	-20	1	3887	1.57710390689	norm	7570
G	-20	1	3785	0.122869664016	raw	7570
G	-20	1	3785	1.34898718925	norm	7570
A	-19	1	11769	0.382048368771	raw	7570
A	-19	1	11769	0.906072244874	norm	7570
T	-19	1	11471	0.372374614511	raw	7570
T	-19	1	11471	0.914350548408	norm	7570
C	-19	1	3993	0.12962181464	raw	7570
C	-19	1	3993	1.62011214309	norm	7570
G	-19	1	3572	0.115955202078	raw	7570
G	-19	1	3572	1.27307324703	norm	7570
A	-18	1	11472	0.372407076773	raw	7570
A	-18	1	11472	0.883206796941	norm	7570
T	-18	1	11120	0.360980360331	raw	7570
T	-18	1	11120	0.88637242597	norm	7570
C	-18	1	4317	0.140139587729	raw	7570
C	-18	1	4317	1.75157128017	norm	7570
G	-18	1	3896	0.126472975166	raw	7570
G	-18	1	3896	1.38854797604	norm	7570
T	-17	1	11731	0.380814802792	raw	7570
T	-17	1	11731	0.935075083548	norm	7570
A	-17	1	11357	0.368673916572	raw	7570
A	-17	1	11357	0.87435317232	norm	7570
C	-17	1	3956	0.128420710924	raw	7570
C	-17	1	3956	1.60509983423	norm	7570
G	-17	1	3761	0.122090569713	raw	7570
G	-17	1	3761	1.34043350562	norm	7570
A	-16	1	11455	0.371855218309	raw	7570
A	-16	1	11455	0.881898000258	norm	7570
T	-16	1	11358	0.368706378835	raw	7570
T	-16	1	11358	0.905343346597	norm	7570
C	-16	1	4213	0.136763512417	raw	7570
C	-16	1	4213	1.70937452012	norm	7570
G	-16	1	3779	0.12267489044	raw	7570
G	-16	1	3779	1.34684876834	norm	7570
A	-15	1	11318	0.36740788833	raw	7570
A	-15	1	11318	0.871350638753	norm	7570
T	-15	1	11135	0.36146729427	raw	7570
T	-15	1	11135	0.887568072228	norm	7570
C	-15	1	4376	0.142054861224	raw	7570
C	-15	1	4376	1.77550982674	norm	7570
G	-15	1	3976	0.129069956176	raw	7570
G	-15	1	3976	1.41706025481	norm	7570
T	-14	1	11476	0.372536925824	raw	7570
T	-14	1	11476	0.914749097161	norm	7570
A	-14	1	11146	0.361824379159	raw	7570
A	-14	1	11146	0.858108695842	norm	7570
C	-14	1	4267	0.138516474598	raw	7570
C	-14	1	4267	1.7312843763	norm	7570
G	-14	1	3916	0.127122220419	raw	7570
G	-14	1	3916	1.39567604573	norm	7570
A	-13	1	11197	0.363479954553	raw	7570
A	-13	1	11197	0.862035085891	norm	7570
T	-13	1	11196	0.36344749229	raw	7570
T	-13	1	11196	0.89243036701	norm	7570
C	-13	1	4548	0.147638370394	raw	7570
C	-13	1	4548	1.84529677605	norm	7570
G	-13	1	3864	0.125434182763	raw	7570
G	-13	1	3864	1.37714306453	norm	7570
T	-12	1	11368	0.369031001461	raw	7570
T	-12	1	11368	0.906140444103	norm	7570
A	-12	1	10702	0.347411134556	raw	7570
A	-12	1	10702	0.823926006003	norm	7570
C	-12	1	4735	0.153708813504	raw	7570
C	-12	1	4735	1.92116979653	norm	7570
G	-12	1	4000	0.129849050479	raw	7570
G	-12	1	4000	1.42561393844	norm	7570
T	-11	1	11466	0.372212303198	raw	7570
T	-11	1	11466	0.913951999655	norm	7570
A	-11	1	11194	0.363382567765	raw	7570
A	-11	1	11194	0.861804121771	norm	7570
C	-11	1	4464	0.144911540334	raw	7570
C	-11	1	4464	1.81121477755	norm	7570
G	-11	1	3681	0.119493588703	raw	7570
G	-11	1	3681	1.31192122685	norm	7570
T	-10	1	11558	0.375198831359	raw	7570
T	-10	1	11558	0.921285296705	norm	7570
A	-10	1	11142	0.361694530109	raw	7570
A	-10	1	11142	0.857800743682	norm	7570
C	-10	1	4266	0.138484012336	raw	7570
C	-10	1	4266	1.73087863823	norm	7570
G	-10	1	3839	0.124622626197	raw	7570
G	-10	1	3839	1.36823297742	norm	7570
T	-9	1	11437	0.371270897582	raw	7570
T	-9	1	11437	0.91164041689	norm	7570
A	-9	1	10635	0.345236162961	raw	7570
A	-9	1	10635	0.81876780731	norm	7570
C	-9	1	4465	0.144944002597	raw	7570
C	-9	1	4465	1.81162051563	norm	7570
G	-9	1	4268	0.138548936861	raw	7570
G	-9	1	4268	1.52113007231	norm	7570
T	-8	1	11361	0.368803765622	raw	7570
T	-8	1	11361	0.905582475849	norm	7570
A	-8	1	11140	0.361629605584	raw	7570
A	-8	1	11140	0.857646767601	norm	7570
G	-8	1	4216	0.136860899205	raw	7570
G	-8	1	4216	1.50259709111	norm	7570
C	-8	1	4088	0.132705729589	raw	7570
C	-8	1	4088	1.65865726045	norm	7570
T	-7	1	11325	0.367635124168	raw	7570
T	-7	1	11325	0.90271292483	norm	7570
A	-7	1	10488	0.340464210355	raw	7570
A	-7	1	10488	0.807450565404	norm	7570
C	-7	1	4726	0.153416653141	raw	7570
C	-7	1	4726	1.91751815383	norm	7570
G	-7	1	4266	0.138484012336	raw	7570
G	-7	1	4266	1.52041726534	norm	7570
T	-6	1	10757	0.349196559	raw	7570
T	-6	1	10757	0.857437786525	norm	7570
A	-6	1	10452	0.339295568901	raw	7570
A	-6	1	10452	0.804678995958	norm	7570
C	-6	1	4980	0.161662067846	raw	7570
C	-6	1	4980	2.02057562549	norm	7570
G	-6	1	4616	0.149845804253	raw	7570
G	-6	1	4616	1.64515848496	norm	7570
T	-5	1	11313	0.367245577017	raw	7570
T	-5	1	11313	0.901756407823	norm	7570
A	-5	1	10859	0.352507709787	raw	7570
A	-5	1	10859	0.836013128311	norm	7570
C	-5	1	4494	0.145885408213	raw	7570
C	-5	1	4494	1.82338691987	norm	7570
G	-5	1	4139	0.134361304983	raw	7570
G	-5	1	4139	1.4751540228	norm	7570
T	-4	1	11504	0.373445869177	raw	7570
T	-4	1	11504	0.916980970176	norm	7570
A	-4	1	11124	0.361110209382	raw	7570
A	-4	1	11124	0.856414958958	norm	7570
C	-4	1	4522	0.146794351566	raw	7570
C	-4	1	4522	1.83474758604	norm	7570
G	-4	1	3655	0.118649569875	raw	7570
G	-4	1	3655	1.30265473625	norm	7570
A	-3	1	11041	0.358415841584	raw	7570
A	-3	1	11041	0.850024951623	norm	7570
T	-3	1	10455	0.339392955689	raw	7570
T	-3	1	10455	0.833365441863	norm	7570
C	-3	1	5115	0.1660444733	raw	7570
C	-3	1	5115	2.07535026594	norm	7570
G	-3	1	4194	0.136146729427	raw	7570
G	-3	1	4194	1.49475621445	norm	7570
T	-2	1	13325	0.432559649408	raw	7570
T	-2	1	13325	1.0621324259	norm	7570
A	-2	1	9184	0.298133419899	raw	7570
A	-2	1	9184	0.70705816101	norm	7570
C	-2	1	4846	0.157312124655	raw	7570
C	-2	1	4846	1.96620672312	norm	7570
G	-2	1	3450	0.111994806038	raw	7570
G	-2	1	3450	1.2295920219	norm	7570
T	-1	1	11369	0.369063463723	raw	7570
T	-1	1	11369	0.906220153853	norm	7570
A	-1	1	10488	0.340464210355	raw	7570
A	-1	1	10488	0.807450565404	norm	7570
C	-1	1	5703	0.18513228372	raw	7570
C	-1	1	5703	2.31392425546	norm	7570
G	-1	1	3245	0.105340042201	raw	7570
G	-1	1	3245	1.15652930756	norm	7570
C	0	1	15679	0.508975815614	raw	7570
C	0	1	15679	6.36156731569	norm	7570
A	0	1	7667	0.248888167505	raw	7570
A	0	1	7667	0.590267304057	norm	7570
G	0	1	3910	0.126927446843	raw	7570
G	0	1	3910	1.39353762482	norm	7570
T	0	1	3549	0.115208570037	raw	7570
T	0	1	3549	0.282889904655	norm	7570
A	1	1	13194	0.428307093004	raw	7570
A	1	1	13194	1.01578020213	norm	7570
T	1	1	10464	0.339685116053	raw	7570
T	1	1	10464	0.834082829617	norm	7570
C	1	1	5053	0.164031813017	raw	7570
C	1	1	5053	2.05019450515	norm	7570
G	1	1	2094	0.0679759779257	raw	7570
G	1	1	2094	0.746308896772	norm	7570
T	2	1	11163	0.362376237624	raw	7570
T	2	1	11163	0.889799945243	norm	7570
A	2	1	9848	0.319688362279	raw	7570
A	2	1	9848	0.758178219689	norm	7570
C	2	1	5084	0.165038143159	raw	7570
C	2	1	5084	2.06277238555	norm	7570
G	2	1	4710	0.152897256939	raw	7570
G	2	1	4710	1.67866041251	norm	7570
T	3	1	11479	0.372634312612	raw	7570
T	3	1	11479	0.914988226412	norm	7570
A	3	1	9488	0.308001947736	raw	7570
A	3	1	9488	0.730462525224	norm	7570
G	3	1	5309	0.172342152248	raw	7570
G	3	1	5309	1.89214609979	norm	7570
C	3	1	4529	0.147021587405	raw	7570
C	3	1	4529	1.83758775258	norm	7570
A	4	1	10938	0.355072228534	raw	7570
A	4	1	10938	0.842095183485	norm	7570
T	4	1	10279	0.333679597468	raw	7570
T	4	1	10279	0.819336525768	norm	7570
G	4	1	5387	0.174874208732	raw	7570
G	4	1	5387	1.91994557159	norm	7570
C	4	1	4201	0.136373965265	raw	7570
C	4	1	4201	1.70450566319	norm	7570
T	5	1	11054	0.358837850998	raw	7570
T	5	1	11054	0.881111582434	norm	7570
A	5	1	9217	0.299204674566	raw	7570
A	5	1	9217	0.709598766336	norm	7570
C	5	1	5298	0.171985067359	raw	7570
C	5	1	5298	2.14960033411	norm	7570
G	5	1	5236	0.169972407077	raw	7570
G	5	1	5236	1.86612864542	norm	7570
T	6	1	10978	0.356370719039	raw	7570
T	6	1	10978	0.875053641393	norm	7570
A	6	1	8622	0.279889628307	raw	7570
A	6	1	8622	0.663790882429	norm	7570
C	6	1	5979	0.194091868203	raw	7570
C	6	1	5979	2.42590796483	norm	7570
G	6	1	5226	0.169647784451	raw	7570
G	6	1	5226	1.86256461057	norm	7570
T	7	1	11319	0.367440350592	raw	7570
T	7	1	11319	0.902234666326	norm	7570
A	7	1	9536	0.309560136342	raw	7570
A	7	1	9536	0.734157951153	norm	7570
C	7	1	5397	0.175198831359	raw	7570
C	7	1	5397	2.18976840377	norm	7570
G	7	1	4553	0.147800681708	raw	7570
G	7	1	4553	1.62270506543	norm	7570
T	8	1	11701	0.379840934913	raw	7570
T	8	1	11701	0.932683791031	norm	7570
A	8	1	9726	0.315727966239	raw	7570
A	8	1	9726	0.748785678787	norm	7570
G	8	1	4766	0.154715143646	raw	7570
G	8	1	4766	1.69861900765	norm	7570
C	8	1	4612	0.149715955202	raw	7570
C	8	1	4612	1.87126401301	norm	7570
T	9	1	11065	0.359194935887	raw	7570
T	9	1	11065	0.88198838969	norm	7570
A	9	1	9954	0.323129362117	raw	7570
A	9	1	9954	0.766338951948	norm	7570
G	9	1	5238	0.170037331602	raw	7570
G	9	1	5238	1.86684145238	norm	7570
C	9	1	4548	0.147638370394	raw	7570
C	9	1	4548	1.84529677605	norm	7570
T	10	1	10672	0.346437266677	raw	7570
T	10	1	10672	0.850662457729	norm	7570
A	10	1	10428	0.338516474598	raw	7570
A	10	1	10428	0.802831282993	norm	7570
G	10	1	5136	0.166726180815	raw	7570
G	10	1	5136	1.83048829695	norm	7570
C	10	1	4569	0.148320077909	raw	7570
C	10	1	4569	1.85381727568	norm	7570
T	11	1	10742	0.348709625061	raw	7570
T	11	1	10742	0.856242140267	norm	7570
A	11	1	10080	0.327219607207	raw	7570
A	11	1	10080	0.776039445011	norm	7570
C	11	1	5095	0.165395228047	raw	7570
C	11	1	5095	2.0672355044	norm	7570
G	11	1	4888	0.158675539685	raw	7570
G	11	1	4888	1.74210023277	norm	7570
T	12	1	10576	0.343320889466	raw	7570
T	12	1	10576	0.843010321677	norm	7570
A	12	1	9852	0.319818211329	raw	7570
A	12	1	9852	0.75848617185	norm	7570
C	12	1	5385	0.174809284207	raw	7570
C	12	1	5385	2.18489954685	norm	7570
G	12	1	4992	0.162051614998	raw	7570
G	12	1	4992	1.77916619517	norm	7570
T	13	1	11539	0.374582048369	raw	7570
T	13	1	11539	0.919770811444	norm	7570
A	13	1	9761	0.316864145431	raw	7570
A	13	1	9761	0.751480260193	norm	7570
G	13	1	4794	0.155624086999	raw	7570
G	13	1	4794	1.70859830522	norm	7570
C	13	1	4711	0.152929719201	raw	7570
C	13	1	4711	1.91143208267	norm	7570
T	14	1	11381	0.369453010875	raw	7570
T	14	1	11381	0.90717667086	norm	7570
A	14	1	10264	0.333192663529	raw	7570
A	14	1	10264	0.790205244404	norm	7570
C	14	1	5000	0.162311313099	raw	7570
C	14	1	5000	2.02869038704	norm	7570
G	14	1	4160	0.135043012498	raw	7570
G	14	1	4160	1.48263849598	norm	7570
T	15	1	10827	0.351468917384	raw	7570
T	15	1	10827	0.863017469062	norm	7570
A	15	1	9892	0.321116701834	raw	7570
A	15	1	9892	0.761565693457	norm	7570
C	15	1	5204	0.168933614673	raw	7570
C	15	1	5204	2.11146095483	norm	7570
G	15	1	4882	0.158480766109	raw	7570
G	15	1	4882	1.73996181186	norm	7570
T	16	1	11373	0.369193312774	raw	7570
T	16	1	11373	0.906538992855	norm	7570
A	16	1	9286	0.301444570687	raw	7570
A	16	1	9286	0.714910941108	norm	7570
G	16	1	5335	0.173186171076	raw	7570
G	16	1	5335	1.90141259039	norm	7570
C	16	1	4811	0.156175945463	raw	7570
C	16	1	4811	1.95200589041	norm	7570
T	17	1	10827	0.351468917384	raw	7570
T	17	1	10827	0.863017469062	norm	7570
A	17	1	10531	0.341860087648	raw	7570
A	17	1	10531	0.810761051132	norm	7570
C	17	1	4853	0.157539360493	raw	7570
C	17	1	4853	1.96904688966	norm	7570
G	17	1	4594	0.149131634475	raw	7570
G	17	1	4594	1.6373176083	norm	7570
T	18	1	10659	0.346015257263	raw	7570
T	18	1	10659	0.849626230972	norm	7570
A	18	1	9928	0.322285343288	raw	7570
A	18	1	9928	0.764337262903	norm	7570
C	18	1	5317	0.172601850349	raw	7570
C	18	1	5317	2.15730935758	norm	7570
G	18	1	4901	0.159097549099	raw	7570
G	18	1	4901	1.74673347807	norm	7570
T	19	1	11430	0.371043661743	raw	7570
T	19	1	11430	0.911082448636	norm	7570
A	19	1	9808	0.318389871774	raw	7570
A	19	1	9808	0.755098698082	norm	7570
C	19	1	4909	0.1593572472	raw	7570
C	19	1	4909	1.991768222	norm	7570
G	19	1	4658	0.151209219283	raw	7570
G	19	1	4658	1.66012743131	norm	7570
T	20	1	11590	0.376237623762	raw	7570
T	20	1	11590	0.923836008722	norm	7570
A	20	1	9933	0.322447654602	raw	7570
A	20	1	9933	0.764722203104	norm	7570
C	20	1	4959	0.160980360331	raw	7570
C	20	1	4959	2.01205512587	norm	7570
G	20	1	4323	0.140334361305	raw	7570
G	20	1	4323	1.54073226397	norm	7570
T	21	1	10710	0.347670832657	raw	7570
T	21	1	10710	0.853691428249	norm	7570
A	21	1	10130	0.328842720338	raw	7570
A	21	1	10130	0.77988884702	norm	7570
C	21	1	5019	0.162928096088	raw	7570
C	21	1	5019	2.03639941051	norm	7570
G	21	1	4946	0.160558350917	raw	7570
G	21	1	4946	1.76277163488	norm	7570
T	22	1	11253	0.36529784126	raw	7570
T	22	1	11253	0.896973822791	norm	7570
A	22	1	9976	0.323843531894	raw	7570
A	22	1	9976	0.768032688832	norm	7570
C	22	1	4901	0.159097549099	raw	7570
C	22	1	4901	1.98852231738	norm	7570
G	22	1	4675	0.151761077747	raw	7570
G	22	1	4675	1.66618629055	norm	7570
T	23	1	11528	0.37422496348	raw	7570
T	23	1	11528	0.918894004189	norm	7570
A	23	1	9853	0.319850673592	raw	7570
A	23	1	9853	0.75856315989	norm	7570
C	23	1	5019	0.162928096088	raw	7570
C	23	1	5019	2.03639941051	norm	7570
G	23	1	4405	0.14299626684	raw	7570
G	23	1	4405	1.56995734971	norm	7570
T	24	1	10787	0.350170426879	raw	7570
T	24	1	10787	0.859829079041	norm	7570
A	24	1	9973	0.323746145106	raw	7570
A	24	1	9973	0.767801724712	norm	7570
C	24	1	5183	0.168251907158	raw	7570
C	24	1	5183	2.10294045521	norm	7570
G	24	1	4862	0.157831520857	raw	7570
G	24	1	4862	1.73283374217	norm	7570
T	25	1	11004	0.357214737867	raw	7570
T	25	1	11004	0.877126094907	norm	7570
A	25	1	10670	0.346372342152	raw	7570
A	25	1	10670	0.821462388717	norm	7570
G	25	1	4637	0.150527511768	raw	7570
G	25	1	4637	1.65264295813	norm	7570
C	25	1	4494	0.145885408213	raw	7570
C	25	1	4494	1.82338691987	norm	7570
T	26	1	11585	0.376075312449	raw	7570
T	26	1	11585	0.923437459969	norm	7570
A	26	1	9825	0.318941730239	raw	7570
A	26	1	9825	0.756407494765	norm	7570
C	26	1	4718	0.15315695504	raw	7570
C	26	1	4718	1.91427224921	norm	7570
G	26	1	4677	0.151826002272	raw	7570
G	26	1	4677	1.66689909752	norm	7570
T	27	1	11711	0.380165557539	raw	7570
T	27	1	11711	0.933480888537	norm	7570
A	27	1	9793	0.317902937835	raw	7570
A	27	1	9793	0.753943877479	norm	7570
G	27	1	4783	0.15526700211	raw	7570
G	27	1	4783	1.70467786689	norm	7570
C	27	1	4518	0.146664502516	raw	7570
C	27	1	4518	1.83312463373	norm	7570
T	28	1	11701	0.379840934913	raw	7570
T	28	1	11701	0.932683791031	norm	7570
A	28	1	10290	0.334036682357	raw	7570
A	28	1	10290	0.792206933448	norm	7570
G	28	1	4658	0.151209219283	raw	7570
G	28	1	4658	1.66012743131	norm	7570
C	28	1	4156	0.134913163447	raw	7570
C	28	1	4156	1.68624744971	norm	7570
T	29	1	11631	0.37756857653	raw	7570
T	29	1	11631	0.927104108494	norm	7570
A	29	1	10206	0.331309852297	raw	7570
A	29	1	10206	0.785739938073	norm	7570
C	29	1	4608	0.149586106152	raw	7570
C	29	1	4608	1.8696410607	norm	7570
G	29	1	4360	0.141535465022	raw	7570
G	29	1	4360	1.5539191929	norm	7570
T	30	1	11382	0.369485473137	raw	7570
T	30	1	11382	0.90725638061	norm	7570
A	30	1	10176	0.330335984418	raw	7570
A	30	1	10176	0.783430296868	norm	7570
C	30	1	4637	0.150527511768	raw	7570
C	30	1	4637	1.88140746494	norm	7570
G	30	1	4610	0.149651030677	raw	7570
G	30	1	4610	1.64302006405	norm	7570
T	31	1	11568	0.375523453985	raw	7570
T	31	1	11568	0.92208239421	norm	7570
A	31	1	10486	0.34039928583	raw	7570
A	31	1	10486	0.807296589324	norm	7570
G	31	1	4421	0.143515663042	raw	7570
G	31	1	4421	1.57565980546	norm	7570
C	31	1	4330	0.140561597143	raw	7570
C	31	1	4330	1.75684587518	norm	7570
T	32	1	11301	0.366856029865	raw	7570
T	32	1	11301	0.900799890817	norm	7570
A	32	1	10752	0.349034247687	raw	7570
A	32	1	10752	0.827775408011	norm	7570
G	32	1	4404	0.142963804577	raw	7570
G	32	1	4404	1.56960094622	norm	7570
C	32	1	4348	0.14114591787	raw	7570
C	32	1	4348	1.76414916057	norm	7570
T	33	1	11833	0.384125953579	raw	7570
T	33	1	11833	0.943205478102	norm	7570
A	33	1	9824	0.318909267976	raw	7570
A	33	1	9824	0.756330506725	norm	7570
C	33	1	4669	0.151566304171	raw	7570
C	33	1	4669	1.89439108342	norm	7570
G	33	1	4479	0.145398474274	raw	7570
G	33	1	4479	1.59633120757	norm	7570
T	34	1	11522	0.374030189904	raw	7570
T	34	1	11522	0.918415745685	norm	7570
A	34	1	10547	0.34237948385	raw	7570
A	34	1	10547	0.811992859775	norm	7570
G	34	1	4455	0.144619379971	raw	7570
G	34	1	4455	1.58777752394	norm	7570
C	34	1	4281	0.138970946275	raw	7570
C	34	1	4281	1.73696470939	norm	7570
T	35	1	12486	0.40532381107	raw	7570
T	35	1	12486	0.995255945203	norm	7570
A	35	1	10051	0.326278201591	raw	7570
A	35	1	10051	0.773806791846	norm	7570
C	35	1	4277	0.138841097224	raw	7570
C	35	1	4277	1.73534175708	norm	7570
G	35	1	3991	0.129556890115	raw	7570
G	35	1	3991	1.42240630708	norm	7570
T	36	1	12099	0.392760915436	raw	7570
T	36	1	12099	0.964408271745	norm	7570
A	36	1	9958	0.323259211167	raw	7570
A	36	1	9958	0.766646904109	norm	7570
G	36	1	4619	0.14994319104	raw	7570
G	36	1	4619	1.64622769541	norm	7570
C	36	1	4129	0.134036682357	raw	7570
C	36	1	4129	1.67529252162	norm	7570
T	37	1	11783	0.382502840448	raw	7570
T	37	1	11783	0.939219990575	norm	7570
A	37	1	11057	0.358935237786	raw	7570
A	37	1	11057	0.851256760266	norm	7570
G	37	1	4088	0.132705729589	raw	7570
G	37	1	4088	1.45697744508	norm	7570
C	37	1	3877	0.125856192177	raw	7570
C	37	1	3877	1.57304652611	norm	7570
T	38	1	12391	0.402239896121	raw	7570
T	38	1	12391	0.987683518902	norm	7570
A	38	1	10349	0.335951955851	raw	7570
A	38	1	10349	0.796749227819	norm	7570
C	38	1	4246	0.137834767083	raw	7570
C	38	1	4246	1.72276387668	norm	7570
G	38	1	3819	0.123973380945	raw	7570
G	38	1	3819	1.36110490772	norm	7570
T	39	1	12203	0.396136990748	raw	7570
T	39	1	12203	0.972698085801	norm	7570
A	39	1	11016	0.357604285019	raw	7570
A	39	1	11016	0.848100250619	norm	7570
C	39	1	4039	0.131115078721	raw	7570
C	39	1	4039	1.63877609465	norm	7570
G	39	1	3547	0.115143645512	raw	7570
G	39	1	3547	1.26416315991	norm	7570
T	40	1	12593	0.40879727317	raw	7570
T	40	1	12593	1.00378488851	norm	7570
A	40	1	10805	0.350754747606	raw	7570
A	40	1	10805	0.831855774141	norm	7570
G	40	1	3738	0.121343937672	raw	7570
G	40	1	3738	1.33223622547	norm	7570
C	40	1	3669	0.119104041552	raw	7570
C	40	1	3669	1.48865300601	norm	7570
T	41	1	12347	0.400811556565	raw	7570
T	41	1	12347	0.984176289878	norm	7570
A	41	1	11471	0.372374614511	raw	7570
A	41	1	11471	0.883129808901	norm	7570
G	41	1	3672	0.11920142834	raw	7570
G	41	1	3672	1.30871359549	norm	7570
C	41	1	3315	0.107612400584	raw	7570
C	41	1	3315	1.34502172661	norm	7570
T	42	1	12102	0.392858302224	raw	7570
T	42	1	12102	0.964647400997	norm	7570
A	42	1	10778	0.349878266515	raw	7570
A	42	1	10778	0.829777097056	norm	7570
C	42	1	4073	0.13221879565	raw	7570
C	42	1	4073	1.65257118929	norm	7570
G	42	1	3852	0.125044635611	raw	7570
G	42	1	3852	1.37286622272	norm	7570
T	43	1	12395	0.402369745171	raw	7570
T	43	1	12395	0.988002357904	norm	7570
A	43	1	11629	0.377503652005	raw	7570
A	43	1	11629	0.895293919249	norm	7570
G	43	1	3619	0.117480928421	raw	7570
G	43	1	3619	1.2898242108	norm	7570
C	43	1	3162	0.102645674404	raw	7570
C	43	1	3162	1.28294380077	norm	7570
T	44	1	12647	0.410550235351	raw	7570
T	44	1	12647	1.00808921504	norm	7570
A	44	1	11471	0.372374614511	raw	7570
A	44	1	11471	0.883129808901	norm	7570
C	44	1	3412	0.110761240058	raw	7570
C	44	1	3412	1.38437832012	norm	7570
G	44	1	3275	0.10631391008	raw	7570
G	44	1	3275	1.1672214121	norm	7570
T	45	1	12390	0.402207433858	raw	7570
T	45	1	12390	0.987603809151	norm	7570
A	45	1	11571	0.375620840773	raw	7570
A	45	1	11571	0.890828612919	norm	7570
C	45	1	3547	0.115143645512	raw	7570
C	45	1	3547	1.43915296057	norm	7570
G	45	1	3297	0.107028079857	raw	7570
G	45	1	3297	1.17506228876	norm	7570
T	46	1	12345	0.40074663204	raw	7570
T	46	1	12345	0.984016870377	norm	7570
A	46	1	12021	0.390228858951	raw	7570
A	46	1	12021	0.925473230999	norm	7570
G	46	1	3308	0.107385164746	raw	7570
G	46	1	3308	1.17898272709	norm	7570
C	46	1	3131	0.101639344262	raw	7570
C	46	1	3131	1.27036592037	norm	7570
T	47	1	12807	0.415744197371	raw	7570
T	47	1	12807	1.02084277513	norm	7570
A	47	1	11175	0.362765784775	raw	7570
A	47	1	11175	0.860341349007	norm	7570
G	47	1	3430	0.111345560786	raw	7570
G	47	1	3430	1.22246395221	norm	7570
C	47	1	3393	0.110144457069	raw	7570
C	47	1	3393	1.37666929665	norm	7570
T	48	1	11958	0.388183736406	raw	7570
T	48	1	11958	0.953169196919	norm	7570
A	48	1	11855	0.384840123357	raw	7570
A	48	1	11855	0.91269321633	norm	7570
G	48	1	3735	0.121246550885	raw	7570
G	48	1	3735	1.33116701502	norm	7570
C	48	1	3257	0.105729589352	raw	7570
C	48	1	3257	1.32148891812	norm	7570
T	49	1	12160	0.394741113456	raw	7570
T	49	1	12160	0.969270566528	norm	7570
A	49	1	11725	0.380620029216	raw	7570
A	49	1	11725	0.902684771106	norm	7570
G	49	1	3554	0.11537088135	raw	7570
G	49	1	3554	1.2666579843	norm	7570
C	49	1	3366	0.109267975978	raw	7570
C	49	1	3366	1.36571436856	norm	7570
T	50	1	12748	0.413828923876	raw	7570
T	50	1	12748	1.01613989984	norm	7570
A	50	1	11514	0.373770491803	raw	7570
A	50	1	11514	0.886440294628	norm	7570
C	50	1	3358	0.109008277877	raw	7570
C	50	1	3358	1.36246846394	norm	7570
G	50	1	3185	0.103392306444	raw	7570
G	50	1	3185	1.13514509848	norm	7570
T	51	1	12213	0.396461613374	raw	7570
T	51	1	12213	0.973495183306	norm	7570
A	51	1	12013	0.389969160851	raw	7570
A	51	1	12013	0.924857326678	norm	7570
G	51	1	3508	0.11387761727	raw	7570
G	51	1	3508	1.25026342401	norm	7570
C	51	1	3071	0.0996916085051	raw	7570
C	51	1	3071	1.24602163572	norm	7570
A	52	1	12107	0.393020613537	raw	7570
A	52	1	12107	0.932094202455	norm	7570
T	52	1	12104	0.392923226749	raw	7570
T	52	1	12104	0.964806820498	norm	7570
G	52	1	3391	0.110079532543	raw	7570
G	52	1	3391	1.20856421631	norm	7570
C	52	1	3203	0.103976627171	raw	7570
C	52	1	3203	1.29957906194	norm	7570
T	53	1	12735	0.413406914462	raw	7570
T	53	1	12735	1.01510367309	norm	7570
A	53	1	11702	0.379873397176	raw	7570
A	53	1	11702	0.900914046182	norm	7570
G	53	1	3254	0.105632202565	raw	7570
G	53	1	3254	1.15973693892	norm	7570
C	53	1	3114	0.101087485798	raw	7570
C	53	1	3114	1.26346837305	norm	7570
T	54	1	12326	0.40012984905	raw	7570
T	54	1	12326	0.982502385117	norm	7570
A	54	1	11764	0.381886057458	raw	7570
A	54	1	11764	0.905687304673	norm	7570
C	54	1	3386	0.10991722123	raw	7570
C	54	1	3386	1.37382913011	norm	7570
G	54	1	3329	0.108066872261	raw	7570
G	54	1	3329	1.18646720027	norm	7570
T	55	1	12729	0.413212140886	raw	7570
T	55	1	12729	1.01462541458	norm	7570
A	55	1	12232	0.397078396364	raw	7570
A	55	1	12232	0.941717707477	norm	7570
G	55	1	2937	0.0953416653141	raw	7570
G	55	1	2937	1.0467570343	norm	7570
C	55	1	2907	0.0943677974355	raw	7570
C	55	1	2907	1.17948059103	norm	7570
A	56	1	12808	0.415776659633	raw	7570
A	56	1	12808	0.986062818621	norm	7570
T	56	1	12337	0.400486933939	raw	7570
T	56	1	12337	0.983379192373	norm	7570
C	56	1	2945	0.095601363415	raw	7570
C	56	1	2945	1.19489863797	norm	7570
G	56	1	2715	0.0881350430125	raw	7570
G	56	1	2715	0.967635460715	norm	7570
T	57	1	12066	0.391689660769	raw	7570
T	57	1	12066	0.961777849977	norm	7570
A	57	1	12047	0.39107287778	raw	7570
A	57	1	12047	0.927474920044	norm	7570
G	57	1	3506	0.113812692745	raw	7570
G	57	1	3506	1.24955061704	norm	7570
C	57	1	3186	0.103424768706	raw	7570
C	57	1	3186	1.29268151462	norm	7570
T	58	1	12776	0.414737867229	raw	7570
T	58	1	12776	1.01837177286	norm	7570
A	58	1	11923	0.387047557215	raw	7570
A	58	1	11923	0.917928403062	norm	7570
G	58	1	3246	0.105372504464	raw	7570
G	58	1	3246	1.15688571104	norm	7570
C	58	1	2860	0.0928420710924	raw	7570
C	58	1	2860	1.16041090139	norm	7570
T	59	1	12633	0.410095763675	raw	7570
T	59	1	12633	1.00697327853	norm	7570
A	59	1	12190	0.395714981334	raw	7570
A	59	1	12190	0.93848420979	norm	7570
G	59	1	3022	0.0981009576367	raw	7570
G	59	1	3022	1.07705133049	norm	7570
C	59	1	2960	0.0960882973543	raw	7570
C	59	1	2960	1.20098470913	norm	7570
A	60	1	12449	0.404122707353	raw	7570
A	60	1	12449	0.958424112196	norm	7570
T	60	1	12088	0.392403830547	raw	7570
T	60	1	12088	0.963531464489	norm	7570
G	60	1	3284	0.106606070443	raw	7570
G	60	1	3284	1.17042904346	norm	7570
C	60	1	2984	0.0968673916572	raw	7570
C	60	1	2984	1.21072242299	norm	7570
T	61	1	13164	0.427333225126	raw	7570
T	61	1	13164	1.04929915607	norm	7570
A	61	1	12089	0.39243629281	raw	7570
A	61	1	12089	0.930708417732	norm	7570
G	61	1	3099	0.100600551858	raw	7570
G	61	1	3099	1.10449439881	norm	7570
C	61	1	2453	0.0796299302061	raw	7570
C	61	1	2453	0.995275503883	norm	7570
A	62	1	12571	0.408083103392	raw	7570
A	62	1	12571	0.967816653098	norm	7570
T	62	1	12341	0.40061678299	raw	7570
T	62	1	12341	0.983698031375	norm	7570
G	62	1	3188	0.103489693232	raw	7570
G	62	1	3188	1.13621430894	norm	7570
C	62	1	2705	0.0878104203863	raw	7570
C	62	1	2705	1.09752149939	norm	7570
T	63	1	12647	0.410550235351	raw	7570
T	63	1	12647	1.00808921504	norm	7570
A	63	1	12008	0.389806849537	raw	7570
A	63	1	12008	0.924472386477	norm	7570
G	63	1	3166	0.102775523454	raw	7570
G	63	1	3166	1.12837343227	norm	7570
C	63	1	2984	0.0968673916572	raw	7570
C	63	1	2984	1.21072242299	norm	7570
A	64	1	12675	0.411459178705	raw	7570
A	64	1	12675	0.975823409277	norm	7570
T	64	1	12439	0.403798084727	raw	7570
T	64	1	12439	0.991509586928	norm	7570
G	64	1	3026	0.0982308066872	raw	7570
G	64	1	3026	1.07847694443	norm	7570
C	64	1	2665	0.0865119298815	raw	7570
C	64	1	2665	1.08129197629	norm	7570
T	65	1	12878	0.418049018017	raw	7570
T	65	1	12878	1.02650216741	norm	7570
A	65	1	12598	0.408959584483	raw	7570
A	65	1	12598	0.969895330183	norm	7570
C	65	1	2679	0.0869664015582	raw	7570
C	65	1	2679	1.08697230938	norm	7570
G	65	1	2650	0.0860249959422	raw	7570
G	65	1	2650	0.944469234215	norm	7570
T	66	1	12707	0.412497971109	raw	7570
T	66	1	12707	1.01287180007	norm	7570
A	66	1	12535	0.406914461938	raw	7570
A	66	1	12535	0.965045083652	norm	7570
G	66	1	2825	0.0917058919007	raw	7570
G	66	1	2825	1.00683984402	norm	7570
C	66	1	2738	0.0888816750528	raw	7570
C	66	1	2738	1.11091085594	norm	7570
A	67	1	12650	0.410647622139	raw	7570
A	67	1	12650	0.973898708272	norm	7570
T	67	1	12537	0.406979386463	raw	7570
T	67	1	12537	0.99932114248	norm	7570
G	67	1	2994	0.0971920142834	raw	7570
G	67	1	2994	1.06707203292	norm	7570
C	67	1	2624	0.0851809771141	raw	7570
C	67	1	2624	1.06465671512	norm	7570
A	68	1	12631	0.410030839149	raw	7570
A	68	1	12631	0.972435935509	norm	7570
T	68	1	12296	0.399155981172	raw	7570
T	68	1	12296	0.980111092601	norm	7570
G	68	1	2949	0.0957312124655	raw	7570
G	68	1	2949	1.05103387611	norm	7570
C	68	1	2929	0.0950819672131	raw	7570
C	68	1	2929	1.18840682873	norm	7570
T	69	1	12401	0.402564518747	raw	7570
T	69	1	12401	0.988480616407	norm	7570
A	69	1	12249	0.397630254829	raw	7570
A	69	1	12249	0.94302650416	norm	7570
G	69	1	3241	0.10521019315	raw	7570
G	69	1	3241	1.15510369362	norm	7570
C	69	1	2914	0.0945950332738	raw	7570
C	69	1	2914	1.18232075757	norm	7570
T	70	1	12834	0.416620678461	raw	7570
T	70	1	12834	1.02299493839	norm	7570
A	70	1	12688	0.411881188119	raw	7570
A	70	1	12688	0.976824253799	norm	7570
G	70	1	2738	0.0888816750528	raw	7570
G	70	1	2738	0.975832740861	norm	7570
C	70	1	2545	0.0826164583671	raw	7570
C	70	1	2545	1.032603407	norm	7570
A	71	1	12951	0.420418763188	raw	7570
A	71	1	12951	0.997072108367	norm	7570
T	71	1	12402	0.40259698101	raw	7570
T	71	1	12402	0.988560326158	norm	7570
C	71	1	2751	0.0893036844668	raw	7570
C	71	1	2751	1.11618545095	norm	7570
G	71	1	2701	0.0876805713358	raw	7570
G	71	1	2701	0.96264581193	norm	7570
T	72	1	12781	0.414900178542	raw	7570
T	72	1	12781	1.01877032161	norm	7570
A	72	1	12517	0.406330141211	raw	7570
A	72	1	12517	0.963659298929	norm	7570
C	72	1	2855	0.0926797597793	raw	7570
C	72	1	2855	1.158382211	norm	7570
G	72	1	2652	0.0860899204675	raw	7570
G	72	1	2652	0.945182041185	norm	7570
A	73	1	12719	0.41288751826	raw	7570
A	73	1	12719	0.979210883045	norm	7570
T	73	1	12710	0.412595357896	raw	7570
T	73	1	12710	1.01311092932	norm	7570
G	73	1	2801	0.0909267975978	raw	7570
G	73	1	2801	0.998286160391	norm	7570
C	73	1	2575	0.0835903262457	raw	7570
C	73	1	2575	1.04477554933	norm	7570
A	74	1	12807	0.415744197371	raw	7570
A	74	1	12807	0.985985830581	norm	7570
T	74	1	12671	0.411329329654	raw	7570
T	74	1	12671	1.01000224905	norm	7570
G	74	1	2758	0.0895309203051	raw	7570
G	74	1	2758	0.982960810553	norm	7570
C	74	1	2569	0.08339555267	raw	7570
C	74	1	2569	1.04234112086	norm	7570
A	75	1	12632	0.410063301412	raw	7570
A	75	1	12632	0.972512923549	norm	7570
T	75	1	12496	0.405648433696	raw	7570
T	75	1	12496	0.996053042708	norm	7570
G	75	1	2962	0.0961532218796	raw	7570
G	75	1	2962	1.05566712141	norm	7570
C	75	1	2715	0.0881350430125	raw	7570
C	75	1	2715	1.10157888016	norm	7570
T	76	1	12725	0.413082291836	raw	7570
T	76	1	12725	1.01430657558	norm	7570
A	76	1	12720	0.412919980523	raw	7570
A	76	1	12720	0.979287871085	norm	7570
G	76	1	3000	0.0973867878591	raw	7570
G	76	1	3000	1.06921045383	norm	7570
C	76	1	2360	0.0766109397825	raw	7570
C	76	1	2360	0.957541862684	norm	7570
T	77	1	12823	0.416263593572	raw	7570
T	77	1	12823	1.02211813113	norm	7570
A	77	1	12685	0.411783801331	raw	7570
A	77	1	12685	0.976593289679	norm	7570
G	77	1	2694	0.0874533354975	raw	7570
G	77	1	2694	0.960150987538	norm	7570
C	77	1	2603	0.0844992695991	raw	7570
C	77	1	2603	1.05613621549	norm	7570
A	78	1	12784	0.41499756533	raw	7570
A	78	1	12784	0.984215105657	norm	7570
T	78	1	11962	0.388313585457	raw	7570
T	78	1	11962	0.953488035922	norm	7570
G	78	1	3185	0.103392306444	raw	7570
G	78	1	3185	1.13514509848	norm	7570
C	78	1	2874	0.093296542769	raw	7570
C	78	1	2874	1.16609123447	norm	7570
T	79	1	12740	0.413569225775	raw	7570
T	79	1	12740	1.01550222184	norm	7570
A	79	1	12726	0.413114754098	raw	7570
A	79	1	12726	0.979749799326	norm	7570
G	79	1	2951	0.0957961369907	raw	7570
G	79	1	2951	1.05174668308	norm	7570
C	79	1	2388	0.0775198831359	raw	7570
C	79	1	2388	0.968902528852	norm	7570
T	80	1	12999	0.421976951794	raw	7570
T	80	1	12999	1.03614704723	norm	7570
A	80	1	12767	0.414445706866	raw	7570
A	80	1	12767	0.982906308973	norm	7570
G	80	1	2624	0.0851809771141	raw	7570
G	80	1	2624	0.935202743615	norm	7570
C	80	1	2415	0.0783963642266	raw	7570
C	80	1	2415	0.979857456942	norm	7570
A	81	1	12900	0.418763187794	raw	7570
A	81	1	12900	0.993145718317	norm	7570
T	81	1	11961	0.388281123194	raw	7570
T	81	1	11961	0.953408326171	norm	7570
G	81	1	3033	0.0984580425256	raw	7570
G	81	1	3033	1.08097176882	norm	7570
C	81	1	2911	0.094497646486	raw	7570
C	81	1	2911	1.18110354334	norm	7570
A	82	1	12863	0.417562084077	raw	7570
A	82	1	12863	0.990297160831	norm	7570
T	82	1	12555	0.40756370719	raw	7570
T	82	1	12555	1.00075591799	norm	7570
G	82	1	3015	0.0978737217984	raw	7570
G	82	1	3015	1.0745565061	norm	7570
C	82	1	2372	0.0770004869339	raw	7570
C	82	1	2372	0.962410719613	norm	7570
T	83	1	12778	0.414802791755	raw	7570
T	83	1	12778	1.01853119236	norm	7570
A	83	1	12615	0.409511442948	raw	7570
A	83	1	12615	0.971204126866	norm	7570
G	83	1	2804	0.0910241843857	raw	7570
G	83	1	2804	0.999355370845	norm	7570
C	83	1	2608	0.0846615809122	raw	7570
C	83	1	2608	1.05816490588	norm	7570
T	84	1	12824	0.416296055835	raw	7570
T	84	1	12824	1.02219784088	norm	7570
A	84	1	12111	0.393150462587	raw	7570
A	84	1	12111	0.932402154616	norm	7570
G	84	1	3099	0.100600551858	raw	7570
G	84	1	3099	1.10449439881	norm	7570
C	84	1	2771	0.0899529297192	raw	7570
C	84	1	2771	1.1243002125	norm	7570
A	85	1	12668	0.411231942866	raw	7570
A	85	1	12668	0.975284492996	norm	7570
T	85	1	12419	0.403148839474	raw	7570
T	85	1	12419	0.989915391917	norm	7570
G	85	1	3186	0.103424768706	raw	7570
G	85	1	3186	1.13550150197	norm	7570
C	85	1	2532	0.0821944489531	raw	7570
C	85	1	2532	1.027328812	norm	7570
A	86	1	12834	0.416620678461	raw	7570
A	86	1	12834	0.988064507665	norm	7570
T	86	1	12770	0.414543093654	raw	7570
T	86	1	12770	1.01789351436	norm	7570
G	86	1	2776	0.0901152410323	raw	7570
G	86	1	2776	0.989376073276	norm	7570
C	86	1	2425	0.0787209868528	raw	7570
C	86	1	2425	0.983914837716	norm	7570
A	87	1	12545	0.407239084564	raw	7570
A	87	1	12545	0.965814964054	norm	7570
T	87	1	12367	0.401460801818	raw	7570
T	87	1	12367	0.985770484889	norm	7570
G	87	1	3174	0.103035221555	raw	7570
G	87	1	3174	1.13122466015	norm	7570
C	87	1	2719	0.088264892063	raw	7570
C	87	1	2719	1.10320183247	norm	7570
A	88	1	13099	0.425223178056	raw	7570
A	88	1	13099	1.00846633831	norm	7570
T	88	1	12437	0.403733160201	raw	7570
T	88	1	12437	0.991350167427	norm	7570
G	88	1	2790	0.090569712709	raw	7570
G	88	1	2790	0.994365722061	norm	7570
C	88	1	2479	0.0804739490342	raw	7570
C	88	1	2479	1.0058246939	norm	7570
T	89	1	12888	0.418373640643	raw	7570
T	89	1	12888	1.02729926492	norm	7570
A	89	1	12237	0.397240707677	raw	7570
A	89	1	12237	0.942102647678	norm	7570
C	89	1	2901	0.0941730238598	raw	7570
C	89	1	2901	1.17704616256	norm	7570
G	89	1	2779	0.0902126278202	raw	7570
G	89	1	2779	0.99044528373	norm	7570
T	90	1	12698	0.412205810745	raw	7570
T	90	1	12698	1.01215441232	norm	7570
A	90	1	12140	0.394091868203	raw	7570
A	90	1	12140	0.934634807781	norm	7570
C	90	1	2989	0.0970297029703	raw	7570
C	90	1	2989	1.21275111337	norm	7570
G	90	1	2978	0.0966726180815	raw	7570
G	90	1	2978	1.06136957717	norm	7570
A	91	1	12896	0.418633338744	raw	7570
A	91	1	12896	0.992837766157	norm	7570
T	91	1	12581	0.408407726019	raw	7570
T	91	1	12581	1.0028283715	norm	7570
G	91	1	2938	0.0953741275767	raw	7570
G	91	1	2938	1.04711343778	norm	7570
C	91	1	2390	0.0775848076611	raw	7570
C	91	1	2390	0.969714005007	norm	7570
A	92	1	12731	0.413277065411	raw	7570
A	92	1	12731	0.980134739527	norm	7570
T	92	1	12626	0.409868527836	raw	7570
T	92	1	12626	1.00641531028	norm	7570
G	92	1	2740	0.088946599578	raw	7570
G	92	1	2740	0.97654554783	norm	7570
C	92	1	2708	0.0879078071742	raw	7570
C	92	1	2708	1.09873871362	norm	7570
A	93	1	12517	0.406330141211	raw	7570
A	93	1	12517	0.963659298929	norm	7570
T	93	1	12484	0.405258886544	raw	7570
T	93	1	12484	0.995096525702	norm	7570
G	93	1	2915	0.0946274955364	raw	7570
G	93	1	2915	1.03891615764	norm	7570
C	93	1	2889	0.0937834767083	raw	7570
C	93	1	2889	1.17217730563	norm	7570
A	94	1	12805	0.415679272845	raw	7570
A	94	1	12805	0.9858318545	norm	7570
T	94	1	12408	0.402791754585	raw	7570
T	94	1	12408	0.989038584661	norm	7570
G	94	1	3185	0.103392306444	raw	7570
G	94	1	3185	1.13514509848	norm	7570
C	94	1	2407	0.0781366661256	raw	7570
C	94	1	2407	0.976611552322	norm	7570
A	95	1	13313	0.432170102256	raw	7570
A	95	1	13313	1.02494177891	norm	7570
T	95	1	12395	0.402369745171	raw	7570
T	95	1	12395	0.988002357904	norm	7570
C	95	1	2662	0.0864145430937	raw	7570
C	95	1	2662	1.08007476206	norm	7570
G	95	1	2435	0.079045609479	raw	7570
G	95	1	2435	0.867842485024	norm	7570
T	96	1	12471	0.40483687713	raw	7570
T	96	1	12471	0.994060298945	norm	7570
A	96	1	12356	0.401103716929	raw	7570
A	96	1	12356	0.95126422446	norm	7570
C	96	1	3096	0.100503165071	raw	7570
C	96	1	3096	1.25616508766	norm	7570
G	96	1	2882	0.09355624087	raw	7570
G	96	1	2882	1.02715484264	norm	7570
A	97	1	12679	0.411589027755	raw	7570
A	97	1	12679	0.976131361438	norm	7570
T	97	1	12622	0.409738678786	raw	7570
T	97	1	12622	1.00609647128	norm	7570
G	97	1	2851	0.0925499107288	raw	7570
G	97	1	2851	1.01610633462	norm	7570
C	97	1	2653	0.0861223827301	raw	7570
C	97	1	2653	1.07642311936	norm	7570
T	98	1	12900	0.418763187794	raw	7570
T	98	1	12900	1.02825578193	norm	7570
A	98	1	12696	0.41214088622	raw	7570
A	98	1	12696	0.977440158121	norm	7570
G	98	1	2694	0.0874533354975	raw	7570
G	98	1	2694	0.960150987538	norm	7570
C	98	1	2515	0.0816425904886	raw	7570
C	98	1	2515	1.02043126468	norm	7570
A	99	1	12486	0.40532381107	raw	7570
A	99	1	12486	0.961272669683	norm	7570
T	99	1	12417	0.403083914949	raw	7570
T	99	1	12417	0.989755972416	norm	7570
G	99	1	3059	0.0993020613537	raw	7570
G	99	1	3059	1.09023825942	norm	7570
C	99	1	2843	0.0922902126278	raw	7570
C	99	1	2843	1.15351335407	norm	7570
T	100	1	13030	0.422983281935	raw	7570
T	100	1	13030	1.03861804949	norm	7570
A	100	1	12238	0.39727316994	raw	7570
A	100	1	12238	0.942179635718	norm	7570
G	100	1	2942	0.0955039766272	raw	7570
G	100	1	2942	1.04853905172	norm	7570
C	100	1	2595	0.0842395714981	raw	7570
C	100	1	2595	1.05289031088	norm	7570
