#nuc	offset	region.size	count	freq	norm.freq	total.sites
A	-100	1	3	0.428571428571	raw	7
A	-100	1	3	1.44334450198	norm	7
T	-100	1	2	0.285714285714	raw	7
T	-100	1	2	0.912148992999	norm	7
G	-100	1	2	0.285714285714	raw	7
G	-100	1	2	1.53107960741	norm	7
T	-99	1	3	0.428571428571	raw	7
T	-99	1	3	1.3682234895	norm	7
C	-99	1	2	0.285714285714	raw	7
C	-99	1	2	1.40587449933	norm	7
A	-99	1	1	0.142857142857	raw	7
A	-99	1	1	0.481114833993	norm	7
G	-99	1	1	0.142857142857	raw	7
G	-99	1	1	0.765539803706	norm	7
A	-98	1	3	0.428571428571	raw	7
A	-98	1	3	1.44334450198	norm	7
T	-98	1	3	0.428571428571	raw	7
T	-98	1	3	1.3682234895	norm	7
G	-98	1	1	0.142857142857	raw	7
G	-98	1	1	0.765539803706	norm	7
A	-97	1	2	0.285714285714	raw	7
A	-97	1	2	0.962229667985	norm	7
C	-97	1	2	0.285714285714	raw	7
C	-97	1	2	1.40587449933	norm	7
T	-97	1	2	0.285714285714	raw	7
T	-97	1	2	0.912148992999	norm	7
G	-97	1	1	0.142857142857	raw	7
G	-97	1	1	0.765539803706	norm	7
A	-96	1	3	0.428571428571	raw	7
A	-96	1	3	1.44334450198	norm	7
T	-96	1	3	0.428571428571	raw	7
T	-96	1	3	1.3682234895	norm	7
G	-96	1	1	0.142857142857	raw	7
G	-96	1	1	0.765539803706	norm	7
A	-95	1	2	0.285714285714	raw	7
A	-95	1	2	0.962229667985	norm	7
T	-95	1	2	0.285714285714	raw	7
T	-95	1	2	0.912148992999	norm	7
G	-95	1	2	0.285714285714	raw	7
G	-95	1	2	1.53107960741	norm	7
C	-95	1	1	0.142857142857	raw	7
C	-95	1	1	0.702937249665	norm	7
A	-94	1	6	0.857142857143	raw	7
A	-94	1	6	2.88668900396	norm	7
G	-94	1	1	0.142857142857	raw	7
G	-94	1	1	0.765539803706	norm	7
A	-93	1	4	0.571428571429	raw	7
A	-93	1	4	1.92445933597	norm	7
C	-93	1	2	0.285714285714	raw	7
C	-93	1	2	1.40587449933	norm	7
T	-93	1	1	0.142857142857	raw	7
T	-93	1	1	0.456074496499	norm	7
T	-92	1	3	0.428571428571	raw	7
T	-92	1	3	1.3682234895	norm	7
A	-92	1	2	0.285714285714	raw	7
A	-92	1	2	0.962229667985	norm	7
C	-92	1	1	0.142857142857	raw	7
C	-92	1	1	0.702937249665	norm	7
G	-92	1	1	0.142857142857	raw	7
G	-92	1	1	0.765539803706	norm	7
A	-91	1	2	0.285714285714	raw	7
A	-91	1	2	0.962229667985	norm	7
C	-91	1	2	0.285714285714	raw	7
C	-91	1	2	1.40587449933	norm	7
G	-91	1	2	0.285714285714	raw	7
G	-91	1	2	1.53107960741	norm	7
T	-91	1	1	0.142857142857	raw	7
T	-91	1	1	0.456074496499	norm	7
T	-90	1	3	0.428571428571	raw	7
T	-90	1	3	1.3682234895	norm	7
C	-90	1	2	0.285714285714	raw	7
C	-90	1	2	1.40587449933	norm	7
A	-90	1	1	0.142857142857	raw	7
A	-90	1	1	0.481114833993	norm	7
G	-90	1	1	0.142857142857	raw	7
G	-90	1	1	0.765539803706	norm	7
T	-89	1	3	0.428571428571	raw	7
T	-89	1	3	1.3682234895	norm	7
G	-89	1	2	0.285714285714	raw	7
G	-89	1	2	1.53107960741	norm	7
A	-89	1	1	0.142857142857	raw	7
A	-89	1	1	0.481114833993	norm	7
C	-89	1	1	0.142857142857	raw	7
C	-89	1	1	0.702937249665	norm	7
T	-88	1	5	0.714285714286	raw	7
T	-88	1	5	2.2803724825	norm	7
A	-88	1	1	0.142857142857	raw	7
A	-88	1	1	0.481114833993	norm	7
G	-88	1	1	0.142857142857	raw	7
G	-88	1	1	0.765539803706	norm	7
T	-87	1	4	0.571428571429	raw	7
T	-87	1	4	1.824297986	norm	7
A	-87	1	2	0.285714285714	raw	7
A	-87	1	2	0.962229667985	norm	7
G	-87	1	1	0.142857142857	raw	7
G	-87	1	1	0.765539803706	norm	7
C	-86	1	2	0.285714285714	raw	7
C	-86	1	2	1.40587449933	norm	7
T	-86	1	2	0.285714285714	raw	7
T	-86	1	2	0.912148992999	norm	7
G	-86	1	2	0.285714285714	raw	7
G	-86	1	2	1.53107960741	norm	7
A	-86	1	1	0.142857142857	raw	7
A	-86	1	1	0.481114833993	norm	7
A	-85	1	4	0.571428571429	raw	7
A	-85	1	4	1.92445933597	norm	7
T	-85	1	2	0.285714285714	raw	7
T	-85	1	2	0.912148992999	norm	7
C	-85	1	1	0.142857142857	raw	7
C	-85	1	1	0.702937249665	norm	7
C	-84	1	3	0.428571428571	raw	7
C	-84	1	3	2.10881174899	norm	7
A	-84	1	2	0.285714285714	raw	7
A	-84	1	2	0.962229667985	norm	7
T	-84	1	2	0.285714285714	raw	7
T	-84	1	2	0.912148992999	norm	7
T	-83	1	4	0.571428571429	raw	7
T	-83	1	4	1.824297986	norm	7
A	-83	1	2	0.285714285714	raw	7
A	-83	1	2	0.962229667985	norm	7
C	-83	1	1	0.142857142857	raw	7
C	-83	1	1	0.702937249665	norm	7
A	-82	1	4	0.571428571429	raw	7
A	-82	1	4	1.92445933597	norm	7
G	-82	1	3	0.428571428571	raw	7
G	-82	1	3	2.29661941112	norm	7
A	-81	1	3	0.428571428571	raw	7
A	-81	1	3	1.44334450198	norm	7
C	-81	1	2	0.285714285714	raw	7
C	-81	1	2	1.40587449933	norm	7
T	-81	1	1	0.142857142857	raw	7
T	-81	1	1	0.456074496499	norm	7
G	-81	1	1	0.142857142857	raw	7
G	-81	1	1	0.765539803706	norm	7
T	-80	1	4	0.571428571429	raw	7
T	-80	1	4	1.824297986	norm	7
A	-80	1	1	0.142857142857	raw	7
A	-80	1	1	0.481114833993	norm	7
C	-80	1	1	0.142857142857	raw	7
C	-80	1	1	0.702937249665	norm	7
G	-80	1	1	0.142857142857	raw	7
G	-80	1	1	0.765539803706	norm	7
T	-79	1	4	0.571428571429	raw	7
T	-79	1	4	1.824297986	norm	7
A	-79	1	2	0.285714285714	raw	7
A	-79	1	2	0.962229667985	norm	7
C	-79	1	1	0.142857142857	raw	7
C	-79	1	1	0.702937249665	norm	7
T	-78	1	4	0.571428571429	raw	7
T	-78	1	4	1.824297986	norm	7
G	-78	1	2	0.285714285714	raw	7
G	-78	1	2	1.53107960741	norm	7
A	-78	1	1	0.142857142857	raw	7
A	-78	1	1	0.481114833993	norm	7
C	-77	1	4	0.571428571429	raw	7
C	-77	1	4	2.81174899866	norm	7
A	-77	1	2	0.285714285714	raw	7
A	-77	1	2	0.962229667985	norm	7
T	-77	1	1	0.142857142857	raw	7
T	-77	1	1	0.456074496499	norm	7
G	-76	1	4	0.571428571429	raw	7
G	-76	1	4	3.06215921483	norm	7
A	-76	1	2	0.285714285714	raw	7
A	-76	1	2	0.962229667985	norm	7
T	-76	1	1	0.142857142857	raw	7
T	-76	1	1	0.456074496499	norm	7
T	-75	1	3	0.428571428571	raw	7
T	-75	1	3	1.3682234895	norm	7
A	-75	1	2	0.285714285714	raw	7
A	-75	1	2	0.962229667985	norm	7
G	-75	1	2	0.285714285714	raw	7
G	-75	1	2	1.53107960741	norm	7
T	-74	1	3	0.428571428571	raw	7
T	-74	1	3	1.3682234895	norm	7
G	-74	1	3	0.428571428571	raw	7
G	-74	1	3	2.29661941112	norm	7
C	-74	1	1	0.142857142857	raw	7
C	-74	1	1	0.702937249665	norm	7
A	-73	1	3	0.428571428571	raw	7
A	-73	1	3	1.44334450198	norm	7
T	-73	1	2	0.285714285714	raw	7
T	-73	1	2	0.912148992999	norm	7
C	-73	1	1	0.142857142857	raw	7
C	-73	1	1	0.702937249665	norm	7
G	-73	1	1	0.142857142857	raw	7
G	-73	1	1	0.765539803706	norm	7
A	-72	1	4	0.571428571429	raw	7
A	-72	1	4	1.92445933597	norm	7
C	-72	1	2	0.285714285714	raw	7
C	-72	1	2	1.40587449933	norm	7
G	-72	1	1	0.142857142857	raw	7
G	-72	1	1	0.765539803706	norm	7
T	-71	1	3	0.428571428571	raw	7
T	-71	1	3	1.3682234895	norm	7
G	-71	1	3	0.428571428571	raw	7
G	-71	1	3	2.29661941112	norm	7
C	-71	1	1	0.142857142857	raw	7
C	-71	1	1	0.702937249665	norm	7
C	-70	1	3	0.428571428571	raw	7
C	-70	1	3	2.10881174899	norm	7
T	-70	1	3	0.428571428571	raw	7
T	-70	1	3	1.3682234895	norm	7
A	-70	1	1	0.142857142857	raw	7
A	-70	1	1	0.481114833993	norm	7
A	-69	1	2	0.285714285714	raw	7
A	-69	1	2	0.962229667985	norm	7
C	-69	1	2	0.285714285714	raw	7
C	-69	1	2	1.40587449933	norm	7
G	-69	1	2	0.285714285714	raw	7
G	-69	1	2	1.53107960741	norm	7
T	-69	1	1	0.142857142857	raw	7
T	-69	1	1	0.456074496499	norm	7
A	-68	1	3	0.428571428571	raw	7
A	-68	1	3	1.44334450198	norm	7
C	-68	1	2	0.285714285714	raw	7
C	-68	1	2	1.40587449933	norm	7
T	-68	1	2	0.285714285714	raw	7
T	-68	1	2	0.912148992999	norm	7
G	-67	1	3	0.428571428571	raw	7
G	-67	1	3	2.29661941112	norm	7
C	-67	1	2	0.285714285714	raw	7
C	-67	1	2	1.40587449933	norm	7
A	-67	1	1	0.142857142857	raw	7
A	-67	1	1	0.481114833993	norm	7
T	-67	1	1	0.142857142857	raw	7
T	-67	1	1	0.456074496499	norm	7
C	-66	1	3	0.428571428571	raw	7
C	-66	1	3	2.10881174899	norm	7
G	-66	1	3	0.428571428571	raw	7
G	-66	1	3	2.29661941112	norm	7
T	-66	1	1	0.142857142857	raw	7
T	-66	1	1	0.456074496499	norm	7
T	-65	1	3	0.428571428571	raw	7
T	-65	1	3	1.3682234895	norm	7
C	-65	1	2	0.285714285714	raw	7
C	-65	1	2	1.40587449933	norm	7
A	-65	1	1	0.142857142857	raw	7
A	-65	1	1	0.481114833993	norm	7
G	-65	1	1	0.142857142857	raw	7
G	-65	1	1	0.765539803706	norm	7
A	-64	1	4	0.571428571429	raw	7
A	-64	1	4	1.92445933597	norm	7
C	-64	1	2	0.285714285714	raw	7
C	-64	1	2	1.40587449933	norm	7
G	-64	1	1	0.142857142857	raw	7
G	-64	1	1	0.765539803706	norm	7
T	-63	1	3	0.428571428571	raw	7
T	-63	1	3	1.3682234895	norm	7
C	-63	1	2	0.285714285714	raw	7
C	-63	1	2	1.40587449933	norm	7
A	-63	1	1	0.142857142857	raw	7
A	-63	1	1	0.481114833993	norm	7
G	-63	1	1	0.142857142857	raw	7
G	-63	1	1	0.765539803706	norm	7
T	-62	1	5	0.714285714286	raw	7
T	-62	1	5	2.2803724825	norm	7
A	-62	1	2	0.285714285714	raw	7
A	-62	1	2	0.962229667985	norm	7
T	-61	1	3	0.428571428571	raw	7
T	-61	1	3	1.3682234895	norm	7
A	-61	1	2	0.285714285714	raw	7
A	-61	1	2	0.962229667985	norm	7
C	-61	1	1	0.142857142857	raw	7
C	-61	1	1	0.702937249665	norm	7
G	-61	1	1	0.142857142857	raw	7
G	-61	1	1	0.765539803706	norm	7
A	-60	1	3	0.428571428571	raw	7
A	-60	1	3	1.44334450198	norm	7
C	-60	1	2	0.285714285714	raw	7
C	-60	1	2	1.40587449933	norm	7
T	-60	1	1	0.142857142857	raw	7
T	-60	1	1	0.456074496499	norm	7
G	-60	1	1	0.142857142857	raw	7
G	-60	1	1	0.765539803706	norm	7
A	-59	1	4	0.571428571429	raw	7
A	-59	1	4	1.92445933597	norm	7
C	-59	1	1	0.142857142857	raw	7
C	-59	1	1	0.702937249665	norm	7
T	-59	1	1	0.142857142857	raw	7
T	-59	1	1	0.456074496499	norm	7
G	-59	1	1	0.142857142857	raw	7
G	-59	1	1	0.765539803706	norm	7
A	-58	1	3	0.428571428571	raw	7
A	-58	1	3	1.44334450198	norm	7
C	-58	1	3	0.428571428571	raw	7
C	-58	1	3	2.10881174899	norm	7
T	-58	1	1	0.142857142857	raw	7
T	-58	1	1	0.456074496499	norm	7
C	-57	1	3	0.428571428571	raw	7
C	-57	1	3	2.10881174899	norm	7
T	-57	1	2	0.285714285714	raw	7
T	-57	1	2	0.912148992999	norm	7
A	-57	1	1	0.142857142857	raw	7
A	-57	1	1	0.481114833993	norm	7
G	-57	1	1	0.142857142857	raw	7
G	-57	1	1	0.765539803706	norm	7
A	-56	1	5	0.714285714286	raw	7
A	-56	1	5	2.40557416996	norm	7
C	-56	1	1	0.142857142857	raw	7
C	-56	1	1	0.702937249665	norm	7
G	-56	1	1	0.142857142857	raw	7
G	-56	1	1	0.765539803706	norm	7
T	-55	1	5	0.714285714286	raw	7
T	-55	1	5	2.2803724825	norm	7
A	-55	1	1	0.142857142857	raw	7
A	-55	1	1	0.481114833993	norm	7
C	-55	1	1	0.142857142857	raw	7
C	-55	1	1	0.702937249665	norm	7
A	-54	1	5	0.714285714286	raw	7
A	-54	1	5	2.40557416996	norm	7
C	-54	1	1	0.142857142857	raw	7
C	-54	1	1	0.702937249665	norm	7
T	-54	1	1	0.142857142857	raw	7
T	-54	1	1	0.456074496499	norm	7
A	-53	1	3	0.428571428571	raw	7
A	-53	1	3	1.44334450198	norm	7
T	-53	1	3	0.428571428571	raw	7
T	-53	1	3	1.3682234895	norm	7
G	-53	1	1	0.142857142857	raw	7
G	-53	1	1	0.765539803706	norm	7
A	-52	1	3	0.428571428571	raw	7
A	-52	1	3	1.44334450198	norm	7
T	-52	1	2	0.285714285714	raw	7
T	-52	1	2	0.912148992999	norm	7
C	-52	1	1	0.142857142857	raw	7
C	-52	1	1	0.702937249665	norm	7
G	-52	1	1	0.142857142857	raw	7
G	-52	1	1	0.765539803706	norm	7
A	-51	1	3	0.428571428571	raw	7
A	-51	1	3	1.44334450198	norm	7
T	-51	1	2	0.285714285714	raw	7
T	-51	1	2	0.912148992999	norm	7
G	-51	1	2	0.285714285714	raw	7
G	-51	1	2	1.53107960741	norm	7
C	-50	1	5	0.714285714286	raw	7
C	-50	1	5	3.51468624832	norm	7
T	-50	1	2	0.285714285714	raw	7
T	-50	1	2	0.912148992999	norm	7
A	-49	1	5	0.714285714286	raw	7
A	-49	1	5	2.40557416996	norm	7
C	-49	1	1	0.142857142857	raw	7
C	-49	1	1	0.702937249665	norm	7
T	-49	1	1	0.142857142857	raw	7
T	-49	1	1	0.456074496499	norm	7
A	-48	1	2	0.285714285714	raw	7
A	-48	1	2	0.962229667985	norm	7
C	-48	1	2	0.285714285714	raw	7
C	-48	1	2	1.40587449933	norm	7
T	-48	1	2	0.285714285714	raw	7
T	-48	1	2	0.912148992999	norm	7
G	-48	1	1	0.142857142857	raw	7
G	-48	1	1	0.765539803706	norm	7
T	-47	1	3	0.428571428571	raw	7
T	-47	1	3	1.3682234895	norm	7
A	-47	1	2	0.285714285714	raw	7
A	-47	1	2	0.962229667985	norm	7
G	-47	1	2	0.285714285714	raw	7
G	-47	1	2	1.53107960741	norm	7
A	-46	1	3	0.428571428571	raw	7
A	-46	1	3	1.44334450198	norm	7
T	-46	1	3	0.428571428571	raw	7
T	-46	1	3	1.3682234895	norm	7
C	-46	1	1	0.142857142857	raw	7
C	-46	1	1	0.702937249665	norm	7
A	-45	1	4	0.571428571429	raw	7
A	-45	1	4	1.92445933597	norm	7
C	-45	1	2	0.285714285714	raw	7
C	-45	1	2	1.40587449933	norm	7
T	-45	1	1	0.142857142857	raw	7
T	-45	1	1	0.456074496499	norm	7
T	-44	1	3	0.428571428571	raw	7
T	-44	1	3	1.3682234895	norm	7
G	-44	1	2	0.285714285714	raw	7
G	-44	1	2	1.53107960741	norm	7
A	-44	1	1	0.142857142857	raw	7
A	-44	1	1	0.481114833993	norm	7
C	-44	1	1	0.142857142857	raw	7
C	-44	1	1	0.702937249665	norm	7
T	-43	1	4	0.571428571429	raw	7
T	-43	1	4	1.824297986	norm	7
A	-43	1	2	0.285714285714	raw	7
A	-43	1	2	0.962229667985	norm	7
C	-43	1	1	0.142857142857	raw	7
C	-43	1	1	0.702937249665	norm	7
A	-42	1	2	0.285714285714	raw	7
A	-42	1	2	0.962229667985	norm	7
T	-42	1	2	0.285714285714	raw	7
T	-42	1	2	0.912148992999	norm	7
G	-42	1	2	0.285714285714	raw	7
G	-42	1	2	1.53107960741	norm	7
C	-42	1	1	0.142857142857	raw	7
C	-42	1	1	0.702937249665	norm	7
A	-41	1	5	0.714285714286	raw	7
A	-41	1	5	2.40557416996	norm	7
T	-41	1	2	0.285714285714	raw	7
T	-41	1	2	0.912148992999	norm	7
A	-40	1	3	0.428571428571	raw	7
A	-40	1	3	1.44334450198	norm	7
G	-40	1	3	0.428571428571	raw	7
G	-40	1	3	2.29661941112	norm	7
T	-40	1	1	0.142857142857	raw	7
T	-40	1	1	0.456074496499	norm	7
G	-39	1	3	0.428571428571	raw	7
G	-39	1	3	2.29661941112	norm	7
A	-39	1	2	0.285714285714	raw	7
A	-39	1	2	0.962229667985	norm	7
C	-39	1	1	0.142857142857	raw	7
C	-39	1	1	0.702937249665	norm	7
T	-39	1	1	0.142857142857	raw	7
T	-39	1	1	0.456074496499	norm	7
A	-38	1	2	0.285714285714	raw	7
A	-38	1	2	0.962229667985	norm	7
T	-38	1	2	0.285714285714	raw	7
T	-38	1	2	0.912148992999	norm	7
G	-38	1	2	0.285714285714	raw	7
G	-38	1	2	1.53107960741	norm	7
C	-38	1	1	0.142857142857	raw	7
C	-38	1	1	0.702937249665	norm	7
A	-37	1	2	0.285714285714	raw	7
A	-37	1	2	0.962229667985	norm	7
T	-37	1	2	0.285714285714	raw	7
T	-37	1	2	0.912148992999	norm	7
G	-37	1	2	0.285714285714	raw	7
G	-37	1	2	1.53107960741	norm	7
C	-37	1	1	0.142857142857	raw	7
C	-37	1	1	0.702937249665	norm	7
T	-36	1	4	0.571428571429	raw	7
T	-36	1	4	1.824297986	norm	7
G	-36	1	2	0.285714285714	raw	7
G	-36	1	2	1.53107960741	norm	7
A	-36	1	1	0.142857142857	raw	7
A	-36	1	1	0.481114833993	norm	7
G	-35	1	3	0.428571428571	raw	7
G	-35	1	3	2.29661941112	norm	7
A	-35	1	2	0.285714285714	raw	7
A	-35	1	2	0.962229667985	norm	7
T	-35	1	2	0.285714285714	raw	7
T	-35	1	2	0.912148992999	norm	7
T	-34	1	4	0.571428571429	raw	7
T	-34	1	4	1.824297986	norm	7
G	-34	1	2	0.285714285714	raw	7
G	-34	1	2	1.53107960741	norm	7
A	-34	1	1	0.142857142857	raw	7
A	-34	1	1	0.481114833993	norm	7
A	-33	1	3	0.428571428571	raw	7
A	-33	1	3	1.44334450198	norm	7
T	-33	1	2	0.285714285714	raw	7
T	-33	1	2	0.912148992999	norm	7
C	-33	1	1	0.142857142857	raw	7
C	-33	1	1	0.702937249665	norm	7
G	-33	1	1	0.142857142857	raw	7
G	-33	1	1	0.765539803706	norm	7
T	-32	1	3	0.428571428571	raw	7
T	-32	1	3	1.3682234895	norm	7
C	-32	1	2	0.285714285714	raw	7
C	-32	1	2	1.40587449933	norm	7
A	-32	1	1	0.142857142857	raw	7
A	-32	1	1	0.481114833993	norm	7
G	-32	1	1	0.142857142857	raw	7
G	-32	1	1	0.765539803706	norm	7
A	-31	1	3	0.428571428571	raw	7
A	-31	1	3	1.44334450198	norm	7
T	-31	1	2	0.285714285714	raw	7
T	-31	1	2	0.912148992999	norm	7
C	-31	1	1	0.142857142857	raw	7
C	-31	1	1	0.702937249665	norm	7
G	-31	1	1	0.142857142857	raw	7
G	-31	1	1	0.765539803706	norm	7
A	-30	1	6	0.857142857143	raw	7
A	-30	1	6	2.88668900396	norm	7
G	-30	1	1	0.142857142857	raw	7
G	-30	1	1	0.765539803706	norm	7
A	-29	1	3	0.428571428571	raw	7
A	-29	1	3	1.44334450198	norm	7
C	-29	1	2	0.285714285714	raw	7
C	-29	1	2	1.40587449933	norm	7
T	-29	1	2	0.285714285714	raw	7
T	-29	1	2	0.912148992999	norm	7
T	-28	1	4	0.571428571429	raw	7
T	-28	1	4	1.824297986	norm	7
G	-28	1	3	0.428571428571	raw	7
G	-28	1	3	2.29661941112	norm	7
T	-27	1	3	0.428571428571	raw	7
T	-27	1	3	1.3682234895	norm	7
A	-27	1	2	0.285714285714	raw	7
A	-27	1	2	0.962229667985	norm	7
C	-27	1	1	0.142857142857	raw	7
C	-27	1	1	0.702937249665	norm	7
G	-27	1	1	0.142857142857	raw	7
G	-27	1	1	0.765539803706	norm	7
T	-26	1	3	0.428571428571	raw	7
T	-26	1	3	1.3682234895	norm	7
A	-26	1	2	0.285714285714	raw	7
A	-26	1	2	0.962229667985	norm	7
C	-26	1	2	0.285714285714	raw	7
C	-26	1	2	1.40587449933	norm	7
A	-25	1	3	0.428571428571	raw	7
A	-25	1	3	1.44334450198	norm	7
C	-25	1	2	0.285714285714	raw	7
C	-25	1	2	1.40587449933	norm	7
T	-25	1	2	0.285714285714	raw	7
T	-25	1	2	0.912148992999	norm	7
A	-24	1	3	0.428571428571	raw	7
A	-24	1	3	1.44334450198	norm	7
T	-24	1	3	0.428571428571	raw	7
T	-24	1	3	1.3682234895	norm	7
G	-24	1	1	0.142857142857	raw	7
G	-24	1	1	0.765539803706	norm	7
T	-23	1	3	0.428571428571	raw	7
T	-23	1	3	1.3682234895	norm	7
A	-23	1	2	0.285714285714	raw	7
A	-23	1	2	0.962229667985	norm	7
C	-23	1	1	0.142857142857	raw	7
C	-23	1	1	0.702937249665	norm	7
G	-23	1	1	0.142857142857	raw	7
G	-23	1	1	0.765539803706	norm	7
T	-22	1	3	0.428571428571	raw	7
T	-22	1	3	1.3682234895	norm	7
C	-22	1	2	0.285714285714	raw	7
C	-22	1	2	1.40587449933	norm	7
A	-22	1	1	0.142857142857	raw	7
A	-22	1	1	0.481114833993	norm	7
G	-22	1	1	0.142857142857	raw	7
G	-22	1	1	0.765539803706	norm	7
C	-21	1	3	0.428571428571	raw	7
C	-21	1	3	2.10881174899	norm	7
G	-21	1	3	0.428571428571	raw	7
G	-21	1	3	2.29661941112	norm	7
T	-21	1	1	0.142857142857	raw	7
T	-21	1	1	0.456074496499	norm	7
T	-20	1	4	0.571428571429	raw	7
T	-20	1	4	1.824297986	norm	7
A	-20	1	3	0.428571428571	raw	7
A	-20	1	3	1.44334450198	norm	7
G	-19	1	3	0.428571428571	raw	7
G	-19	1	3	2.29661941112	norm	7
C	-19	1	2	0.285714285714	raw	7
C	-19	1	2	1.40587449933	norm	7
A	-19	1	1	0.142857142857	raw	7
A	-19	1	1	0.481114833993	norm	7
T	-19	1	1	0.142857142857	raw	7
T	-19	1	1	0.456074496499	norm	7
T	-18	1	5	0.714285714286	raw	7
T	-18	1	5	2.2803724825	norm	7
A	-18	1	1	0.142857142857	raw	7
A	-18	1	1	0.481114833993	norm	7
C	-18	1	1	0.142857142857	raw	7
C	-18	1	1	0.702937249665	norm	7
T	-17	1	3	0.428571428571	raw	7
T	-17	1	3	1.3682234895	norm	7
C	-17	1	2	0.285714285714	raw	7
C	-17	1	2	1.40587449933	norm	7
A	-17	1	1	0.142857142857	raw	7
A	-17	1	1	0.481114833993	norm	7
G	-17	1	1	0.142857142857	raw	7
G	-17	1	1	0.765539803706	norm	7
T	-16	1	4	0.571428571429	raw	7
T	-16	1	4	1.824297986	norm	7
A	-16	1	2	0.285714285714	raw	7
A	-16	1	2	0.962229667985	norm	7
C	-16	1	1	0.142857142857	raw	7
C	-16	1	1	0.702937249665	norm	7
A	-15	1	2	0.285714285714	raw	7
A	-15	1	2	0.962229667985	norm	7
T	-15	1	2	0.285714285714	raw	7
T	-15	1	2	0.912148992999	norm	7
G	-15	1	2	0.285714285714	raw	7
G	-15	1	2	1.53107960741	norm	7
C	-15	1	1	0.142857142857	raw	7
C	-15	1	1	0.702937249665	norm	7
A	-14	1	2	0.285714285714	raw	7
A	-14	1	2	0.962229667985	norm	7
T	-14	1	2	0.285714285714	raw	7
T	-14	1	2	0.912148992999	norm	7
G	-14	1	2	0.285714285714	raw	7
G	-14	1	2	1.53107960741	norm	7
C	-14	1	1	0.142857142857	raw	7
C	-14	1	1	0.702937249665	norm	7
T	-13	1	4	0.571428571429	raw	7
T	-13	1	4	1.824297986	norm	7
A	-13	1	2	0.285714285714	raw	7
A	-13	1	2	0.962229667985	norm	7
C	-13	1	1	0.142857142857	raw	7
C	-13	1	1	0.702937249665	norm	7
T	-12	1	4	0.571428571429	raw	7
T	-12	1	4	1.824297986	norm	7
G	-12	1	2	0.285714285714	raw	7
G	-12	1	2	1.53107960741	norm	7
A	-12	1	1	0.142857142857	raw	7
A	-12	1	1	0.481114833993	norm	7
C	-11	1	2	0.285714285714	raw	7
C	-11	1	2	1.40587449933	norm	7
T	-11	1	2	0.285714285714	raw	7
T	-11	1	2	0.912148992999	norm	7
G	-11	1	2	0.285714285714	raw	7
G	-11	1	2	1.53107960741	norm	7
A	-11	1	1	0.142857142857	raw	7
A	-11	1	1	0.481114833993	norm	7
A	-10	1	2	0.285714285714	raw	7
A	-10	1	2	0.962229667985	norm	7
C	-10	1	2	0.285714285714	raw	7
C	-10	1	2	1.40587449933	norm	7
T	-10	1	2	0.285714285714	raw	7
T	-10	1	2	0.912148992999	norm	7
G	-10	1	1	0.142857142857	raw	7
G	-10	1	1	0.765539803706	norm	7
T	-9	1	5	0.714285714286	raw	7
T	-9	1	5	2.2803724825	norm	7
A	-9	1	2	0.285714285714	raw	7
A	-9	1	2	0.962229667985	norm	7
T	-8	1	4	0.571428571429	raw	7
T	-8	1	4	1.824297986	norm	7
A	-8	1	3	0.428571428571	raw	7
A	-8	1	3	1.44334450198	norm	7
A	-7	1	2	0.285714285714	raw	7
A	-7	1	2	0.962229667985	norm	7
T	-7	1	2	0.285714285714	raw	7
T	-7	1	2	0.912148992999	norm	7
G	-7	1	2	0.285714285714	raw	7
G	-7	1	2	1.53107960741	norm	7
C	-7	1	1	0.142857142857	raw	7
C	-7	1	1	0.702937249665	norm	7
C	-6	1	3	0.428571428571	raw	7
C	-6	1	3	2.10881174899	norm	7
A	-6	1	2	0.285714285714	raw	7
A	-6	1	2	0.962229667985	norm	7
T	-6	1	1	0.142857142857	raw	7
T	-6	1	1	0.456074496499	norm	7
G	-6	1	1	0.142857142857	raw	7
G	-6	1	1	0.765539803706	norm	7
C	-5	1	3	0.428571428571	raw	7
C	-5	1	3	2.10881174899	norm	7
T	-5	1	3	0.428571428571	raw	7
T	-5	1	3	1.3682234895	norm	7
A	-5	1	1	0.142857142857	raw	7
A	-5	1	1	0.481114833993	norm	7
A	-4	1	4	0.571428571429	raw	7
A	-4	1	4	1.92445933597	norm	7
T	-4	1	2	0.285714285714	raw	7
T	-4	1	2	0.912148992999	norm	7
C	-4	1	1	0.142857142857	raw	7
C	-4	1	1	0.702937249665	norm	7
A	-3	1	3	0.428571428571	raw	7
A	-3	1	3	1.44334450198	norm	7
C	-3	1	2	0.285714285714	raw	7
C	-3	1	2	1.40587449933	norm	7
T	-3	1	2	0.285714285714	raw	7
T	-3	1	2	0.912148992999	norm	7
A	-2	1	3	0.428571428571	raw	7
A	-2	1	3	1.44334450198	norm	7
G	-2	1	2	0.285714285714	raw	7
G	-2	1	2	1.53107960741	norm	7
C	-2	1	1	0.142857142857	raw	7
C	-2	1	1	0.702937249665	norm	7
T	-2	1	1	0.142857142857	raw	7
T	-2	1	1	0.456074496499	norm	7
A	-1	1	3	0.428571428571	raw	7
A	-1	1	3	1.44334450198	norm	7
T	-1	1	3	0.428571428571	raw	7
T	-1	1	3	1.3682234895	norm	7
C	-1	1	1	0.142857142857	raw	7
C	-1	1	1	0.702937249665	norm	7
C	0	1	4	0.571428571429	raw	7
C	0	1	4	2.81174899866	norm	7
A	0	1	1	0.142857142857	raw	7
A	0	1	1	0.481114833993	norm	7
T	0	1	1	0.142857142857	raw	7
T	0	1	1	0.456074496499	norm	7
G	0	1	1	0.142857142857	raw	7
G	0	1	1	0.765539803706	norm	7
G	1	1	3	0.428571428571	raw	7
G	1	1	3	2.29661941112	norm	7
A	1	1	2	0.285714285714	raw	7
A	1	1	2	0.962229667985	norm	7
C	1	1	1	0.142857142857	raw	7
C	1	1	1	0.702937249665	norm	7
T	1	1	1	0.142857142857	raw	7
T	1	1	1	0.456074496499	norm	7
T	2	1	4	0.571428571429	raw	7
T	2	1	4	1.824297986	norm	7
G	2	1	2	0.285714285714	raw	7
G	2	1	2	1.53107960741	norm	7
A	2	1	1	0.142857142857	raw	7
A	2	1	1	0.481114833993	norm	7
C	3	1	3	0.428571428571	raw	7
C	3	1	3	2.10881174899	norm	7
T	3	1	3	0.428571428571	raw	7
T	3	1	3	1.3682234895	norm	7
A	3	1	1	0.142857142857	raw	7
A	3	1	1	0.481114833993	norm	7
A	4	1	2	0.285714285714	raw	7
A	4	1	2	0.962229667985	norm	7
C	4	1	2	0.285714285714	raw	7
C	4	1	2	1.40587449933	norm	7
G	4	1	2	0.285714285714	raw	7
G	4	1	2	1.53107960741	norm	7
T	4	1	1	0.142857142857	raw	7
T	4	1	1	0.456074496499	norm	7
G	5	1	4	0.571428571429	raw	7
G	5	1	4	3.06215921483	norm	7
T	5	1	2	0.285714285714	raw	7
T	5	1	2	0.912148992999	norm	7
A	5	1	1	0.142857142857	raw	7
A	5	1	1	0.481114833993	norm	7
G	6	1	3	0.428571428571	raw	7
G	6	1	3	2.29661941112	norm	7
A	6	1	2	0.285714285714	raw	7
A	6	1	2	0.962229667985	norm	7
C	6	1	1	0.142857142857	raw	7
C	6	1	1	0.702937249665	norm	7
T	6	1	1	0.142857142857	raw	7
T	6	1	1	0.456074496499	norm	7
T	7	1	4	0.571428571429	raw	7
T	7	1	4	1.824297986	norm	7
A	7	1	3	0.428571428571	raw	7
A	7	1	3	1.44334450198	norm	7
A	8	1	4	0.571428571429	raw	7
A	8	1	4	1.92445933597	norm	7
C	8	1	1	0.142857142857	raw	7
C	8	1	1	0.702937249665	norm	7
T	8	1	1	0.142857142857	raw	7
T	8	1	1	0.456074496499	norm	7
G	8	1	1	0.142857142857	raw	7
G	8	1	1	0.765539803706	norm	7
T	9	1	4	0.571428571429	raw	7
T	9	1	4	1.824297986	norm	7
G	9	1	2	0.285714285714	raw	7
G	9	1	2	1.53107960741	norm	7
A	9	1	1	0.142857142857	raw	7
A	9	1	1	0.481114833993	norm	7
T	10	1	3	0.428571428571	raw	7
T	10	1	3	1.3682234895	norm	7
A	10	1	2	0.285714285714	raw	7
A	10	1	2	0.962229667985	norm	7
C	10	1	2	0.285714285714	raw	7
C	10	1	2	1.40587449933	norm	7
A	11	1	2	0.285714285714	raw	7
A	11	1	2	0.962229667985	norm	7
C	11	1	2	0.285714285714	raw	7
C	11	1	2	1.40587449933	norm	7
G	11	1	2	0.285714285714	raw	7
G	11	1	2	1.53107960741	norm	7
T	11	1	1	0.142857142857	raw	7
T	11	1	1	0.456074496499	norm	7
T	12	1	4	0.571428571429	raw	7
T	12	1	4	1.824297986	norm	7
C	12	1	2	0.285714285714	raw	7
C	12	1	2	1.40587449933	norm	7
G	12	1	1	0.142857142857	raw	7
G	12	1	1	0.765539803706	norm	7
T	13	1	3	0.428571428571	raw	7
T	13	1	3	1.3682234895	norm	7
G	13	1	2	0.285714285714	raw	7
G	13	1	2	1.53107960741	norm	7
A	13	1	1	0.142857142857	raw	7
A	13	1	1	0.481114833993	norm	7
C	13	1	1	0.142857142857	raw	7
C	13	1	1	0.702937249665	norm	7
T	14	1	3	0.428571428571	raw	7
T	14	1	3	1.3682234895	norm	7
C	14	1	2	0.285714285714	raw	7
C	14	1	2	1.40587449933	norm	7
G	14	1	2	0.285714285714	raw	7
G	14	1	2	1.53107960741	norm	7
C	15	1	3	0.428571428571	raw	7
C	15	1	3	2.10881174899	norm	7
T	15	1	2	0.285714285714	raw	7
T	15	1	2	0.912148992999	norm	7
A	15	1	1	0.142857142857	raw	7
A	15	1	1	0.481114833993	norm	7
G	15	1	1	0.142857142857	raw	7
G	15	1	1	0.765539803706	norm	7
T	16	1	3	0.428571428571	raw	7
T	16	1	3	1.3682234895	norm	7
C	16	1	2	0.285714285714	raw	7
C	16	1	2	1.40587449933	norm	7
A	16	1	1	0.142857142857	raw	7
A	16	1	1	0.481114833993	norm	7
G	16	1	1	0.142857142857	raw	7
G	16	1	1	0.765539803706	norm	7
T	17	1	4	0.571428571429	raw	7
T	17	1	4	1.824297986	norm	7
A	17	1	2	0.285714285714	raw	7
A	17	1	2	0.962229667985	norm	7
C	17	1	1	0.142857142857	raw	7
C	17	1	1	0.702937249665	norm	7
T	18	1	4	0.571428571429	raw	7
T	18	1	4	1.824297986	norm	7
A	18	1	2	0.285714285714	raw	7
A	18	1	2	0.962229667985	norm	7
C	18	1	1	0.142857142857	raw	7
C	18	1	1	0.702937249665	norm	7
A	19	1	4	0.571428571429	raw	7
A	19	1	4	1.92445933597	norm	7
T	19	1	2	0.285714285714	raw	7
T	19	1	2	0.912148992999	norm	7
G	19	1	1	0.142857142857	raw	7
G	19	1	1	0.765539803706	norm	7
A	20	1	3	0.428571428571	raw	7
A	20	1	3	1.44334450198	norm	7
T	20	1	2	0.285714285714	raw	7
T	20	1	2	0.912148992999	norm	7
C	20	1	1	0.142857142857	raw	7
C	20	1	1	0.702937249665	norm	7
G	20	1	1	0.142857142857	raw	7
G	20	1	1	0.765539803706	norm	7
A	21	1	3	0.428571428571	raw	7
A	21	1	3	1.44334450198	norm	7
C	21	1	2	0.285714285714	raw	7
C	21	1	2	1.40587449933	norm	7
T	21	1	1	0.142857142857	raw	7
T	21	1	1	0.456074496499	norm	7
G	21	1	1	0.142857142857	raw	7
G	21	1	1	0.765539803706	norm	7
A	22	1	3	0.428571428571	raw	7
A	22	1	3	1.44334450198	norm	7
T	22	1	2	0.285714285714	raw	7
T	22	1	2	0.912148992999	norm	7
C	22	1	1	0.142857142857	raw	7
C	22	1	1	0.702937249665	norm	7
G	22	1	1	0.142857142857	raw	7
G	22	1	1	0.765539803706	norm	7
A	23	1	3	0.428571428571	raw	7
A	23	1	3	1.44334450198	norm	7
C	23	1	3	0.428571428571	raw	7
C	23	1	3	2.10881174899	norm	7
G	23	1	1	0.142857142857	raw	7
G	23	1	1	0.765539803706	norm	7
A	24	1	2	0.285714285714	raw	7
A	24	1	2	0.962229667985	norm	7
T	24	1	2	0.285714285714	raw	7
T	24	1	2	0.912148992999	norm	7
G	24	1	2	0.285714285714	raw	7
G	24	1	2	1.53107960741	norm	7
C	24	1	1	0.142857142857	raw	7
C	24	1	1	0.702937249665	norm	7
G	25	1	3	0.428571428571	raw	7
G	25	1	3	2.29661941112	norm	7
T	25	1	2	0.285714285714	raw	7
T	25	1	2	0.912148992999	norm	7
A	25	1	1	0.142857142857	raw	7
A	25	1	1	0.481114833993	norm	7
C	25	1	1	0.142857142857	raw	7
C	25	1	1	0.702937249665	norm	7
G	26	1	3	0.428571428571	raw	7
G	26	1	3	2.29661941112	norm	7
A	26	1	2	0.285714285714	raw	7
A	26	1	2	0.962229667985	norm	7
T	26	1	2	0.285714285714	raw	7
T	26	1	2	0.912148992999	norm	7
A	27	1	4	0.571428571429	raw	7
A	27	1	4	1.92445933597	norm	7
G	27	1	2	0.285714285714	raw	7
G	27	1	2	1.53107960741	norm	7
T	27	1	1	0.142857142857	raw	7
T	27	1	1	0.456074496499	norm	7
A	28	1	3	0.428571428571	raw	7
A	28	1	3	1.44334450198	norm	7
C	28	1	2	0.285714285714	raw	7
C	28	1	2	1.40587449933	norm	7
T	28	1	2	0.285714285714	raw	7
T	28	1	2	0.912148992999	norm	7
A	29	1	4	0.571428571429	raw	7
A	29	1	4	1.92445933597	norm	7
G	29	1	2	0.285714285714	raw	7
G	29	1	2	1.53107960741	norm	7
C	29	1	1	0.142857142857	raw	7
C	29	1	1	0.702937249665	norm	7
C	30	1	3	0.428571428571	raw	7
C	30	1	3	2.10881174899	norm	7
T	30	1	2	0.285714285714	raw	7
T	30	1	2	0.912148992999	norm	7
A	30	1	1	0.142857142857	raw	7
A	30	1	1	0.481114833993	norm	7
G	30	1	1	0.142857142857	raw	7
G	30	1	1	0.765539803706	norm	7
T	31	1	3	0.428571428571	raw	7
T	31	1	3	1.3682234895	norm	7
A	31	1	2	0.285714285714	raw	7
A	31	1	2	0.962229667985	norm	7
G	31	1	2	0.285714285714	raw	7
G	31	1	2	1.53107960741	norm	7
A	32	1	2	0.285714285714	raw	7
A	32	1	2	0.962229667985	norm	7
C	32	1	2	0.285714285714	raw	7
C	32	1	2	1.40587449933	norm	7
G	32	1	2	0.285714285714	raw	7
G	32	1	2	1.53107960741	norm	7
T	32	1	1	0.142857142857	raw	7
T	32	1	1	0.456074496499	norm	7
T	33	1	3	0.428571428571	raw	7
T	33	1	3	1.3682234895	norm	7
A	33	1	2	0.285714285714	raw	7
A	33	1	2	0.962229667985	norm	7
C	33	1	1	0.142857142857	raw	7
C	33	1	1	0.702937249665	norm	7
G	33	1	1	0.142857142857	raw	7
G	33	1	1	0.765539803706	norm	7
A	34	1	2	0.285714285714	raw	7
A	34	1	2	0.962229667985	norm	7
C	34	1	2	0.285714285714	raw	7
C	34	1	2	1.40587449933	norm	7
T	34	1	2	0.285714285714	raw	7
T	34	1	2	0.912148992999	norm	7
G	34	1	1	0.142857142857	raw	7
G	34	1	1	0.765539803706	norm	7
A	35	1	3	0.428571428571	raw	7
A	35	1	3	1.44334450198	norm	7
C	35	1	3	0.428571428571	raw	7
C	35	1	3	2.10881174899	norm	7
T	35	1	1	0.142857142857	raw	7
T	35	1	1	0.456074496499	norm	7
T	36	1	5	0.714285714286	raw	7
T	36	1	5	2.2803724825	norm	7
G	36	1	2	0.285714285714	raw	7
G	36	1	2	1.53107960741	norm	7
A	37	1	3	0.428571428571	raw	7
A	37	1	3	1.44334450198	norm	7
T	37	1	3	0.428571428571	raw	7
T	37	1	3	1.3682234895	norm	7
G	37	1	1	0.142857142857	raw	7
G	37	1	1	0.765539803706	norm	7
C	38	1	3	0.428571428571	raw	7
C	38	1	3	2.10881174899	norm	7
T	38	1	2	0.285714285714	raw	7
T	38	1	2	0.912148992999	norm	7
A	38	1	1	0.142857142857	raw	7
A	38	1	1	0.481114833993	norm	7
G	38	1	1	0.142857142857	raw	7
G	38	1	1	0.765539803706	norm	7
T	39	1	4	0.571428571429	raw	7
T	39	1	4	1.824297986	norm	7
A	39	1	2	0.285714285714	raw	7
A	39	1	2	0.962229667985	norm	7
C	39	1	1	0.142857142857	raw	7
C	39	1	1	0.702937249665	norm	7
A	40	1	3	0.428571428571	raw	7
A	40	1	3	1.44334450198	norm	7
T	40	1	3	0.428571428571	raw	7
T	40	1	3	1.3682234895	norm	7
C	40	1	1	0.142857142857	raw	7
C	40	1	1	0.702937249665	norm	7
G	41	1	3	0.428571428571	raw	7
G	41	1	3	2.29661941112	norm	7
A	41	1	2	0.285714285714	raw	7
A	41	1	2	0.962229667985	norm	7
T	41	1	2	0.285714285714	raw	7
T	41	1	2	0.912148992999	norm	7
A	42	1	4	0.571428571429	raw	7
A	42	1	4	1.92445933597	norm	7
T	42	1	3	0.428571428571	raw	7
T	42	1	3	1.3682234895	norm	7
A	43	1	2	0.285714285714	raw	7
A	43	1	2	0.962229667985	norm	7
C	43	1	2	0.285714285714	raw	7
C	43	1	2	1.40587449933	norm	7
T	43	1	2	0.285714285714	raw	7
T	43	1	2	0.912148992999	norm	7
G	43	1	1	0.142857142857	raw	7
G	43	1	1	0.765539803706	norm	7
A	44	1	3	0.428571428571	raw	7
A	44	1	3	1.44334450198	norm	7
T	44	1	3	0.428571428571	raw	7
T	44	1	3	1.3682234895	norm	7
G	44	1	1	0.142857142857	raw	7
G	44	1	1	0.765539803706	norm	7
T	45	1	4	0.571428571429	raw	7
T	45	1	4	1.824297986	norm	7
G	45	1	2	0.285714285714	raw	7
G	45	1	2	1.53107960741	norm	7
A	45	1	1	0.142857142857	raw	7
A	45	1	1	0.481114833993	norm	7
T	46	1	3	0.428571428571	raw	7
T	46	1	3	1.3682234895	norm	7
G	46	1	2	0.285714285714	raw	7
G	46	1	2	1.53107960741	norm	7
A	46	1	1	0.142857142857	raw	7
A	46	1	1	0.481114833993	norm	7
C	46	1	1	0.142857142857	raw	7
C	46	1	1	0.702937249665	norm	7
A	47	1	5	0.714285714286	raw	7
A	47	1	5	2.40557416996	norm	7
C	47	1	1	0.142857142857	raw	7
C	47	1	1	0.702937249665	norm	7
T	47	1	1	0.142857142857	raw	7
T	47	1	1	0.456074496499	norm	7
A	48	1	4	0.571428571429	raw	7
A	48	1	4	1.92445933597	norm	7
C	48	1	1	0.142857142857	raw	7
C	48	1	1	0.702937249665	norm	7
T	48	1	1	0.142857142857	raw	7
T	48	1	1	0.456074496499	norm	7
G	48	1	1	0.142857142857	raw	7
G	48	1	1	0.765539803706	norm	7
G	49	1	4	0.571428571429	raw	7
G	49	1	4	3.06215921483	norm	7
T	49	1	2	0.285714285714	raw	7
T	49	1	2	0.912148992999	norm	7
A	49	1	1	0.142857142857	raw	7
A	49	1	1	0.481114833993	norm	7
A	50	1	3	0.428571428571	raw	7
A	50	1	3	1.44334450198	norm	7
G	50	1	2	0.285714285714	raw	7
G	50	1	2	1.53107960741	norm	7
C	50	1	1	0.142857142857	raw	7
C	50	1	1	0.702937249665	norm	7
T	50	1	1	0.142857142857	raw	7
T	50	1	1	0.456074496499	norm	7
A	51	1	6	0.857142857143	raw	7
A	51	1	6	2.88668900396	norm	7
G	51	1	1	0.142857142857	raw	7
G	51	1	1	0.765539803706	norm	7
A	52	1	5	0.714285714286	raw	7
A	52	1	5	2.40557416996	norm	7
T	52	1	2	0.285714285714	raw	7
T	52	1	2	0.912148992999	norm	7
A	53	1	3	0.428571428571	raw	7
A	53	1	3	1.44334450198	norm	7
C	53	1	2	0.285714285714	raw	7
C	53	1	2	1.40587449933	norm	7
T	53	1	2	0.285714285714	raw	7
T	53	1	2	0.912148992999	norm	7
C	54	1	3	0.428571428571	raw	7
C	54	1	3	2.10881174899	norm	7
T	54	1	2	0.285714285714	raw	7
T	54	1	2	0.912148992999	norm	7
A	54	1	1	0.142857142857	raw	7
A	54	1	1	0.481114833993	norm	7
G	54	1	1	0.142857142857	raw	7
G	54	1	1	0.765539803706	norm	7
A	55	1	4	0.571428571429	raw	7
A	55	1	4	1.92445933597	norm	7
C	55	1	2	0.285714285714	raw	7
C	55	1	2	1.40587449933	norm	7
T	55	1	1	0.142857142857	raw	7
T	55	1	1	0.456074496499	norm	7
A	56	1	3	0.428571428571	raw	7
A	56	1	3	1.44334450198	norm	7
T	56	1	3	0.428571428571	raw	7
T	56	1	3	1.3682234895	norm	7
C	56	1	1	0.142857142857	raw	7
C	56	1	1	0.702937249665	norm	7
A	57	1	2	0.285714285714	raw	7
A	57	1	2	0.962229667985	norm	7
C	57	1	2	0.285714285714	raw	7
C	57	1	2	1.40587449933	norm	7
T	57	1	2	0.285714285714	raw	7
T	57	1	2	0.912148992999	norm	7
G	57	1	1	0.142857142857	raw	7
G	57	1	1	0.765539803706	norm	7
C	58	1	3	0.428571428571	raw	7
C	58	1	3	2.10881174899	norm	7
G	58	1	2	0.285714285714	raw	7
G	58	1	2	1.53107960741	norm	7
A	58	1	1	0.142857142857	raw	7
A	58	1	1	0.481114833993	norm	7
T	58	1	1	0.142857142857	raw	7
T	58	1	1	0.456074496499	norm	7
C	59	1	2	0.285714285714	raw	7
C	59	1	2	1.40587449933	norm	7
T	59	1	2	0.285714285714	raw	7
T	59	1	2	0.912148992999	norm	7
G	59	1	2	0.285714285714	raw	7
G	59	1	2	1.53107960741	norm	7
A	59	1	1	0.142857142857	raw	7
A	59	1	1	0.481114833993	norm	7
A	60	1	2	0.285714285714	raw	7
A	60	1	2	0.962229667985	norm	7
C	60	1	2	0.285714285714	raw	7
C	60	1	2	1.40587449933	norm	7
T	60	1	2	0.285714285714	raw	7
T	60	1	2	0.912148992999	norm	7
G	60	1	1	0.142857142857	raw	7
G	60	1	1	0.765539803706	norm	7
A	61	1	2	0.285714285714	raw	7
A	61	1	2	0.962229667985	norm	7
C	61	1	2	0.285714285714	raw	7
C	61	1	2	1.40587449933	norm	7
T	61	1	2	0.285714285714	raw	7
T	61	1	2	0.912148992999	norm	7
G	61	1	1	0.142857142857	raw	7
G	61	1	1	0.765539803706	norm	7
A	62	1	3	0.428571428571	raw	7
A	62	1	3	1.44334450198	norm	7
T	62	1	3	0.428571428571	raw	7
T	62	1	3	1.3682234895	norm	7
C	62	1	1	0.142857142857	raw	7
C	62	1	1	0.702937249665	norm	7
A	63	1	2	0.285714285714	raw	7
A	63	1	2	0.962229667985	norm	7
T	63	1	2	0.285714285714	raw	7
T	63	1	2	0.912148992999	norm	7
G	63	1	2	0.285714285714	raw	7
G	63	1	2	1.53107960741	norm	7
C	63	1	1	0.142857142857	raw	7
C	63	1	1	0.702937249665	norm	7
A	64	1	2	0.285714285714	raw	7
A	64	1	2	0.962229667985	norm	7
T	64	1	2	0.285714285714	raw	7
T	64	1	2	0.912148992999	norm	7
G	64	1	2	0.285714285714	raw	7
G	64	1	2	1.53107960741	norm	7
C	64	1	1	0.142857142857	raw	7
C	64	1	1	0.702937249665	norm	7
T	65	1	4	0.571428571429	raw	7
T	65	1	4	1.824297986	norm	7
A	65	1	3	0.428571428571	raw	7
A	65	1	3	1.44334450198	norm	7
C	66	1	2	0.285714285714	raw	7
C	66	1	2	1.40587449933	norm	7
T	66	1	2	0.285714285714	raw	7
T	66	1	2	0.912148992999	norm	7
G	66	1	2	0.285714285714	raw	7
G	66	1	2	1.53107960741	norm	7
A	66	1	1	0.142857142857	raw	7
A	66	1	1	0.481114833993	norm	7
T	67	1	3	0.428571428571	raw	7
T	67	1	3	1.3682234895	norm	7
A	67	1	2	0.285714285714	raw	7
A	67	1	2	0.962229667985	norm	7
C	67	1	1	0.142857142857	raw	7
C	67	1	1	0.702937249665	norm	7
G	67	1	1	0.142857142857	raw	7
G	67	1	1	0.765539803706	norm	7
T	68	1	3	0.428571428571	raw	7
T	68	1	3	1.3682234895	norm	7
A	68	1	2	0.285714285714	raw	7
A	68	1	2	0.962229667985	norm	7
G	68	1	2	0.285714285714	raw	7
G	68	1	2	1.53107960741	norm	7
A	69	1	4	0.571428571429	raw	7
A	69	1	4	1.92445933597	norm	7
T	69	1	3	0.428571428571	raw	7
T	69	1	3	1.3682234895	norm	7
G	70	1	3	0.428571428571	raw	7
G	70	1	3	2.29661941112	norm	7
A	70	1	2	0.285714285714	raw	7
A	70	1	2	0.962229667985	norm	7
C	70	1	1	0.142857142857	raw	7
C	70	1	1	0.702937249665	norm	7
T	70	1	1	0.142857142857	raw	7
T	70	1	1	0.456074496499	norm	7
T	71	1	3	0.428571428571	raw	7
T	71	1	3	1.3682234895	norm	7
A	71	1	2	0.285714285714	raw	7
A	71	1	2	0.962229667985	norm	7
C	71	1	1	0.142857142857	raw	7
C	71	1	1	0.702937249665	norm	7
G	71	1	1	0.142857142857	raw	7
G	71	1	1	0.765539803706	norm	7
T	72	1	3	0.428571428571	raw	7
T	72	1	3	1.3682234895	norm	7
C	72	1	2	0.285714285714	raw	7
C	72	1	2	1.40587449933	norm	7
A	72	1	1	0.142857142857	raw	7
A	72	1	1	0.481114833993	norm	7
G	72	1	1	0.142857142857	raw	7
G	72	1	1	0.765539803706	norm	7
A	73	1	3	0.428571428571	raw	7
A	73	1	3	1.44334450198	norm	7
T	73	1	2	0.285714285714	raw	7
T	73	1	2	0.912148992999	norm	7
C	73	1	1	0.142857142857	raw	7
C	73	1	1	0.702937249665	norm	7
G	73	1	1	0.142857142857	raw	7
G	73	1	1	0.765539803706	norm	7
A	74	1	3	0.428571428571	raw	7
A	74	1	3	1.44334450198	norm	7
C	74	1	2	0.285714285714	raw	7
C	74	1	2	1.40587449933	norm	7
T	74	1	1	0.142857142857	raw	7
T	74	1	1	0.456074496499	norm	7
G	74	1	1	0.142857142857	raw	7
G	74	1	1	0.765539803706	norm	7
A	75	1	2	0.285714285714	raw	7
A	75	1	2	0.962229667985	norm	7
T	75	1	2	0.285714285714	raw	7
T	75	1	2	0.912148992999	norm	7
G	75	1	2	0.285714285714	raw	7
G	75	1	2	1.53107960741	norm	7
C	75	1	1	0.142857142857	raw	7
C	75	1	1	0.702937249665	norm	7
A	76	1	3	0.428571428571	raw	7
A	76	1	3	1.44334450198	norm	7
C	76	1	2	0.285714285714	raw	7
C	76	1	2	1.40587449933	norm	7
T	76	1	1	0.142857142857	raw	7
T	76	1	1	0.456074496499	norm	7
G	76	1	1	0.142857142857	raw	7
G	76	1	1	0.765539803706	norm	7
T	77	1	4	0.571428571429	raw	7
T	77	1	4	1.824297986	norm	7
G	77	1	2	0.285714285714	raw	7
G	77	1	2	1.53107960741	norm	7
A	77	1	1	0.142857142857	raw	7
A	77	1	1	0.481114833993	norm	7
A	78	1	3	0.428571428571	raw	7
A	78	1	3	1.44334450198	norm	7
G	78	1	2	0.285714285714	raw	7
G	78	1	2	1.53107960741	norm	7
C	78	1	1	0.142857142857	raw	7
C	78	1	1	0.702937249665	norm	7
T	78	1	1	0.142857142857	raw	7
T	78	1	1	0.456074496499	norm	7
A	79	1	3	0.428571428571	raw	7
A	79	1	3	1.44334450198	norm	7
T	79	1	2	0.285714285714	raw	7
T	79	1	2	0.912148992999	norm	7
C	79	1	1	0.142857142857	raw	7
C	79	1	1	0.702937249665	norm	7
G	79	1	1	0.142857142857	raw	7
G	79	1	1	0.765539803706	norm	7
A	80	1	4	0.571428571429	raw	7
A	80	1	4	1.92445933597	norm	7
G	80	1	2	0.285714285714	raw	7
G	80	1	2	1.53107960741	norm	7
C	80	1	1	0.142857142857	raw	7
C	80	1	1	0.702937249665	norm	7
G	81	1	3	0.428571428571	raw	7
G	81	1	3	2.29661941112	norm	7
A	81	1	2	0.285714285714	raw	7
A	81	1	2	0.962229667985	norm	7
C	81	1	2	0.285714285714	raw	7
C	81	1	2	1.40587449933	norm	7
T	82	1	5	0.714285714286	raw	7
T	82	1	5	2.2803724825	norm	7
A	82	1	1	0.142857142857	raw	7
A	82	1	1	0.481114833993	norm	7
G	82	1	1	0.142857142857	raw	7
G	82	1	1	0.765539803706	norm	7
C	83	1	3	0.428571428571	raw	7
C	83	1	3	2.10881174899	norm	7
G	83	1	2	0.285714285714	raw	7
G	83	1	2	1.53107960741	norm	7
A	83	1	1	0.142857142857	raw	7
A	83	1	1	0.481114833993	norm	7
T	83	1	1	0.142857142857	raw	7
T	83	1	1	0.456074496499	norm	7
A	84	1	5	0.714285714286	raw	7
A	84	1	5	2.40557416996	norm	7
T	84	1	2	0.285714285714	raw	7
T	84	1	2	0.912148992999	norm	7
A	85	1	4	0.571428571429	raw	7
A	85	1	4	1.92445933597	norm	7
G	85	1	2	0.285714285714	raw	7
G	85	1	2	1.53107960741	norm	7
C	85	1	1	0.142857142857	raw	7
C	85	1	1	0.702937249665	norm	7
A	86	1	3	0.428571428571	raw	7
A	86	1	3	1.44334450198	norm	7
T	86	1	2	0.285714285714	raw	7
T	86	1	2	0.912148992999	norm	7
C	86	1	1	0.142857142857	raw	7
C	86	1	1	0.702937249665	norm	7
G	86	1	1	0.142857142857	raw	7
G	86	1	1	0.765539803706	norm	7
A	87	1	2	0.285714285714	raw	7
A	87	1	2	0.962229667985	norm	7
T	87	1	2	0.285714285714	raw	7
T	87	1	2	0.912148992999	norm	7
G	87	1	2	0.285714285714	raw	7
G	87	1	2	1.53107960741	norm	7
C	87	1	1	0.142857142857	raw	7
C	87	1	1	0.702937249665	norm	7
C	88	1	3	0.428571428571	raw	7
C	88	1	3	2.10881174899	norm	7
T	88	1	3	0.428571428571	raw	7
T	88	1	3	1.3682234895	norm	7
A	88	1	1	0.142857142857	raw	7
A	88	1	1	0.481114833993	norm	7
T	89	1	5	0.714285714286	raw	7
T	89	1	5	2.2803724825	norm	7
A	89	1	2	0.285714285714	raw	7
A	89	1	2	0.962229667985	norm	7
A	90	1	3	0.428571428571	raw	7
A	90	1	3	1.44334450198	norm	7
C	90	1	2	0.285714285714	raw	7
C	90	1	2	1.40587449933	norm	7
T	90	1	2	0.285714285714	raw	7
T	90	1	2	0.912148992999	norm	7
C	91	1	3	0.428571428571	raw	7
C	91	1	3	2.10881174899	norm	7
A	91	1	2	0.285714285714	raw	7
A	91	1	2	0.962229667985	norm	7
T	91	1	2	0.285714285714	raw	7
T	91	1	2	0.912148992999	norm	7
A	92	1	4	0.571428571429	raw	7
A	92	1	4	1.92445933597	norm	7
C	92	1	1	0.142857142857	raw	7
C	92	1	1	0.702937249665	norm	7
T	92	1	1	0.142857142857	raw	7
T	92	1	1	0.456074496499	norm	7
G	92	1	1	0.142857142857	raw	7
G	92	1	1	0.765539803706	norm	7
T	93	1	3	0.428571428571	raw	7
T	93	1	3	1.3682234895	norm	7
A	93	1	2	0.285714285714	raw	7
A	93	1	2	0.962229667985	norm	7
G	93	1	2	0.285714285714	raw	7
G	93	1	2	1.53107960741	norm	7
T	94	1	4	0.571428571429	raw	7
T	94	1	4	1.824297986	norm	7
A	94	1	1	0.142857142857	raw	7
A	94	1	1	0.481114833993	norm	7
C	94	1	1	0.142857142857	raw	7
C	94	1	1	0.702937249665	norm	7
G	94	1	1	0.142857142857	raw	7
G	94	1	1	0.765539803706	norm	7
T	95	1	3	0.428571428571	raw	7
T	95	1	3	1.3682234895	norm	7
C	95	1	2	0.285714285714	raw	7
C	95	1	2	1.40587449933	norm	7
A	95	1	1	0.142857142857	raw	7
A	95	1	1	0.481114833993	norm	7
G	95	1	1	0.142857142857	raw	7
G	95	1	1	0.765539803706	norm	7
A	96	1	2	0.285714285714	raw	7
A	96	1	2	0.962229667985	norm	7
C	96	1	2	0.285714285714	raw	7
C	96	1	2	1.40587449933	norm	7
T	96	1	2	0.285714285714	raw	7
T	96	1	2	0.912148992999	norm	7
G	96	1	1	0.142857142857	raw	7
G	96	1	1	0.765539803706	norm	7
T	97	1	3	0.428571428571	raw	7
T	97	1	3	1.3682234895	norm	7
G	97	1	2	0.285714285714	raw	7
G	97	1	2	1.53107960741	norm	7
A	97	1	1	0.142857142857	raw	7
A	97	1	1	0.481114833993	norm	7
C	97	1	1	0.142857142857	raw	7
C	97	1	1	0.702937249665	norm	7
C	98	1	3	0.428571428571	raw	7
C	98	1	3	2.10881174899	norm	7
A	98	1	2	0.285714285714	raw	7
A	98	1	2	0.962229667985	norm	7
T	98	1	2	0.285714285714	raw	7
T	98	1	2	0.912148992999	norm	7
G	99	1	3	0.428571428571	raw	7
G	99	1	3	2.29661941112	norm	7
A	99	1	2	0.285714285714	raw	7
A	99	1	2	0.962229667985	norm	7
C	99	1	2	0.285714285714	raw	7
C	99	1	2	1.40587449933	norm	7
A	100	1	2	0.285714285714	raw	7
A	100	1	2	0.962229667985	norm	7
T	100	1	2	0.285714285714	raw	7
T	100	1	2	0.912148992999	norm	7
G	100	1	2	0.285714285714	raw	7
G	100	1	2	1.53107960741	norm	7
C	100	1	1	0.142857142857	raw	7
C	100	1	1	0.702937249665	norm	7
