#nuc	offset	region.size	count	freq	norm.freq	total.sites
T	-100	1	1749	0.417422434368	raw	2567
T	-100	1	1749	1.35213237518	norm	2567
A	-100	1	1536	0.366587112172	raw	2567
A	-100	1	1536	1.18330778426	norm	2567
G	-100	1	454	0.108353221957	raw	2567
G	-100	1	454	0.568503009413	norm	2567
C	-100	1	451	0.107637231504	raw	2567
C	-100	1	451	0.563860770662	norm	2567
T	-99	1	1681	0.401193317422	raw	2567
T	-99	1	1681	1.29956233429	norm	2567
A	-99	1	1585	0.378281622912	raw	2567
A	-99	1	1585	1.22105653519	norm	2567
C	-99	1	519	0.123866348449	raw	2567
C	-99	1	519	0.648877472225	norm	2567
G	-99	1	405	0.0966587112172	raw	2567
G	-99	1	405	0.507144755093	norm	2567
T	-98	1	1741	0.415513126492	raw	2567
T	-98	1	1741	1.34594766449	norm	2567
A	-98	1	1588	0.378997613365	raw	2567
A	-98	1	1588	1.22336768321	norm	2567
C	-98	1	484	0.115513126492	raw	2567
C	-98	1	484	0.605118875832	norm	2567
G	-98	1	377	0.0899761336516	raw	2567
G	-98	1	377	0.472082895482	norm	2567
A	-97	1	1654	0.394749403341	raw	2567
A	-97	1	1654	1.27421293956	norm	2567
T	-97	1	1649	0.393556085919	raw	2567
T	-97	1	1649	1.27482349152	norm	2567
C	-97	1	459	0.109546539379	raw	2567
C	-97	1	459	0.573862735552	norm	2567
G	-97	1	428	0.10214797136	raw	2567
G	-97	1	428	0.535945568345	norm	2567
T	-96	1	1754	0.41861575179	raw	2567
T	-96	1	1754	1.35599781936	norm	2567
A	-96	1	1572	0.375178997613	raw	2567
A	-96	1	1572	1.21104156046	norm	2567
C	-96	1	454	0.108353221957	raw	2567
C	-96	1	454	0.567611507496	norm	2567
G	-96	1	410	0.0978520286396	raw	2567
G	-96	1	410	0.513405801452	norm	2567
T	-95	1	1684	0.401909307876	raw	2567
T	-95	1	1684	1.3018816008	norm	2567
A	-95	1	1676	0.4	raw	2567
A	-95	1	1676	1.29116135835	norm	2567
C	-95	1	428	0.10214797136	raw	2567
C	-95	1	428	0.535105121604	norm	2567
G	-95	1	402	0.0959427207637	raw	2567
G	-95	1	402	0.503388127277	norm	2567
T	-94	1	1731	0.413126491647	raw	2567
T	-94	1	1731	1.33821677612	norm	2567
A	-94	1	1649	0.393556085919	raw	2567
A	-94	1	1649	1.2703610262	norm	2567
C	-94	1	467	0.111455847255	raw	2567
C	-94	1	467	0.583864700441	norm	2567
G	-94	1	343	0.081861575179	raw	2567
G	-94	1	343	0.429507780239	norm	2567
A	-93	1	1688	0.402863961814	raw	2567
A	-93	1	1688	1.30040595041	norm	2567
T	-93	1	1573	0.375417661098	raw	2567
T	-93	1	1573	1.21606873994	norm	2567
C	-93	1	512	0.122195704057	raw	2567
C	-93	1	512	0.640125752946	norm	2567
G	-93	1	417	0.099522673031	raw	2567
G	-93	1	417	0.522171266355	norm	2567
A	-92	1	1707	0.407398568019	raw	2567
A	-92	1	1707	1.31504322118	norm	2567
T	-92	1	1636	0.390453460621	raw	2567
T	-92	1	1636	1.26477333664	norm	2567
C	-92	1	467	0.111455847255	raw	2567
C	-92	1	467	0.583864700441	norm	2567
G	-92	1	380	0.090692124105	raw	2567
G	-92	1	380	0.475839523297	norm	2567
A	-91	1	1684	0.401909307876	raw	2567
A	-91	1	1684	1.29732441972	norm	2567
T	-91	1	1680	0.400954653938	raw	2567
T	-91	1	1680	1.29878924545	norm	2567
G	-91	1	426	0.101670644391	raw	2567
G	-91	1	426	0.533441149801	norm	2567
C	-91	1	400	0.0954653937947	raw	2567
C	-91	1	400	0.500098244489	norm	2567
A	-90	1	1633	0.389737470167	raw	2567
A	-90	1	1633	1.25803490345	norm	2567
T	-90	1	1625	0.387828162291	raw	2567
T	-90	1	1625	1.25626935944	norm	2567
C	-90	1	480	0.114558472554	raw	2567
C	-90	1	480	0.600117893387	norm	2567
G	-90	1	452	0.107875894988	raw	2567
G	-90	1	452	0.565998590869	norm	2567
T	-89	1	1640	0.391408114558	raw	2567
T	-89	1	1640	1.26786569199	norm	2567
A	-89	1	1630	0.389021479714	raw	2567
A	-89	1	1630	1.25572375543	norm	2567
G	-89	1	482	0.115035799523	raw	2567
G	-89	1	482	0.603564869024	norm	2567
C	-89	1	438	0.104534606205	raw	2567
C	-89	1	438	0.547607577716	norm	2567
T	-88	1	1730	0.412887828162	raw	2567
T	-88	1	1730	1.33744368728	norm	2567
A	-88	1	1554	0.370883054893	raw	2567
A	-88	1	1554	1.19717467236	norm	2567
G	-88	1	461	0.110023866348	raw	2567
G	-88	1	461	0.577268474316	norm	2567
C	-88	1	445	0.106205250597	raw	2567
C	-88	1	445	0.556359296995	norm	2567
A	-87	1	1696	0.40477326969	raw	2567
A	-87	1	1696	1.30656901179	norm	2567
T	-87	1	1603	0.382577565632	raw	2567
T	-87	1	1603	1.23926140504	norm	2567
G	-87	1	469	0.111933174224	raw	2567
G	-87	1	469	0.58728614849	norm	2567
C	-87	1	422	0.100715990453	raw	2567
C	-87	1	422	0.527603647936	norm	2567
T	-86	1	1786	0.426252983294	raw	2567
T	-86	1	1786	1.38073666213	norm	2567
A	-86	1	1607	0.38353221957	raw	2567
A	-86	1	1607	1.23800495398	norm	2567
G	-86	1	413	0.0985680190931	raw	2567
G	-86	1	413	0.517162429268	norm	2567
C	-86	1	384	0.091646778043	raw	2567
C	-86	1	384	0.48009431471	norm	2567
T	-85	1	1661	0.396420047733	raw	2567
T	-85	1	1661	1.28410055756	norm	2567
A	-85	1	1635	0.390214797136	raw	2567
A	-85	1	1635	1.25957566879	norm	2567
C	-85	1	482	0.115035799523	raw	2567
C	-85	1	482	0.60261838461	norm	2567
G	-85	1	412	0.0983293556086	raw	2567
G	-85	1	412	0.515910219996	norm	2567
T	-84	1	1642	0.391885441527	raw	2567
T	-84	1	1642	1.26941186966	norm	2567
A	-84	1	1626	0.388066825776	raw	2567
A	-84	1	1626	1.25264222475	norm	2567
C	-84	1	481	0.114797136038	raw	2567
C	-84	1	481	0.601368138999	norm	2567
G	-84	1	441	0.105250596659	raw	2567
G	-84	1	441	0.552224288879	norm	2567
T	-83	1	1767	0.421718377088	raw	2567
T	-83	1	1767	1.36604797424	norm	2567
A	-83	1	1545	0.368735083532	raw	2567
A	-83	1	1545	1.19024122831	norm	2567
C	-83	1	451	0.107637231504	raw	2567
C	-83	1	451	0.563860770662	norm	2567
G	-83	1	427	0.101909307876	raw	2567
G	-83	1	427	0.534693359073	norm	2567
A	-82	1	1657	0.395465393795	raw	2567
A	-82	1	1657	1.27652408758	norm	2567
T	-82	1	1603	0.382577565632	raw	2567
T	-82	1	1603	1.23926140504	norm	2567
C	-82	1	489	0.116706443914	raw	2567
C	-82	1	489	0.611370103888	norm	2567
G	-82	1	441	0.105250596659	raw	2567
G	-82	1	441	0.552224288879	norm	2567
T	-81	1	1673	0.399284009547	raw	2567
T	-81	1	1673	1.2933776236	norm	2567
A	-81	1	1539	0.367303102625	raw	2567
A	-81	1	1539	1.18561893228	norm	2567
G	-81	1	500	0.119331742243	raw	2567
G	-81	1	500	0.626104635917	norm	2567
C	-81	1	478	0.114081145585	raw	2567
C	-81	1	478	0.597617402165	norm	2567
A	-80	1	1729	0.412649164678	raw	2567
A	-80	1	1729	1.33199163997	norm	2567
T	-80	1	1637	0.390692124105	raw	2567
T	-80	1	1637	1.26554642548	norm	2567
C	-80	1	417	0.099522673031	raw	2567
C	-80	1	417	0.52135241988	norm	2567
G	-80	1	407	0.0971360381862	raw	2567
G	-80	1	407	0.509649173637	norm	2567
T	-79	1	1725	0.41169451074	raw	2567
T	-79	1	1725	1.3335782431	norm	2567
A	-79	1	1625	0.387828162291	raw	2567
A	-79	1	1625	1.25187184207	norm	2567
C	-79	1	448	0.10692124105	raw	2567
C	-79	1	448	0.560110033828	norm	2567
G	-79	1	392	0.0935560859189	raw	2567
G	-79	1	392	0.490866034559	norm	2567
T	-78	1	1629	0.388782816229	raw	2567
T	-78	1	1629	1.25936171479	norm	2567
A	-78	1	1613	0.384964200477	raw	2567
A	-78	1	1613	1.24262725001	norm	2567
C	-78	1	493	0.117661097852	raw	2567
C	-78	1	493	0.616371086333	norm	2567
G	-78	1	455	0.108591885442	raw	2567
G	-78	1	455	0.569755218685	norm	2567
T	-77	1	1687	0.402625298329	raw	2567
T	-77	1	1687	1.30420086731	norm	2567
A	-77	1	1595	0.380668257757	raw	2567
A	-77	1	1595	1.22876036191	norm	2567
C	-77	1	458	0.109307875895	raw	2567
C	-77	1	458	0.57261248994	norm	2567
G	-77	1	450	0.107398568019	raw	2567
G	-77	1	450	0.563494172325	norm	2567
T	-76	1	1708	0.407637231504	raw	2567
T	-76	1	1708	1.32043573288	norm	2567
A	-76	1	1546	0.368973747017	raw	2567
A	-76	1	1546	1.19101161098	norm	2567
G	-76	1	489	0.116706443914	raw	2567
G	-76	1	489	0.612330333927	norm	2567
C	-76	1	447	0.106682577566	raw	2567
C	-76	1	447	0.558859788217	norm	2567
T	-75	1	1685	0.40214797136	raw	2567
T	-75	1	1685	1.30265468964	norm	2567
A	-75	1	1598	0.38138424821	raw	2567
A	-75	1	1598	1.23107150993	norm	2567
C	-75	1	460	0.109785202864	raw	2567
C	-75	1	460	0.575112981163	norm	2567
G	-75	1	447	0.106682577566	raw	2567
G	-75	1	447	0.55973754451	norm	2567
T	-74	1	1767	0.421718377088	raw	2567
T	-74	1	1767	1.36604797424	norm	2567
A	-74	1	1541	0.367780429594	raw	2567
A	-74	1	1541	1.18715969762	norm	2567
C	-74	1	459	0.109546539379	raw	2567
C	-74	1	459	0.573862735552	norm	2567
G	-74	1	423	0.100954653938	raw	2567
G	-74	1	423	0.529684521986	norm	2567
T	-73	1	1646	0.392840095465	raw	2567
T	-73	1	1646	1.27250422501	norm	2567
A	-73	1	1612	0.384725536993	raw	2567
A	-73	1	1612	1.24185686734	norm	2567
C	-73	1	481	0.114797136038	raw	2567
C	-73	1	481	0.601368138999	norm	2567
G	-73	1	451	0.107637231504	raw	2567
G	-73	1	451	0.564746381597	norm	2567
A	-72	1	1653	0.394510739857	raw	2567
A	-72	1	1653	1.27344255689	norm	2567
T	-72	1	1633	0.389737470167	raw	2567
T	-72	1	1633	1.26245407013	norm	2567
C	-72	1	470	0.112171837709	raw	2567
C	-72	1	470	0.587615437275	norm	2567
G	-72	1	434	0.103579952267	raw	2567
G	-72	1	434	0.543458823976	norm	2567
T	-71	1	1693	0.404057279236	raw	2567
T	-71	1	1693	1.30883940033	norm	2567
A	-71	1	1564	0.373269689737	raw	2567
A	-71	1	1564	1.20487849908	norm	2567
C	-71	1	483	0.115274463007	raw	2567
C	-71	1	483	0.603868630221	norm	2567
G	-71	1	450	0.107398568019	raw	2567
G	-71	1	450	0.563494172325	norm	2567
A	-70	1	1700	0.405727923628	raw	2567
A	-70	1	1700	1.30965054248	norm	2567
T	-70	1	1654	0.394749403341	raw	2567
T	-70	1	1654	1.2786889357	norm	2567
C	-70	1	488	0.11646778043	raw	2567
C	-70	1	488	0.610119858277	norm	2567
G	-70	1	348	0.0830548926014	raw	2567
G	-70	1	348	0.435768826598	norm	2567
A	-69	1	1621	0.386873508353	raw	2567
A	-69	1	1621	1.24879031139	norm	2567
T	-69	1	1607	0.38353221957	raw	2567
T	-69	1	1607	1.24235376038	norm	2567
C	-69	1	502	0.119809069212	raw	2567
C	-69	1	502	0.627623296834	norm	2567
G	-69	1	460	0.109785202864	raw	2567
G	-69	1	460	0.576016265044	norm	2567
T	-68	1	1692	0.403818615752	raw	2567
T	-68	1	1692	1.30806631149	norm	2567
A	-68	1	1541	0.367780429594	raw	2567
A	-68	1	1541	1.18715969762	norm	2567
C	-68	1	484	0.115513126492	raw	2567
C	-68	1	484	0.605118875832	norm	2567
G	-68	1	473	0.112887828162	raw	2567
G	-68	1	473	0.592294985578	norm	2567
T	-67	1	1660	0.396181384248	raw	2567
T	-67	1	1660	1.28332746872	norm	2567
A	-67	1	1590	0.379474940334	raw	2567
A	-67	1	1590	1.22490844855	norm	2567
C	-67	1	500	0.119331742243	raw	2567
C	-67	1	500	0.625122805612	norm	2567
G	-67	1	440	0.105011933174	raw	2567
G	-67	1	440	0.550972079607	norm	2567
A	-66	1	1644	0.392362768496	raw	2567
A	-66	1	1644	1.26650911284	norm	2567
T	-66	1	1583	0.377804295943	raw	2567
T	-66	1	1583	1.22379962831	norm	2567
G	-66	1	500	0.119331742243	raw	2567
G	-66	1	500	0.626104635917	norm	2567
C	-66	1	463	0.110501193317	raw	2567
C	-66	1	463	0.578863717997	norm	2567
A	-65	1	1610	0.384248210024	raw	2567
A	-65	1	1610	1.24031610199	norm	2567
T	-65	1	1581	0.377326968974	raw	2567
T	-65	1	1581	1.22225345063	norm	2567
G	-65	1	528	0.126014319809	raw	2567
G	-65	1	528	0.661166495528	norm	2567
C	-65	1	471	0.112410501193	raw	2567
C	-65	1	471	0.588865682886	norm	2567
T	-64	1	1736	0.414319809069	raw	2567
T	-64	1	1736	1.3420822203	norm	2567
A	-64	1	1619	0.386396181384	raw	2567
A	-64	1	1619	1.24724954604	norm	2567
C	-64	1	442	0.105489260143	raw	2567
C	-64	1	442	0.552608560161	norm	2567
G	-64	1	393	0.0937947494033	raw	2567
G	-64	1	393	0.492118243831	norm	2567
T	-63	1	1707	0.407398568019	raw	2567
T	-63	1	1707	1.31966264404	norm	2567
A	-63	1	1555	0.371121718377	raw	2567
A	-63	1	1555	1.19794505503	norm	2567
C	-63	1	505	0.120525059666	raw	2567
C	-63	1	505	0.631374033668	norm	2567
G	-63	1	423	0.100954653938	raw	2567
G	-63	1	423	0.529684521986	norm	2567
T	-62	1	1672	0.399045346062	raw	2567
T	-62	1	1672	1.29260453476	norm	2567
A	-62	1	1530	0.365155131265	raw	2567
A	-62	1	1530	1.17868548823	norm	2567
C	-62	1	513	0.122434367542	raw	2567
C	-62	1	513	0.641375998558	norm	2567
G	-62	1	475	0.113365155131	raw	2567
G	-62	1	475	0.594799404121	norm	2567
A	-61	1	1671	0.398806682578	raw	2567
A	-61	1	1671	1.28730944499	norm	2567
T	-61	1	1618	0.3861575179	raw	2567
T	-61	1	1618	1.25085773759	norm	2567
G	-61	1	467	0.111455847255	raw	2567
G	-61	1	467	0.584781729947	norm	2567
C	-61	1	434	0.103579952267	raw	2567
C	-61	1	434	0.542606595271	norm	2567
T	-60	1	1612	0.384725536993	raw	2567
T	-60	1	1612	1.24621920457	norm	2567
A	-60	1	1575	0.375894988067	raw	2567
A	-60	1	1575	1.21335270847	norm	2567
C	-60	1	538	0.128400954654	raw	2567
C	-60	1	538	0.672632138838	norm	2567
G	-60	1	465	0.110978520286	raw	2567
G	-60	1	465	0.582277311403	norm	2567
T	-59	1	1684	0.401909307876	raw	2567
T	-59	1	1684	1.3018816008	norm	2567
A	-59	1	1589	0.37923627685	raw	2567
A	-59	1	1589	1.22413806588	norm	2567
G	-59	1	467	0.111455847255	raw	2567
G	-59	1	467	0.584781729947	norm	2567
C	-59	1	450	0.107398568019	raw	2567
C	-59	1	450	0.562610525051	norm	2567
T	-58	1	1866	0.445346062053	raw	2567
T	-58	1	1866	1.44258376906	norm	2567
A	-58	1	1410	0.336515513126	raw	2567
A	-58	1	1410	1.08623956758	norm	2567
C	-58	1	490	0.116945107399	raw	2567
C	-58	1	490	0.6126203495	norm	2567
G	-58	1	424	0.101193317422	raw	2567
G	-58	1	424	0.530936731258	norm	2567
T	-57	1	1652	0.394272076372	raw	2567
T	-57	1	1652	1.27714275803	norm	2567
A	-57	1	1567	0.373985680191	raw	2567
A	-57	1	1567	1.2071896471	norm	2567
C	-57	1	538	0.128400954654	raw	2567
C	-57	1	538	0.672632138838	norm	2567
G	-57	1	433	0.103341288783	raw	2567
G	-57	1	433	0.542206614704	norm	2567
T	-56	1	1659	0.395942720764	raw	2567
T	-56	1	1659	1.28255437989	norm	2567
A	-56	1	1552	0.370405727924	raw	2567
A	-56	1	1552	1.19563390701	norm	2567
C	-56	1	527	0.125775656325	raw	2567
C	-56	1	527	0.658879437115	norm	2567
G	-56	1	452	0.107875894988	raw	2567
G	-56	1	452	0.565998590869	norm	2567
T	-55	1	1737	0.414558472554	raw	2567
T	-55	1	1737	1.34285530914	norm	2567
A	-55	1	1572	0.375178997613	raw	2567
A	-55	1	1572	1.21104156046	norm	2567
C	-55	1	479	0.114319809069	raw	2567
C	-55	1	479	0.598867647776	norm	2567
G	-55	1	402	0.0959427207637	raw	2567
G	-55	1	402	0.503388127277	norm	2567
T	-54	1	1723	0.411217183771	raw	2567
T	-54	1	1723	1.33203206543	norm	2567
A	-54	1	1529	0.36491646778	raw	2567
A	-54	1	1529	1.17791510556	norm	2567
C	-54	1	534	0.127446300716	raw	2567
C	-54	1	534	0.667631156393	norm	2567
G	-54	1	404	0.0964200477327	raw	2567
G	-54	1	404	0.505892545821	norm	2567
T	-53	1	1704	0.406682577566	raw	2567
T	-53	1	1704	1.31734337753	norm	2567
A	-53	1	1619	0.386396181384	raw	2567
A	-53	1	1619	1.24724954604	norm	2567
C	-53	1	446	0.106443914081	raw	2567
C	-53	1	446	0.557609542606	norm	2567
G	-53	1	421	0.100477326969	raw	2567
G	-53	1	421	0.527180103442	norm	2567
A	-52	1	1826	0.435799522673	raw	2567
A	-52	1	1826	1.40671875915	norm	2567
T	-52	1	1569	0.37446300716	raw	2567
T	-52	1	1569	1.21297638459	norm	2567
C	-52	1	440	0.105011933174	raw	2567
C	-52	1	440	0.550108068938	norm	2567
G	-52	1	355	0.0847255369928	raw	2567
G	-52	1	355	0.444534291501	norm	2567
A	-51	1	1677	0.400238663484	raw	2567
A	-51	1	1677	1.29193174102	norm	2567
T	-51	1	1587	0.378758949881	raw	2567
T	-51	1	1587	1.22689198365	norm	2567
C	-51	1	464	0.110739856802	raw	2567
C	-51	1	464	0.580113963608	norm	2567
G	-51	1	462	0.110262529833	raw	2567
G	-51	1	462	0.578520683587	norm	2567
T	-50	1	1745	0.41646778043	raw	2567
T	-50	1	1745	1.34904001983	norm	2567
A	-50	1	1546	0.368973747017	raw	2567
A	-50	1	1546	1.19101161098	norm	2567
G	-50	1	474	0.113126491647	raw	2567
G	-50	1	474	0.593547194849	norm	2567
C	-50	1	425	0.101431980907	raw	2567
C	-50	1	425	0.53135438477	norm	2567
T	-49	1	1661	0.396420047733	raw	2567
T	-49	1	1661	1.28410055756	norm	2567
A	-49	1	1628	0.388544152745	raw	2567
A	-49	1	1628	1.25418299009	norm	2567
G	-49	1	459	0.109546539379	raw	2567
G	-49	1	459	0.574764055772	norm	2567
C	-49	1	442	0.105489260143	raw	2567
C	-49	1	442	0.552608560161	norm	2567
T	-48	1	1630	0.389021479714	raw	2567
T	-48	1	1630	1.26013480362	norm	2567
A	-48	1	1574	0.375656324582	raw	2567
A	-48	1	1574	1.2125823258	norm	2567
C	-48	1	573	0.136754176611	raw	2567
C	-48	1	573	0.716390735231	norm	2567
G	-48	1	413	0.0985680190931	raw	2567
G	-48	1	413	0.517162429268	norm	2567
A	-47	1	1680	0.400954653938	raw	2567
A	-47	1	1680	1.29424288904	norm	2567
T	-47	1	1567	0.373985680191	raw	2567
T	-47	1	1567	1.21143020692	norm	2567
G	-47	1	496	0.118377088305	raw	2567
G	-47	1	496	0.62109579883	norm	2567
C	-47	1	447	0.106682577566	raw	2567
C	-47	1	447	0.558859788217	norm	2567
T	-46	1	1775	0.423627684964	raw	2567
T	-46	1	1775	1.37223268493	norm	2567
A	-46	1	1510	0.360381861575	raw	2567
A	-46	1	1510	1.16327783479	norm	2567
C	-46	1	488	0.11646778043	raw	2567
C	-46	1	488	0.610119858277	norm	2567
G	-46	1	417	0.099522673031	raw	2567
G	-46	1	417	0.522171266355	norm	2567
A	-45	1	1666	0.397613365155	raw	2567
A	-45	1	1666	1.28345753163	norm	2567
T	-45	1	1661	0.396420047733	raw	2567
T	-45	1	1661	1.28410055756	norm	2567
C	-45	1	469	0.111933174224	raw	2567
C	-45	1	469	0.586365191664	norm	2567
G	-45	1	394	0.0940334128878	raw	2567
G	-45	1	394	0.493370453103	norm	2567
T	-44	1	1633	0.389737470167	raw	2567
T	-44	1	1633	1.26245407013	norm	2567
A	-44	1	1576	0.376133651551	raw	2567
A	-44	1	1576	1.21412309114	norm	2567
C	-44	1	541	0.129116945107	raw	2567
C	-44	1	541	0.676382875672	norm	2567
G	-44	1	440	0.105011933174	raw	2567
G	-44	1	440	0.550972079607	norm	2567
T	-43	1	1733	0.413603818616	raw	2567
T	-43	1	1733	1.33976295379	norm	2567
A	-43	1	1474	0.351789976134	raw	2567
A	-43	1	1474	1.13554405859	norm	2567
C	-43	1	519	0.123866348449	raw	2567
C	-43	1	519	0.648877472225	norm	2567
G	-43	1	464	0.110739856802	raw	2567
G	-43	1	464	0.581025102131	norm	2567
T	-42	1	1697	0.405011933174	raw	2567
T	-42	1	1697	1.31193175568	norm	2567
A	-42	1	1524	0.363723150358	raw	2567
A	-42	1	1524	1.1740631922	norm	2567
C	-42	1	512	0.122195704057	raw	2567
C	-42	1	512	0.640125752946	norm	2567
G	-42	1	457	0.109069212411	raw	2567
G	-42	1	457	0.572259637228	norm	2567
T	-41	1	1681	0.401193317422	raw	2567
T	-41	1	1681	1.29956233429	norm	2567
A	-41	1	1623	0.387350835322	raw	2567
A	-41	1	1623	1.25033107673	norm	2567
C	-41	1	473	0.112887828162	raw	2567
C	-41	1	473	0.591366174109	norm	2567
G	-41	1	413	0.0985680190931	raw	2567
G	-41	1	413	0.517162429268	norm	2567
A	-40	1	1686	0.402386634845	raw	2567
A	-40	1	1686	1.29886518507	norm	2567
T	-40	1	1545	0.368735083532	raw	2567
T	-40	1	1545	1.19442225252	norm	2567
C	-40	1	482	0.115035799523	raw	2567
C	-40	1	482	0.60261838461	norm	2567
G	-40	1	477	0.1138424821	raw	2567
G	-40	1	477	0.597303822665	norm	2567
A	-39	1	1678	0.400477326969	raw	2567
A	-39	1	1678	1.29270212369	norm	2567
T	-39	1	1563	0.373031026253	raw	2567
T	-39	1	1563	1.20833785157	norm	2567
G	-39	1	510	0.121718377088	raw	2567
G	-39	1	510	0.638626728635	norm	2567
C	-39	1	439	0.10477326969	raw	2567
C	-39	1	439	0.548857823327	norm	2567
T	-38	1	1611	0.384486873508	raw	2567
T	-38	1	1611	1.24544611573	norm	2567
A	-38	1	1594	0.380429594272	raw	2567
A	-38	1	1594	1.22798997924	norm	2567
C	-38	1	531	0.126730310263	raw	2567
C	-38	1	531	0.66388041956	norm	2567
G	-38	1	454	0.108353221957	raw	2567
G	-38	1	454	0.568503009413	norm	2567
T	-37	1	1750	0.417661097852	raw	2567
T	-37	1	1750	1.35290546401	norm	2567
A	-37	1	1429	0.341050119332	raw	2567
A	-37	1	1429	1.10087683835	norm	2567
C	-37	1	532	0.126968973747	raw	2567
C	-37	1	532	0.665130665171	norm	2567
G	-37	1	479	0.114319809069	raw	2567
G	-37	1	479	0.599808241209	norm	2567
A	-36	1	1654	0.394749403341	raw	2567
A	-36	1	1654	1.27421293956	norm	2567
T	-36	1	1539	0.367303102625	raw	2567
T	-36	1	1539	1.1897837195	norm	2567
G	-36	1	499	0.119093078759	raw	2567
G	-36	1	499	0.624852426645	norm	2567
C	-36	1	498	0.118854415274	raw	2567
C	-36	1	498	0.622622314389	norm	2567
A	-35	1	1638	0.390930787589	raw	2567
A	-35	1	1638	1.26188681681	norm	2567
T	-35	1	1635	0.390214797136	raw	2567
T	-35	1	1635	1.26400024781	norm	2567
C	-35	1	465	0.110978520286	raw	2567
C	-35	1	465	0.581364209219	norm	2567
G	-35	1	452	0.107875894988	raw	2567
G	-35	1	452	0.565998590869	norm	2567
T	-34	1	1624	0.387589498807	raw	2567
T	-34	1	1624	1.25549627061	norm	2567
A	-34	1	1569	0.37446300716	raw	2567
A	-34	1	1569	1.20873041244	norm	2567
C	-34	1	560	0.133651551313	raw	2567
C	-34	1	560	0.700137542285	norm	2567
G	-34	1	437	0.104295942721	raw	2567
G	-34	1	437	0.547215451792	norm	2567
T	-33	1	1554	0.370883054893	raw	2567
T	-33	1	1554	1.20138005204	norm	2567
A	-33	1	1509	0.360143198091	raw	2567
A	-33	1	1509	1.16250745212	norm	2567
C	-33	1	632	0.150835322196	raw	2567
C	-33	1	632	0.790155226293	norm	2567
G	-33	1	495	0.118138424821	raw	2567
G	-33	1	495	0.619843589558	norm	2567
A	-32	1	1716	0.409546539379	raw	2567
A	-32	1	1716	1.32197666523	norm	2567
T	-32	1	1536	0.366587112172	raw	2567
T	-32	1	1536	1.18746445299	norm	2567
G	-32	1	515	0.122911694511	raw	2567
G	-32	1	515	0.644887774995	norm	2567
C	-32	1	423	0.100954653938	raw	2567
C	-32	1	423	0.528853893548	norm	2567
A	-31	1	1685	0.40214797136	raw	2567
A	-31	1	1685	1.2980948024	norm	2567
T	-31	1	1561	0.372553699284	raw	2567
T	-31	1	1561	1.2067916739	norm	2567
G	-31	1	486	0.115990453461	raw	2567
G	-31	1	486	0.608573706111	norm	2567
C	-31	1	458	0.109307875895	raw	2567
C	-31	1	458	0.57261248994	norm	2567
A	-30	1	1685	0.40214797136	raw	2567
A	-30	1	1685	1.2980948024	norm	2567
T	-30	1	1552	0.370405727924	raw	2567
T	-30	1	1552	1.19983387437	norm	2567
G	-30	1	492	0.117422434368	raw	2567
G	-30	1	492	0.616086961742	norm	2567
C	-30	1	461	0.110023866348	raw	2567
C	-30	1	461	0.576363226774	norm	2567
T	-29	1	1685	0.40214797136	raw	2567
T	-29	1	1685	1.30265468964	norm	2567
A	-29	1	1569	0.37446300716	raw	2567
A	-29	1	1569	1.20873041244	norm	2567
C	-29	1	487	0.116229116945	raw	2567
C	-29	1	487	0.608869612666	norm	2567
G	-29	1	449	0.107159904535	raw	2567
G	-29	1	449	0.562241963054	norm	2567
T	-28	1	1614	0.385202863962	raw	2567
T	-28	1	1614	1.24776538224	norm	2567
A	-28	1	1563	0.373031026253	raw	2567
A	-28	1	1563	1.20410811641	norm	2567
C	-28	1	529	0.126252983294	raw	2567
C	-28	1	529	0.661379928337	norm	2567
G	-28	1	484	0.115513126492	raw	2567
G	-28	1	484	0.606069287568	norm	2567
A	-27	1	1648	0.393317422434	raw	2567
A	-27	1	1648	1.26959064353	norm	2567
T	-27	1	1537	0.366825775656	raw	2567
T	-27	1	1537	1.18823754182	norm	2567
C	-27	1	522	0.124582338902	raw	2567
C	-27	1	522	0.652628209059	norm	2567
G	-27	1	483	0.115274463007	raw	2567
G	-27	1	483	0.604817078296	norm	2567
T	-26	1	1692	0.403818615752	raw	2567
T	-26	1	1692	1.30806631149	norm	2567
A	-26	1	1472	0.351312649165	raw	2567
A	-26	1	1472	1.13400329325	norm	2567
C	-26	1	557	0.132935560859	raw	2567
C	-26	1	557	0.696386805452	norm	2567
G	-26	1	469	0.111933174224	raw	2567
G	-26	1	469	0.58728614849	norm	2567
A	-25	1	1662	0.396658711217	raw	2567
A	-25	1	1662	1.28037600094	norm	2567
T	-25	1	1542	0.368019093079	raw	2567
T	-25	1	1542	1.19210298601	norm	2567
G	-25	1	496	0.118377088305	raw	2567
G	-25	1	496	0.62109579883	norm	2567
C	-25	1	490	0.116945107399	raw	2567
C	-25	1	490	0.6126203495	norm	2567
A	-24	1	1638	0.390930787589	raw	2567
A	-24	1	1638	1.26188681681	norm	2567
T	-24	1	1511	0.36062052506	raw	2567
T	-24	1	1511	1.16813723207	norm	2567
G	-24	1	537	0.128162291169	raw	2567
G	-24	1	537	0.672436378975	norm	2567
C	-24	1	504	0.120286396181	raw	2567
C	-24	1	504	0.630123788057	norm	2567
T	-23	1	1610	0.384248210024	raw	2567
T	-23	1	1610	1.24467302689	norm	2567
A	-23	1	1567	0.373985680191	raw	2567
A	-23	1	1567	1.2071896471	norm	2567
G	-23	1	516	0.123150357995	raw	2567
G	-23	1	516	0.646139984266	norm	2567
C	-23	1	497	0.11861575179	raw	2567
C	-23	1	497	0.621372068778	norm	2567
T	-22	1	1645	0.392601431981	raw	2567
T	-22	1	1645	1.27173113617	norm	2567
A	-22	1	1524	0.363723150358	raw	2567
A	-22	1	1524	1.1740631922	norm	2567
G	-22	1	530	0.126491646778	raw	2567
G	-22	1	530	0.663670914072	norm	2567
C	-22	1	491	0.117183770883	raw	2567
C	-22	1	491	0.613870595111	norm	2567
T	-21	1	1607	0.38353221957	raw	2567
T	-21	1	1607	1.24235376038	norm	2567
A	-21	1	1552	0.370405727924	raw	2567
A	-21	1	1552	1.19563390701	norm	2567
C	-21	1	555	0.13245823389	raw	2567
C	-21	1	555	0.693886314229	norm	2567
G	-21	1	476	0.113603818616	raw	2567
G	-21	1	476	0.596051613393	norm	2567
T	-20	1	1627	0.38830548926	raw	2567
T	-20	1	1627	1.25781553712	norm	2567
A	-20	1	1595	0.380668257757	raw	2567
A	-20	1	1595	1.22876036191	norm	2567
G	-20	1	487	0.116229116945	raw	2567
G	-20	1	487	0.609825915383	norm	2567
C	-20	1	481	0.114797136038	raw	2567
C	-20	1	481	0.601368138999	norm	2567
T	-19	1	1637	0.390692124105	raw	2567
T	-19	1	1637	1.26554642548	norm	2567
A	-19	1	1529	0.36491646778	raw	2567
A	-19	1	1529	1.17791510556	norm	2567
C	-19	1	558	0.133174224344	raw	2567
C	-19	1	558	0.697637051063	norm	2567
G	-19	1	466	0.111217183771	raw	2567
G	-19	1	466	0.583529520675	norm	2567
T	-18	1	1638	0.390930787589	raw	2567
T	-18	1	1638	1.26631951432	norm	2567
A	-18	1	1459	0.348210023866	raw	2567
A	-18	1	1459	1.12398831851	norm	2567
C	-18	1	552	0.131742243437	raw	2567
C	-18	1	552	0.690135577395	norm	2567
G	-18	1	541	0.129116945107	raw	2567
G	-18	1	541	0.677445216062	norm	2567
T	-17	1	1611	0.384486873508	raw	2567
T	-17	1	1611	1.24544611573	norm	2567
A	-17	1	1437	0.342959427208	raw	2567
A	-17	1	1437	1.10703989973	norm	2567
C	-17	1	585	0.139618138425	raw	2567
C	-17	1	585	0.731393682566	norm	2567
G	-17	1	557	0.132935560859	raw	2567
G	-17	1	557	0.697480564412	norm	2567
A	-16	1	1619	0.386396181384	raw	2567
A	-16	1	1619	1.24724954604	norm	2567
T	-16	1	1587	0.378758949881	raw	2567
T	-16	1	1587	1.22689198365	norm	2567
C	-16	1	539	0.128639618138	raw	2567
C	-16	1	539	0.67388238445	norm	2567
G	-16	1	445	0.106205250597	raw	2567
G	-16	1	445	0.557233125966	norm	2567
T	-15	1	1580	0.377088305489	raw	2567
T	-15	1	1580	1.2214803618	norm	2567
A	-15	1	1499	0.357756563246	raw	2567
A	-15	1	1499	1.1548036254	norm	2567
C	-15	1	580	0.138424821002	raw	2567
C	-15	1	580	0.72514245451	norm	2567
G	-15	1	531	0.126730310263	raw	2567
G	-15	1	531	0.664923123344	norm	2567
A	-14	1	1639	0.391169451074	raw	2567
A	-14	1	1639	1.26265719948	norm	2567
T	-14	1	1499	0.357756563246	raw	2567
T	-14	1	1499	1.15886016603	norm	2567
C	-14	1	543	0.129594272076	raw	2567
C	-14	1	543	0.678883366894	norm	2567
G	-14	1	509	0.121479713604	raw	2567
G	-14	1	509	0.637374519364	norm	2567
A	-13	1	1623	0.387350835322	raw	2567
A	-13	1	1623	1.25033107673	norm	2567
T	-13	1	1463	0.349164677804	raw	2567
T	-13	1	1463	1.13102896792	norm	2567
C	-13	1	587	0.140095465394	raw	2567
C	-13	1	587	0.733894173788	norm	2567
G	-13	1	517	0.12338902148	raw	2567
G	-13	1	517	0.647392193538	norm	2567
T	-12	1	1587	0.378758949881	raw	2567
T	-12	1	1587	1.22689198365	norm	2567
A	-12	1	1389	0.331503579952	raw	2567
A	-12	1	1389	1.07006153147	norm	2567
C	-12	1	683	0.163007159905	raw	2567
C	-12	1	683	0.853917752466	norm	2567
G	-12	1	531	0.126730310263	raw	2567
G	-12	1	531	0.664923123344	norm	2567
T	-11	1	1585	0.378281622912	raw	2567
T	-11	1	1585	1.22534580598	norm	2567
A	-11	1	1475	0.352028639618	raw	2567
A	-11	1	1475	1.13631444127	norm	2567
C	-11	1	596	0.142243436754	raw	2567
C	-11	1	596	0.745146384289	norm	2567
G	-11	1	534	0.127446300716	raw	2567
G	-11	1	534	0.668679751159	norm	2567
T	-10	1	1650	0.393794749403	raw	2567
T	-10	1	1650	1.27559658036	norm	2567
A	-10	1	1521	0.363007159905	raw	2567
A	-10	1	1521	1.17175204418	norm	2567
C	-10	1	577	0.137708830549	raw	2567
C	-10	1	577	0.721391717676	norm	2567
G	-10	1	442	0.105489260143	raw	2567
G	-10	1	442	0.553476498151	norm	2567
A	-9	1	1648	0.393317422434	raw	2567
A	-9	1	1648	1.26959064353	norm	2567
T	-9	1	1478	0.352744630072	raw	2567
T	-9	1	1478	1.14262530046	norm	2567
G	-9	1	561	0.133890214797	raw	2567
G	-9	1	561	0.702489401499	norm	2567
C	-9	1	503	0.120047732697	raw	2567
C	-9	1	503	0.628873542445	norm	2567
T	-8	1	1542	0.368019093079	raw	2567
T	-8	1	1542	1.19210298601	norm	2567
A	-8	1	1479	0.352983293556	raw	2567
A	-8	1	1479	1.13939597196	norm	2567
C	-8	1	601	0.143436754177	raw	2567
C	-8	1	601	0.751397612345	norm	2567
G	-8	1	568	0.135560859189	raw	2567
G	-8	1	568	0.711254866402	norm	2567
T	-7	1	1535	0.366348448687	raw	2567
T	-7	1	1535	1.18669136415	norm	2567
A	-7	1	1427	0.340572792363	raw	2567
A	-7	1	1427	1.09933607301	norm	2567
C	-7	1	621	0.148210023866	raw	2567
C	-7	1	621	0.77640252457	norm	2567
G	-7	1	607	0.144868735084	raw	2567
G	-7	1	607	0.760091028003	norm	2567
T	-6	1	1518	0.362291169451	raw	2567
T	-6	1	1518	1.17354885393	norm	2567
A	-6	1	1361	0.324821002387	raw	2567
A	-6	1	1361	1.04849081665	norm	2567
G	-6	1	696	0.166109785203	raw	2567
G	-6	1	696	0.871537653197	norm	2567
C	-6	1	615	0.146778042959	raw	2567
C	-6	1	615	0.768901050903	norm	2567
T	-5	1	1512	0.360859188544	raw	2567
T	-5	1	1512	1.16891032091	norm	2567
A	-5	1	1455	0.347255369928	raw	2567
A	-5	1	1455	1.12090678783	norm	2567
G	-5	1	655	0.156324582339	raw	2567
G	-5	1	655	0.820197073051	norm	2567
C	-5	1	568	0.135560859189	raw	2567
C	-5	1	568	0.710139507175	norm	2567
T	-4	1	1546	0.368973747017	raw	2567
T	-4	1	1546	1.19519534135	norm	2567
A	-4	1	1489	0.355369928401	raw	2567
A	-4	1	1489	1.14709979868	norm	2567
C	-4	1	587	0.140095465394	raw	2567
C	-4	1	587	0.733894173788	norm	2567
G	-4	1	568	0.135560859189	raw	2567
G	-4	1	568	0.711254866402	norm	2567
T	-3	1	1563	0.373031026253	raw	2567
T	-3	1	1563	1.20833785157	norm	2567
A	-3	1	1404	0.33508353222	raw	2567
A	-3	1	1404	1.08161727155	norm	2567
C	-3	1	631	0.150596658711	raw	2567
C	-3	1	631	0.788904980682	norm	2567
G	-3	1	592	0.141288782816	raw	2567
G	-3	1	592	0.741307888926	norm	2567
T	-2	1	1715	0.409307875895	raw	2567
T	-2	1	1715	1.32584735473	norm	2567
A	-2	1	1309	0.312410501193	raw	2567
A	-2	1	1309	1.00843091771	norm	2567
C	-2	1	678	0.161813842482	raw	2567
C	-2	1	678	0.84766652441	norm	2567
G	-2	1	488	0.11646778043	raw	2567
G	-2	1	488	0.611078124655	norm	2567
T	-1	1	1586	0.378520286396	raw	2567
T	-1	1	1586	1.22611889482	norm	2567
A	-1	1	1261	0.300954653938	raw	2567
A	-1	1	1261	0.971452549449	norm	2567
C	-1	1	731	0.17446300716	raw	2567
C	-1	1	731	0.913929541804	norm	2567
G	-1	1	612	0.146062052506	raw	2567
G	-1	1	612	0.766352074363	norm	2567
C	0	1	1686	0.402386634845	raw	2567
C	0	1	1686	2.10791410052	norm	2567
A	0	1	1445	0.344868735084	raw	2567
A	0	1	1445	1.11320296111	norm	2567
T	0	1	561	0.133890214797	raw	2567
T	0	1	561	0.433702837321	norm	2567
G	0	1	498	0.118854415274	raw	2567
G	0	1	498	0.623600217373	norm	2567
A	1	1	1789	0.426968973747	raw	2567
A	1	1	1789	1.37821460029	norm	2567
T	1	1	1622	0.387112171838	raw	2567
T	1	1	1622	1.25395009293	norm	2567
C	1	1	533	0.127207637232	raw	2567
C	1	1	533	0.666380910782	norm	2567
G	1	1	246	0.0587112171838	raw	2567
G	1	1	246	0.308043480871	norm	2567
A	2	1	1653	0.394510739857	raw	2567
A	2	1	1653	1.27344255689	norm	2567
T	2	1	1418	0.338424821002	raw	2567
T	2	1	1418	1.09623997027	norm	2567
C	2	1	563	0.134367541766	raw	2567
C	2	1	563	0.703888279119	norm	2567
G	2	1	556	0.132696897375	raw	2567
G	2	1	556	0.69622835514	norm	2567
T	3	1	1602	0.382338902148	raw	2567
T	3	1	1602	1.2384883162	norm	2567
A	3	1	1387	0.331026252983	raw	2567
A	3	1	1387	1.06852076613	norm	2567
G	3	1	681	0.162529832936	raw	2567
G	3	1	681	0.852754514119	norm	2567
C	3	1	520	0.124105011933	raw	2567
C	3	1	520	0.650127717836	norm	2567
A	4	1	1697	0.405011933174	raw	2567
A	4	1	1697	1.30733939446	norm	2567
T	4	1	1250	0.298329355609	raw	2567
T	4	1	1250	0.966361045725	norm	2567
G	4	1	720	0.171837708831	raw	2567
G	4	1	720	0.901590675721	norm	2567
C	4	1	523	0.124821002387	raw	2567
C	4	1	523	0.65387845467	norm	2567
A	5	1	1673	0.399284009547	raw	2567
A	5	1	1673	1.28885021033	norm	2567
T	5	1	1308	0.312171837709	raw	2567
T	5	1	1308	1.01120019825	norm	2567
G	5	1	639	0.152505966587	raw	2567
G	5	1	639	0.800161724702	norm	2567
C	5	1	570	0.136038186158	raw	2567
C	5	1	570	0.712639998397	norm	2567
T	6	1	1417	0.338186157518	raw	2567
T	6	1	1417	1.09546688143	norm	2567
A	6	1	1341	0.320047732697	raw	2567
A	6	1	1341	1.03308316321	norm	2567
C	6	1	770	0.183770883055	raw	2567
C	6	1	770	0.962689120642	norm	2567
G	6	1	662	0.15799522673	raw	2567
G	6	1	662	0.828962537954	norm	2567
T	7	1	1508	0.359904534606	raw	2567
T	7	1	1508	1.16581796556	norm	2567
A	7	1	1364	0.32553699284	raw	2567
A	7	1	1364	1.05080196467	norm	2567
G	7	1	667	0.159188544153	raw	2567
G	7	1	667	0.835223584313	norm	2567
C	7	1	651	0.155369928401	raw	2567
C	7	1	651	0.813909892907	norm	2567
T	8	1	1638	0.390930787589	raw	2567
T	8	1	1638	1.26631951432	norm	2567
A	8	1	1293	0.308591885442	raw	2567
A	8	1	1293	0.996104794955	norm	2567
C	8	1	645	0.153937947494	raw	2567
C	8	1	645	0.806408419239	norm	2567
G	8	1	614	0.146539379475	raw	2567
G	8	1	614	0.768856492906	norm	2567
T	9	1	1512	0.360859188544	raw	2567
T	9	1	1512	1.16891032091	norm	2567
A	9	1	1342	0.320286396181	raw	2567
A	9	1	1342	1.03385354588	norm	2567
G	9	1	736	0.175656324582	raw	2567
G	9	1	736	0.92162602407	norm	2567
C	9	1	600	0.143198090692	raw	2567
C	9	1	600	0.750147366734	norm	2567
T	10	1	1520	0.36276849642	raw	2567
T	10	1	1520	1.1750950316	norm	2567
A	10	1	1310	0.312649164678	raw	2567
A	10	1	1310	1.00920130038	norm	2567
G	10	1	694	0.165632458234	raw	2567
G	10	1	694	0.869033234653	norm	2567
C	10	1	666	0.158949880668	raw	2567
C	10	1	666	0.832663577075	norm	2567
T	11	1	1447	0.345346062053	raw	2567
T	11	1	1447	1.11865954653	norm	2567
A	11	1	1342	0.320286396181	raw	2567
A	11	1	1342	1.03385354588	norm	2567
G	11	1	724	0.172792362768	raw	2567
G	11	1	724	0.906599512808	norm	2567
C	11	1	677	0.161575178998	raw	2567
C	11	1	677	0.846416278798	norm	2567
T	12	1	1517	0.362052505967	raw	2567
T	12	1	1517	1.17277576509	norm	2567
A	12	1	1315	0.3138424821	raw	2567
A	12	1	1315	1.01305321374	norm	2567
C	12	1	707	0.168735083532	raw	2567
C	12	1	707	0.883923647135	norm	2567
G	12	1	651	0.155369928401	raw	2567
G	12	1	651	0.815188235964	norm	2567
T	13	1	1456	0.347494033413	raw	2567
T	13	1	1456	1.12561734606	norm	2567
A	13	1	1348	0.321718377088	raw	2567
A	13	1	1348	1.03847584192	norm	2567
G	13	1	760	0.18138424821	raw	2567
G	13	1	760	0.951679046594	norm	2567
C	13	1	626	0.149403341289	raw	2567
C	13	1	626	0.782653752626	norm	2567
T	14	1	1420	0.338902147971	raw	2567
T	14	1	1420	1.09778614794	norm	2567
A	14	1	1389	0.331503579952	raw	2567
A	14	1	1389	1.07006153147	norm	2567
G	14	1	713	0.170167064439	raw	2567
G	14	1	713	0.892825210818	norm	2567
C	14	1	668	0.159427207637	raw	2567
C	14	1	668	0.835164068297	norm	2567
A	15	1	1415	0.337708830549	raw	2567
A	15	1	1415	1.09009148094	norm	2567
T	15	1	1356	0.323627684964	raw	2567
T	15	1	1356	1.0483084624	norm	2567
G	15	1	740	0.17661097852	raw	2567
G	15	1	740	0.926634861157	norm	2567
C	15	1	679	0.162052505967	raw	2567
C	15	1	679	0.848916770021	norm	2567
T	16	1	1376	0.328400954654	raw	2567
T	16	1	1376	1.06377023913	norm	2567
A	16	1	1234	0.294510739857	raw	2567
A	16	1	1234	0.950652217304	norm	2567
G	16	1	906	0.216229116945	raw	2567
G	16	1	906	1.13450160028	norm	2567
C	16	1	674	0.160859188544	raw	2567
C	16	1	674	0.842665541965	norm	2567
T	17	1	1578	0.37661097852	raw	2567
T	17	1	1578	1.21993418412	norm	2567
A	17	1	1358	0.324105011933	raw	2567
A	17	1	1358	1.04617966864	norm	2567
C	17	1	637	0.152028639618	raw	2567
C	17	1	637	0.796406454349	norm	2567
G	17	1	617	0.147255369928	raw	2567
G	17	1	617	0.772613120722	norm	2567
A	18	1	1410	0.336515513126	raw	2567
A	18	1	1410	1.08623956758	norm	2567
T	18	1	1346	0.321241050119	raw	2567
T	18	1	1346	1.04057757404	norm	2567
C	18	1	726	0.173269689737	raw	2567
C	18	1	726	0.907678313748	norm	2567
G	18	1	708	0.168973747017	raw	2567
G	18	1	708	0.886564164459	norm	2567
T	19	1	1424	0.339856801909	raw	2567
T	19	1	1424	1.10087850329	norm	2567
A	19	1	1390	0.331742243437	raw	2567
A	19	1	1390	1.07083191414	norm	2567
C	19	1	710	0.169451073986	raw	2567
C	19	1	710	0.887674383969	norm	2567
G	19	1	666	0.158949880668	raw	2567
G	19	1	666	0.833971375042	norm	2567
T	20	1	1545	0.368735083532	raw	2567
T	20	1	1545	1.19442225252	norm	2567
A	20	1	1253	0.299045346062	raw	2567
A	20	1	1253	0.965289488073	norm	2567
C	20	1	724	0.172792362768	raw	2567
C	20	1	724	0.905177822526	norm	2567
G	20	1	668	0.159427207637	raw	2567
G	20	1	668	0.836475793585	norm	2567
A	21	1	1451	0.34630071599	raw	2567
A	21	1	1451	1.11782525714	norm	2567
T	21	1	1367	0.326252983294	raw	2567
T	21	1	1367	1.0568124396	norm	2567
G	21	1	753	0.179713603819	raw	2567
G	21	1	753	0.942913581691	norm	2567
C	21	1	619	0.147732696897	raw	2567
C	21	1	619	0.773902033347	norm	2567
T	22	1	1438	0.343198090692	raw	2567
T	22	1	1438	1.111701747	norm	2567
A	22	1	1357	0.323866348449	raw	2567
A	22	1	1357	1.04540928597	norm	2567
G	22	1	698	0.166587112172	raw	2567
G	22	1	698	0.87404207174	norm	2567
C	22	1	697	0.166348448687	raw	2567
C	22	1	697	0.871421191023	norm	2567
T	23	1	1480	0.353221957041	raw	2567
T	23	1	1480	1.14417147814	norm	2567
A	23	1	1311	0.312887828162	raw	2567
A	23	1	1311	1.00997168305	norm	2567
G	23	1	701	0.167303102625	raw	2567
G	23	1	701	0.877798699556	norm	2567
C	23	1	698	0.166587112172	raw	2567
C	23	1	698	0.872671436634	norm	2567
T	24	1	1472	0.351312649165	raw	2567
T	24	1	1472	1.13798676745	norm	2567
A	24	1	1339	0.319570405728	raw	2567
A	24	1	1339	1.03154239787	norm	2567
C	24	1	691	0.16491646778	raw	2567
C	24	1	691	0.863919717356	norm	2567
G	24	1	688	0.164200477327	raw	2567
G	24	1	688	0.861519979022	norm	2567
A	25	1	1491	0.35584725537	raw	2567
A	25	1	1491	1.14864056402	norm	2567
T	25	1	1373	0.3276849642	raw	2567
T	25	1	1373	1.06145097262	norm	2567
C	25	1	666	0.158949880668	raw	2567
C	25	1	666	0.832663577075	norm	2567
G	25	1	660	0.157517899761	raw	2567
G	25	1	660	0.826458119411	norm	2567
T	26	1	1617	0.385918854415	raw	2567
T	26	1	1617	1.25008464875	norm	2567
A	26	1	1324	0.315990453461	raw	2567
A	26	1	1324	1.01998665779	norm	2567
C	26	1	664	0.158472553699	raw	2567
C	26	1	664	0.830163085852	norm	2567
G	26	1	585	0.139618138425	raw	2567
G	26	1	585	0.732542424023	norm	2567
T	27	1	1477	0.352505966587	raw	2567
T	27	1	1477	1.14185221163	norm	2567
A	27	1	1344	0.32076372315	raw	2567
A	27	1	1344	1.03539431123	norm	2567
G	27	1	696	0.166109785203	raw	2567
G	27	1	696	0.871537653197	norm	2567
C	27	1	673	0.16062052506	raw	2567
C	27	1	673	0.841415296353	norm	2567
T	28	1	1510	0.360381861575	raw	2567
T	28	1	1510	1.16736414324	norm	2567
A	28	1	1341	0.320047732697	raw	2567
A	28	1	1341	1.03308316321	norm	2567
C	28	1	676	0.161336515513	raw	2567
C	28	1	676	0.845166033187	norm	2567
G	28	1	663	0.158233890215	raw	2567
G	28	1	663	0.830214747226	norm	2567
T	29	1	1448	0.345584725537	raw	2567
T	29	1	1448	1.11943263537	norm	2567
A	29	1	1378	0.328878281623	raw	2567
A	29	1	1378	1.06158732208	norm	2567
C	29	1	692	0.165155131265	raw	2567
C	29	1	692	0.865169962967	norm	2567
G	29	1	672	0.160381861575	raw	2567
G	29	1	672	0.841484630673	norm	2567
T	30	1	1519	0.362529832936	raw	2567
T	30	1	1519	1.17432194276	norm	2567
A	30	1	1362	0.325059665871	raw	2567
A	30	1	1362	1.04926119933	norm	2567
C	30	1	693	0.165393794749	raw	2567
C	30	1	693	0.866420208578	norm	2567
G	30	1	616	0.147016706444	raw	2567
G	30	1	616	0.77136091145	norm	2567
T	31	1	1546	0.368973747017	raw	2567
T	31	1	1546	1.19519534135	norm	2567
A	31	1	1366	0.326014319809	raw	2567
A	31	1	1366	1.05234273001	norm	2567
G	31	1	670	0.159904534606	raw	2567
G	31	1	670	0.838980212129	norm	2567
C	31	1	608	0.145107398568	raw	2567
C	31	1	608	0.760149331624	norm	2567
A	32	1	1502	0.358472553699	raw	2567
A	32	1	1502	1.15711477341	norm	2567
T	32	1	1369	0.326730310263	raw	2567
T	32	1	1369	1.05835861728	norm	2567
G	32	1	665	0.158711217184	raw	2567
G	32	1	665	0.83271916577	norm	2567
C	32	1	654	0.156085918854	raw	2567
C	32	1	654	0.81766062974	norm	2567
T	33	1	1602	0.382338902148	raw	2567
T	33	1	1602	1.2384883162	norm	2567
A	33	1	1269	0.302863961814	raw	2567
A	33	1	1269	0.977615610826	norm	2567
C	33	1	672	0.160381861575	raw	2567
C	33	1	672	0.840165050742	norm	2567
G	33	1	647	0.154415274463	raw	2567
G	33	1	647	0.810179398877	norm	2567
A	34	1	1467	0.350119331742	raw	2567
A	34	1	1467	1.13015137989	norm	2567
T	34	1	1385	0.330548926014	raw	2567
T	34	1	1385	1.07072803866	norm	2567
G	34	1	742	0.177088305489	raw	2567
G	34	1	742	0.929139279701	norm	2567
C	34	1	596	0.142243436754	raw	2567
C	34	1	596	0.745146384289	norm	2567
T	35	1	1559	0.372076372315	raw	2567
T	35	1	1559	1.20524549623	norm	2567
A	35	1	1379	0.329116945107	raw	2567
A	35	1	1379	1.06235770475	norm	2567
G	35	1	695	0.165871121718	raw	2567
G	35	1	695	0.870285443925	norm	2567
C	35	1	557	0.132935560859	raw	2567
C	35	1	557	0.696386805452	norm	2567
T	36	1	1620	0.386634844869	raw	2567
T	36	1	1620	1.25240391526	norm	2567
A	36	1	1301	0.310501193317	raw	2567
A	36	1	1301	1.00226785633	norm	2567
G	36	1	639	0.152505966587	raw	2567
G	36	1	639	0.800161724702	norm	2567
C	36	1	630	0.150357995227	raw	2567
C	36	1	630	0.787654735071	norm	2567
T	37	1	1558	0.371837708831	raw	2567
T	37	1	1558	1.20447240739	norm	2567
A	37	1	1487	0.354892601432	raw	2567
A	37	1	1487	1.14555903333	norm	2567
G	37	1	573	0.136754176611	raw	2567
G	37	1	573	0.717515912761	norm	2567
C	37	1	572	0.136515513126	raw	2567
C	37	1	572	0.71514048962	norm	2567
T	38	1	1553	0.370644391408	raw	2567
T	38	1	1553	1.20060696321	norm	2567
A	38	1	1435	0.342482100239	raw	2567
A	38	1	1435	1.10549913439	norm	2567
C	38	1	613	0.14630071599	raw	2567
C	38	1	613	0.76640055968	norm	2567
G	38	1	589	0.140572792363	raw	2567
G	38	1	589	0.73755126111	norm	2567
T	39	1	1683	0.401670644391	raw	2567
T	39	1	1683	1.30110851196	norm	2567
A	39	1	1335	0.31861575179	raw	2567
A	39	1	1335	1.02846086718	norm	2567
C	39	1	628	0.149880668258	raw	2567
C	39	1	628	0.785154243848	norm	2567
G	39	1	544	0.129832935561	raw	2567
G	39	1	544	0.681201843878	norm	2567
T	40	1	1786	0.426252983294	raw	2567
T	40	1	1786	1.38073666213	norm	2567
A	40	1	1266	0.30214797136	raw	2567
A	40	1	1266	0.97530446281	norm	2567
G	40	1	618	0.147494033413	raw	2567
G	40	1	618	0.773865329994	norm	2567
C	40	1	520	0.124105011933	raw	2567
C	40	1	520	0.650127717836	norm	2567
T	41	1	1721	0.410739856802	raw	2567
T	41	1	1721	1.33048588775	norm	2567
A	41	1	1414	0.337470167064	raw	2567
A	41	1	1414	1.08932109827	norm	2567
G	41	1	577	0.137708830549	raw	2567
G	41	1	577	0.722524749848	norm	2567
C	41	1	478	0.114081145585	raw	2567
C	41	1	478	0.597617402165	norm	2567
T	42	1	1569	0.37446300716	raw	2567
T	42	1	1569	1.21297638459	norm	2567
A	42	1	1517	0.362052505967	raw	2567
A	42	1	1517	1.16867051349	norm	2567
C	42	1	597	0.142482100239	raw	2567
C	42	1	597	0.7463966299	norm	2567
G	42	1	507	0.121002386635	raw	2567
G	42	1	507	0.63487010082	norm	2567
T	43	1	1670	0.398568019093	raw	2567
T	43	1	1670	1.29105835709	norm	2567
A	43	1	1534	0.366109785203	raw	2567
A	43	1	1534	1.18176701892	norm	2567
G	43	1	544	0.129832935561	raw	2567
G	43	1	544	0.681201843878	norm	2567
C	43	1	442	0.105489260143	raw	2567
C	43	1	442	0.552608560161	norm	2567
T	44	1	1654	0.394749403341	raw	2567
T	44	1	1654	1.2786889357	norm	2567
A	44	1	1470	0.350835322196	raw	2567
A	44	1	1470	1.13246252791	norm	2567
C	44	1	565	0.134844868735	raw	2567
C	44	1	565	0.706388770341	norm	2567
G	44	1	501	0.119570405728	raw	2567
G	44	1	501	0.627356845189	norm	2567
T	45	1	1655	0.394988066826	raw	2567
T	45	1	1655	1.27946202454	norm	2567
A	45	1	1579	0.376849642005	raw	2567
A	45	1	1579	1.21643423916	norm	2567
C	45	1	512	0.122195704057	raw	2567
C	45	1	512	0.640125752946	norm	2567
G	45	1	444	0.105966587112	raw	2567
G	45	1	444	0.555980916694	norm	2567
T	46	1	1718	0.410023866348	raw	2567
T	46	1	1718	1.32816662124	norm	2567
A	46	1	1496	0.357040572792	raw	2567
A	46	1	1496	1.15249247738	norm	2567
C	46	1	516	0.123150357995	raw	2567
C	46	1	516	0.645126735391	norm	2567
G	46	1	460	0.109785202864	raw	2567
G	46	1	460	0.576016265044	norm	2567
T	47	1	1722	0.410978520286	raw	2567
T	47	1	1722	1.33125897659	norm	2567
A	47	1	1407	0.335799522673	raw	2567
A	47	1	1407	1.08392841957	norm	2567
G	47	1	549	0.131026252983	raw	2567
G	47	1	549	0.687462890237	norm	2567
C	47	1	512	0.122195704057	raw	2567
C	47	1	512	0.640125752946	norm	2567
T	48	1	1577	0.376372315036	raw	2567
T	48	1	1577	1.21916109529	norm	2567
A	48	1	1573	0.375417661098	raw	2567
A	48	1	1573	1.21181194313	norm	2567
G	48	1	532	0.126968973747	raw	2567
G	48	1	532	0.666175332616	norm	2567
C	48	1	508	0.121241050119	raw	2567
C	48	1	508	0.635124770502	norm	2567
T	49	1	1678	0.400477326969	raw	2567
T	49	1	1678	1.29724306778	norm	2567
A	49	1	1525	0.363961813842	raw	2567
A	49	1	1525	1.17483357487	norm	2567
G	49	1	514	0.122673031026	raw	2567
G	49	1	514	0.643635565723	norm	2567
C	49	1	473	0.112887828162	raw	2567
C	49	1	473	0.591366174109	norm	2567
T	50	1	1604	0.382816229117	raw	2567
T	50	1	1604	1.24003449387	norm	2567
A	50	1	1532	0.365632458234	raw	2567
A	50	1	1532	1.18022625357	norm	2567
C	50	1	560	0.133651551313	raw	2567
C	50	1	560	0.700137542285	norm	2567
G	50	1	494	0.117899761337	raw	2567
G	50	1	494	0.618591380286	norm	2567
A	51	1	1610	0.384248210024	raw	2567
A	51	1	1610	1.24031610199	norm	2567
T	51	1	1586	0.378520286396	raw	2567
T	51	1	1586	1.22611889482	norm	2567
G	51	1	526	0.12553699284	raw	2567
G	51	1	526	0.658662076985	norm	2567
C	51	1	468	0.11169451074	raw	2567
C	51	1	468	0.585114946053	norm	2567
A	52	1	1622	0.387112171838	raw	2567
A	52	1	1622	1.24956069406	norm	2567
T	52	1	1545	0.368735083532	raw	2567
T	52	1	1545	1.19442225252	norm	2567
C	52	1	514	0.122673031026	raw	2567
C	52	1	514	0.642626244169	norm	2567
G	52	1	509	0.121479713604	raw	2567
G	52	1	509	0.637374519364	norm	2567
A	53	1	1636	0.390453460621	raw	2567
A	53	1	1636	1.26034605147	norm	2567
T	53	1	1612	0.384725536993	raw	2567
T	53	1	1612	1.24621920457	norm	2567
G	53	1	495	0.118138424821	raw	2567
G	53	1	495	0.619843589558	norm	2567
C	53	1	447	0.106682577566	raw	2567
C	53	1	447	0.558859788217	norm	2567
A	54	1	1597	0.381145584726	raw	2567
A	54	1	1597	1.23030112726	norm	2567
T	54	1	1542	0.368019093079	raw	2567
T	54	1	1542	1.19210298601	norm	2567
G	54	1	533	0.127207637232	raw	2567
G	54	1	533	0.667427541888	norm	2567
C	54	1	518	0.123627684964	raw	2567
C	54	1	518	0.647627226614	norm	2567
A	55	1	1679	0.400715990453	raw	2567
A	55	1	1679	1.29347250636	norm	2567
T	55	1	1608	0.383770883055	raw	2567
T	55	1	1608	1.24312684922	norm	2567
C	55	1	452	0.107875894988	raw	2567
C	55	1	452	0.565111016273	norm	2567
G	55	1	451	0.107637231504	raw	2567
G	55	1	451	0.564746381597	norm	2567
A	56	1	1637	0.390692124105	raw	2567
A	56	1	1637	1.26111643414	norm	2567
T	56	1	1618	0.3861575179	raw	2567
T	56	1	1618	1.25085773759	norm	2567
C	56	1	469	0.111933174224	raw	2567
C	56	1	469	0.586365191664	norm	2567
G	56	1	466	0.111217183771	raw	2567
G	56	1	466	0.583529520675	norm	2567
A	57	1	1645	0.392601431981	raw	2567
A	57	1	1645	1.26727949551	norm	2567
T	57	1	1527	0.364439140811	raw	2567
T	57	1	1527	1.18050665346	norm	2567
G	57	1	525	0.125298329356	raw	2567
G	57	1	525	0.657409867713	norm	2567
C	57	1	493	0.117661097852	raw	2567
C	57	1	493	0.616371086333	norm	2567
T	58	1	1722	0.410978520286	raw	2567
T	58	1	1722	1.33125897659	norm	2567
A	58	1	1487	0.354892601432	raw	2567
A	58	1	1487	1.14555903333	norm	2567
G	58	1	492	0.117422434368	raw	2567
G	58	1	492	0.616086961742	norm	2567
C	58	1	489	0.116706443914	raw	2567
C	58	1	489	0.611370103888	norm	2567
T	59	1	1641	0.391646778043	raw	2567
T	59	1	1641	1.26863878083	norm	2567
A	59	1	1605	0.383054892601	raw	2567
A	59	1	1605	1.23646418863	norm	2567
G	59	1	519	0.123866348449	raw	2567
G	59	1	519	0.649896612082	norm	2567
C	59	1	425	0.101431980907	raw	2567
C	59	1	425	0.53135438477	norm	2567
A	60	1	1658	0.395704057279	raw	2567
A	60	1	1658	1.27729447025	norm	2567
T	60	1	1561	0.372553699284	raw	2567
T	60	1	1561	1.2067916739	norm	2567
G	60	1	516	0.123150357995	raw	2567
G	60	1	516	0.646139984266	norm	2567
C	60	1	455	0.108591885442	raw	2567
C	60	1	455	0.568861753107	norm	2567
T	61	1	1665	0.397374701671	raw	2567
T	61	1	1665	1.28719291291	norm	2567
A	61	1	1614	0.385202863962	raw	2567
A	61	1	1614	1.24339763268	norm	2567
G	61	1	531	0.126730310263	raw	2567
G	61	1	531	0.664923123344	norm	2567
C	61	1	380	0.090692124105	raw	2567
C	61	1	380	0.475093332265	norm	2567
A	62	1	1680	0.400954653938	raw	2567
A	62	1	1680	1.29424288904	norm	2567
T	62	1	1653	0.394510739857	raw	2567
T	62	1	1653	1.27791584687	norm	2567
G	62	1	441	0.105250596659	raw	2567
G	62	1	441	0.552224288879	norm	2567
C	62	1	416	0.0992840095465	raw	2567
C	62	1	416	0.520102174269	norm	2567
A	63	1	1676	0.4	raw	2567
A	63	1	1676	1.29116135835	norm	2567
T	63	1	1649	0.393556085919	raw	2567
T	63	1	1649	1.27482349152	norm	2567
C	63	1	434	0.103579952267	raw	2567
C	63	1	434	0.542606595271	norm	2567
G	63	1	431	0.102863961814	raw	2567
G	63	1	431	0.539702196161	norm	2567
A	64	1	1716	0.409546539379	raw	2567
A	64	1	1716	1.32197666523	norm	2567
T	64	1	1646	0.392840095465	raw	2567
T	64	1	1646	1.27250422501	norm	2567
G	64	1	455	0.108591885442	raw	2567
G	64	1	455	0.569755218685	norm	2567
C	64	1	373	0.0890214797136	raw	2567
C	64	1	373	0.466341612986	norm	2567
A	65	1	1694	0.404295942721	raw	2567
A	65	1	1694	1.30502824644	norm	2567
T	65	1	1677	0.400238663484	raw	2567
T	65	1	1677	1.29646997894	norm	2567
G	65	1	457	0.109069212411	raw	2567
G	65	1	457	0.572259637228	norm	2567
C	65	1	362	0.0863961813842	raw	2567
C	65	1	362	0.452588911263	norm	2567
T	66	1	1726	0.411933174224	raw	2567
T	66	1	1726	1.33435133194	norm	2567
A	66	1	1664	0.397136038186	raw	2567
A	66	1	1664	1.28191676628	norm	2567
G	66	1	427	0.101909307876	raw	2567
G	66	1	427	0.534693359073	norm	2567
C	66	1	373	0.0890214797136	raw	2567
C	66	1	373	0.466341612986	norm	2567
A	67	1	1706	0.407159904535	raw	2567
A	67	1	1706	1.31427283851	norm	2567
T	67	1	1578	0.37661097852	raw	2567
T	67	1	1578	1.21993418412	norm	2567
C	67	1	460	0.109785202864	raw	2567
C	67	1	460	0.575112981163	norm	2567
G	67	1	446	0.106443914081	raw	2567
G	67	1	446	0.558485335238	norm	2567
T	68	1	1642	0.391885441527	raw	2567
T	68	1	1642	1.26941186966	norm	2567
A	68	1	1636	0.390453460621	raw	2567
A	68	1	1636	1.26034605147	norm	2567
G	68	1	477	0.1138424821	raw	2567
G	68	1	477	0.597303822665	norm	2567
C	68	1	435	0.103818615752	raw	2567
C	68	1	435	0.543856840882	norm	2567
T	69	1	1675	0.399761336516	raw	2567
T	69	1	1675	1.29492380127	norm	2567
A	69	1	1606	0.383293556086	raw	2567
A	69	1	1606	1.2372345713	norm	2567
G	69	1	506	0.12076372315	raw	2567
G	69	1	506	0.633617891548	norm	2567
C	69	1	403	0.0961813842482	raw	2567
C	69	1	403	0.503848981323	norm	2567
A	70	1	1722	0.410978520286	raw	2567
A	70	1	1722	1.32659896126	norm	2567
T	70	1	1585	0.378281622912	raw	2567
T	70	1	1585	1.22534580598	norm	2567
C	70	1	467	0.111455847255	raw	2567
C	70	1	467	0.583864700441	norm	2567
G	70	1	416	0.0992840095465	raw	2567
G	70	1	416	0.520919057083	norm	2567
A	71	1	1658	0.395704057279	raw	2567
A	71	1	1658	1.27729447025	norm	2567
T	71	1	1648	0.393317422434	raw	2567
T	71	1	1648	1.27405040268	norm	2567
C	71	1	461	0.110023866348	raw	2567
C	71	1	461	0.576363226774	norm	2567
G	71	1	423	0.100954653938	raw	2567
G	71	1	423	0.529684521986	norm	2567
A	72	1	1682	0.401431980907	raw	2567
A	72	1	1682	1.29578365438	norm	2567
T	72	1	1682	0.401431980907	raw	2567
T	72	1	1682	1.30033542313	norm	2567
G	72	1	426	0.101670644391	raw	2567
G	72	1	426	0.533441149801	norm	2567
C	72	1	400	0.0954653937947	raw	2567
C	72	1	400	0.500098244489	norm	2567
A	73	1	1677	0.400238663484	raw	2567
A	73	1	1677	1.29193174102	norm	2567
T	73	1	1652	0.394272076372	raw	2567
T	73	1	1652	1.27714275803	norm	2567
G	73	1	469	0.111933174224	raw	2567
G	73	1	469	0.58728614849	norm	2567
C	73	1	392	0.0935560859189	raw	2567
C	73	1	392	0.4900962796	norm	2567
A	74	1	1762	0.420525059666	raw	2567
A	74	1	1762	1.35741426814	norm	2567
T	74	1	1578	0.37661097852	raw	2567
T	74	1	1578	1.21993418412	norm	2567
C	74	1	444	0.105966587112	raw	2567
C	74	1	444	0.555109051383	norm	2567
G	74	1	406	0.0968973747017	raw	2567
G	74	1	406	0.508396964365	norm	2567
T	75	1	1694	0.404295942721	raw	2567
T	75	1	1694	1.30961248917	norm	2567
A	75	1	1633	0.389737470167	raw	2567
A	75	1	1633	1.25803490345	norm	2567
G	75	1	440	0.105011933174	raw	2567
G	75	1	440	0.550972079607	norm	2567
C	75	1	423	0.100954653938	raw	2567
C	75	1	423	0.528853893548	norm	2567
A	76	1	1659	0.395942720764	raw	2567
A	76	1	1659	1.27806485292	norm	2567
T	76	1	1593	0.380190930788	raw	2567
T	76	1	1593	1.23153051667	norm	2567
G	76	1	510	0.121718377088	raw	2567
G	76	1	510	0.638626728635	norm	2567
C	76	1	428	0.10214797136	raw	2567
C	76	1	428	0.535105121604	norm	2567
A	77	1	1659	0.395942720764	raw	2567
A	77	1	1659	1.27806485292	norm	2567
T	77	1	1616	0.385680190931	raw	2567
T	77	1	1616	1.24931155991	norm	2567
C	77	1	474	0.113126491647	raw	2567
C	77	1	474	0.59261641972	norm	2567
G	77	1	441	0.105250596659	raw	2567
G	77	1	441	0.552224288879	norm	2567
A	78	1	1654	0.394749403341	raw	2567
A	78	1	1654	1.27421293956	norm	2567
T	78	1	1651	0.394033412888	raw	2567
T	78	1	1651	1.27636966919	norm	2567
G	78	1	485	0.115751789976	raw	2567
G	78	1	485	0.60732149684	norm	2567
C	78	1	400	0.0954653937947	raw	2567
C	78	1	400	0.500098244489	norm	2567
A	79	1	1689	0.403102625298	raw	2567
A	79	1	1689	1.30117633308	norm	2567
T	79	1	1652	0.394272076372	raw	2567
T	79	1	1652	1.27714275803	norm	2567
G	79	1	497	0.11861575179	raw	2567
G	79	1	497	0.622348008102	norm	2567
C	79	1	352	0.0840095465394	raw	2567
C	79	1	352	0.440086455151	norm	2567
A	80	1	1697	0.405011933174	raw	2567
A	80	1	1697	1.30733939446	norm	2567
T	80	1	1688	0.402863961814	raw	2567
T	80	1	1688	1.30497395615	norm	2567
G	80	1	416	0.0992840095465	raw	2567
G	80	1	416	0.520919057083	norm	2567
C	80	1	389	0.0928400954654	raw	2567
C	80	1	389	0.486345542766	norm	2567
A	81	1	1709	0.407875894988	raw	2567
A	81	1	1709	1.31658398653	norm	2567
T	81	1	1645	0.392601431981	raw	2567
T	81	1	1645	1.27173113617	norm	2567
G	81	1	457	0.109069212411	raw	2567
G	81	1	457	0.572259637228	norm	2567
C	81	1	379	0.0904534606205	raw	2567
C	81	1	379	0.473843086654	norm	2567
A	82	1	1807	0.431264916468	raw	2567
A	82	1	1807	1.39208148839	norm	2567
T	82	1	1547	0.369212410501	raw	2567
T	82	1	1547	1.19596843019	norm	2567
C	82	1	445	0.106205250597	raw	2567
C	82	1	445	0.556359296995	norm	2567
G	82	1	391	0.0933174224344	raw	2567
G	82	1	391	0.489613825287	norm	2567
A	83	1	1735	0.414081145585	raw	2567
A	83	1	1735	1.336613936	norm	2567
T	83	1	1661	0.396420047733	raw	2567
T	83	1	1661	1.28410055756	norm	2567
G	83	1	437	0.104295942721	raw	2567
G	83	1	437	0.547215451792	norm	2567
C	83	1	357	0.0852028639618	raw	2567
C	83	1	357	0.446337683207	norm	2567
A	84	1	1645	0.392601431981	raw	2567
A	84	1	1645	1.26727949551	norm	2567
T	84	1	1645	0.392601431981	raw	2567
T	84	1	1645	1.27173113617	norm	2567
G	84	1	461	0.110023866348	raw	2567
G	84	1	461	0.577268474316	norm	2567
C	84	1	439	0.10477326969	raw	2567
C	84	1	439	0.548857823327	norm	2567
A	85	1	1771	0.422673031026	raw	2567
A	85	1	1771	1.36434771219	norm	2567
T	85	1	1531	0.365393794749	raw	2567
T	85	1	1531	1.1835990088	norm	2567
G	85	1	513	0.122434367542	raw	2567
G	85	1	513	0.642383356451	norm	2567
C	85	1	375	0.0894988066826	raw	2567
C	85	1	375	0.468842104209	norm	2567
T	86	1	1721	0.410739856802	raw	2567
T	86	1	1721	1.33048588775	norm	2567
A	86	1	1632	0.389498806683	raw	2567
A	86	1	1632	1.25726452078	norm	2567
C	86	1	424	0.101193317422	raw	2567
C	86	1	424	0.530104139159	norm	2567
G	86	1	413	0.0985680190931	raw	2567
G	86	1	413	0.517162429268	norm	2567
A	87	1	1719	0.410262529833	raw	2567
A	87	1	1719	1.32428781325	norm	2567
T	87	1	1564	0.373269689737	raw	2567
T	87	1	1564	1.20911094041	norm	2567
G	87	1	465	0.110978520286	raw	2567
G	87	1	465	0.582277311403	norm	2567
C	87	1	442	0.105489260143	raw	2567
C	87	1	442	0.552608560161	norm	2567
A	88	1	1710	0.408114558473	raw	2567
A	88	1	1710	1.3173543692	norm	2567
T	88	1	1697	0.405011933174	raw	2567
T	88	1	1697	1.31193175568	norm	2567
G	88	1	411	0.0980906921241	raw	2567
G	88	1	411	0.514658010724	norm	2567
C	88	1	372	0.0887828162291	raw	2567
C	88	1	372	0.465091367375	norm	2567
T	89	1	1751	0.417899761337	raw	2567
T	89	1	1751	1.35367855285	norm	2567
A	89	1	1611	0.384486873508	raw	2567
A	89	1	1611	1.24108648467	norm	2567
C	89	1	431	0.102863961814	raw	2567
C	89	1	431	0.538855858437	norm	2567
G	89	1	397	0.0947494033413	raw	2567
G	89	1	397	0.497127080918	norm	2567
A	90	1	1706	0.407159904535	raw	2567
A	90	1	1706	1.31427283851	norm	2567
T	90	1	1583	0.377804295943	raw	2567
T	90	1	1583	1.22379962831	norm	2567
G	90	1	482	0.115035799523	raw	2567
G	90	1	482	0.603564869024	norm	2567
C	90	1	419	0.1	raw	2567
C	90	1	419	0.523852911103	norm	2567
T	91	1	1742	0.415751789976	raw	2567
T	91	1	1742	1.34672075332	norm	2567
A	91	1	1673	0.399284009547	raw	2567
A	91	1	1673	1.28885021033	norm	2567
G	91	1	430	0.102625298329	raw	2567
G	91	1	430	0.538449986889	norm	2567
C	91	1	345	0.082338902148	raw	2567
C	91	1	345	0.431334735872	norm	2567
A	92	1	1759	0.419809069212	raw	2567
A	92	1	1759	1.35510312013	norm	2567
T	92	1	1589	0.37923627685	raw	2567
T	92	1	1589	1.22843816133	norm	2567
G	92	1	480	0.114558472554	raw	2567
G	92	1	480	0.60106045048	norm	2567
C	92	1	362	0.0863961813842	raw	2567
C	92	1	362	0.452588911263	norm	2567
T	93	1	1693	0.404057279236	raw	2567
T	93	1	1693	1.30883940033	norm	2567
A	93	1	1654	0.394749403341	raw	2567
A	93	1	1654	1.27421293956	norm	2567
G	93	1	463	0.110501193317	raw	2567
G	93	1	463	0.579772892859	norm	2567
C	93	1	380	0.090692124105	raw	2567
C	93	1	380	0.475093332265	norm	2567
A	94	1	1699	0.405489260143	raw	2567
A	94	1	1699	1.30888015981	norm	2567
T	94	1	1610	0.384248210024	raw	2567
T	94	1	1610	1.24467302689	norm	2567
G	94	1	470	0.112171837709	raw	2567
G	94	1	470	0.588538357762	norm	2567
C	94	1	411	0.0980906921241	raw	2567
C	94	1	411	0.513850946213	norm	2567
A	95	1	1787	0.426491646778	raw	2567
A	95	1	1787	1.37667383495	norm	2567
T	95	1	1661	0.396420047733	raw	2567
T	95	1	1661	1.28410055756	norm	2567
G	95	1	402	0.0959427207637	raw	2567
G	95	1	402	0.503388127277	norm	2567
C	95	1	340	0.0811455847255	raw	2567
C	95	1	340	0.425083507816	norm	2567
T	96	1	1692	0.403818615752	raw	2567
T	96	1	1692	1.30806631149	norm	2567
A	96	1	1590	0.379474940334	raw	2567
A	96	1	1590	1.22490844855	norm	2567
G	96	1	495	0.118138424821	raw	2567
G	96	1	495	0.619843589558	norm	2567
C	96	1	413	0.0985680190931	raw	2567
C	96	1	413	0.516351437435	norm	2567
A	97	1	1665	0.397374701671	raw	2567
A	97	1	1665	1.28268714896	norm	2567
T	97	1	1613	0.384964200477	raw	2567
T	97	1	1613	1.2469922934	norm	2567
C	97	1	471	0.112410501193	raw	2567
C	97	1	471	0.588865682886	norm	2567
G	97	1	441	0.105250596659	raw	2567
G	97	1	441	0.552224288879	norm	2567
A	98	1	1731	0.413126491647	raw	2567
A	98	1	1731	1.33353240531	norm	2567
T	98	1	1685	0.40214797136	raw	2567
T	98	1	1685	1.30265468964	norm	2567
C	98	1	398	0.0949880668258	raw	2567
C	98	1	398	0.497597753267	norm	2567
G	98	1	376	0.0897374701671	raw	2567
G	98	1	376	0.47083068621	norm	2567
A	99	1	1720	0.410501193317	raw	2567
A	99	1	1720	1.32505819592	norm	2567
T	99	1	1596	0.380906921241	raw	2567
T	99	1	1596	1.23384978318	norm	2567
G	99	1	440	0.105011933174	raw	2567
G	99	1	440	0.550972079607	norm	2567
C	99	1	434	0.103579952267	raw	2567
C	99	1	434	0.542606595271	norm	2567
T	100	1	1638	0.390930787589	raw	2567
T	100	1	1638	1.26631951432	norm	2567
A	100	1	1634	0.389976133652	raw	2567
A	100	1	1634	1.25880528612	norm	2567
G	100	1	474	0.113126491647	raw	2567
G	100	1	474	0.593547194849	norm	2567
C	100	1	444	0.105966587112	raw	2567
C	100	1	444	0.555109051383	norm	2567
