#nuc	offset	region.size	count	freq	norm.freq	total.sites
T	-100	1	1532	0.425910480956	raw	2237
T	-100	1	1532	1.04580566628	norm	2237
A	-100	1	1356	0.376980817348	raw	2237
A	-100	1	1356	0.89405395591	norm	2237
C	-100	1	364	0.101195440645	raw	2237
C	-100	1	364	1.26481767494	norm	2237
G	-100	1	345	0.0959132610509	raw	2237
G	-100	1	345	1.05303258923	norm	2237
T	-99	1	1466	0.407561857103	raw	2237
T	-99	1	1466	1.00075137518	norm	2237
A	-99	1	1410	0.391993327773	raw	2237
A	-99	1	1410	0.929657874508	norm	2237
C	-99	1	395	0.109813733667	raw	2237
C	-99	1	395	1.37253566374	norm	2237
G	-99	1	326	0.0906310814568	raw	2237
G	-99	1	326	0.995039490116	norm	2237
T	-98	1	1555	0.43230469836	raw	2237
T	-98	1	1555	1.06150640409	norm	2237
A	-98	1	1413	0.39282735613	raw	2237
A	-98	1	1413	0.931635869986	norm	2237
C	-98	1	349	0.0970252988602	raw	2237
C	-98	1	349	1.21269606745	norm	2237
G	-98	1	280	0.07784264665	raw	2237
G	-98	1	280	0.854635144885	norm	2237
T	-97	1	1497	0.416180150125	raw	2237
T	-97	1	1497	1.02191323918	norm	2237
A	-97	1	1431	0.397831526272	raw	2237
A	-97	1	1431	0.943503842852	norm	2237
C	-97	1	337	0.0936891854323	raw	2237
C	-97	1	337	1.17099878147	norm	2237
G	-97	1	332	0.0922991381707	raw	2237
G	-97	1	332	1.01335310036	norm	2237
T	-96	1	1553	0.431748679455	raw	2237
T	-96	1	1553	1.06014112254	norm	2237
A	-96	1	1398	0.388657214345	raw	2237
A	-96	1	1398	0.921745892597	norm	2237
C	-96	1	335	0.0931331665277	raw	2237
C	-96	1	335	1.1640492338	norm	2237
G	-96	1	311	0.0864609396719	raw	2237
G	-96	1	311	0.949255464497	norm	2237
A	-95	1	1516	0.421462329719	raw	2237
A	-95	1	1516	0.999547048052	norm	2237
T	-95	1	1493	0.415068112316	raw	2237
T	-95	1	1493	1.01918267608	norm	2237
C	-95	1	299	0.0831248262441	raw	2237
C	-95	1	299	1.03895737584	norm	2237
G	-95	1	289	0.0803447317209	raw	2237
G	-95	1	289	0.882105560256	norm	2237
A	-94	1	1484	0.412566027245	raw	2237
A	-94	1	1484	0.978448429624	norm	2237
T	-94	1	1477	0.410619961079	raw	2237
T	-94	1	1477	1.00826042369	norm	2237
C	-94	1	363	0.100917431193	raw	2237
C	-94	1	363	1.2613429011	norm	2237
G	-94	1	273	0.0758965804837	raw	2237
G	-94	1	273	0.833269266263	norm	2237
A	-93	1	1526	0.424242424242	raw	2237
A	-93	1	1526	1.00614036631	norm	2237
T	-93	1	1419	0.394495412844	raw	2237
T	-93	1	1419	0.968667258783	norm	2237
C	-93	1	344	0.0956352515986	raw	2237
C	-93	1	344	1.19532219829	norm	2237
G	-93	1	308	0.085626911315	raw	2237
G	-93	1	308	0.940098659373	norm	2237
A	-92	1	1480	0.411453989436	raw	2237
A	-92	1	1480	0.97581110232	norm	2237
T	-92	1	1476	0.410341951626	raw	2237
T	-92	1	1476	1.00757778292	norm	2237
C	-92	1	346	0.0961912705032	raw	2237
C	-92	1	346	1.20227174596	norm	2237
G	-92	1	295	0.0820127884348	raw	2237
G	-92	1	295	0.900419170504	norm	2237
T	-91	1	1531	0.425632471504	raw	2237
T	-91	1	1531	1.04512302551	norm	2237
A	-91	1	1455	0.404503753128	raw	2237
A	-91	1	1455	0.959327806673	norm	2237
G	-91	1	314	0.0872949680289	raw	2237
G	-91	1	314	0.958412269621	norm	2237
C	-91	1	297	0.0825688073394	raw	2237
C	-91	1	297	1.03200782818	norm	2237
A	-90	1	1443	0.4011676397	raw	2237
A	-90	1	1443	0.951415824762	norm	2237
T	-90	1	1424	0.395885460106	raw	2237
T	-90	1	1424	0.972080462655	norm	2237
C	-90	1	369	0.102585487907	raw	2237
C	-90	1	369	1.2821915441	norm	2237
G	-90	1	361	0.100361412288	raw	2237
G	-90	1	361	1.10186888323	norm	2237
T	-89	1	1467	0.407839866555	raw	2237
T	-89	1	1467	1.00143401595	norm	2237
A	-89	1	1431	0.397831526272	raw	2237
A	-89	1	1431	0.943503842852	norm	2237
G	-89	1	388	0.107867667501	raw	2237
G	-89	1	388	1.18428012934	norm	2237
C	-89	1	311	0.0864609396719	raw	2237
C	-89	1	311	1.08065466183	norm	2237
T	-88	1	1532	0.425910480956	raw	2237
T	-88	1	1532	1.04580566628	norm	2237
A	-88	1	1340	0.372532666111	raw	2237
A	-88	1	1340	0.883504646695	norm	2237
G	-88	1	368	0.102307478454	raw	2237
G	-88	1	368	1.12323476185	norm	2237
C	-88	1	357	0.0992493744787	raw	2237
C	-88	1	357	1.24049425811	norm	2237
A	-87	1	1467	0.407839866555	raw	2237
A	-87	1	1467	0.967239788584	norm	2237
T	-87	1	1426	0.39644147901	raw	2237
T	-87	1	1426	0.973445744203	norm	2237
G	-87	1	367	0.102029469002	raw	2237
G	-87	1	367	1.12018249347	norm	2237
C	-87	1	337	0.0936891854323	raw	2237
C	-87	1	337	1.17099878147	norm	2237
T	-86	1	1595	0.443425076453	raw	2237
T	-86	1	1595	1.08881203507	norm	2237
A	-86	1	1401	0.389491242702	raw	2237
A	-86	1	1401	0.923723888075	norm	2237
G	-86	1	307	0.0853489018627	raw	2237
G	-86	1	307	0.937046390999	norm	2237
C	-86	1	294	0.0817347789825	raw	2237
C	-86	1	294	1.02158350668	norm	2237
T	-85	1	1507	0.418960244648	raw	2237
T	-85	1	1507	1.02873964692	norm	2237
A	-85	1	1411	0.392271337225	raw	2237
A	-85	1	1411	0.930317206334	norm	2237
C	-85	1	383	0.106477620239	raw	2237
C	-85	1	383	1.33083837775	norm	2237
G	-85	1	296	0.0822907978871	raw	2237
G	-85	1	296	0.903471438878	norm	2237
T	-84	1	1475	0.410063942174	raw	2237
T	-84	1	1475	1.00689514215	norm	2237
A	-84	1	1445	0.401723658604	raw	2237
A	-84	1	1445	0.952734488414	norm	2237
C	-84	1	341	0.0948012232416	raw	2237
C	-84	1	341	1.18489787679	norm	2237
G	-84	1	336	0.09341117598	raw	2237
G	-84	1	336	1.02556217386	norm	2237
T	-83	1	1605	0.446205170976	raw	2237
T	-83	1	1605	1.09563844281	norm	2237
A	-83	1	1362	0.378648874062	raw	2237
A	-83	1	1362	0.898009946865	norm	2237
C	-83	1	333	0.092577147623	raw	2237
C	-83	1	333	1.15709968614	norm	2237
G	-83	1	297	0.0825688073394	raw	2237
G	-83	1	297	0.906523707253	norm	2237
A	-82	1	1486	0.41312204615	raw	2237
A	-82	1	1486	0.979767093276	norm	2237
T	-82	1	1406	0.390881289964	raw	2237
T	-82	1	1406	0.959792928717	norm	2237
C	-82	1	369	0.102585487907	raw	2237
C	-82	1	369	1.2821915441	norm	2237
G	-82	1	336	0.09341117598	raw	2237
G	-82	1	336	1.02556217386	norm	2237
T	-81	1	1476	0.410341951626	raw	2237
T	-81	1	1476	1.00757778292	norm	2237
A	-81	1	1364	0.379204892966	raw	2237
A	-81	1	1364	0.899328610517	norm	2237
G	-81	1	389	0.108145676953	raw	2237
G	-81	1	389	1.18733239772	norm	2237
C	-81	1	368	0.102307478454	raw	2237
C	-81	1	368	1.27871677026	norm	2237
A	-80	1	1526	0.424242424242	raw	2237
A	-80	1	1526	1.00614036631	norm	2237
T	-80	1	1448	0.402557686961	raw	2237
T	-80	1	1448	0.988463841239	norm	2237
C	-80	1	313	0.0870169585766	raw	2237
C	-80	1	313	1.08760420949	norm	2237
G	-80	1	310	0.0861829302196	raw	2237
G	-80	1	310	0.946203196123	norm	2237
T	-79	1	1523	0.423408395885	raw	2237
T	-79	1	1523	1.03966189931	norm	2237
A	-79	1	1426	0.39644147901	raw	2237
A	-79	1	1426	0.940207183722	norm	2237
C	-79	1	338	0.0939671948846	raw	2237
C	-79	1	338	1.1744735553	norm	2237
G	-79	1	310	0.0861829302196	raw	2237
G	-79	1	310	0.946203196123	norm	2237
T	-78	1	1444	0.401445649152	raw	2237
T	-78	1	1444	0.985733278141	norm	2237
A	-78	1	1426	0.39644147901	raw	2237
A	-78	1	1426	0.940207183722	norm	2237
C	-78	1	386	0.107311648596	raw	2237
C	-78	1	386	1.34126269925	norm	2237
G	-78	1	341	0.0948012232416	raw	2237
G	-78	1	341	1.04082351573	norm	2237
T	-77	1	1509	0.419516263553	raw	2237
T	-77	1	1509	1.03010492847	norm	2237
A	-77	1	1402	0.389769252155	raw	2237
A	-77	1	1402	0.924383219901	norm	2237
G	-77	1	350	0.0973033083125	raw	2237
G	-77	1	350	1.06829393111	norm	2237
C	-77	1	336	0.09341117598	raw	2237
C	-77	1	336	1.16752400763	norm	2237
T	-76	1	1542	0.42869057548	raw	2237
T	-76	1	1542	1.05263207403	norm	2237
A	-76	1	1360	0.378092855157	raw	2237
A	-76	1	1360	0.896691283213	norm	2237
G	-76	1	348	0.0967472894078	raw	2237
G	-76	1	348	1.06218939436	norm	2237
C	-76	1	347	0.0964692799555	raw	2237
C	-76	1	347	1.20574651979	norm	2237
T	-75	1	1511	0.420072282458	raw	2237
T	-75	1	1511	1.03147021002	norm	2237
A	-75	1	1364	0.379204892966	raw	2237
A	-75	1	1364	0.899328610517	norm	2237
G	-75	1	369	0.102585487907	raw	2237
G	-75	1	369	1.12628703022	norm	2237
C	-75	1	353	0.0981373366694	raw	2237
C	-75	1	353	1.22659516278	norm	2237
T	-74	1	1593	0.442869057548	raw	2237
T	-74	1	1593	1.08744675352	norm	2237
A	-74	1	1346	0.374200722825	raw	2237
A	-74	1	1346	0.887460637651	norm	2237
C	-74	1	337	0.0936891854323	raw	2237
C	-74	1	337	1.17099878147	norm	2237
G	-74	1	321	0.0892410341952	raw	2237
G	-74	1	321	0.979778148243	norm	2237
T	-73	1	1450	0.403113705866	raw	2237
T	-73	1	1450	0.989829122787	norm	2237
A	-73	1	1423	0.395607450653	raw	2237
A	-73	1	1423	0.938229188244	norm	2237
C	-73	1	378	0.105087572977	raw	2237
C	-73	1	378	1.31346450859	norm	2237
G	-73	1	346	0.0961912705032	raw	2237
G	-73	1	346	1.05608485761	norm	2237
A	-72	1	1489	0.413956074507	raw	2237
A	-72	1	1489	0.981745088753	norm	2237
T	-72	1	1457	0.405059772032	raw	2237
T	-72	1	1457	0.994607608208	norm	2237
C	-72	1	348	0.0967472894078	raw	2237
C	-72	1	348	1.20922129362	norm	2237
G	-72	1	303	0.0842368640534	raw	2237
G	-72	1	303	0.924837317501	norm	2237
T	-71	1	1537	0.427300528218	raw	2237
T	-71	1	1537	1.04921887015	norm	2237
A	-71	1	1350	0.375312760634	raw	2237
A	-71	1	1350	0.890097964954	norm	2237
C	-71	1	359	0.0998053933834	raw	2237
C	-71	1	359	1.24744380577	norm	2237
G	-71	1	351	0.0975813177648	raw	2237
G	-71	1	351	1.07134619948	norm	2237
A	-70	1	1535	0.426744509313	raw	2237
A	-70	1	1535	1.01207435274	norm	2237
T	-70	1	1428	0.396997497915	raw	2237
T	-70	1	1428	0.974811025752	norm	2237
C	-70	1	388	0.107867667501	raw	2237
C	-70	1	388	1.34821224691	norm	2237
G	-70	1	246	0.0683903252711	raw	2237
G	-70	1	246	0.750858020149	norm	2237
T	-69	1	1448	0.402557686961	raw	2237
T	-69	1	1448	0.988463841239	norm	2237
A	-69	1	1440	0.400333611343	raw	2237
A	-69	1	1440	0.949437829285	norm	2237
C	-69	1	381	0.105921601334	raw	2237
C	-69	1	381	1.32388883008	norm	2237
G	-69	1	328	0.0911871003614	raw	2237
G	-69	1	328	1.00114402687	norm	2237
T	-68	1	1544	0.429246594384	raw	2237
T	-68	1	1544	1.05399735557	norm	2237
A	-68	1	1369	0.380594940228	raw	2237
A	-68	1	1369	0.902625269646	norm	2237
C	-68	1	363	0.100917431193	raw	2237
C	-68	1	363	1.2613429011	norm	2237
G	-68	1	321	0.0892410341952	raw	2237
G	-68	1	321	0.979778148243	norm	2237
T	-67	1	1492	0.414790102863	raw	2237
T	-67	1	1492	1.01850003531	norm	2237
A	-67	1	1422	0.395329441201	raw	2237
A	-67	1	1422	0.937569856419	norm	2237
C	-67	1	371	0.103141506811	raw	2237
C	-67	1	371	1.28914109176	norm	2237
G	-67	1	312	0.0867389491243	raw	2237
G	-67	1	312	0.952307732872	norm	2237
A	-66	1	1430	0.39755351682	raw	2237
A	-66	1	1430	0.942844511026	norm	2237
T	-66	1	1418	0.394217403392	raw	2237
T	-66	1	1418	0.967984618009	norm	2237
G	-66	1	392	0.10897970531	raw	2237
G	-66	1	392	1.19648920284	norm	2237
C	-66	1	357	0.0992493744787	raw	2237
C	-66	1	357	1.24049425811	norm	2237
A	-65	1	1450	0.403113705866	raw	2237
A	-65	1	1450	0.956031147544	norm	2237
T	-65	1	1400	0.38921323325	raw	2237
T	-65	1	1400	0.955697084071	norm	2237
G	-65	1	427	0.118710036141	raw	2237
G	-65	1	427	1.30331859595	norm	2237
C	-65	1	320	0.0889630247428	raw	2237
C	-65	1	320	1.11192762632	norm	2237
T	-64	1	1510	0.419794273005	raw	2237
T	-64	1	1510	1.03078756925	norm	2237
A	-64	1	1472	0.409229913817	raw	2237
A	-64	1	1472	0.970536447713	norm	2237
C	-64	1	349	0.0970252988602	raw	2237
C	-64	1	349	1.21269606745	norm	2237
G	-64	1	266	0.0739505143175	raw	2237
G	-64	1	266	0.811903387641	norm	2237
T	-63	1	1515	0.421184320267	raw	2237
T	-63	1	1515	1.03420077312	norm	2237
A	-63	1	1402	0.389769252155	raw	2237
A	-63	1	1402	0.924383219901	norm	2237
C	-63	1	351	0.0975813177648	raw	2237
C	-63	1	351	1.21964561512	norm	2237
G	-63	1	329	0.0914651098137	raw	2237
G	-63	1	329	1.00419629524	norm	2237
T	-62	1	1478	0.410897970531	raw	2237
T	-62	1	1478	1.00894306447	norm	2237
A	-62	1	1380	0.383653044204	raw	2237
A	-62	1	1380	0.909877919731	norm	2237
C	-62	1	393	0.109257714762	raw	2237
C	-62	1	393	1.36558611607	norm	2237
G	-62	1	346	0.0961912705032	raw	2237
G	-62	1	346	1.05608485761	norm	2237
A	-61	1	1458	0.405337781485	raw	2237
A	-61	1	1458	0.961305802151	norm	2237
T	-61	1	1448	0.402557686961	raw	2237
T	-61	1	1448	0.988463841239	norm	2237
C	-61	1	350	0.0973033083125	raw	2237
C	-61	1	350	1.21617084128	norm	2237
G	-61	1	341	0.0948012232416	raw	2237
G	-61	1	341	1.04082351573	norm	2237
T	-60	1	1470	0.408673894912	raw	2237
T	-60	1	1470	1.00348193827	norm	2237
A	-60	1	1407	0.391159299416	raw	2237
A	-60	1	1407	0.92767987903	norm	2237
C	-60	1	396	0.110091743119	raw	2237
C	-60	1	396	1.37601043757	norm	2237
G	-60	1	324	0.0900750625521	raw	2237
G	-60	1	324	0.988934953367	norm	2237
T	-59	1	1453	0.403947734223	raw	2237
T	-59	1	1453	0.99187704511	norm	2237
A	-59	1	1450	0.403113705866	raw	2237
A	-59	1	1450	0.956031147544	norm	2237
G	-59	1	357	0.0992493744787	raw	2237
G	-59	1	357	1.08965980973	norm	2237
C	-59	1	337	0.0936891854323	raw	2237
C	-59	1	337	1.17099878147	norm	2237
T	-58	1	1592	0.442591048096	raw	2237
T	-58	1	1592	1.08676411274	norm	2237
A	-58	1	1284	0.356964136781	raw	2237
A	-58	1	1284	0.846582064445	norm	2237
C	-58	1	385	0.107033639144	raw	2237
C	-58	1	385	1.33778792541	norm	2237
G	-58	1	336	0.09341117598	raw	2237
G	-58	1	336	1.02556217386	norm	2237
T	-57	1	1460	0.405893800389	raw	2237
T	-57	1	1460	0.996655530531	norm	2237
A	-57	1	1390	0.386433138727	raw	2237
A	-57	1	1390	0.91647123799	norm	2237
C	-57	1	413	0.114817903809	raw	2237
C	-57	1	413	1.43508159272	norm	2237
G	-57	1	334	0.0928551570753	raw	2237
G	-57	1	334	1.01945763711	norm	2237
T	-56	1	1489	0.413956074507	raw	2237
T	-56	1	1489	1.01645211299	norm	2237
A	-56	1	1352	0.375868779539	raw	2237
A	-56	1	1352	0.891416628606	norm	2237
C	-56	1	408	0.113427856547	raw	2237
C	-56	1	408	1.41770772355	norm	2237
G	-56	1	348	0.0967472894078	raw	2237
G	-56	1	348	1.06218939436	norm	2237
T	-55	1	1526	0.424242424242	raw	2237
T	-55	1	1526	1.04170982164	norm	2237
A	-55	1	1370	0.38087294968	raw	2237
A	-55	1	1370	0.903284601472	norm	2237
C	-55	1	408	0.113427856547	raw	2237
C	-55	1	408	1.41770772355	norm	2237
G	-55	1	293	0.0814567695302	raw	2237
G	-55	1	293	0.894314633755	norm	2237
T	-54	1	1515	0.421184320267	raw	2237
T	-54	1	1515	1.03420077312	norm	2237
A	-54	1	1380	0.383653044204	raw	2237
A	-54	1	1380	0.909877919731	norm	2237
C	-54	1	385	0.107033639144	raw	2237
C	-54	1	385	1.33778792541	norm	2237
G	-54	1	317	0.0881289963859	raw	2237
G	-54	1	317	0.967569074745	norm	2237
T	-53	1	1466	0.407561857103	raw	2237
T	-53	1	1466	1.00075137518	norm	2237
A	-53	1	1456	0.40478176258	raw	2237
A	-53	1	1456	0.959987138499	norm	2237
C	-53	1	358	0.0995273839311	raw	2237
C	-53	1	358	1.24396903194	norm	2237
G	-53	1	317	0.0881289963859	raw	2237
G	-53	1	317	0.967569074745	norm	2237
A	-52	1	1552	0.431470670003	raw	2237
A	-52	1	1552	1.02328299378	norm	2237
T	-52	1	1428	0.396997497915	raw	2237
T	-52	1	1428	0.974811025752	norm	2237
C	-52	1	334	0.0928551570753	raw	2237
C	-52	1	334	1.16057445997	norm	2237
G	-52	1	283	0.078676675007	raw	2237
G	-52	1	283	0.863791950009	norm	2237
A	-51	1	1487	0.413400055602	raw	2237
A	-51	1	1487	0.980426425102	norm	2237
T	-51	1	1394	0.387545176536	raw	2237
T	-51	1	1394	0.951601239425	norm	2237
C	-51	1	374	0.103975535168	raw	2237
C	-51	1	374	1.29956541326	norm	2237
G	-51	1	342	0.0950792326939	raw	2237
G	-51	1	342	1.04387578411	norm	2237
T	-50	1	1529	0.425076452599	raw	2237
T	-50	1	1529	1.04375774396	norm	2237
A	-50	1	1349	0.375034751182	raw	2237
A	-50	1	1349	0.889438633128	norm	2237
G	-50	1	383	0.106477620239	raw	2237
G	-50	1	383	1.16901878747	norm	2237
C	-50	1	336	0.09341117598	raw	2237
C	-50	1	336	1.16752400763	norm	2237
T	-49	1	1499	0.41673616903	raw	2237
T	-49	1	1499	1.02327852073	norm	2237
A	-49	1	1431	0.397831526272	raw	2237
A	-49	1	1431	0.943503842852	norm	2237
G	-49	1	345	0.0959132610509	raw	2237
G	-49	1	345	1.05303258923	norm	2237
C	-49	1	322	0.0895190436475	raw	2237
C	-49	1	322	1.11887717398	norm	2237
T	-48	1	1466	0.407561857103	raw	2237
T	-48	1	1466	1.00075137518	norm	2237
A	-48	1	1330	0.369752571587	raw	2237
A	-48	1	1330	0.876911328436	norm	2237
C	-48	1	462	0.128440366972	raw	2237
C	-48	1	462	1.6053455105	norm	2237
G	-48	1	339	0.0942452043369	raw	2237
G	-48	1	339	1.03471897899	norm	2237
A	-47	1	1504	0.418126216291	raw	2237
A	-47	1	1504	0.991635066142	norm	2237
T	-47	1	1408	0.391437308869	raw	2237
T	-47	1	1408	0.961158210265	norm	2237
G	-47	1	361	0.100361412288	raw	2237
G	-47	1	361	1.10186888323	norm	2237
C	-47	1	324	0.0900750625521	raw	2237
C	-47	1	324	1.12582672165	norm	2237
T	-46	1	1560	0.433694745621	raw	2237
T	-46	1	1560	1.06491960796	norm	2237
A	-46	1	1316	0.365860439255	raw	2237
A	-46	1	1316	0.867680682874	norm	2237
C	-46	1	395	0.109813733667	raw	2237
C	-46	1	395	1.37253566374	norm	2237
G	-46	1	326	0.0906310814568	raw	2237
G	-46	1	326	0.995039490116	norm	2237
T	-45	1	1454	0.404225743675	raw	2237
T	-45	1	1454	0.992559685885	norm	2237
A	-45	1	1453	0.403947734223	raw	2237
A	-45	1	1453	0.958009143021	norm	2237
C	-45	1	383	0.106477620239	raw	2237
C	-45	1	383	1.33083837775	norm	2237
G	-45	1	307	0.0853489018627	raw	2237
G	-45	1	307	0.937046390999	norm	2237
T	-44	1	1466	0.407561857103	raw	2237
T	-44	1	1466	1.00075137518	norm	2237
A	-44	1	1382	0.384209063108	raw	2237
A	-44	1	1382	0.911196583383	norm	2237
C	-44	1	411	0.114261884904	raw	2237
C	-44	1	411	1.42813204505	norm	2237
G	-44	1	338	0.0939671948846	raw	2237
G	-44	1	338	1.03166671061	norm	2237
T	-43	1	1511	0.420072282458	raw	2237
T	-43	1	1511	1.03147021002	norm	2237
A	-43	1	1322	0.367528495969	raw	2237
A	-43	1	1322	0.871636673829	norm	2237
C	-43	1	402	0.111759799833	raw	2237
C	-43	1	402	1.39685908056	norm	2237
G	-43	1	362	0.10063942174	raw	2237
G	-43	1	362	1.1049211516	norm	2237
T	-42	1	1493	0.415068112316	raw	2237
T	-42	1	1493	1.01918267608	norm	2237
A	-42	1	1341	0.372810675563	raw	2237
A	-42	1	1341	0.884163978521	norm	2237
C	-42	1	402	0.111759799833	raw	2237
C	-42	1	402	1.39685908056	norm	2237
G	-42	1	361	0.100361412288	raw	2237
G	-42	1	361	1.10186888323	norm	2237
A	-41	1	1454	0.404225743675	raw	2237
A	-41	1	1454	0.958668474847	norm	2237
T	-41	1	1444	0.401445649152	raw	2237
T	-41	1	1444	0.985733278141	norm	2237
C	-41	1	389	0.108145676953	raw	2237
C	-41	1	389	1.35168702074	norm	2237
G	-41	1	310	0.0861829302196	raw	2237
G	-41	1	310	0.946203196123	norm	2237
A	-40	1	1499	0.41673616903	raw	2237
A	-40	1	1499	0.988338407012	norm	2237
T	-40	1	1354	0.376424798443	raw	2237
T	-40	1	1354	0.924295608451	norm	2237
G	-40	1	381	0.105921601334	raw	2237
G	-40	1	381	1.16291425072	norm	2237
C	-40	1	363	0.100917431193	raw	2237
C	-40	1	363	1.2613429011	norm	2237
A	-39	1	1471	0.408951904365	raw	2237
A	-39	1	1471	0.969877115887	norm	2237
T	-39	1	1389	0.386155129274	raw	2237
T	-39	1	1389	0.948188035553	norm	2237
G	-39	1	403	0.112037809286	raw	2237
G	-39	1	403	1.23006415496	norm	2237
C	-39	1	334	0.0928551570753	raw	2237
C	-39	1	334	1.16057445997	norm	2237
A	-38	1	1419	0.394495412844	raw	2237
A	-38	1	1419	0.935591860941	norm	2237
T	-38	1	1413	0.39282735613	raw	2237
T	-38	1	1413	0.964571414137	norm	2237
C	-38	1	421	0.117041979427	raw	2237
C	-38	1	421	1.46287978337	norm	2237
G	-38	1	344	0.0956352515986	raw	2237
G	-38	1	344	1.04998032086	norm	2237
T	-37	1	1525	0.42396441479	raw	2237
T	-37	1	1525	1.04102718086	norm	2237
A	-37	1	1291	0.358910202947	raw	2237
A	-37	1	1291	0.851197387227	norm	2237
C	-37	1	423	0.117597998332	raw	2237
C	-37	1	423	1.46982933104	norm	2237
G	-37	1	358	0.0995273839311	raw	2237
G	-37	1	358	1.0927120781	norm	2237
A	-36	1	1478	0.410897970531	raw	2237
A	-36	1	1478	0.974492438668	norm	2237
T	-36	1	1360	0.378092855157	raw	2237
T	-36	1	1360	0.928391453097	norm	2237
G	-36	1	394	0.109535724215	raw	2237
G	-36	1	394	1.20259373959	norm	2237
C	-36	1	365	0.101473450097	raw	2237
C	-36	1	365	1.26829244877	norm	2237
A	-35	1	1440	0.400333611343	raw	2237
A	-35	1	1440	0.949437829285	norm	2237
T	-35	1	1412	0.392549346678	raw	2237
T	-35	1	1412	0.963888773363	norm	2237
C	-35	1	394	0.109535724215	raw	2237
C	-35	1	394	1.3690608899	norm	2237
G	-35	1	351	0.0975813177648	raw	2237
G	-35	1	351	1.07134619948	norm	2237
T	-34	1	1469	0.40839588546	raw	2237
T	-34	1	1469	1.0027992975	norm	2237
A	-34	1	1394	0.387545176536	raw	2237
A	-34	1	1394	0.919108565294	norm	2237
C	-34	1	400	0.111203780929	raw	2237
C	-34	1	400	1.3899095329	norm	2237
G	-34	1	334	0.0928551570753	raw	2237
G	-34	1	334	1.01945763711	norm	2237
T	-33	1	1406	0.390881289964	raw	2237
T	-33	1	1406	0.959792928717	norm	2237
A	-33	1	1365	0.379482902419	raw	2237
A	-33	1	1365	0.899987942343	norm	2237
C	-33	1	433	0.120378092855	raw	2237
C	-33	1	433	1.50457706936	norm	2237
G	-33	1	393	0.109257714762	raw	2237
G	-33	1	393	1.19954147121	norm	2237
A	-32	1	1496	0.415902140673	raw	2237
A	-32	1	1496	0.986360411535	norm	2237
T	-32	1	1332	0.370308590492	raw	2237
T	-32	1	1332	0.909277511416	norm	2237
G	-32	1	413	0.114817903809	raw	2237
G	-32	1	413	1.26058683871	norm	2237
C	-32	1	356	0.0989713650264	raw	2237
C	-32	1	356	1.23701948428	norm	2237
A	-31	1	1489	0.413956074507	raw	2237
A	-31	1	1489	0.981745088753	norm	2237
T	-31	1	1374	0.38198498749	raw	2237
T	-31	1	1374	0.937948423938	norm	2237
G	-31	1	378	0.105087572977	raw	2237
G	-31	1	378	1.15375744559	norm	2237
C	-31	1	356	0.0989713650264	raw	2237
C	-31	1	356	1.23701948428	norm	2237
A	-30	1	1474	0.409785932722	raw	2237
A	-30	1	1474	0.971855111365	norm	2237
T	-30	1	1372	0.381428968585	raw	2237
T	-30	1	1372	0.936583142389	norm	2237
G	-30	1	394	0.109535724215	raw	2237
G	-30	1	394	1.20259373959	norm	2237
C	-30	1	357	0.0992493744787	raw	2237
C	-30	1	357	1.24049425811	norm	2237
T	-29	1	1515	0.421184320267	raw	2237
T	-29	1	1515	1.03420077312	norm	2237
A	-29	1	1377	0.382819015847	raw	2237
A	-29	1	1377	0.907899924253	norm	2237
C	-29	1	364	0.101195440645	raw	2237
C	-29	1	364	1.26481767494	norm	2237
G	-29	1	341	0.0948012232416	raw	2237
G	-29	1	341	1.04082351573	norm	2237
T	-28	1	1469	0.40839588546	raw	2237
T	-28	1	1469	1.0027992975	norm	2237
A	-28	1	1343	0.373366694468	raw	2237
A	-28	1	1343	0.885482642173	norm	2237
C	-28	1	414	0.115095913261	raw	2237
C	-28	1	414	1.43855636655	norm	2237
G	-28	1	371	0.103141506811	raw	2237
G	-28	1	371	1.13239156697	norm	2237
A	-27	1	1472	0.409229913817	raw	2237
A	-27	1	1472	0.970536447713	norm	2237
T	-27	1	1307	0.363358354184	raw	2237
T	-27	1	1307	0.892211492057	norm	2237
C	-27	1	429	0.119266055046	raw	2237
C	-27	1	429	1.49067797403	norm	2237
G	-27	1	389	0.108145676953	raw	2237
G	-27	1	389	1.18733239772	norm	2237
T	-26	1	1518	0.422018348624	raw	2237
T	-26	1	1518	1.03624869544	norm	2237
A	-26	1	1286	0.357520155685	raw	2237
A	-26	1	1286	0.847900728097	norm	2237
C	-26	1	438	0.121768140117	raw	2237
C	-26	1	438	1.52195093852	norm	2237
G	-26	1	355	0.0986933555741	raw	2237
G	-26	1	355	1.08355527298	norm	2237
A	-25	1	1508	0.419238254101	raw	2237
A	-25	1	1508	0.994272393445	norm	2237
T	-25	1	1323	0.367806505421	raw	2237
T	-25	1	1323	0.903133744447	norm	2237
C	-25	1	405	0.11259382819	raw	2237
C	-25	1	405	1.40728340206	norm	2237
G	-25	1	361	0.100361412288	raw	2237
G	-25	1	361	1.10186888323	norm	2237
A	-24	1	1448	0.402557686961	raw	2237
A	-24	1	1448	0.954712483892	norm	2237
T	-24	1	1298	0.360856269113	raw	2237
T	-24	1	1298	0.886067725088	norm	2237
G	-24	1	455	0.126494300806	raw	2237
G	-24	1	455	1.38878211044	norm	2237
C	-24	1	396	0.110091743119	raw	2237
C	-24	1	396	1.37601043757	norm	2237
T	-23	1	1429	0.397275507367	raw	2237
T	-23	1	1429	0.975493666526	norm	2237
A	-23	1	1353	0.376146788991	raw	2237
A	-23	1	1353	0.892075960432	norm	2237
C	-23	1	410	0.113983875452	raw	2237
C	-23	1	410	1.42465727122	norm	2237
G	-23	1	405	0.11259382819	raw	2237
G	-23	1	405	1.23616869171	norm	2237
T	-22	1	1459	0.405615790937	raw	2237
T	-22	1	1459	0.995972889756	norm	2237
A	-22	1	1350	0.375312760634	raw	2237
A	-22	1	1350	0.890097964954	norm	2237
C	-22	1	398	0.110647762024	raw	2237
C	-22	1	398	1.38295998523	norm	2237
G	-22	1	390	0.108423686405	raw	2237
G	-22	1	390	1.19038466609	norm	2237
T	-21	1	1404	0.390325271059	raw	2237
T	-21	1	1404	0.958427647168	norm	2237
A	-21	1	1347	0.374478732277	raw	2237
A	-21	1	1347	0.888119969477	norm	2237
C	-21	1	463	0.128718376425	raw	2237
C	-21	1	463	1.60882028433	norm	2237
G	-21	1	383	0.106477620239	raw	2237
G	-21	1	383	1.16901878747	norm	2237
A	-20	1	1415	0.393383375035	raw	2237
A	-20	1	1415	0.932954533637	norm	2237
T	-20	1	1368	0.380316930776	raw	2237
T	-20	1	1368	0.933852579292	norm	2237
C	-20	1	424	0.117876007784	raw	2237
C	-20	1	424	1.47330410487	norm	2237
G	-20	1	390	0.108423686405	raw	2237
G	-20	1	390	1.19038466609	norm	2237
T	-19	1	1435	0.398943564081	raw	2237
T	-19	1	1435	0.979589511172	norm	2237
A	-19	1	1326	0.368640533778	raw	2237
A	-19	1	1326	0.874274001133	norm	2237
C	-19	1	465	0.129274395329	raw	2237
C	-19	1	465	1.61576983199	norm	2237
G	-19	1	371	0.103141506811	raw	2237
G	-19	1	371	1.13239156697	norm	2237
T	-18	1	1408	0.391437308869	raw	2237
T	-18	1	1408	0.961158210265	norm	2237
A	-18	1	1317	0.366138448707	raw	2237
A	-18	1	1317	0.8683400147	norm	2237
C	-18	1	482	0.134000556019	raw	2237
C	-18	1	482	1.67484098714	norm	2237
G	-18	1	390	0.108423686405	raw	2237
G	-18	1	390	1.19038466609	norm	2237
T	-17	1	1352	0.375868779539	raw	2237
T	-17	1	1352	0.922930326902	norm	2237
A	-17	1	1302	0.361968306922	raw	2237
A	-17	1	1302	0.858450037311	norm	2237
G	-17	1	478	0.13288851821	raw	2237
G	-17	1	478	1.45898428305	norm	2237
C	-17	1	465	0.129274395329	raw	2237
C	-17	1	465	1.61576983199	norm	2237
T	-16	1	1414	0.393105365582	raw	2237
T	-16	1	1414	0.965254054911	norm	2237
A	-16	1	1384	0.384765082013	raw	2237
A	-16	1	1384	0.912515247035	norm	2237
C	-16	1	448	0.12454823464	raw	2237
C	-16	1	448	1.55669867684	norm	2237
G	-16	1	351	0.0975813177648	raw	2237
G	-16	1	351	1.07134619948	norm	2237
T	-15	1	1399	0.388935223798	raw	2237
T	-15	1	1399	0.955014443296	norm	2237
A	-15	1	1267	0.352237976091	raw	2237
A	-15	1	1267	0.835373423405	norm	2237
C	-15	1	489	0.135946622185	raw	2237
C	-15	1	489	1.69916440397	norm	2237
G	-15	1	442	0.122880177926	raw	2237
G	-15	1	442	1.34910262157	norm	2237
A	-14	1	1421	0.395051431749	raw	2237
A	-14	1	1421	0.936910524593	norm	2237
T	-14	1	1314	0.36530442035	raw	2237
T	-14	1	1314	0.896989977478	norm	2237
G	-14	1	437	0.121490130664	raw	2237
G	-14	1	437	1.3338412797	norm	2237
C	-14	1	425	0.118154017237	raw	2237
C	-14	1	425	1.4767788787	norm	2237
A	-13	1	1398	0.388657214345	raw	2237
A	-13	1	1398	0.921745892597	norm	2237
T	-13	1	1268	0.352515985544	raw	2237
T	-13	1	1268	0.865588501858	norm	2237
C	-13	1	490	0.136224631637	raw	2237
C	-13	1	490	1.7026391778	norm	2237
G	-13	1	441	0.122602168474	raw	2237
G	-13	1	441	1.34605035319	norm	2237
T	-12	1	1347	0.374478732277	raw	2237
T	-12	1	1347	0.919517123031	norm	2237
A	-12	1	1231	0.342229635808	raw	2237
A	-12	1	1231	0.811637477673	norm	2237
C	-12	1	567	0.157631359466	raw	2237
C	-12	1	567	1.97019676288	norm	2237
G	-12	1	452	0.125660272449	raw	2237
G	-12	1	452	1.37962530531	norm	2237
T	-11	1	1363	0.378926883514	raw	2237
T	-11	1	1363	0.93043937542	norm	2237
A	-11	1	1278	0.355296080067	raw	2237
A	-11	1	1278	0.84262607349	norm	2237
C	-11	1	506	0.140672782875	raw	2237
C	-11	1	506	1.75823555911	norm	2237
G	-11	1	450	0.125104253545	raw	2237
G	-11	1	450	1.37352076857	norm	2237
T	-10	1	1438	0.399777592438	raw	2237
T	-10	1	1438	0.981637433495	norm	2237
A	-10	1	1303	0.362246316375	raw	2237
A	-10	1	1303	0.859109369137	norm	2237
C	-10	1	469	0.130386433139	raw	2237
C	-10	1	469	1.62966892732	norm	2237
G	-10	1	387	0.107589658048	raw	2237
G	-10	1	387	1.18122786097	norm	2237
A	-9	1	1402	0.389769252155	raw	2237
A	-9	1	1402	0.924383219901	norm	2237
T	-9	1	1274	0.354184042257	raw	2237
T	-9	1	1274	0.869684346504	norm	2237
G	-9	1	493	0.137058659994	raw	2237
G	-9	1	493	1.50476830867	norm	2237
C	-9	1	428	0.118988045594	raw	2237
C	-9	1	428	1.4872032002	norm	2237
A	-8	1	1302	0.361968306922	raw	2237
A	-8	1	1302	0.858450037311	norm	2237
T	-8	1	1285	0.357242146233	raw	2237
T	-8	1	1285	0.877193395022	norm	2237
G	-8	1	507	0.140950792327	raw	2237
G	-8	1	507	1.54750006592	norm	2237
C	-8	1	503	0.139838754518	raw	2237
C	-8	1	503	1.74781123762	norm	2237
T	-7	1	1314	0.36530442035	raw	2237
T	-7	1	1314	0.896989977478	norm	2237
A	-7	1	1264	0.351403947734	raw	2237
A	-7	1	1264	0.833395427928	norm	2237
C	-7	1	533	0.148179038087	raw	2237
C	-7	1	533	1.85205445258	norm	2237
G	-7	1	486	0.135112593828	raw	2237
G	-7	1	486	1.48340243005	norm	2237
T	-6	1	1298	0.360856269113	raw	2237
T	-6	1	1298	0.886067725088	norm	2237
A	-6	1	1213	0.337225465666	raw	2237
A	-6	1	1213	0.799769504807	norm	2237
G	-6	1	566	0.157353350014	raw	2237
G	-6	1	566	1.72758390002	norm	2237
C	-6	1	520	0.144564915207	raw	2237
C	-6	1	520	1.80688239277	norm	2237
T	-5	1	1323	0.367806505421	raw	2237
T	-5	1	1323	0.903133744447	norm	2237
A	-5	1	1284	0.356964136781	raw	2237
A	-5	1	1284	0.846582064445	norm	2237
G	-5	1	524	0.145676953016	raw	2237
G	-5	1	524	1.59938862828	norm	2237
C	-5	1	466	0.129552404782	raw	2237
C	-5	1	466	1.61924460582	norm	2237
T	-4	1	1349	0.375034751182	raw	2237
T	-4	1	1349	0.920882404579	norm	2237
A	-4	1	1300	0.361412288018	raw	2237
A	-4	1	1300	0.85713137366	norm	2237
C	-4	1	486	0.135112593828	raw	2237
C	-4	1	486	1.68874008247	norm	2237
G	-4	1	462	0.128440366972	raw	2237
G	-4	1	462	1.41014798906	norm	2237
T	-3	1	1319	0.366694467612	raw	2237
T	-3	1	1319	0.900403181349	norm	2237
A	-3	1	1260	0.350291909925	raw	2237
A	-3	1	1260	0.830758100624	norm	2237
G	-3	1	516	0.143452877398	raw	2237
G	-3	1	516	1.57497048129	norm	2237
C	-3	1	502	0.139560745065	raw	2237
C	-3	1	502	1.74433646379	norm	2237
T	-2	1	1505	0.418404225744	raw	2237
T	-2	1	1505	1.02737436538	norm	2237
A	-2	1	1133	0.31498470948	raw	2237
A	-2	1	1133	0.747022958736	norm	2237
C	-2	1	546	0.151793160967	raw	2237
C	-2	1	546	1.8972265124	norm	2237
G	-2	1	413	0.114817903809	raw	2237
G	-2	1	413	1.26058683871	norm	2237
T	-1	1	1374	0.38198498749	raw	2237
T	-1	1	1374	0.937948423938	norm	2237
A	-1	1	1127	0.313316652766	raw	2237
A	-1	1	1127	0.74306696778	norm	2237
C	-1	1	590	0.16402557687	raw	2237
C	-1	1	590	2.05011656102	norm	2237
G	-1	1	506	0.140672782875	raw	2237
G	-1	1	506	1.54444779754	norm	2237
C	0	1	1581	0.43953294412	raw	2237
C	0	1	1581	5.49361742877	norm	2237
A	0	1	1184	0.329163191549	raw	2237
A	0	1	1184	0.780648881856	norm	2237
T	0	1	427	0.118710036141	raw	2237
T	0	1	427	0.291487610642	norm	2237
G	0	1	405	0.11259382819	raw	2237
G	0	1	405	1.23616869171	norm	2237
A	1	1	1530	0.425354462052	raw	2237
A	1	1	1530	1.00877769361	norm	2237
T	1	1	1378	0.383097025299	raw	2237
T	1	1	1378	0.940678987035	norm	2237
C	1	1	475	0.132054489853	raw	2237
C	1	1	475	1.65051757031	norm	2237
G	1	1	214	0.0594940227968	raw	2237
G	1	1	214	0.653185432162	norm	2237
A	2	1	1316	0.365860439255	raw	2237
A	2	1	1316	0.867680682874	norm	2237
T	2	1	1279	0.355574089519	raw	2237
T	2	1	1279	0.873097550376	norm	2237
C	2	1	501	0.139282735613	raw	2237
C	2	1	501	1.74086168995	norm	2237
G	2	1	501	0.139282735613	raw	2237
G	2	1	501	1.52918645567	norm	2237
T	3	1	1404	0.390325271059	raw	2237
T	3	1	1404	0.958427647168	norm	2237
A	3	1	1166	0.324159021407	raw	2237
A	3	1	1166	0.76878090899	norm	2237
G	3	1	577	0.160411453989	raw	2237
G	3	1	577	1.76115885214	norm	2237
C	3	1	450	0.125104253545	raw	2237
C	3	1	450	1.56364822451	norm	2237
A	4	1	1427	0.396719488463	raw	2237
A	4	1	1427	0.940866515548	norm	2237
T	4	1	1123	0.312204614957	raw	2237
T	4	1	1123	0.766605589579	norm	2237
G	4	1	592	0.164581595774	raw	2237
G	4	1	592	1.80694287776	norm	2237
C	4	1	455	0.126494300806	raw	2237
C	4	1	455	1.58102209367	norm	2237
A	5	1	1384	0.384765082013	raw	2237
A	5	1	1384	0.912515247035	norm	2237
T	5	1	1160	0.322490964693	raw	2237
T	5	1	1160	0.79186329823	norm	2237
G	5	1	548	0.152349179872	raw	2237
G	5	1	548	1.67264306927	norm	2237
C	5	1	505	0.140394773422	raw	2237
C	5	1	505	1.75476078528	norm	2237
T	6	1	1269	0.352793994996	raw	2237
T	6	1	1269	0.866271142633	norm	2237
A	6	1	1116	0.310258548791	raw	2237
A	6	1	1116	0.735814317696	norm	2237
C	6	1	665	0.184876285794	raw	2237
C	6	1	665	2.31072459844	norm	2237
G	6	1	547	0.15207117042	raw	2237
G	6	1	547	1.6695908009	norm	2237
T	7	1	1298	0.360856269113	raw	2237
T	7	1	1298	0.886067725088	norm	2237
A	7	1	1202	0.33416736169	raw	2237
A	7	1	1202	0.792516854722	norm	2237
C	7	1	561	0.155963302752	raw	2237
C	7	1	561	1.94934811989	norm	2237
G	7	1	536	0.149013066444	raw	2237
G	7	1	536	1.63601584878	norm	2237
T	8	1	1379	0.383375034751	raw	2237
T	8	1	1379	0.941361627809	norm	2237
A	8	1	1150	0.31971087017	raw	2237
A	8	1	1150	0.758231599776	norm	2237
C	8	1	556	0.154573255491	raw	2237
C	8	1	556	1.93197425073	norm	2237
G	8	1	512	0.142340839589	raw	2237
G	8	1	512	1.56276140779	norm	2237
T	9	1	1313	0.365026410898	raw	2237
T	9	1	1313	0.896307336703	norm	2237
A	9	1	1151	0.319988879622	raw	2237
A	9	1	1151	0.758890931602	norm	2237
G	9	1	641	0.178204058938	raw	2237
G	9	1	641	1.95650402811	norm	2237
C	9	1	492	0.136780650542	raw	2237
C	9	1	492	1.70958872546	norm	2237
T	10	1	1315	0.365582429803	raw	2237
T	10	1	1315	0.897672618252	norm	2237
A	10	1	1156	0.321378926884	raw	2237
A	10	1	1156	0.762187590731	norm	2237
G	10	1	580	0.161245482346	raw	2237
G	10	1	580	1.77031565726	norm	2237
C	10	1	546	0.151793160967	raw	2237
C	10	1	546	1.8972265124	norm	2237
T	11	1	1194	0.331943286072	raw	2237
T	11	1	1194	0.815073084557	norm	2237
A	11	1	1167	0.324437030859	raw	2237
A	11	1	1167	0.769440240816	norm	2237
G	11	1	634	0.176257992772	raw	2237
G	11	1	634	1.93513814949	norm	2237
C	11	1	602	0.167361690297	raw	2237
C	11	1	602	2.09181384701	norm	2237
T	12	1	1325	0.368362524326	raw	2237
T	12	1	1325	0.904499025995	norm	2237
A	12	1	1143	0.317764804003	raw	2237
A	12	1	1143	0.753616276995	norm	2237
C	12	1	589	0.163747567417	raw	2237
C	12	1	589	2.04664178719	norm	2237
G	12	1	540	0.150125104254	raw	2237
G	12	1	540	1.64822492228	norm	2237
T	13	1	1299	0.361134278565	raw	2237
T	13	1	1299	0.886750365863	norm	2237
A	13	1	1138	0.316374756742	raw	2237
A	13	1	1138	0.750319617865	norm	2237
G	13	1	625	0.173755907701	raw	2237
G	13	1	625	1.90766773412	norm	2237
C	13	1	535	0.148735056992	raw	2237
C	13	1	535	1.85900400025	norm	2237
T	14	1	1232	0.34250764526	raw	2237
T	14	1	1232	0.841013433982	norm	2237
A	14	1	1186	0.329719210453	raw	2237
A	14	1	1186	0.781967545508	norm	2237
G	14	1	600	0.166805671393	raw	2237
G	14	1	600	1.83136102475	norm	2237
C	14	1	579	0.160967472894	raw	2237
C	14	1	579	2.01189404887	norm	2237
T	15	1	1212	0.336947456214	raw	2237
T	15	1	1212	0.827360618495	norm	2237
A	15	1	1175	0.326661106478	raw	2237
A	15	1	1175	0.774714895423	norm	2237
G	15	1	630	0.175145954962	raw	2237
G	15	1	630	1.92292907599	norm	2237
C	15	1	580	0.161245482346	raw	2237
C	15	1	580	2.0153688227	norm	2237
T	16	1	1218	0.338615512927	raw	2237
T	16	1	1218	0.831456463141	norm	2237
A	16	1	1034	0.2874617737	raw	2237
A	16	1	1034	0.681749107972	norm	2237
G	16	1	786	0.218515429525	raw	2237
G	16	1	786	2.39908294243	norm	2237
C	16	1	559	0.155407283848	raw	2237
C	16	1	559	1.94239857222	norm	2237
T	17	1	1408	0.391437308869	raw	2237
T	17	1	1408	0.961158210265	norm	2237
A	17	1	1140	0.316930775646	raw	2237
A	17	1	1140	0.751638281517	norm	2237
C	17	1	531	0.147623019183	raw	2237
C	17	1	531	1.84510490492	norm	2237
G	17	1	518	0.144008896302	raw	2237
G	17	1	518	1.58107501804	norm	2237
A	18	1	1229	0.341673616903	raw	2237
A	18	1	1229	0.810318814021	norm	2237
T	18	1	1207	0.335557408952	raw	2237
T	18	1	1207	0.823947414624	norm	2237
C	18	1	592	0.164581595774	raw	2237
C	18	1	592	2.05706610869	norm	2237
G	18	1	569	0.158187378371	raw	2237
G	18	1	569	1.73674070514	norm	2237
T	19	1	1250	0.347511815402	raw	2237
T	19	1	1250	0.85330096792	norm	2237
A	19	1	1156	0.321378926884	raw	2237
A	19	1	1156	0.762187590731	norm	2237
C	19	1	621	0.172643869892	raw	2237
C	19	1	621	2.15783454982	norm	2237
G	19	1	570	0.158465387823	raw	2237
G	19	1	570	1.73979297352	norm	2237
T	20	1	1353	0.376146788991	raw	2237
T	20	1	1353	0.923612967677	norm	2237
A	20	1	1078	0.299694189602	raw	2237
A	20	1	1078	0.710759708312	norm	2237
C	20	1	626	0.174033917153	raw	2237
C	20	1	626	2.17520841898	norm	2237
G	20	1	540	0.150125104254	raw	2237
G	20	1	540	1.64822492228	norm	2237
A	21	1	1295	0.360022240756	raw	2237
A	21	1	1295	0.85383471453	norm	2237
T	21	1	1185	0.329441201001	raw	2237
T	21	1	1185	0.808929317588	norm	2237
G	21	1	598	0.166249652488	raw	2237
G	21	1	598	1.825256488	norm	2237
C	21	1	519	0.144286905755	raw	2237
C	21	1	519	1.80340761893	norm	2237
T	22	1	1287	0.357798165138	raw	2237
T	22	1	1287	0.878558676571	norm	2237
A	22	1	1149	0.319432860717	raw	2237
A	22	1	1149	0.75757226795	norm	2237
G	22	1	601	0.167083680845	raw	2237
G	22	1	601	1.83441329313	norm	2237
C	22	1	560	0.1556852933	raw	2237
C	22	1	560	1.94587334606	norm	2237
T	23	1	1317	0.366138448707	raw	2237
T	23	1	1317	0.899037899801	norm	2237
A	23	1	1112	0.309146510981	raw	2237
A	23	1	1112	0.733176990392	norm	2237
G	23	1	595	0.165415624131	raw	2237
G	23	1	595	1.81609968288	norm	2237
C	23	1	573	0.15929941618	raw	2237
C	23	1	573	1.99104540587	norm	2237
T	24	1	1314	0.36530442035	raw	2237
T	24	1	1314	0.896989977478	norm	2237
A	24	1	1135	0.315540728385	raw	2237
A	24	1	1135	0.748341622388	norm	2237
G	24	1	587	0.163191548513	raw	2237
G	24	1	587	1.79168153588	norm	2237
C	24	1	561	0.155963302752	raw	2237
C	24	1	561	1.94934811989	norm	2237
A	25	1	1304	0.362524325827	raw	2237
A	25	1	1304	0.859768700963	norm	2237
T	25	1	1198	0.333055323881	raw	2237
T	25	1	1198	0.817803647655	norm	2237
C	25	1	566	0.157353350014	raw	2237
C	25	1	566	1.96672198905	norm	2237
G	25	1	529	0.147067000278	raw	2237
G	25	1	529	1.61464997016	norm	2237
T	26	1	1407	0.391159299416	raw	2237
T	26	1	1407	0.960475569491	norm	2237
A	26	1	1123	0.312204614957	raw	2237
A	26	1	1123	0.740429640477	norm	2237
C	26	1	572	0.159021406728	raw	2237
C	26	1	572	1.98757063204	norm	2237
G	26	1	495	0.137614678899	raw	2237
G	26	1	495	1.51087284542	norm	2237
T	27	1	1273	0.353906032805	raw	2237
T	27	1	1273	0.86900170573	norm	2237
A	27	1	1186	0.329719210453	raw	2237
A	27	1	1186	0.781967545508	norm	2237
G	27	1	587	0.163191548513	raw	2237
G	27	1	587	1.79168153588	norm	2237
C	27	1	551	0.153183208229	raw	2237
C	27	1	551	1.91460038156	norm	2237
T	28	1	1354	0.376424798443	raw	2237
T	28	1	1354	0.924295608451	norm	2237
A	28	1	1171	0.325549068668	raw	2237
A	28	1	1171	0.77207756812	norm	2237
C	28	1	550	0.152905198777	raw	2237
C	28	1	550	1.91112560773	norm	2237
G	28	1	522	0.145120934112	raw	2237
G	28	1	522	1.59328409154	norm	2237
T	29	1	1253	0.348345843759	raw	2237
T	29	1	1253	0.855348890243	norm	2237
A	29	1	1228	0.341395607451	raw	2237
A	29	1	1228	0.809659482195	norm	2237
C	29	1	559	0.155407283848	raw	2237
C	29	1	559	1.94239857222	norm	2237
G	29	1	557	0.154851264943	raw	2237
G	29	1	557	1.70011348465	norm	2237
T	30	1	1335	0.371142618849	raw	2237
T	30	1	1335	0.911325433739	norm	2237
A	30	1	1174	0.326383097025	raw	2237
A	30	1	1174	0.774055563597	norm	2237
C	30	1	574	0.159577425632	raw	2237
C	30	1	574	1.99452017971	norm	2237
G	30	1	514	0.142896858493	raw	2237
G	30	1	514	1.56886594454	norm	2237
T	31	1	1332	0.370308590492	raw	2237
T	31	1	1332	0.909277511416	norm	2237
A	31	1	1197	0.332777314429	raw	2237
A	31	1	1197	0.789220195593	norm	2237
G	31	1	557	0.154851264943	raw	2237
G	31	1	557	1.70011348465	norm	2237
C	31	1	511	0.142062830136	raw	2237
C	31	1	511	1.77560942828	norm	2237
A	32	1	1293	0.359466221852	raw	2237
A	32	1	1293	0.852516050878	norm	2237
T	32	1	1206	0.3352793995	raw	2237
T	32	1	1206	0.823264773849	norm	2237
C	32	1	556	0.154573255491	raw	2237
C	32	1	556	1.93197425073	norm	2237
G	32	1	542	0.150681123158	raw	2237
G	32	1	542	1.65432945903	norm	2237
T	33	1	1442	0.400889630247	raw	2237
T	33	1	1442	0.984367996593	norm	2237
A	33	1	1048	0.291353906033	raw	2237
A	33	1	1048	0.690979753535	norm	2237
C	33	1	577	0.160411453989	raw	2237
C	33	1	577	2.0049445012	norm	2237
G	33	1	530	0.14734500973	raw	2237
G	33	1	530	1.61770223853	norm	2237
T	34	1	1272	0.353628023353	raw	2237
T	34	1	1272	0.868319064956	norm	2237
A	34	1	1253	0.348345843759	raw	2237
A	34	1	1253	0.826142777843	norm	2237
G	34	1	573	0.15929941618	raw	2237
G	34	1	573	1.74894977864	norm	2237
C	34	1	499	0.138726716708	raw	2237
C	34	1	499	1.73391214229	norm	2237
T	35	1	1390	0.386433138727	raw	2237
T	35	1	1390	0.948870676327	norm	2237
A	35	1	1155	0.321100917431	raw	2237
A	35	1	1155	0.761528258905	norm	2237
G	35	1	562	0.156241312205	raw	2237
G	35	1	562	1.71537482652	norm	2237
C	35	1	490	0.136224631637	raw	2237
C	35	1	490	1.7026391778	norm	2237
T	36	1	1471	0.408951904365	raw	2237
T	36	1	1471	1.00416457905	norm	2237
A	36	1	1068	0.296914095079	raw	2237
A	36	1	1068	0.704166390053	norm	2237
G	36	1	554	0.154017236586	raw	2237
G	36	1	554	1.69095667952	norm	2237
C	36	1	504	0.14011676397	raw	2237
C	36	1	504	1.75128601145	norm	2237
T	37	1	1356	0.376980817348	raw	2237
T	37	1	1356	0.92566089	norm	2237
A	37	1	1292	0.359188212399	raw	2237
A	37	1	1292	0.851856719053	norm	2237
C	37	1	490	0.136224631637	raw	2237
C	37	1	490	1.7026391778	norm	2237
G	37	1	459	0.127606338616	raw	2237
G	37	1	459	1.40099118394	norm	2237
T	38	1	1376	0.382541006394	raw	2237
T	38	1	1376	0.939313705486	norm	2237
A	38	1	1234	0.343063664165	raw	2237
A	38	1	1234	0.813615473151	norm	2237
C	38	1	505	0.140394773422	raw	2237
C	38	1	505	1.75476078528	norm	2237
G	38	1	482	0.134000556019	raw	2237
G	38	1	482	1.47119335655	norm	2237
T	39	1	1532	0.425910480956	raw	2237
T	39	1	1532	1.04580566628	norm	2237
A	39	1	1151	0.319988879622	raw	2237
A	39	1	1151	0.758890931602	norm	2237
C	39	1	490	0.136224631637	raw	2237
C	39	1	490	1.7026391778	norm	2237
G	39	1	424	0.117876007784	raw	2237
G	39	1	424	1.29416179083	norm	2237
T	40	1	1527	0.424520433695	raw	2237
T	40	1	1527	1.04239246241	norm	2237
A	40	1	1146	0.31859883236	raw	2237
A	40	1	1146	0.755594272472	norm	2237
G	40	1	507	0.140950792327	raw	2237
G	40	1	507	1.54750006592	norm	2237
C	40	1	417	0.115929941618	raw	2237
C	40	1	417	1.44898068804	norm	2237
T	41	1	1455	0.404503753128	raw	2237
T	41	1	1455	0.993242326659	norm	2237
A	41	1	1250	0.347511815402	raw	2237
A	41	1	1250	0.824164782365	norm	2237
G	41	1	498	0.138448707256	raw	2237
G	41	1	498	1.52002965055	norm	2237
C	41	1	394	0.109535724215	raw	2237
C	41	1	394	1.3690608899	norm	2237
T	42	1	1358	0.377536836252	raw	2237
T	42	1	1358	0.927026171548	norm	2237
A	42	1	1302	0.361968306922	raw	2237
A	42	1	1302	0.858450037311	norm	2237
C	42	1	497	0.138170697804	raw	2237
C	42	1	497	1.72696259462	norm	2237
G	42	1	440	0.122324159021	raw	2237
G	42	1	440	1.34299808482	norm	2237
T	43	1	1437	0.399499582986	raw	2237
T	43	1	1437	0.980954792721	norm	2237
A	43	1	1355	0.376702807895	raw	2237
A	43	1	1355	0.893394624084	norm	2237
G	43	1	454	0.126216291354	raw	2237
G	43	1	454	1.38572984206	norm	2237
C	43	1	351	0.0975813177648	raw	2237
C	43	1	351	1.21964561512	norm	2237
T	44	1	1457	0.405059772032	raw	2237
T	44	1	1457	0.994607608208	norm	2237
A	44	1	1319	0.366694467612	raw	2237
A	44	1	1319	0.869658678352	norm	2237
G	44	1	423	0.117597998332	raw	2237
G	44	1	423	1.29110952245	norm	2237
C	44	1	398	0.110647762024	raw	2237
C	44	1	398	1.38295998523	norm	2237
T	45	1	1445	0.401723658604	raw	2237
T	45	1	1445	0.986415918916	norm	2237
A	45	1	1400	0.38921323325	raw	2237
A	45	1	1400	0.923064556249	norm	2237
C	45	1	396	0.110091743119	raw	2237
C	45	1	396	1.37601043757	norm	2237
G	45	1	356	0.0989713650264	raw	2237
G	45	1	356	1.08660754135	norm	2237
T	46	1	1463	0.406727828746	raw	2237
T	46	1	1463	0.998703452854	norm	2237
A	46	1	1366	0.379760911871	raw	2237
A	46	1	1366	0.900647274169	norm	2237
C	46	1	410	0.113983875452	raw	2237
C	46	1	410	1.42465727122	norm	2237
G	46	1	358	0.0995273839311	raw	2237
G	46	1	358	1.0927120781	norm	2237
T	47	1	1522	0.423130386433	raw	2237
T	47	1	1522	1.03897925854	norm	2237
A	47	1	1270	0.353072004448	raw	2237
A	47	1	1270	0.837351418883	norm	2237
G	47	1	406	0.112871837642	raw	2237
G	47	1	406	1.23922096008	norm	2237
C	47	1	399	0.110925771476	raw	2237
C	47	1	399	1.38643475906	norm	2237
T	48	1	1425	0.396163469558	raw	2237
T	48	1	1425	0.972763103429	norm	2237
A	48	1	1371	0.381150959133	raw	2237
A	48	1	1371	0.903943933298	norm	2237
G	48	1	414	0.115095913261	raw	2237
G	48	1	414	1.26363910708	norm	2237
C	48	1	387	0.107589658048	raw	2237
C	48	1	387	1.34473747308	norm	2237
T	49	1	1449	0.402835696414	raw	2237
T	49	1	1449	0.989146482013	norm	2237
A	49	1	1337	0.371698637754	raw	2237
A	49	1	1337	0.881526651218	norm	2237
G	49	1	425	0.118154017237	raw	2237
G	49	1	425	1.2972140592	norm	2237
C	49	1	386	0.107311648596	raw	2237
C	49	1	386	1.34126269925	norm	2237
T	50	1	1400	0.38921323325	raw	2237
T	50	1	1400	0.955697084071	norm	2237
A	50	1	1330	0.369752571587	raw	2237
A	50	1	1330	0.876911328436	norm	2237
C	50	1	466	0.129552404782	raw	2237
C	50	1	466	1.61924460582	norm	2237
G	50	1	401	0.111481790381	raw	2237
G	50	1	401	1.22395961821	norm	2237
T	51	1	1418	0.394217403392	raw	2237
T	51	1	1418	0.967984618009	norm	2237
A	51	1	1397	0.388379204893	raw	2237
A	51	1	1397	0.921086560771	norm	2237
G	51	1	441	0.122602168474	raw	2237
G	51	1	441	1.34605035319	norm	2237
C	51	1	341	0.0948012232416	raw	2237
C	51	1	341	1.18489787679	norm	2237
A	52	1	1402	0.389769252155	raw	2237
A	52	1	1402	0.924383219901	norm	2237
T	52	1	1375	0.382262996942	raw	2237
T	52	1	1375	0.938631064712	norm	2237
G	52	1	411	0.114261884904	raw	2237
G	52	1	411	1.25448230196	norm	2237
C	52	1	409	0.113705865999	raw	2237
C	52	1	409	1.42118249739	norm	2237
T	53	1	1472	0.409229913817	raw	2237
T	53	1	1472	1.00484721982	norm	2237
A	53	1	1375	0.382262996942	raw	2237
A	53	1	1375	0.906581260602	norm	2237
G	53	1	402	0.111759799833	raw	2237
G	53	1	402	1.22701188658	norm	2237
C	53	1	348	0.0967472894078	raw	2237
C	53	1	348	1.20922129362	norm	2237
A	54	1	1399	0.388935223798	raw	2237
A	54	1	1399	0.922405224423	norm	2237
T	54	1	1384	0.384765082013	raw	2237
T	54	1	1384	0.944774831681	norm	2237
C	54	1	409	0.113705865999	raw	2237
C	54	1	409	1.42118249739	norm	2237
G	54	1	405	0.11259382819	raw	2237
G	54	1	405	1.23616869171	norm	2237
A	55	1	1455	0.404503753128	raw	2237
A	55	1	1455	0.959327806673	norm	2237
T	55	1	1426	0.39644147901	raw	2237
T	55	1	1426	0.973445744203	norm	2237
C	55	1	366	0.10175145955	raw	2237
C	55	1	366	1.2717672226	norm	2237
G	55	1	350	0.0973033083125	raw	2237
G	55	1	350	1.06829393111	norm	2237
A	56	1	1440	0.400333611343	raw	2237
A	56	1	1440	0.949437829285	norm	2237
T	56	1	1393	0.387267167084	raw	2237
T	56	1	1393	0.95091859865	norm	2237
G	56	1	394	0.109535724215	raw	2237
G	56	1	394	1.20259373959	norm	2237
C	56	1	370	0.102863497359	raw	2237
C	56	1	370	1.28566631793	norm	2237
A	57	1	1425	0.396163469558	raw	2237
A	57	1	1425	0.939547851896	norm	2237
T	57	1	1379	0.383375034751	raw	2237
T	57	1	1379	0.941361627809	norm	2237
G	57	1	431	0.119822073951	raw	2237
G	57	1	431	1.31552766945	norm	2237
C	57	1	362	0.10063942174	raw	2237
C	57	1	362	1.25786812727	norm	2237
T	58	1	1495	0.41562413122	raw	2237
T	58	1	1495	1.02054795763	norm	2237
A	58	1	1317	0.366138448707	raw	2237
A	58	1	1317	0.8683400147	norm	2237
G	58	1	401	0.111481790381	raw	2237
G	58	1	401	1.22395961821	norm	2237
C	58	1	384	0.106755629691	raw	2237
C	58	1	384	1.33431315158	norm	2237
T	59	1	1485	0.412844036697	raw	2237
T	59	1	1485	1.01372154989	norm	2237
A	59	1	1389	0.386155129274	raw	2237
A	59	1	1389	0.915811906164	norm	2237
G	59	1	407	0.113149847095	raw	2237
G	59	1	407	1.24227322846	norm	2237
C	59	1	316	0.0878509869336	raw	2237
C	59	1	316	1.09802853099	norm	2237
A	60	1	1423	0.395607450653	raw	2237
A	60	1	1423	0.938229188244	norm	2237
T	60	1	1390	0.386433138727	raw	2237
T	60	1	1390	0.948870676327	norm	2237
G	60	1	420	0.116763969975	raw	2237
G	60	1	420	1.28195271733	norm	2237
C	60	1	364	0.101195440645	raw	2237
C	60	1	364	1.26481767494	norm	2237
T	61	1	1491	0.414512093411	raw	2237
T	61	1	1491	1.01781739454	norm	2237
A	61	1	1385	0.385043091465	raw	2237
A	61	1	1385	0.913174578861	norm	2237
G	61	1	432	0.120100083403	raw	2237
G	61	1	432	1.31857993782	norm	2237
C	61	1	289	0.0803447317209	raw	2237
C	61	1	289	1.00420963752	norm	2237
A	62	1	1476	0.410341951626	raw	2237
A	62	1	1476	0.973173775017	norm	2237
T	62	1	1459	0.405615790937	raw	2237
T	62	1	1459	0.995972889756	norm	2237
G	62	1	343	0.0953572421462	raw	2237
G	62	1	343	1.04692805248	norm	2237
C	62	1	319	0.0886850152905	raw	2237
C	62	1	319	1.10845285248	norm	2237
A	63	1	1473	0.409507923269	raw	2237
A	63	1	1473	0.971195779539	norm	2237
T	63	1	1473	0.409507923269	raw	2237
T	63	1	1473	1.0055298606	norm	2237
G	63	1	337	0.0936891854323	raw	2237
G	63	1	337	1.02861444224	norm	2237
C	63	1	314	0.0872949680289	raw	2237
C	63	1	314	1.09107898332	norm	2237
T	64	1	1472	0.409229913817	raw	2237
T	64	1	1472	1.00484721982	norm	2237
A	64	1	1461	0.406171809842	raw	2237
A	64	1	1461	0.963283797628	norm	2237
G	64	1	360	0.100083402836	raw	2237
G	64	1	360	1.09881661485	norm	2237
C	64	1	304	0.0845148735057	raw	2237
C	64	1	304	1.056331245	norm	2237
T	65	1	1500	0.417014178482	raw	2237
T	65	1	1500	1.0239611615	norm	2237
A	65	1	1460	0.405893800389	raw	2237
A	65	1	1460	0.962624465802	norm	2237
G	65	1	368	0.102307478454	raw	2237
G	65	1	368	1.12323476185	norm	2237
C	65	1	269	0.0747845426745	raw	2237
C	65	1	269	0.934714160873	norm	2237
T	66	1	1532	0.425910480956	raw	2237
T	66	1	1532	1.04580566628	norm	2237
A	66	1	1469	0.40839588546	raw	2237
A	66	1	1469	0.968558452235	norm	2237
G	66	1	324	0.0900750625521	raw	2237
G	66	1	324	0.988934953367	norm	2237
C	66	1	272	0.0756185710314	raw	2237
C	66	1	272	0.94513848237	norm	2237
A	67	1	1465	0.407283847651	raw	2237
A	67	1	1465	0.965921124932	norm	2237
T	67	1	1413	0.39282735613	raw	2237
T	67	1	1413	0.964571414137	norm	2237
C	67	1	366	0.10175145955	raw	2237
C	67	1	366	1.2717672226	norm	2237
G	67	1	353	0.0981373366694	raw	2237
G	67	1	353	1.07745073623	norm	2237
T	68	1	1451	0.403391715318	raw	2237
T	68	1	1451	0.990511763562	norm	2237
A	68	1	1428	0.396997497915	raw	2237
A	68	1	1428	0.941525847374	norm	2237
G	68	1	389	0.108145676953	raw	2237
G	68	1	389	1.18733239772	norm	2237
C	68	1	329	0.0914651098137	raw	2237
C	68	1	329	1.14320059081	norm	2237
T	69	1	1465	0.407283847651	raw	2237
T	69	1	1465	1.0000687344	norm	2237
A	69	1	1442	0.400889630247	raw	2237
A	69	1	1442	0.950756492936	norm	2237
G	69	1	387	0.107589658048	raw	2237
G	69	1	387	1.18122786097	norm	2237
C	69	1	303	0.0842368640534	raw	2237
C	69	1	303	1.05285647117	norm	2237
A	70	1	1518	0.422018348624	raw	2237
A	70	1	1518	1.0008657117	norm	2237
T	70	1	1441	0.400611620795	raw	2237
T	70	1	1441	0.983685355818	norm	2237
C	70	1	346	0.0961912705032	raw	2237
C	70	1	346	1.20227174596	norm	2237
G	70	1	292	0.0811787600778	raw	2237
G	70	1	292	0.89126236538	norm	2237
A	71	1	1498	0.416458159577	raw	2237
A	71	1	1498	0.987679075186	norm	2237
T	71	1	1493	0.415068112316	raw	2237
T	71	1	1493	1.01918267608	norm	2237
G	71	1	304	0.0845148735057	raw	2237
G	71	1	304	0.927889585875	norm	2237
C	71	1	302	0.0839588546011	raw	2237
C	71	1	302	1.04938169734	norm	2237
T	72	1	1478	0.410897970531	raw	2237
T	72	1	1478	1.00894306447	norm	2237
A	72	1	1476	0.410341951626	raw	2237
A	72	1	1476	0.973173775017	norm	2237
G	72	1	324	0.0900750625521	raw	2237
G	72	1	324	0.988934953367	norm	2237
C	72	1	319	0.0886850152905	raw	2237
C	72	1	319	1.10845285248	norm	2237
T	73	1	1484	0.412566027245	raw	2237
T	73	1	1484	1.01303890911	norm	2237
A	73	1	1449	0.402835696414	raw	2237
A	73	1	1449	0.955371815718	norm	2237
G	73	1	387	0.107589658048	raw	2237
G	73	1	387	1.18122786097	norm	2237
C	73	1	277	0.077008618293	raw	2237
C	73	1	277	0.962512351531	norm	2237
A	74	1	1562	0.434250764526	raw	2237
A	74	1	1562	1.02987631204	norm	2237
T	74	1	1388	0.385877119822	raw	2237
T	74	1	1388	0.947505394779	norm	2237
G	74	1	330	0.0917431192661	raw	2237
G	74	1	330	1.00724856361	norm	2237
C	74	1	317	0.0881289963859	raw	2237
C	74	1	317	1.10150330482	norm	2237
T	75	1	1528	0.424798443147	raw	2237
T	75	1	1528	1.04307510319	norm	2237
A	75	1	1432	0.398109535724	raw	2237
A	75	1	1432	0.944163174677	norm	2237
C	75	1	320	0.0889630247428	raw	2237
C	75	1	320	1.11192762632	norm	2237
G	75	1	317	0.0881289963859	raw	2237
G	75	1	317	0.967569074745	norm	2237
A	76	1	1476	0.410341951626	raw	2237
A	76	1	1476	0.973173775017	norm	2237
T	76	1	1426	0.39644147901	raw	2237
T	76	1	1426	0.973445744203	norm	2237
G	76	1	381	0.105921601334	raw	2237
G	76	1	381	1.16291425072	norm	2237
C	76	1	314	0.0872949680289	raw	2237
C	76	1	314	1.09107898332	norm	2237
A	77	1	1471	0.408951904365	raw	2237
A	77	1	1471	0.969877115887	norm	2237
T	77	1	1415	0.393383375035	raw	2237
T	77	1	1415	0.965936695686	norm	2237
C	77	1	376	0.104531554073	raw	2237
C	77	1	376	1.30651496092	norm	2237
G	77	1	335	0.0931331665277	raw	2237
G	77	1	335	1.02250990549	norm	2237
T	78	1	1477	0.410619961079	raw	2237
T	78	1	1477	1.00826042369	norm	2237
A	78	1	1441	0.400611620795	raw	2237
A	78	1	1441	0.95009716111	norm	2237
G	78	1	372	0.103419516264	raw	2237
G	78	1	372	1.13544383535	norm	2237
C	78	1	307	0.0853489018627	raw	2237
C	78	1	307	1.0667555665	norm	2237
T	79	1	1496	0.415902140673	raw	2237
T	79	1	1496	1.02123059841	norm	2237
A	79	1	1468	0.408117876008	raw	2237
A	79	1	1468	0.96789912041	norm	2237
G	79	1	368	0.102307478454	raw	2237
G	79	1	368	1.12323476185	norm	2237
C	79	1	265	0.0736725048652	raw	2237
C	79	1	265	0.920815065544	norm	2237
T	80	1	1518	0.422018348624	raw	2237
T	80	1	1518	1.03624869544	norm	2237
A	80	1	1469	0.40839588546	raw	2237
A	80	1	1469	0.968558452235	norm	2237
G	80	1	322	0.0895190436475	raw	2237
G	80	1	322	0.982830416618	norm	2237
C	80	1	288	0.0800667222686	raw	2237
C	80	1	288	1.00073486369	norm	2237
A	81	1	1519	0.422296358076	raw	2237
A	81	1	1519	1.00152504353	norm	2237
T	81	1	1433	0.398387545177	raw	2237
T	81	1	1433	0.978224229624	norm	2237
G	81	1	346	0.0961912705032	raw	2237
G	81	1	346	1.05608485761	norm	2237
C	81	1	299	0.0831248262441	raw	2237
C	81	1	299	1.03895737584	norm	2237
A	82	1	1537	0.427300528218	raw	2237
A	82	1	1537	1.0133930164	norm	2237
T	82	1	1371	0.381150959133	raw	2237
T	82	1	1371	0.935900501615	norm	2237
C	82	1	372	0.103419516264	raw	2237
C	82	1	372	1.29261586559	norm	2237
G	82	1	317	0.0881289963859	raw	2237
G	82	1	317	0.967569074745	norm	2237
T	83	1	1485	0.412844036697	raw	2237
T	83	1	1485	1.01372154989	norm	2237
A	83	1	1478	0.410897970531	raw	2237
A	83	1	1478	0.974492438668	norm	2237
G	83	1	347	0.0964692799555	raw	2237
G	83	1	347	1.05913712598	norm	2237
C	83	1	287	0.0797887128162	raw	2237
C	83	1	287	0.997260089853	norm	2237
T	84	1	1472	0.409229913817	raw	2237
T	84	1	1472	1.00484721982	norm	2237
A	84	1	1430	0.39755351682	raw	2237
A	84	1	1430	0.942844511026	norm	2237
G	84	1	399	0.110925771476	raw	2237
G	84	1	399	1.21785508146	norm	2237
C	84	1	296	0.0822907978871	raw	2237
C	84	1	296	1.02853305434	norm	2237
A	85	1	1537	0.427300528218	raw	2237
A	85	1	1537	1.0133930164	norm	2237
T	85	1	1390	0.386433138727	raw	2237
T	85	1	1390	0.948870676327	norm	2237
G	85	1	410	0.113983875452	raw	2237
G	85	1	410	1.25143003358	norm	2237
C	85	1	260	0.0722824576036	raw	2237
C	85	1	260	0.903441196383	norm	2237
T	86	1	1528	0.424798443147	raw	2237
T	86	1	1528	1.04307510319	norm	2237
A	86	1	1460	0.405893800389	raw	2237
A	86	1	1460	0.962624465802	norm	2237
G	86	1	319	0.0886850152905	raw	2237
G	86	1	319	0.973673611494	norm	2237
C	86	1	290	0.0806227411732	raw	2237
C	86	1	290	1.00768441135	norm	2237
A	87	1	1479	0.411175979983	raw	2237
A	87	1	1479	0.975151770494	norm	2237
T	87	1	1376	0.382541006394	raw	2237
T	87	1	1376	0.939313705486	norm	2237
G	87	1	384	0.106755629691	raw	2237
G	87	1	384	1.17207105584	norm	2237
C	87	1	358	0.0995273839311	raw	2237
C	87	1	358	1.24396903194	norm	2237
A	88	1	1559	0.433416736169	raw	2237
A	88	1	1559	1.02789831657	norm	2237
T	88	1	1483	0.412288017793	raw	2237
T	88	1	1483	1.01235626834	norm	2237
G	88	1	302	0.0839588546011	raw	2237
G	88	1	302	0.921785049126	norm	2237
C	88	1	253	0.0703363914373	raw	2237
C	88	1	253	0.879117779557	norm	2237
T	89	1	1541	0.428412566027	raw	2237
T	89	1	1541	1.05194943325	norm	2237
A	89	1	1430	0.39755351682	raw	2237
A	89	1	1430	0.942844511026	norm	2237
C	89	1	331	0.0920211287184	raw	2237
C	89	1	331	1.15015013847	norm	2237
G	89	1	295	0.0820127884348	raw	2237
G	89	1	295	0.900419170504	norm	2237
A	90	1	1503	0.417848206839	raw	2237
A	90	1	1503	0.990975734316	norm	2237
T	90	1	1441	0.400611620795	raw	2237
T	90	1	1441	0.983685355818	norm	2237
G	90	1	342	0.0950792326939	raw	2237
G	90	1	342	1.04387578411	norm	2237
C	90	1	311	0.0864609396719	raw	2237
C	90	1	311	1.08065466183	norm	2237
T	91	1	1539	0.427856547123	raw	2237
T	91	1	1539	1.0505841517	norm	2237
A	91	1	1466	0.407561857103	raw	2237
A	91	1	1466	0.966580456758	norm	2237
G	91	1	331	0.0920211287184	raw	2237
G	91	1	331	1.01030083199	norm	2237
C	91	1	261	0.0725604670559	raw	2237
C	91	1	261	0.906915970215	norm	2237
A	92	1	1569	0.436196830692	raw	2237
A	92	1	1569	1.03449163482	norm	2237
T	92	1	1428	0.396997497915	raw	2237
T	92	1	1428	0.974811025752	norm	2237
G	92	1	333	0.092577147623	raw	2237
G	92	1	333	1.01640536874	norm	2237
C	92	1	267	0.0742285237698	raw	2237
C	92	1	267	0.927764613208	norm	2237
T	93	1	1533	0.426188490409	raw	2237
T	93	1	1533	1.04648830706	norm	2237
A	93	1	1422	0.395329441201	raw	2237
A	93	1	1422	0.937569856419	norm	2237
G	93	1	346	0.0961912705032	raw	2237
G	93	1	346	1.05608485761	norm	2237
C	93	1	296	0.0822907978871	raw	2237
C	93	1	296	1.02853305434	norm	2237
A	94	1	1512	0.42035029191	raw	2237
A	94	1	1512	0.996909720749	norm	2237
T	94	1	1420	0.394773422296	raw	2237
T	94	1	1420	0.969349899557	norm	2237
G	94	1	372	0.103419516264	raw	2237
G	94	1	372	1.13544383535	norm	2237
C	94	1	293	0.0814567695302	raw	2237
C	94	1	293	1.01810873285	norm	2237
A	95	1	1606	0.446483180428	raw	2237
A	95	1	1606	1.05888691238	norm	2237
T	95	1	1450	0.403113705866	raw	2237
T	95	1	1450	0.989829122787	norm	2237
G	95	1	283	0.078676675007	raw	2237
G	95	1	283	0.863791950009	norm	2237
C	95	1	258	0.0717264386989	raw	2237
C	95	1	258	0.896491648718	norm	2237
T	96	1	1536	0.427022518766	raw	2237
T	96	1	1536	1.04853622938	norm	2237
A	96	1	1352	0.375868779539	raw	2237
A	96	1	1352	0.891416628606	norm	2237
G	96	1	379	0.10536558243	raw	2237
G	96	1	379	1.15680971397	norm	2237
C	96	1	330	0.0917431192661	raw	2237
C	96	1	330	1.14667536464	norm	2237
A	97	1	1494	0.415346121768	raw	2237
A	97	1	1494	0.985041747883	norm	2237
T	97	1	1420	0.394773422296	raw	2237
T	97	1	1420	0.969349899557	norm	2237
C	97	1	354	0.0984153461218	raw	2237
C	97	1	354	1.23006993661	norm	2237
G	97	1	329	0.0914651098137	raw	2237
G	97	1	329	1.00419629524	norm	2237
A	98	1	1541	0.428412566027	raw	2237
A	98	1	1541	1.0160303437	norm	2237
T	98	1	1512	0.42035029191	raw	2237
T	98	1	1512	1.0321528508	norm	2237
G	98	1	275	0.0764525993884	raw	2237
G	98	1	275	0.839373803012	norm	2237
C	98	1	269	0.0747845426745	raw	2237
C	98	1	269	0.934714160873	norm	2237
A	99	1	1521	0.422852376981	raw	2237
A	99	1	1521	1.00284370718	norm	2237
T	99	1	1437	0.399499582986	raw	2237
T	99	1	1437	0.980954792721	norm	2237
G	99	1	334	0.0928551570753	raw	2237
G	99	1	334	1.01945763711	norm	2237
C	99	1	305	0.084792882958	raw	2237
C	99	1	305	1.05980601883	norm	2237
A	100	1	1502	0.417570197387	raw	2237
A	100	1	1502	0.99031640249	norm	2237
T	100	1	1444	0.401445649152	raw	2237
T	100	1	1444	0.985733278141	norm	2237
G	100	1	373	0.103697525716	raw	2237
G	100	1	373	1.13849610372	norm	2237
C	100	1	278	0.0772866277453	raw	2237
C	100	1	278	0.965987125363	norm	2237
