#nuc	offset	region.size	count	freq	norm.freq	total.sites
T	-100	1	217	0.365935919056	raw	330
T	-100	1	217	1.18535508075	norm	330
A	-100	1	180	0.303541315346	raw	330
A	-100	1	180	0.979802042591	norm	330
G	-100	1	109	0.183811129848	raw	330
G	-100	1	109	0.964412304451	norm	330
C	-100	1	87	0.14671163575	raw	330
C	-100	1	87	0.768553174805	norm	330
T	-99	1	215	0.362563237774	raw	330
T	-99	1	215	1.17443014913	norm	330
A	-99	1	175	0.295109612142	raw	330
A	-99	1	175	0.952585319186	norm	330
C	-99	1	124	0.20910623946	raw	330
C	-99	1	124	1.09540912271	norm	330
G	-99	1	79	0.133220910624	raw	330
G	-99	1	79	0.698977725244	norm	330
T	-98	1	186	0.313659359191	raw	330
T	-98	1	186	1.01601864064	norm	330
A	-98	1	175	0.295109612142	raw	330
A	-98	1	175	0.952585319186	norm	330
C	-98	1	135	0.227655986509	raw	330
C	-98	1	135	1.19258251263	norm	330
G	-98	1	97	0.163575042159	raw	330
G	-98	1	97	0.858238472768	norm	330
A	-97	1	223	0.376053962901	raw	330
A	-97	1	223	1.21386586388	norm	330
T	-97	1	152	0.256323777403	raw	330
T	-97	1	152	0.830294803104	norm	330
C	-97	1	122	0.205733558179	raw	330
C	-97	1	122	1.07774123363	norm	330
G	-97	1	96	0.161888701518	raw	330
G	-97	1	96	0.849390653461	norm	330
T	-96	1	201	0.338954468803	raw	330
T	-96	1	201	1.09795562779	norm	330
A	-96	1	174	0.293423271501	raw	330
A	-96	1	174	0.947141974505	norm	330
C	-96	1	119	0.200674536256	raw	330
C	-96	1	119	1.05123940002	norm	330
G	-96	1	99	0.16694772344	raw	330
G	-96	1	99	0.875934111382	norm	330
T	-95	1	191	0.322091062395	raw	330
T	-95	1	191	1.04333096969	norm	330
A	-95	1	160	0.26981450253	raw	330
A	-95	1	160	0.87093514897	norm	330
C	-95	1	129	0.217537942664	raw	330
C	-95	1	129	1.1395788454	norm	330
G	-95	1	113	0.190556492411	raw	330
G	-95	1	113	0.999803581679	norm	330
T	-94	1	254	0.428330522766	raw	330
T	-94	1	254	1.38746631571	norm	330
A	-94	1	165	0.278246205734	raw	330
A	-94	1	165	0.898151872375	norm	330
C	-94	1	104	0.175379426644	raw	330
C	-94	1	104	0.918730231951	norm	330
G	-94	1	70	0.118043844857	raw	330
G	-94	1	70	0.619347351482	norm	330
C	-93	1	168	0.283305227656	raw	330
C	-93	1	168	1.48410268238	norm	330
A	-93	1	162	0.273187183811	raw	330
A	-93	1	162	0.881821838332	norm	330
T	-93	1	154	0.259696458685	raw	330
T	-93	1	154	0.841219734724	norm	330
G	-93	1	109	0.183811129848	raw	330
G	-93	1	109	0.964412304451	norm	330
A	-92	1	227	0.382799325464	raw	330
A	-92	1	227	1.2356392426	norm	330
T	-92	1	160	0.26981450253	raw	330
T	-92	1	160	0.873994529583	norm	330
C	-92	1	121	0.204047217538	raw	330
C	-92	1	121	1.0689072891	norm	330
G	-92	1	85	0.143338954469	raw	330
G	-92	1	85	0.752064641086	norm	330
A	-91	1	229	0.386172006745	raw	330
A	-91	1	229	1.24652593196	norm	330
T	-91	1	149	0.251264755481	raw	330
T	-91	1	149	0.813907405675	norm	330
G	-91	1	112	0.188870151771	raw	330
G	-91	1	112	0.990955762372	norm	330
C	-91	1	103	0.173693086003	raw	330
C	-91	1	103	0.909896287413	norm	330
T	-90	1	201	0.338954468803	raw	330
T	-90	1	201	1.09795562779	norm	330
A	-90	1	190	0.320404721754	raw	330
A	-90	1	190	1.0342354894	norm	330
C	-90	1	111	0.18718381113	raw	330
C	-90	1	111	0.980567843717	norm	330
G	-90	1	91	0.153456998314	raw	330
G	-90	1	91	0.805151556927	norm	330
A	-89	1	199	0.335581787521	raw	330
A	-89	1	199	1.08322559153	norm	330
T	-89	1	173	0.29173693086	raw	330
T	-89	1	173	0.945006585112	norm	330
C	-89	1	127	0.214165261383	raw	330
C	-89	1	127	1.12191095632	norm	330
G	-89	1	94	0.158516020236	raw	330
G	-89	1	94	0.831695014848	norm	330
A	-88	1	214	0.360876897133	raw	330
A	-88	1	214	1.16487576175	norm	330
T	-88	1	198	0.33389544688	raw	330
T	-88	1	198	1.08156823036	norm	330
G	-88	1	93	0.156829679595	raw	330
G	-88	1	93	0.822847195541	norm	330
C	-88	1	88	0.148397976391	raw	330
C	-88	1	88	0.777387119343	norm	330
A	-87	1	229	0.386172006745	raw	330
A	-87	1	229	1.24652593196	norm	330
T	-87	1	177	0.298482293423	raw	330
T	-87	1	177	0.966856448352	norm	330
G	-87	1	102	0.172006745363	raw	330
G	-87	1	102	0.902477569303	norm	330
C	-87	1	85	0.143338954469	raw	330
C	-87	1	85	0.750885285729	norm	330
A	-86	1	206	0.347386172007	raw	330
A	-86	1	206	1.1213290043	norm	330
T	-86	1	191	0.322091062395	raw	330
T	-86	1	191	1.04333096969	norm	330
G	-86	1	106	0.178752107926	raw	330
G	-86	1	106	0.93786884653	norm	330
C	-86	1	90	0.151770657673	raw	330
C	-86	1	90	0.795055008419	norm	330
A	-85	1	224	0.377740303541	raw	330
A	-85	1	224	1.21930920856	norm	330
T	-85	1	154	0.259696458685	raw	330
T	-85	1	154	0.841219734724	norm	330
G	-85	1	116	0.195615514334	raw	330
G	-85	1	116	1.0263470396	norm	330
C	-85	1	99	0.16694772344	raw	330
C	-85	1	99	0.874560509261	norm	330
A	-84	1	181	0.305227655987	raw	330
A	-84	1	181	0.985245387272	norm	330
T	-84	1	167	0.281618887015	raw	330
T	-84	1	167	0.912231790253	norm	330
C	-84	1	140	0.236087689713	raw	330
C	-84	1	140	1.23675223532	norm	330
G	-84	1	105	0.177065767285	raw	330
G	-84	1	105	0.929021027223	norm	330
A	-83	1	183	0.308600337268	raw	330
A	-83	1	183	0.996132076635	norm	330
T	-83	1	162	0.273187183811	raw	330
T	-83	1	162	0.884919461203	norm	330
G	-83	1	130	0.219224283305	raw	330
G	-83	1	130	1.1502165099	norm	330
C	-83	1	118	0.198988195616	raw	330
C	-83	1	118	1.04240545548	norm	330
T	-82	1	197	0.332209106239	raw	330
T	-82	1	197	1.07610576455	norm	330
A	-82	1	171	0.288364249578	raw	330
A	-82	1	171	0.930811940462	norm	330
C	-82	1	120	0.202360876897	raw	330
C	-82	1	120	1.06007334456	norm	330
G	-82	1	105	0.177065767285	raw	330
G	-82	1	105	0.929021027223	norm	330
T	-81	1	197	0.332209106239	raw	330
T	-81	1	197	1.07610576455	norm	330
A	-81	1	175	0.295109612142	raw	330
A	-81	1	175	0.952585319186	norm	330
G	-81	1	111	0.18718381113	raw	330
G	-81	1	111	0.982107943065	norm	330
C	-81	1	110	0.185497470489	raw	330
C	-81	1	110	0.971733899179	norm	330
A	-80	1	203	0.342327150084	raw	330
A	-80	1	203	1.10499897026	norm	330
T	-80	1	189	0.318718381113	raw	330
T	-80	1	189	1.03240603807	norm	330
C	-80	1	104	0.175379426644	raw	330
C	-80	1	104	0.918730231951	norm	330
G	-80	1	97	0.163575042159	raw	330
G	-80	1	97	0.858238472768	norm	330
T	-79	1	202	0.340640809444	raw	330
T	-79	1	202	1.1034180936	norm	330
A	-79	1	199	0.335581787521	raw	330
A	-79	1	199	1.08322559153	norm	330
C	-79	1	110	0.185497470489	raw	330
C	-79	1	110	0.971733899179	norm	330
G	-79	1	82	0.138279932546	raw	330
G	-79	1	82	0.725521183165	norm	330
A	-78	1	187	0.315345699831	raw	330
A	-78	1	187	1.01790545536	norm	330
T	-78	1	185	0.31197301855	raw	330
T	-78	1	185	1.01055617483	norm	330
G	-78	1	114	0.192242833052	raw	330
G	-78	1	114	1.00865140099	norm	330
C	-78	1	107	0.180438448567	raw	330
C	-78	1	107	0.945232065565	norm	330
A	-77	1	193	0.325463743676	raw	330
A	-77	1	193	1.05056552345	norm	330
T	-77	1	178	0.300168634064	raw	330
T	-77	1	178	0.972318914162	norm	330
C	-77	1	122	0.205733558179	raw	330
C	-77	1	122	1.07774123363	norm	330
G	-77	1	100	0.168634064081	raw	330
G	-77	1	100	0.884781930689	norm	330
A	-76	1	186	0.313659359191	raw	330
A	-76	1	186	1.01246211068	norm	330
T	-76	1	166	0.279932546374	raw	330
T	-76	1	166	0.906769324443	norm	330
G	-76	1	141	0.237774030354	raw	330
G	-76	1	141	1.24754252227	norm	330
C	-76	1	100	0.168634064081	raw	330
C	-76	1	100	0.883394453799	norm	330
A	-75	1	234	0.394603709949	raw	330
A	-75	1	234	1.27374265537	norm	330
T	-75	1	174	0.293423271501	raw	330
T	-75	1	174	0.950469050922	norm	330
C	-75	1	107	0.180438448567	raw	330
C	-75	1	107	0.945232065565	norm	330
G	-75	1	78	0.131534569983	raw	330
G	-75	1	78	0.690129905937	norm	330
A	-74	1	195	0.328836424958	raw	330
A	-74	1	195	1.06145221281	norm	330
T	-74	1	174	0.293423271501	raw	330
T	-74	1	174	0.950469050922	norm	330
C	-74	1	122	0.205733558179	raw	330
C	-74	1	122	1.07774123363	norm	330
G	-74	1	102	0.172006745363	raw	330
G	-74	1	102	0.902477569303	norm	330
T	-73	1	196	0.330522765599	raw	330
T	-73	1	196	1.07064329874	norm	330
A	-73	1	189	0.318718381113	raw	330
A	-73	1	189	1.02879214472	norm	330
G	-73	1	105	0.177065767285	raw	330
G	-73	1	105	0.929021027223	norm	330
C	-73	1	103	0.173693086003	raw	330
C	-73	1	103	0.909896287413	norm	330
T	-72	1	176	0.296795952782	raw	330
T	-72	1	176	0.961393982542	norm	330
A	-72	1	164	0.276559865093	raw	330
A	-72	1	164	0.892708527694	norm	330
G	-72	1	131	0.220910623946	raw	330
G	-72	1	131	1.1590643292	norm	330
C	-72	1	122	0.205733558179	raw	330
C	-72	1	122	1.07774123363	norm	330
A	-71	1	214	0.360876897133	raw	330
A	-71	1	214	1.16487576175	norm	330
T	-71	1	156	0.263069139966	raw	330
T	-71	1	156	0.852144666344	norm	330
C	-71	1	124	0.20910623946	raw	330
C	-71	1	124	1.09540912271	norm	330
G	-71	1	99	0.16694772344	raw	330
G	-71	1	99	0.875934111382	norm	330
T	-70	1	226	0.381112984823	raw	330
T	-70	1	226	1.23451727304	norm	330
A	-70	1	165	0.278246205734	raw	330
A	-70	1	165	0.898151872375	norm	330
G	-70	1	102	0.172006745363	raw	330
G	-70	1	102	0.902477569303	norm	330
C	-70	1	100	0.168634064081	raw	330
C	-70	1	100	0.883394453799	norm	330
A	-69	1	181	0.305227655987	raw	330
A	-69	1	181	0.985245387272	norm	330
T	-69	1	159	0.268128161889	raw	330
T	-69	1	159	0.868532063774	norm	330
G	-69	1	132	0.222596964587	raw	330
G	-69	1	132	1.16791214851	norm	330
C	-69	1	121	0.204047217538	raw	330
C	-69	1	121	1.0689072891	norm	330
A	-68	1	172	0.290050590219	raw	330
A	-68	1	172	0.936255285143	norm	330
G	-68	1	152	0.256323777403	raw	330
G	-68	1	152	1.34486853465	norm	330
T	-68	1	148	0.24957841484	raw	330
T	-68	1	148	0.808444939865	norm	330
C	-68	1	121	0.204047217538	raw	330
C	-68	1	121	1.0689072891	norm	330
A	-67	1	168	0.283305227656	raw	330
A	-67	1	168	0.914481906419	norm	330
T	-67	1	168	0.283305227656	raw	330
T	-67	1	168	0.917694256063	norm	330
C	-67	1	129	0.217537942664	raw	330
C	-67	1	129	1.1395788454	norm	330
G	-67	1	128	0.215851602024	raw	330
G	-67	1	128	1.13252087128	norm	330
A	-66	1	214	0.360876897133	raw	330
A	-66	1	214	1.16487576175	norm	330
T	-66	1	165	0.278246205734	raw	330
T	-66	1	165	0.901306858633	norm	330
G	-66	1	108	0.182124789207	raw	330
G	-66	1	108	0.955564485144	norm	330
C	-66	1	106	0.178752107926	raw	330
C	-66	1	106	0.936398121027	norm	330
T	-65	1	181	0.305227655987	raw	330
T	-65	1	181	0.988706311591	norm	330
A	-65	1	160	0.26981450253	raw	330
A	-65	1	160	0.87093514897	norm	330
C	-65	1	151	0.254637436762	raw	330
C	-65	1	151	1.33392562524	norm	330
G	-65	1	101	0.170320404722	raw	330
G	-65	1	101	0.893629749996	norm	330
T	-64	1	226	0.381112984823	raw	330
T	-64	1	226	1.23451727304	norm	330
A	-64	1	147	0.247892074199	raw	330
A	-64	1	147	0.800171668116	norm	330
G	-64	1	127	0.214165261383	raw	330
G	-64	1	127	1.12367305197	norm	330
C	-64	1	93	0.156829679595	raw	330
C	-64	1	93	0.821556842033	norm	330
T	-63	1	192	0.323777403035	raw	330
T	-63	1	192	1.0487934355	norm	330
C	-63	1	154	0.259696458685	raw	330
C	-63	1	154	1.36042745885	norm	330
A	-63	1	153	0.258010118044	raw	330
A	-63	1	153	0.832831736203	norm	330
G	-63	1	94	0.158516020236	raw	330
G	-63	1	94	0.831695014848	norm	330
T	-62	1	194	0.327150084317	raw	330
T	-62	1	194	1.05971836712	norm	330
A	-62	1	150	0.252951096121	raw	330
A	-62	1	150	0.816501702159	norm	330
G	-62	1	129	0.217537942664	raw	330
G	-62	1	129	1.14136869059	norm	330
C	-62	1	120	0.202360876897	raw	330
C	-62	1	120	1.06007334456	norm	330
A	-61	1	213	0.359190556492	raw	330
A	-61	1	213	1.15943241707	norm	330
T	-61	1	170	0.286677908938	raw	330
T	-61	1	170	0.928619187682	norm	330
G	-61	1	126	0.212478920742	raw	330
G	-61	1	126	1.11482523267	norm	330
C	-61	1	84	0.141652613828	raw	330
C	-61	1	84	0.742051341191	norm	330
A	-60	1	168	0.283305227656	raw	330
A	-60	1	168	0.914481906419	norm	330
C	-60	1	142	0.239460370995	raw	330
C	-60	1	142	1.25442012439	norm	330
T	-60	1	142	0.239460370995	raw	330
T	-60	1	142	0.775670145005	norm	330
G	-60	1	141	0.237774030354	raw	330
G	-60	1	141	1.24754252227	norm	330
T	-59	1	231	0.389544688027	raw	330
T	-59	1	231	1.26182960209	norm	330
A	-59	1	139	0.234401349073	raw	330
A	-59	1	139	0.756624910668	norm	330
C	-59	1	113	0.190556492411	raw	330
C	-59	1	113	0.998235732793	norm	330
G	-59	1	110	0.185497470489	raw	330
G	-59	1	110	0.973260123758	norm	330
T	-58	1	274	0.462057335582	raw	330
T	-58	1	274	1.49671563191	norm	330
A	-58	1	126	0.212478920742	raw	330
A	-58	1	126	0.685861429814	norm	330
C	-58	1	105	0.177065767285	raw	330
C	-58	1	105	0.927564176489	norm	330
G	-58	1	88	0.148397976391	raw	330
G	-58	1	88	0.778608099006	norm	330
T	-57	1	192	0.323777403035	raw	330
T	-57	1	192	1.0487934355	norm	330
A	-57	1	177	0.298482293423	raw	330
A	-57	1	177	0.963472008548	norm	330
C	-57	1	125	0.210792580101	raw	330
C	-57	1	125	1.10424306725	norm	330
G	-57	1	99	0.16694772344	raw	330
G	-57	1	99	0.875934111382	norm	330
A	-56	1	200	0.337268128162	raw	330
A	-56	1	200	1.08866893621	norm	330
T	-56	1	170	0.286677908938	raw	330
T	-56	1	170	0.928619187682	norm	330
C	-56	1	119	0.200674536256	raw	330
C	-56	1	119	1.05123940002	norm	330
G	-56	1	104	0.175379426644	raw	330
G	-56	1	104	0.920173207917	norm	330
T	-55	1	211	0.355817875211	raw	330
T	-55	1	211	1.15258028589	norm	330
A	-55	1	202	0.340640809444	raw	330
A	-55	1	202	1.09955562557	norm	330
G	-55	1	109	0.183811129848	raw	330
G	-55	1	109	0.964412304451	norm	330
C	-55	1	71	0.119730185497	raw	330
C	-55	1	71	0.627210062197	norm	330
T	-54	1	208	0.350758853288	raw	330
T	-54	1	208	1.13619288846	norm	330
A	-54	1	149	0.251264755481	raw	330
A	-54	1	149	0.811058357478	norm	330
C	-54	1	149	0.251264755481	raw	330
C	-54	1	149	1.31625773616	norm	330
G	-54	1	87	0.14671163575	raw	330
G	-54	1	87	0.769760279699	norm	330
T	-53	1	238	0.401349072513	raw	330
T	-53	1	238	1.30006686276	norm	330
A	-53	1	163	0.274873524452	raw	330
A	-53	1	163	0.887265183013	norm	330
G	-53	1	104	0.175379426644	raw	330
G	-53	1	104	0.920173207917	norm	330
C	-53	1	88	0.148397976391	raw	330
C	-53	1	88	0.777387119343	norm	330
A	-52	1	274	0.462057335582	raw	330
A	-52	1	274	1.49147644261	norm	330
T	-52	1	141	0.237774030354	raw	330
T	-52	1	141	0.770207679195	norm	330
C	-52	1	106	0.178752107926	raw	330
C	-52	1	106	0.936398121027	norm	330
G	-52	1	72	0.121416526138	raw	330
G	-52	1	72	0.637042990096	norm	330
T	-51	1	193	0.325463743676	raw	330
T	-51	1	193	1.05425590131	norm	330
A	-51	1	190	0.320404721754	raw	330
A	-51	1	190	1.0342354894	norm	330
G	-51	1	120	0.202360876897	raw	330
G	-51	1	120	1.06173831683	norm	330
C	-51	1	90	0.151770657673	raw	330
C	-51	1	90	0.795055008419	norm	330
T	-50	1	216	0.364249578415	raw	330
T	-50	1	216	1.17989261494	norm	330
A	-50	1	197	0.332209106239	raw	330
A	-50	1	197	1.07233890217	norm	330
G	-50	1	91	0.153456998314	raw	330
G	-50	1	91	0.805151556927	norm	330
C	-50	1	89	0.150084317032	raw	330
C	-50	1	89	0.786221063881	norm	330
A	-49	1	197	0.332209106239	raw	330
A	-49	1	197	1.07233890217	norm	330
T	-49	1	162	0.273187183811	raw	330
T	-49	1	162	0.884919461203	norm	330
C	-49	1	120	0.202360876897	raw	330
C	-49	1	120	1.06007334456	norm	330
G	-49	1	114	0.192242833052	raw	330
G	-49	1	114	1.00865140099	norm	330
A	-48	1	244	0.411467116358	raw	330
A	-48	1	244	1.32817610218	norm	330
T	-48	1	164	0.276559865093	raw	330
T	-48	1	164	0.895844392823	norm	330
C	-48	1	111	0.18718381113	raw	330
C	-48	1	111	0.980567843717	norm	330
G	-48	1	74	0.12478920742	raw	330
G	-48	1	74	0.65473862871	norm	330
A	-47	1	176	0.296795952782	raw	330
A	-47	1	176	0.958028663867	norm	330
T	-47	1	159	0.268128161889	raw	330
T	-47	1	159	0.868532063774	norm	330
G	-47	1	135	0.227655986509	raw	330
G	-47	1	135	1.19445560643	norm	330
C	-47	1	123	0.20741989882	raw	330
C	-47	1	123	1.08657517817	norm	330
T	-46	1	215	0.362563237774	raw	330
T	-46	1	215	1.17443014913	norm	330
A	-46	1	194	0.327150084317	raw	330
A	-46	1	194	1.05600886813	norm	330
C	-46	1	93	0.156829679595	raw	330
C	-46	1	93	0.821556842033	norm	330
G	-46	1	91	0.153456998314	raw	330
G	-46	1	91	0.805151556927	norm	330
A	-45	1	213	0.359190556492	raw	330
A	-45	1	213	1.15943241707	norm	330
T	-45	1	207	0.349072512648	raw	330
T	-45	1	207	1.13073042265	norm	330
G	-45	1	87	0.14671163575	raw	330
G	-45	1	87	0.769760279699	norm	330
C	-45	1	86	0.14502529511	raw	330
C	-45	1	86	0.759719230267	norm	330
A	-44	1	194	0.327150084317	raw	330
A	-44	1	194	1.05600886813	norm	330
T	-44	1	167	0.281618887015	raw	330
T	-44	1	167	0.912231790253	norm	330
C	-44	1	130	0.219224283305	raw	330
C	-44	1	130	1.14841278994	norm	330
G	-44	1	102	0.172006745363	raw	330
G	-44	1	102	0.902477569303	norm	330
T	-43	1	222	0.37436762226	raw	330
T	-43	1	222	1.2126674098	norm	330
A	-43	1	152	0.256323777403	raw	330
A	-43	1	152	0.827388391522	norm	330
C	-43	1	117	0.197301854975	raw	330
C	-43	1	117	1.03357151094	norm	330
G	-43	1	102	0.172006745363	raw	330
G	-43	1	102	0.902477569303	norm	330
T	-42	1	204	0.344013490725	raw	330
T	-42	1	204	1.11434302522	norm	330
A	-42	1	183	0.308600337268	raw	330
A	-42	1	183	0.996132076635	norm	330
C	-42	1	110	0.185497470489	raw	330
C	-42	1	110	0.971733899179	norm	330
G	-42	1	96	0.161888701518	raw	330
G	-42	1	96	0.849390653461	norm	330
T	-41	1	237	0.399662731872	raw	330
T	-41	1	237	1.29460439695	norm	330
A	-41	1	169	0.284991568297	raw	330
A	-41	1	169	0.9199252511	norm	330
G	-41	1	103	0.173693086003	raw	330
G	-41	1	103	0.91132538861	norm	330
C	-41	1	84	0.141652613828	raw	330
C	-41	1	84	0.742051341191	norm	330
T	-40	1	191	0.322091062395	raw	330
T	-40	1	191	1.04333096969	norm	330
A	-40	1	187	0.315345699831	raw	330
A	-40	1	187	1.01790545536	norm	330
C	-40	1	119	0.200674536256	raw	330
C	-40	1	119	1.05123940002	norm	330
G	-40	1	96	0.161888701518	raw	330
G	-40	1	96	0.849390653461	norm	330
A	-39	1	207	0.349072512648	raw	330
A	-39	1	207	1.12677234898	norm	330
T	-39	1	174	0.293423271501	raw	330
T	-39	1	174	0.950469050922	norm	330
G	-39	1	107	0.180438448567	raw	330
G	-39	1	107	0.946716665837	norm	330
C	-39	1	105	0.177065767285	raw	330
C	-39	1	105	0.927564176489	norm	330
T	-38	1	198	0.33389544688	raw	330
T	-38	1	198	1.08156823036	norm	330
A	-38	1	175	0.295109612142	raw	330
A	-38	1	175	0.952585319186	norm	330
C	-38	1	110	0.185497470489	raw	330
C	-38	1	110	0.971733899179	norm	330
G	-38	1	110	0.185497470489	raw	330
G	-38	1	110	0.973260123758	norm	330
T	-37	1	225	0.379426644182	raw	330
T	-37	1	225	1.22905480723	norm	330
A	-37	1	138	0.232715008432	raw	330
A	-37	1	138	0.751181565987	norm	330
G	-37	1	121	0.204047217538	raw	330
G	-37	1	121	1.07058613613	norm	330
C	-37	1	109	0.183811129848	raw	330
C	-37	1	109	0.962899954641	norm	330
T	-36	1	179	0.301854974705	raw	330
T	-36	1	179	0.977781379971	norm	330
A	-36	1	176	0.296795952782	raw	330
A	-36	1	176	0.958028663867	norm	330
C	-36	1	133	0.224283305228	raw	330
C	-36	1	133	1.17491462355	norm	330
G	-36	1	105	0.177065767285	raw	330
G	-36	1	105	0.929021027223	norm	330
T	-35	1	223	0.376053962901	raw	330
T	-35	1	223	1.21812987561	norm	330
A	-35	1	198	0.33389544688	raw	330
A	-35	1	198	1.07778224685	norm	330
G	-35	1	101	0.170320404722	raw	330
G	-35	1	101	0.893629749996	norm	330
C	-35	1	71	0.119730185497	raw	330
C	-35	1	71	0.627210062197	norm	330
A	-34	1	175	0.295109612142	raw	330
A	-34	1	175	0.952585319186	norm	330
C	-34	1	160	0.26981450253	raw	330
C	-34	1	160	1.41343112608	norm	330
T	-34	1	155	0.261382799325	raw	330
T	-34	1	155	0.846682200534	norm	330
G	-34	1	103	0.173693086003	raw	330
G	-34	1	103	0.91132538861	norm	330
C	-33	1	199	0.335581787521	raw	330
C	-33	1	199	1.75795496306	norm	330
T	-33	1	148	0.24957841484	raw	330
T	-33	1	148	0.808444939865	norm	330
A	-33	1	144	0.242833052277	raw	330
A	-33	1	144	0.783841634073	norm	330
G	-33	1	102	0.172006745363	raw	330
G	-33	1	102	0.902477569303	norm	330
A	-32	1	220	0.370994940978	raw	330
A	-32	1	220	1.19753582983	norm	330
T	-32	1	204	0.344013490725	raw	330
T	-32	1	204	1.11434302522	norm	330
G	-32	1	102	0.172006745363	raw	330
G	-32	1	102	0.902477569303	norm	330
C	-32	1	67	0.112984822934	raw	330
C	-32	1	67	0.591874284045	norm	330
A	-31	1	196	0.330522765599	raw	330
A	-31	1	196	1.06689555749	norm	330
T	-31	1	187	0.315345699831	raw	330
T	-31	1	187	1.02148110645	norm	330
G	-31	1	108	0.182124789207	raw	330
G	-31	1	108	0.955564485144	norm	330
C	-31	1	102	0.172006745363	raw	330
C	-31	1	102	0.901062342875	norm	330
A	-30	1	211	0.355817875211	raw	330
A	-30	1	211	1.1485457277	norm	330
T	-30	1	180	0.303541315346	raw	330
T	-30	1	180	0.983243845781	norm	330
C	-30	1	104	0.175379426644	raw	330
C	-30	1	104	0.918730231951	norm	330
G	-30	1	98	0.165261382799	raw	330
G	-30	1	98	0.867086292075	norm	330
A	-29	1	192	0.323777403035	raw	330
A	-29	1	192	1.04512217876	norm	330
T	-29	1	170	0.286677908938	raw	330
T	-29	1	170	0.928619187682	norm	330
C	-29	1	123	0.20741989882	raw	330
C	-29	1	123	1.08657517817	norm	330
G	-29	1	108	0.182124789207	raw	330
G	-29	1	108	0.955564485144	norm	330
A	-28	1	220	0.370994940978	raw	330
A	-28	1	220	1.19753582983	norm	330
T	-28	1	145	0.244519392917	raw	330
T	-28	1	145	0.792057542435	norm	330
C	-28	1	115	0.193929173693	raw	330
C	-28	1	115	1.01590362187	norm	330
G	-28	1	113	0.190556492411	raw	330
G	-28	1	113	0.999803581679	norm	330
T	-27	1	230	0.387858347386	raw	330
T	-27	1	230	1.25636713628	norm	330
A	-27	1	176	0.296795952782	raw	330
A	-27	1	176	0.958028663867	norm	330
G	-27	1	94	0.158516020236	raw	330
G	-27	1	94	0.831695014848	norm	330
C	-27	1	93	0.156829679595	raw	330
C	-27	1	93	0.821556842033	norm	330
A	-26	1	186	0.313659359191	raw	330
A	-26	1	186	1.01246211068	norm	330
T	-26	1	174	0.293423271501	raw	330
T	-26	1	174	0.950469050922	norm	330
C	-26	1	119	0.200674536256	raw	330
C	-26	1	119	1.05123940002	norm	330
G	-26	1	114	0.192242833052	raw	330
G	-26	1	114	1.00865140099	norm	330
T	-25	1	219	0.369308600337	raw	330
T	-25	1	219	1.19628001237	norm	330
A	-25	1	154	0.259696458685	raw	330
A	-25	1	154	0.838275080884	norm	330
G	-25	1	135	0.227655986509	raw	330
G	-25	1	135	1.19445560643	norm	330
C	-25	1	85	0.143338954469	raw	330
C	-25	1	85	0.750885285729	norm	330
T	-24	1	213	0.359190556492	raw	330
T	-24	1	213	1.16350521751	norm	330
A	-24	1	190	0.320404721754	raw	330
A	-24	1	190	1.0342354894	norm	330
C	-24	1	108	0.182124789207	raw	330
C	-24	1	108	0.954066010103	norm	330
G	-24	1	82	0.138279932546	raw	330
G	-24	1	82	0.725521183165	norm	330
A	-23	1	214	0.360876897133	raw	330
A	-23	1	214	1.16487576175	norm	330
T	-23	1	181	0.305227655987	raw	330
T	-23	1	181	0.988706311591	norm	330
G	-23	1	111	0.18718381113	raw	330
G	-23	1	111	0.982107943065	norm	330
C	-23	1	87	0.14671163575	raw	330
C	-23	1	87	0.768553174805	norm	330
T	-22	1	186	0.313659359191	raw	330
T	-22	1	186	1.01601864064	norm	330
A	-22	1	174	0.293423271501	raw	330
A	-22	1	174	0.947141974505	norm	330
G	-22	1	140	0.236087689713	raw	330
G	-22	1	140	1.23869470296	norm	330
C	-22	1	93	0.156829679595	raw	330
C	-22	1	93	0.821556842033	norm	330
A	-21	1	205	0.345699831366	raw	330
A	-21	1	205	1.11588565962	norm	330
T	-21	1	203	0.342327150084	raw	330
T	-21	1	203	1.10888055941	norm	330
G	-21	1	93	0.156829679595	raw	330
G	-21	1	93	0.822847195541	norm	330
C	-21	1	92	0.155143338954	raw	330
C	-21	1	92	0.812722897495	norm	330
T	-20	1	259	0.43676222597	raw	330
T	-20	1	259	1.41477864476	norm	330
A	-20	1	180	0.303541315346	raw	330
A	-20	1	180	0.979802042591	norm	330
G	-20	1	97	0.163575042159	raw	330
G	-20	1	97	0.858238472768	norm	330
C	-20	1	57	0.0961214165261	raw	330
C	-20	1	57	0.503534838665	norm	330
A	-19	1	203	0.342327150084	raw	330
A	-19	1	203	1.10499897026	norm	330
T	-19	1	202	0.340640809444	raw	330
T	-19	1	202	1.1034180936	norm	330
G	-19	1	95	0.160202360877	raw	330
G	-19	1	95	0.840542834154	norm	330
C	-19	1	93	0.156829679595	raw	330
C	-19	1	93	0.821556842033	norm	330
T	-18	1	230	0.387858347386	raw	330
T	-18	1	230	1.25636713628	norm	330
G	-18	1	151	0.254637436762	raw	330
G	-18	1	151	1.33602071534	norm	330
A	-18	1	142	0.239460370995	raw	330
A	-18	1	142	0.772954944711	norm	330
C	-18	1	70	0.118043844857	raw	330
C	-18	1	70	0.618376117659	norm	330
T	-17	1	259	0.43676222597	raw	330
T	-17	1	259	1.41477864476	norm	330
A	-17	1	135	0.227655986509	raw	330
A	-17	1	135	0.734851531944	norm	330
C	-17	1	120	0.202360876897	raw	330
C	-17	1	120	1.06007334456	norm	330
G	-17	1	79	0.133220910624	raw	330
G	-17	1	79	0.698977725244	norm	330
A	-16	1	235	0.39629005059	raw	330
A	-16	1	235	1.27918600005	norm	330
T	-16	1	173	0.29173693086	raw	330
T	-16	1	173	0.945006585112	norm	330
G	-16	1	94	0.158516020236	raw	330
G	-16	1	94	0.831695014848	norm	330
C	-16	1	91	0.153456998314	raw	330
C	-16	1	91	0.803888952957	norm	330
A	-15	1	232	0.391231028668	raw	330
A	-15	1	232	1.26285596601	norm	330
T	-15	1	181	0.305227655987	raw	330
T	-15	1	181	0.988706311591	norm	330
C	-15	1	91	0.153456998314	raw	330
C	-15	1	91	0.803888952957	norm	330
G	-15	1	89	0.150084317032	raw	330
G	-15	1	89	0.787455918313	norm	330
A	-14	1	218	0.367622259696	raw	330
A	-14	1	218	1.18664914047	norm	330
T	-14	1	185	0.31197301855	raw	330
T	-14	1	185	1.01055617483	norm	330
C	-14	1	118	0.198988195616	raw	330
C	-14	1	118	1.04240545548	norm	330
G	-14	1	72	0.121416526138	raw	330
G	-14	1	72	0.637042990096	norm	330
A	-13	1	225	0.379426644182	raw	330
A	-13	1	225	1.22475255324	norm	330
T	-13	1	195	0.328836424958	raw	330
T	-13	1	195	1.06518083293	norm	330
C	-13	1	97	0.163575042159	raw	330
C	-13	1	97	0.856892620185	norm	330
G	-13	1	76	0.128161888702	raw	330
G	-13	1	76	0.672434267324	norm	330
T	-12	1	240	0.404721753794	raw	330
T	-12	1	240	1.31099179438	norm	330
A	-12	1	158	0.266441821248	raw	330
A	-12	1	158	0.860048459608	norm	330
C	-12	1	116	0.195615514334	raw	330
C	-12	1	116	1.02473756641	norm	330
G	-12	1	79	0.133220910624	raw	330
G	-12	1	79	0.698977725244	norm	330
T	-11	1	222	0.37436762226	raw	330
T	-11	1	222	1.2126674098	norm	330
A	-11	1	197	0.332209106239	raw	330
A	-11	1	197	1.07233890217	norm	330
C	-11	1	90	0.151770657673	raw	330
C	-11	1	90	0.795055008419	norm	330
G	-11	1	84	0.141652613828	raw	330
G	-11	1	84	0.743216821779	norm	330
A	-10	1	218	0.367622259696	raw	330
A	-10	1	218	1.18664914047	norm	330
T	-10	1	212	0.357504215852	raw	330
T	-10	1	212	1.1580427517	norm	330
C	-10	1	108	0.182124789207	raw	330
C	-10	1	108	0.954066010103	norm	330
G	-10	1	55	0.0927487352445	raw	330
G	-10	1	55	0.486630061879	norm	330
A	-9	1	246	0.414839797639	raw	330
A	-9	1	246	1.33906279154	norm	330
T	-9	1	204	0.344013490725	raw	330
T	-9	1	204	1.11434302522	norm	330
C	-9	1	75	0.126475548061	raw	330
C	-9	1	75	0.662545840349	norm	330
G	-9	1	68	0.114671163575	raw	330
G	-9	1	68	0.601651712868	norm	330
T	-8	1	257	0.433389544688	raw	330
T	-8	1	257	1.40385371314	norm	330
A	-8	1	177	0.298482293423	raw	330
A	-8	1	177	0.963472008548	norm	330
C	-8	1	98	0.165261382799	raw	330
C	-8	1	98	0.865726564723	norm	330
G	-8	1	61	0.102866779089	raw	330
G	-8	1	61	0.53971697772	norm	330
T	-7	1	221	0.372681281619	raw	330
T	-7	1	221	1.20720494399	norm	330
A	-7	1	163	0.274873524452	raw	330
A	-7	1	163	0.887265183013	norm	330
G	-7	1	121	0.204047217538	raw	330
G	-7	1	121	1.07058613613	norm	330
C	-7	1	88	0.148397976391	raw	330
C	-7	1	88	0.777387119343	norm	330
T	-6	1	220	0.370994940978	raw	330
T	-6	1	220	1.20174247818	norm	330
A	-6	1	148	0.24957841484	raw	330
A	-6	1	148	0.805615012797	norm	330
G	-6	1	130	0.219224283305	raw	330
G	-6	1	130	1.1502165099	norm	330
C	-6	1	95	0.160202360877	raw	330
C	-6	1	95	0.839224731109	norm	330
T	-5	1	189	0.318718381113	raw	330
T	-5	1	189	1.03240603807	norm	330
A	-5	1	171	0.288364249578	raw	330
A	-5	1	171	0.930811940462	norm	330
G	-5	1	131	0.220910623946	raw	330
G	-5	1	131	1.1590643292	norm	330
C	-5	1	102	0.172006745363	raw	330
C	-5	1	102	0.901062342875	norm	330
T	-4	1	197	0.332209106239	raw	330
T	-4	1	197	1.07610576455	norm	330
A	-4	1	189	0.318718381113	raw	330
A	-4	1	189	1.02879214472	norm	330
G	-4	1	106	0.178752107926	raw	330
G	-4	1	106	0.93786884653	norm	330
C	-4	1	101	0.170320404722	raw	330
C	-4	1	101	0.892228398337	norm	330
T	-3	1	244	0.411467116358	raw	330
T	-3	1	244	1.33284165761	norm	330
A	-3	1	144	0.242833052277	raw	330
A	-3	1	144	0.783841634073	norm	330
C	-3	1	129	0.217537942664	raw	330
C	-3	1	129	1.1395788454	norm	330
G	-3	1	76	0.128161888702	raw	330
G	-3	1	76	0.672434267324	norm	330
T	-2	1	210	0.35413153457	raw	330
T	-2	1	210	1.14711782008	norm	330
A	-2	1	176	0.296795952782	raw	330
A	-2	1	176	0.958028663867	norm	330
C	-2	1	132	0.222596964587	raw	330
C	-2	1	132	1.16608067901	norm	330
G	-2	1	75	0.126475548061	raw	330
G	-2	1	75	0.663586448017	norm	330
T	-1	1	212	0.357504215852	raw	330
T	-1	1	212	1.1580427517	norm	330
C	-1	1	141	0.237774030354	raw	330
C	-1	1	141	1.24558617986	norm	330
A	-1	1	134	0.225969645868	raw	330
A	-1	1	134	0.729408187262	norm	330
G	-1	1	106	0.178752107926	raw	330
G	-1	1	106	0.93786884653	norm	330
A	0	1	261	0.440134907251	raw	330
A	0	1	261	1.42071296176	norm	330
T	0	1	134	0.225969645868	raw	330
T	0	1	134	0.731970418526	norm	330
C	0	1	105	0.177065767285	raw	330
C	0	1	105	0.927564176489	norm	330
G	0	1	93	0.156829679595	raw	330
G	0	1	93	0.822847195541	norm	330
A	1	1	259	0.43676222597	raw	330
A	1	1	259	1.4098262724	norm	330
T	1	1	244	0.411467116358	raw	330
T	1	1	244	1.33284165761	norm	330
C	1	1	58	0.0978077571669	raw	330
C	1	1	58	0.512368783203	norm	330
G	1	1	32	0.0539629005059	raw	330
G	1	1	32	0.28313021782	norm	330
A	2	1	337	0.568296795953	raw	330
A	2	1	337	1.83440715752	norm	330
T	2	1	139	0.234401349073	raw	330
T	2	1	139	0.759282747576	norm	330
C	2	1	62	0.10455311973	raw	330
C	2	1	62	0.547704561355	norm	330
G	2	1	55	0.0927487352445	raw	330
G	2	1	55	0.486630061879	norm	330
A	3	1	221	0.372681281619	raw	330
A	3	1	221	1.20297917451	norm	330
T	3	1	198	0.33389544688	raw	330
T	3	1	198	1.08156823036	norm	330
G	3	1	104	0.175379426644	raw	330
G	3	1	104	0.920173207917	norm	330
C	3	1	70	0.118043844857	raw	330
C	3	1	70	0.618376117659	norm	330
A	4	1	270	0.455311973019	raw	330
A	4	1	270	1.46970306389	norm	330
G	4	1	128	0.215851602024	raw	330
G	4	1	128	1.13252087128	norm	330
T	4	1	127	0.214165261383	raw	330
T	4	1	127	0.693733157857	norm	330
C	4	1	68	0.114671163575	raw	330
C	4	1	68	0.600708228583	norm	330
A	5	1	289	0.487352445194	raw	330
A	5	1	289	1.57312661283	norm	330
T	5	1	148	0.24957841484	raw	330
T	5	1	148	0.808444939865	norm	330
G	5	1	91	0.153456998314	raw	330
G	5	1	91	0.805151556927	norm	330
C	5	1	65	0.109612141653	raw	330
C	5	1	65	0.574206394969	norm	330
A	6	1	225	0.379426644182	raw	330
A	6	1	225	1.22475255324	norm	330
T	6	1	148	0.24957841484	raw	330
T	6	1	148	0.808444939865	norm	330
G	6	1	115	0.193929173693	raw	330
G	6	1	115	1.01749922029	norm	330
C	6	1	105	0.177065767285	raw	330
C	6	1	105	0.927564176489	norm	330
T	7	1	210	0.35413153457	raw	330
T	7	1	210	1.14711782008	norm	330
A	7	1	162	0.273187183811	raw	330
A	7	1	162	0.881821838332	norm	330
G	7	1	131	0.220910623946	raw	330
G	7	1	131	1.1590643292	norm	330
C	7	1	90	0.151770657673	raw	330
C	7	1	90	0.795055008419	norm	330
T	8	1	259	0.43676222597	raw	330
T	8	1	259	1.41477864476	norm	330
A	8	1	143	0.241146711636	raw	330
A	8	1	143	0.778398289392	norm	330
G	8	1	102	0.172006745363	raw	330
G	8	1	102	0.902477569303	norm	330
C	8	1	89	0.150084317032	raw	330
C	8	1	89	0.786221063881	norm	330
T	9	1	199	0.335581787521	raw	330
T	9	1	199	1.08703069617	norm	330
A	9	1	191	0.322091062395	raw	330
A	9	1	191	1.03967883408	norm	330
C	9	1	108	0.182124789207	raw	330
C	9	1	108	0.954066010103	norm	330
G	9	1	95	0.160202360877	raw	330
G	9	1	95	0.840542834154	norm	330
T	10	1	205	0.345699831366	raw	330
T	10	1	205	1.11980549103	norm	330
A	10	1	154	0.259696458685	raw	330
A	10	1	154	0.838275080884	norm	330
C	10	1	120	0.202360876897	raw	330
C	10	1	120	1.06007334456	norm	330
G	10	1	114	0.192242833052	raw	330
G	10	1	114	1.00865140099	norm	330
T	11	1	253	0.426644182125	raw	330
T	11	1	253	1.3820038499	norm	330
A	11	1	175	0.295109612142	raw	330
A	11	1	175	0.952585319186	norm	330
G	11	1	90	0.151770657673	raw	330
G	11	1	90	0.79630373762	norm	330
C	11	1	75	0.126475548061	raw	330
C	11	1	75	0.662545840349	norm	330
T	12	1	192	0.323777403035	raw	330
T	12	1	192	1.0487934355	norm	330
A	12	1	172	0.290050590219	raw	330
A	12	1	172	0.936255285143	norm	330
C	12	1	118	0.198988195616	raw	330
C	12	1	118	1.04240545548	norm	330
G	12	1	111	0.18718381113	raw	330
G	12	1	111	0.982107943065	norm	330
A	13	1	210	0.35413153457	raw	330
A	13	1	210	1.14310238302	norm	330
T	13	1	157	0.264755480607	raw	330
T	13	1	157	0.857607132154	norm	330
G	13	1	135	0.227655986509	raw	330
G	13	1	135	1.19445560643	norm	330
C	13	1	91	0.153456998314	raw	330
C	13	1	91	0.803888952957	norm	330
A	14	1	203	0.342327150084	raw	330
A	14	1	203	1.10499897026	norm	330
T	14	1	188	0.317032040472	raw	330
T	14	1	188	1.02694357226	norm	330
G	14	1	113	0.190556492411	raw	330
G	14	1	113	0.999803581679	norm	330
C	14	1	89	0.150084317032	raw	330
C	14	1	89	0.786221063881	norm	330
A	15	1	240	0.404721753794	raw	330
A	15	1	240	1.30640272346	norm	330
T	15	1	144	0.242833052277	raw	330
T	15	1	144	0.786595076625	norm	330
G	15	1	110	0.185497470489	raw	330
G	15	1	110	0.973260123758	norm	330
C	15	1	99	0.16694772344	raw	330
C	15	1	99	0.874560509261	norm	330
A	16	1	200	0.337268128162	raw	330
A	16	1	200	1.08866893621	norm	330
T	16	1	158	0.266441821248	raw	330
T	16	1	158	0.863069597964	norm	330
G	16	1	120	0.202360876897	raw	330
G	16	1	120	1.06173831683	norm	330
C	16	1	115	0.193929173693	raw	330
C	16	1	115	1.01590362187	norm	330
A	17	1	218	0.367622259696	raw	330
A	17	1	218	1.18664914047	norm	330
T	17	1	170	0.286677908938	raw	330
T	17	1	170	0.928619187682	norm	330
C	17	1	106	0.178752107926	raw	330
C	17	1	106	0.936398121027	norm	330
G	17	1	99	0.16694772344	raw	330
G	17	1	99	0.875934111382	norm	330
A	18	1	181	0.305227655987	raw	330
A	18	1	181	0.985245387272	norm	330
T	18	1	139	0.234401349073	raw	330
T	18	1	139	0.759282747576	norm	330
G	18	1	139	0.234401349073	raw	330
G	18	1	139	1.22984688366	norm	330
C	18	1	134	0.225969645868	raw	330
C	18	1	134	1.18374856809	norm	330
A	19	1	234	0.394603709949	raw	330
A	19	1	234	1.27374265537	norm	330
T	19	1	174	0.293423271501	raw	330
T	19	1	174	0.950469050922	norm	330
G	19	1	96	0.161888701518	raw	330
G	19	1	96	0.849390653461	norm	330
C	19	1	89	0.150084317032	raw	330
C	19	1	89	0.786221063881	norm	330
T	20	1	192	0.323777403035	raw	330
T	20	1	192	1.0487934355	norm	330
A	20	1	175	0.295109612142	raw	330
A	20	1	175	0.952585319186	norm	330
G	20	1	128	0.215851602024	raw	330
G	20	1	128	1.13252087128	norm	330
C	20	1	98	0.165261382799	raw	330
C	20	1	98	0.865726564723	norm	330
T	21	1	182	0.306913996627	raw	330
T	21	1	182	0.994168777401	norm	330
A	21	1	156	0.263069139966	raw	330
A	21	1	156	0.849161770246	norm	330
G	21	1	155	0.261382799325	raw	330
G	21	1	155	1.37141199257	norm	330
C	21	1	100	0.168634064081	raw	330
C	21	1	100	0.883394453799	norm	330
A	22	1	208	0.350758853288	raw	330
A	22	1	208	1.13221569366	norm	330
T	22	1	151	0.254637436762	raw	330
T	22	1	151	0.824832337294	norm	330
C	22	1	137	0.231028667791	raw	330
C	22	1	137	1.2102504017	norm	330
G	22	1	97	0.163575042159	raw	330
G	22	1	97	0.858238472768	norm	330
A	23	1	199	0.335581787521	raw	330
A	23	1	199	1.08322559153	norm	330
T	23	1	163	0.274873524452	raw	330
T	23	1	163	0.890381927013	norm	330
C	23	1	125	0.210792580101	raw	330
C	23	1	125	1.10424306725	norm	330
G	23	1	106	0.178752107926	raw	330
G	23	1	106	0.93786884653	norm	330
A	24	1	204	0.344013490725	raw	330
A	24	1	204	1.11044231494	norm	330
T	24	1	158	0.266441821248	raw	330
T	24	1	158	0.863069597964	norm	330
C	24	1	130	0.219224283305	raw	330
C	24	1	130	1.14841278994	norm	330
G	24	1	101	0.170320404722	raw	330
G	24	1	101	0.893629749996	norm	330
A	25	1	187	0.315345699831	raw	330
A	25	1	187	1.01790545536	norm	330
T	25	1	175	0.295109612142	raw	330
T	25	1	175	0.955931516732	norm	330
G	25	1	131	0.220910623946	raw	330
G	25	1	131	1.1590643292	norm	330
C	25	1	100	0.168634064081	raw	330
C	25	1	100	0.883394453799	norm	330
T	26	1	210	0.35413153457	raw	330
T	26	1	210	1.14711782008	norm	330
A	26	1	201	0.338954468803	raw	330
A	26	1	201	1.09411228089	norm	330
C	26	1	92	0.155143338954	raw	330
C	26	1	92	0.812722897495	norm	330
G	26	1	90	0.151770657673	raw	330
G	26	1	90	0.79630373762	norm	330
T	27	1	204	0.344013490725	raw	330
T	27	1	204	1.11434302522	norm	330
A	27	1	158	0.266441821248	raw	330
A	27	1	158	0.860048459608	norm	330
C	27	1	122	0.205733558179	raw	330
C	27	1	122	1.07774123363	norm	330
G	27	1	109	0.183811129848	raw	330
G	27	1	109	0.964412304451	norm	330
A	28	1	170	0.286677908938	raw	330
A	28	1	170	0.925368595781	norm	330
T	28	1	156	0.263069139966	raw	330
T	28	1	156	0.852144666344	norm	330
G	28	1	141	0.237774030354	raw	330
G	28	1	141	1.24754252227	norm	330
C	28	1	126	0.212478920742	raw	330
C	28	1	126	1.11307701179	norm	330
T	29	1	195	0.328836424958	raw	330
T	29	1	195	1.06518083293	norm	330
A	29	1	150	0.252951096121	raw	330
A	29	1	150	0.816501702159	norm	330
C	29	1	133	0.224283305228	raw	330
C	29	1	133	1.17491462355	norm	330
G	29	1	115	0.193929173693	raw	330
G	29	1	115	1.01749922029	norm	330
A	30	1	188	0.317032040472	raw	330
A	30	1	188	1.02334880004	norm	330
T	30	1	184	0.310286677909	raw	330
T	30	1	184	1.00509370902	norm	330
C	30	1	119	0.200674536256	raw	330
C	30	1	119	1.05123940002	norm	330
G	30	1	102	0.172006745363	raw	330
G	30	1	102	0.902477569303	norm	330
T	31	1	214	0.360876897133	raw	330
T	31	1	214	1.16896768332	norm	330
A	31	1	169	0.284991568297	raw	330
A	31	1	169	0.9199252511	norm	330
G	31	1	113	0.190556492411	raw	330
G	31	1	113	0.999803581679	norm	330
C	31	1	97	0.163575042159	raw	330
C	31	1	97	0.856892620185	norm	330
A	32	1	209	0.352445193929	raw	330
A	32	1	209	1.13765903834	norm	330
T	32	1	163	0.274873524452	raw	330
T	32	1	163	0.890381927013	norm	330
G	32	1	123	0.20741989882	raw	330
G	32	1	123	1.08828177475	norm	330
C	32	1	98	0.165261382799	raw	330
C	32	1	98	0.865726564723	norm	330
A	33	1	221	0.372681281619	raw	330
A	33	1	221	1.20297917451	norm	330
T	33	1	160	0.26981450253	raw	330
T	33	1	160	0.873994529583	norm	330
G	33	1	117	0.197301854975	raw	330
G	33	1	117	1.03519485891	norm	330
C	33	1	95	0.160202360877	raw	330
C	33	1	95	0.839224731109	norm	330
A	34	1	214	0.360876897133	raw	330
A	34	1	214	1.16487576175	norm	330
G	34	1	169	0.284991568297	raw	330
G	34	1	169	1.49528146286	norm	330
T	34	1	113	0.190556492411	raw	330
T	34	1	113	0.617258636518	norm	330
C	34	1	97	0.163575042159	raw	330
C	34	1	97	0.856892620185	norm	330
A	35	1	224	0.377740303541	raw	330
A	35	1	224	1.21930920856	norm	330
T	35	1	169	0.284991568297	raw	330
T	35	1	169	0.923156721873	norm	330
G	35	1	133	0.224283305228	raw	330
G	35	1	133	1.17675996782	norm	330
C	35	1	67	0.112984822934	raw	330
C	35	1	67	0.591874284045	norm	330
A	36	1	233	0.392917369309	raw	330
A	36	1	233	1.26829931069	norm	330
T	36	1	149	0.251264755481	raw	330
T	36	1	149	0.813907405675	norm	330
C	36	1	126	0.212478920742	raw	330
C	36	1	126	1.11307701179	norm	330
G	36	1	85	0.143338954469	raw	330
G	36	1	85	0.752064641086	norm	330
T	37	1	202	0.340640809444	raw	330
T	37	1	202	1.1034180936	norm	330
A	37	1	195	0.328836424958	raw	330
A	37	1	195	1.06145221281	norm	330
G	37	1	114	0.192242833052	raw	330
G	37	1	114	1.00865140099	norm	330
C	37	1	82	0.138279932546	raw	330
C	37	1	82	0.724383452115	norm	330
A	38	1	201	0.338954468803	raw	330
A	38	1	201	1.09411228089	norm	330
T	38	1	177	0.298482293423	raw	330
T	38	1	177	0.966856448352	norm	330
C	38	1	108	0.182124789207	raw	330
C	38	1	108	0.954066010103	norm	330
G	38	1	107	0.180438448567	raw	330
G	38	1	107	0.946716665837	norm	330
A	39	1	184	0.310286677909	raw	330
A	39	1	184	1.00157542132	norm	330
T	39	1	151	0.254637436762	raw	330
T	39	1	151	0.824832337294	norm	330
C	39	1	138	0.232715008432	raw	330
C	39	1	138	1.21908434624	norm	330
G	39	1	120	0.202360876897	raw	330
G	39	1	120	1.06173831683	norm	330
T	40	1	259	0.43676222597	raw	330
T	40	1	259	1.41477864476	norm	330
A	40	1	120	0.202360876897	raw	330
A	40	1	120	0.653201361728	norm	330
G	40	1	111	0.18718381113	raw	330
G	40	1	111	0.982107943065	norm	330
C	40	1	103	0.173693086003	raw	330
C	40	1	103	0.909896287413	norm	330
T	41	1	266	0.448566610455	raw	330
T	41	1	266	1.45301590543	norm	330
A	41	1	164	0.276559865093	raw	330
A	41	1	164	0.892708527694	norm	330
C	41	1	84	0.141652613828	raw	330
C	41	1	84	0.742051341191	norm	330
G	41	1	79	0.133220910624	raw	330
G	41	1	79	0.698977725244	norm	330
A	42	1	215	0.362563237774	raw	330
A	42	1	215	1.17031910643	norm	330
T	42	1	211	0.355817875211	raw	330
T	42	1	211	1.15258028589	norm	330
C	42	1	100	0.168634064081	raw	330
C	42	1	100	0.883394453799	norm	330
G	42	1	67	0.112984822934	raw	330
G	42	1	67	0.592803893562	norm	330
T	43	1	233	0.392917369309	raw	330
T	43	1	233	1.27275453371	norm	330
A	43	1	179	0.301854974705	raw	330
A	43	1	179	0.97435869791	norm	330
C	43	1	91	0.153456998314	raw	330
C	43	1	91	0.803888952957	norm	330
G	43	1	90	0.151770657673	raw	330
G	43	1	90	0.79630373762	norm	330
T	44	1	197	0.332209106239	raw	330
T	44	1	197	1.07610576455	norm	330
C	44	1	167	0.281618887015	raw	330
C	44	1	167	1.47526873784	norm	330
A	44	1	151	0.254637436762	raw	330
A	44	1	151	0.821945046841	norm	330
G	44	1	78	0.131534569983	raw	330
G	44	1	78	0.690129905937	norm	330
T	45	1	210	0.35413153457	raw	330
T	45	1	210	1.14711782008	norm	330
A	45	1	179	0.301854974705	raw	330
A	45	1	179	0.97435869791	norm	330
C	45	1	116	0.195615514334	raw	330
C	45	1	116	1.02473756641	norm	330
G	45	1	88	0.148397976391	raw	330
G	45	1	88	0.778608099006	norm	330
T	46	1	255	0.430016863406	raw	330
T	46	1	255	1.39292878152	norm	330
A	46	1	130	0.219224283305	raw	330
A	46	1	130	0.707634808538	norm	330
C	46	1	106	0.178752107926	raw	330
C	46	1	106	0.936398121027	norm	330
G	46	1	102	0.172006745363	raw	330
G	46	1	102	0.902477569303	norm	330
T	47	1	200	0.337268128162	raw	330
T	47	1	200	1.09249316198	norm	330
G	47	1	143	0.241146711636	raw	330
G	47	1	143	1.26523816089	norm	330
A	47	1	137	0.231028667791	raw	330
A	47	1	137	0.745738221306	norm	330
C	47	1	113	0.190556492411	raw	330
C	47	1	113	0.998235732793	norm	330
A	48	1	202	0.340640809444	raw	330
A	48	1	202	1.09955562557	norm	330
T	48	1	152	0.256323777403	raw	330
T	48	1	152	0.830294803104	norm	330
C	48	1	121	0.204047217538	raw	330
C	48	1	121	1.0689072891	norm	330
G	48	1	118	0.198988195616	raw	330
G	48	1	118	1.04404267821	norm	330
T	49	1	229	0.386172006745	raw	330
T	49	1	229	1.25090467047	norm	330
A	49	1	188	0.317032040472	raw	330
A	49	1	188	1.02334880004	norm	330
G	49	1	89	0.150084317032	raw	330
G	49	1	89	0.787455918313	norm	330
C	49	1	87	0.14671163575	raw	330
C	49	1	87	0.768553174805	norm	330
T	50	1	204	0.344013490725	raw	330
T	50	1	204	1.11434302522	norm	330
A	50	1	202	0.340640809444	raw	330
A	50	1	202	1.09955562557	norm	330
C	50	1	94	0.158516020236	raw	330
C	50	1	94	0.830390786571	norm	330
G	50	1	93	0.156829679595	raw	330
G	50	1	93	0.822847195541	norm	330
A	51	1	213	0.359190556492	raw	330
A	51	1	213	1.15943241707	norm	330
T	51	1	168	0.283305227656	raw	330
T	51	1	168	0.917694256063	norm	330
C	51	1	127	0.214165261383	raw	330
C	51	1	127	1.12191095632	norm	330
G	51	1	85	0.143338954469	raw	330
G	51	1	85	0.752064641086	norm	330
A	52	1	220	0.370994940978	raw	330
A	52	1	220	1.19753582983	norm	330
T	52	1	170	0.286677908938	raw	330
T	52	1	170	0.928619187682	norm	330
C	52	1	105	0.177065767285	raw	330
C	52	1	105	0.927564176489	norm	330
G	52	1	98	0.165261382799	raw	330
G	52	1	98	0.867086292075	norm	330
A	53	1	261	0.440134907251	raw	330
A	53	1	261	1.42071296176	norm	330
T	53	1	140	0.236087689713	raw	330
T	53	1	140	0.764745213386	norm	330
C	53	1	99	0.16694772344	raw	330
C	53	1	99	0.874560509261	norm	330
G	53	1	93	0.156829679595	raw	330
G	53	1	93	0.822847195541	norm	330
A	54	1	198	0.33389544688	raw	330
A	54	1	198	1.07778224685	norm	330
T	54	1	158	0.266441821248	raw	330
T	54	1	158	0.863069597964	norm	330
G	54	1	128	0.215851602024	raw	330
G	54	1	128	1.13252087128	norm	330
C	54	1	109	0.183811129848	raw	330
C	54	1	109	0.962899954641	norm	330
A	55	1	224	0.377740303541	raw	330
A	55	1	224	1.21930920856	norm	330
T	55	1	182	0.306913996627	raw	330
T	55	1	182	0.994168777401	norm	330
G	55	1	101	0.170320404722	raw	330
G	55	1	101	0.893629749996	norm	330
C	55	1	86	0.14502529511	raw	330
C	55	1	86	0.759719230267	norm	330
T	56	1	225	0.379426644182	raw	330
T	56	1	225	1.22905480723	norm	330
A	56	1	197	0.332209106239	raw	330
A	56	1	197	1.07233890217	norm	330
C	56	1	99	0.16694772344	raw	330
C	56	1	99	0.874560509261	norm	330
G	56	1	72	0.121416526138	raw	330
G	56	1	72	0.637042990096	norm	330
A	57	1	220	0.370994940978	raw	330
A	57	1	220	1.19753582983	norm	330
T	57	1	148	0.24957841484	raw	330
T	57	1	148	0.808444939865	norm	330
C	57	1	131	0.220910623946	raw	330
C	57	1	131	1.15724673448	norm	330
G	57	1	94	0.158516020236	raw	330
G	57	1	94	0.831695014848	norm	330
T	58	1	227	0.382799325464	raw	330
T	58	1	227	1.23997973885	norm	330
A	58	1	170	0.286677908938	raw	330
A	58	1	170	0.925368595781	norm	330
C	58	1	105	0.177065767285	raw	330
C	58	1	105	0.927564176489	norm	330
G	58	1	91	0.153456998314	raw	330
G	58	1	91	0.805151556927	norm	330
A	59	1	216	0.364249578415	raw	330
A	59	1	216	1.17576245111	norm	330
T	59	1	156	0.263069139966	raw	330
T	59	1	156	0.852144666344	norm	330
G	59	1	112	0.188870151771	raw	330
G	59	1	112	0.990955762372	norm	330
C	59	1	109	0.183811129848	raw	330
C	59	1	109	0.962899954641	norm	330
A	60	1	235	0.39629005059	raw	330
A	60	1	235	1.27918600005	norm	330
T	60	1	171	0.288364249578	raw	330
T	60	1	171	0.934081653492	norm	330
G	60	1	96	0.161888701518	raw	330
G	60	1	96	0.849390653461	norm	330
C	60	1	91	0.153456998314	raw	330
C	60	1	91	0.803888952957	norm	330
A	61	1	229	0.386172006745	raw	330
A	61	1	229	1.24652593196	norm	330
T	61	1	174	0.293423271501	raw	330
T	61	1	174	0.950469050922	norm	330
G	61	1	99	0.16694772344	raw	330
G	61	1	99	0.875934111382	norm	330
C	61	1	91	0.153456998314	raw	330
C	61	1	91	0.803888952957	norm	330
A	62	1	204	0.344013490725	raw	330
A	62	1	204	1.11044231494	norm	330
T	62	1	194	0.327150084317	raw	330
T	62	1	194	1.05971836712	norm	330
G	62	1	98	0.165261382799	raw	330
G	62	1	98	0.867086292075	norm	330
C	62	1	97	0.163575042159	raw	330
C	62	1	97	0.856892620185	norm	330
A	63	1	203	0.342327150084	raw	330
A	63	1	203	1.10499897026	norm	330
T	63	1	176	0.296795952782	raw	330
T	63	1	176	0.961393982542	norm	330
C	63	1	120	0.202360876897	raw	330
C	63	1	120	1.06007334456	norm	330
G	63	1	94	0.158516020236	raw	330
G	63	1	94	0.831695014848	norm	330
A	64	1	255	0.430016863406	raw	330
A	64	1	255	1.38805289367	norm	330
T	64	1	174	0.293423271501	raw	330
T	64	1	174	0.950469050922	norm	330
G	64	1	95	0.160202360877	raw	330
G	64	1	95	0.840542834154	norm	330
C	64	1	69	0.116357504216	raw	330
C	64	1	69	0.609542173121	norm	330
A	65	1	234	0.394603709949	raw	330
A	65	1	234	1.27374265537	norm	330
T	65	1	177	0.298482293423	raw	330
T	65	1	177	0.966856448352	norm	330
C	65	1	93	0.156829679595	raw	330
C	65	1	93	0.821556842033	norm	330
G	65	1	89	0.150084317032	raw	330
G	65	1	89	0.787455918313	norm	330
A	66	1	195	0.328836424958	raw	330
A	66	1	195	1.06145221281	norm	330
T	66	1	194	0.327150084317	raw	330
T	66	1	194	1.05971836712	norm	330
G	66	1	103	0.173693086003	raw	330
G	66	1	103	0.91132538861	norm	330
C	66	1	101	0.170320404722	raw	330
C	66	1	101	0.892228398337	norm	330
A	67	1	241	0.406408094435	raw	330
A	67	1	241	1.31184606814	norm	330
T	67	1	165	0.278246205734	raw	330
T	67	1	165	0.901306858633	norm	330
C	67	1	94	0.158516020236	raw	330
C	67	1	94	0.830390786571	norm	330
G	67	1	93	0.156829679595	raw	330
G	67	1	93	0.822847195541	norm	330
A	68	1	208	0.350758853288	raw	330
A	68	1	208	1.13221569366	norm	330
T	68	1	191	0.322091062395	raw	330
T	68	1	191	1.04333096969	norm	330
C	68	1	106	0.178752107926	raw	330
C	68	1	106	0.936398121027	norm	330
G	68	1	88	0.148397976391	raw	330
G	68	1	88	0.778608099006	norm	330
T	69	1	210	0.35413153457	raw	330
T	69	1	210	1.14711782008	norm	330
A	69	1	164	0.276559865093	raw	330
A	69	1	164	0.892708527694	norm	330
G	69	1	119	0.200674536256	raw	330
G	69	1	119	1.05289049752	norm	330
C	69	1	100	0.168634064081	raw	330
C	69	1	100	0.883394453799	norm	330
A	70	1	204	0.344013490725	raw	330
A	70	1	204	1.11044231494	norm	330
T	70	1	144	0.242833052277	raw	330
T	70	1	144	0.786595076625	norm	330
G	70	1	124	0.20910623946	raw	330
G	70	1	124	1.09712959405	norm	330
C	70	1	121	0.204047217538	raw	330
C	70	1	121	1.0689072891	norm	330
A	71	1	160	0.26981450253	raw	330
A	71	1	160	0.87093514897	norm	330
C	71	1	159	0.268128161889	raw	330
C	71	1	159	1.40459718154	norm	330
T	71	1	155	0.261382799325	raw	330
T	71	1	155	0.846682200534	norm	330
G	71	1	119	0.200674536256	raw	330
G	71	1	119	1.05289049752	norm	330
A	72	1	206	0.347386172007	raw	330
A	72	1	206	1.1213290043	norm	330
T	72	1	204	0.344013490725	raw	330
T	72	1	204	1.11434302522	norm	330
G	72	1	102	0.172006745363	raw	330
G	72	1	102	0.902477569303	norm	330
C	72	1	81	0.136593591906	raw	330
C	72	1	81	0.715549507577	norm	330
A	73	1	228	0.384485666105	raw	330
A	73	1	228	1.24108258728	norm	330
T	73	1	168	0.283305227656	raw	330
T	73	1	168	0.917694256063	norm	330
C	73	1	115	0.193929173693	raw	330
C	73	1	115	1.01590362187	norm	330
G	73	1	82	0.138279932546	raw	330
G	73	1	82	0.725521183165	norm	330
A	74	1	200	0.337268128162	raw	330
A	74	1	200	1.08866893621	norm	330
T	74	1	190	0.320404721754	raw	330
T	74	1	190	1.03786850388	norm	330
C	74	1	127	0.214165261383	raw	330
C	74	1	127	1.12191095632	norm	330
G	74	1	76	0.128161888702	raw	330
G	74	1	76	0.672434267324	norm	330
A	75	1	201	0.338954468803	raw	330
A	75	1	201	1.09411228089	norm	330
T	75	1	166	0.279932546374	raw	330
T	75	1	166	0.906769324443	norm	330
G	75	1	123	0.20741989882	raw	330
G	75	1	123	1.08828177475	norm	330
C	75	1	103	0.173693086003	raw	330
C	75	1	103	0.909896287413	norm	330
A	76	1	183	0.308600337268	raw	330
A	76	1	183	0.996132076635	norm	330
T	76	1	167	0.281618887015	raw	330
T	76	1	167	0.912231790253	norm	330
G	76	1	129	0.217537942664	raw	330
G	76	1	129	1.14136869059	norm	330
C	76	1	114	0.192242833052	raw	330
C	76	1	114	1.00706967733	norm	330
T	77	1	201	0.338954468803	raw	330
T	77	1	201	1.09795562779	norm	330
A	77	1	188	0.317032040472	raw	330
A	77	1	188	1.02334880004	norm	330
G	77	1	106	0.178752107926	raw	330
G	77	1	106	0.93786884653	norm	330
C	77	1	98	0.165261382799	raw	330
C	77	1	98	0.865726564723	norm	330
A	78	1	213	0.359190556492	raw	330
A	78	1	213	1.15943241707	norm	330
T	78	1	174	0.293423271501	raw	330
T	78	1	174	0.950469050922	norm	330
G	78	1	113	0.190556492411	raw	330
G	78	1	113	0.999803581679	norm	330
C	78	1	93	0.156829679595	raw	330
C	78	1	93	0.821556842033	norm	330
A	79	1	221	0.372681281619	raw	330
A	79	1	221	1.20297917451	norm	330
T	79	1	156	0.263069139966	raw	330
T	79	1	156	0.852144666344	norm	330
G	79	1	129	0.217537942664	raw	330
G	79	1	129	1.14136869059	norm	330
C	79	1	87	0.14671163575	raw	330
C	79	1	87	0.768553174805	norm	330
A	80	1	228	0.384485666105	raw	330
A	80	1	228	1.24108258728	norm	330
T	80	1	170	0.286677908938	raw	330
T	80	1	170	0.928619187682	norm	330
C	80	1	101	0.170320404722	raw	330
C	80	1	101	0.892228398337	norm	330
G	80	1	94	0.158516020236	raw	330
G	80	1	94	0.831695014848	norm	330
T	81	1	212	0.357504215852	raw	330
T	81	1	212	1.1580427517	norm	330
A	81	1	190	0.320404721754	raw	330
A	81	1	190	1.0342354894	norm	330
G	81	1	111	0.18718381113	raw	330
G	81	1	111	0.982107943065	norm	330
C	81	1	80	0.134907251265	raw	330
C	81	1	80	0.706715563039	norm	330
A	82	1	270	0.455311973019	raw	330
A	82	1	270	1.46970306389	norm	330
T	82	1	176	0.296795952782	raw	330
T	82	1	176	0.961393982542	norm	330
G	82	1	74	0.12478920742	raw	330
G	82	1	74	0.65473862871	norm	330
C	82	1	73	0.123102866779	raw	330
C	82	1	73	0.644877951273	norm	330
A	83	1	257	0.433389544688	raw	330
A	83	1	257	1.39893958303	norm	330
T	83	1	176	0.296795952782	raw	330
T	83	1	176	0.961393982542	norm	330
G	83	1	90	0.151770657673	raw	330
G	83	1	90	0.79630373762	norm	330
C	83	1	70	0.118043844857	raw	330
C	83	1	70	0.618376117659	norm	330
A	84	1	215	0.362563237774	raw	330
A	84	1	215	1.17031910643	norm	330
T	84	1	173	0.29173693086	raw	330
T	84	1	173	0.945006585112	norm	330
C	84	1	143	0.241146711636	raw	330
C	84	1	143	1.26325406893	norm	330
G	84	1	62	0.10455311973	raw	330
G	84	1	62	0.548564797027	norm	330
A	85	1	234	0.394603709949	raw	330
A	85	1	234	1.27374265537	norm	330
T	85	1	141	0.237774030354	raw	330
T	85	1	141	0.770207679195	norm	330
C	85	1	115	0.193929173693	raw	330
C	85	1	115	1.01590362187	norm	330
G	85	1	103	0.173693086003	raw	330
G	85	1	103	0.91132538861	norm	330
T	86	1	193	0.325463743676	raw	330
T	86	1	193	1.05425590131	norm	330
A	86	1	172	0.290050590219	raw	330
A	86	1	172	0.936255285143	norm	330
C	86	1	134	0.225969645868	raw	330
C	86	1	134	1.18374856809	norm	330
G	86	1	94	0.158516020236	raw	330
G	86	1	94	0.831695014848	norm	330
A	87	1	240	0.404721753794	raw	330
A	87	1	240	1.30640272346	norm	330
T	87	1	188	0.317032040472	raw	330
T	87	1	188	1.02694357226	norm	330
C	87	1	84	0.141652613828	raw	330
C	87	1	84	0.742051341191	norm	330
G	87	1	81	0.136593591906	raw	330
G	87	1	81	0.716673363858	norm	330
T	88	1	214	0.360876897133	raw	330
T	88	1	214	1.16896768332	norm	330
A	88	1	151	0.254637436762	raw	330
A	88	1	151	0.821945046841	norm	330
C	88	1	119	0.200674536256	raw	330
C	88	1	119	1.05123940002	norm	330
G	88	1	109	0.183811129848	raw	330
G	88	1	109	0.964412304451	norm	330
T	89	1	210	0.35413153457	raw	330
T	89	1	210	1.14711782008	norm	330
A	89	1	181	0.305227655987	raw	330
A	89	1	181	0.985245387272	norm	330
G	89	1	102	0.172006745363	raw	330
G	89	1	102	0.902477569303	norm	330
C	89	1	100	0.168634064081	raw	330
C	89	1	100	0.883394453799	norm	330
A	90	1	203	0.342327150084	raw	330
A	90	1	203	1.10499897026	norm	330
T	90	1	142	0.239460370995	raw	330
T	90	1	142	0.775670145005	norm	330
G	90	1	140	0.236087689713	raw	330
G	90	1	140	1.23869470296	norm	330
C	90	1	108	0.182124789207	raw	330
C	90	1	108	0.954066010103	norm	330
A	91	1	207	0.349072512648	raw	330
A	91	1	207	1.12677234898	norm	330
T	91	1	203	0.342327150084	raw	330
T	91	1	203	1.10888055941	norm	330
G	91	1	99	0.16694772344	raw	330
G	91	1	99	0.875934111382	norm	330
C	91	1	84	0.141652613828	raw	330
C	91	1	84	0.742051341191	norm	330
A	92	1	190	0.320404721754	raw	330
A	92	1	190	1.0342354894	norm	330
T	92	1	161	0.27150084317	raw	330
T	92	1	161	0.879456995393	norm	330
G	92	1	147	0.247892074199	raw	330
G	92	1	147	1.30062943811	norm	330
C	92	1	95	0.160202360877	raw	330
C	92	1	95	0.839224731109	norm	330
A	93	1	232	0.391231028668	raw	330
A	93	1	232	1.26285596601	norm	330
T	93	1	160	0.26981450253	raw	330
T	93	1	160	0.873994529583	norm	330
G	93	1	117	0.197301854975	raw	330
G	93	1	117	1.03519485891	norm	330
C	93	1	84	0.141652613828	raw	330
C	93	1	84	0.742051341191	norm	330
T	94	1	190	0.320404721754	raw	330
T	94	1	190	1.03786850388	norm	330
A	94	1	187	0.315345699831	raw	330
A	94	1	187	1.01790545536	norm	330
C	94	1	118	0.198988195616	raw	330
C	94	1	118	1.04240545548	norm	330
G	94	1	98	0.165261382799	raw	330
G	94	1	98	0.867086292075	norm	330
T	95	1	211	0.355817875211	raw	330
T	95	1	211	1.15258028589	norm	330
A	95	1	181	0.305227655987	raw	330
A	95	1	181	0.985245387272	norm	330
G	95	1	119	0.200674536256	raw	330
G	95	1	119	1.05289049752	norm	330
C	95	1	82	0.138279932546	raw	330
C	95	1	82	0.724383452115	norm	330
A	96	1	238	0.401349072513	raw	330
A	96	1	238	1.29551603409	norm	330
T	96	1	156	0.263069139966	raw	330
T	96	1	156	0.852144666344	norm	330
G	96	1	116	0.195615514334	raw	330
G	96	1	116	1.0263470396	norm	330
C	96	1	83	0.139966273187	raw	330
C	96	1	83	0.733217396653	norm	330
T	97	1	193	0.325463743676	raw	330
T	97	1	193	1.05425590131	norm	330
A	97	1	171	0.288364249578	raw	330
A	97	1	171	0.930811940462	norm	330
C	97	1	117	0.197301854975	raw	330
C	97	1	117	1.03357151094	norm	330
G	97	1	112	0.188870151771	raw	330
G	97	1	112	0.990955762372	norm	330
A	98	1	190	0.320404721754	raw	330
A	98	1	190	1.0342354894	norm	330
T	98	1	173	0.29173693086	raw	330
T	98	1	173	0.945006585112	norm	330
C	98	1	129	0.217537942664	raw	330
C	98	1	129	1.1395788454	norm	330
G	98	1	101	0.170320404722	raw	330
G	98	1	101	0.893629749996	norm	330
A	99	1	199	0.335581787521	raw	330
A	99	1	199	1.08322559153	norm	330
T	99	1	159	0.268128161889	raw	330
T	99	1	159	0.868532063774	norm	330
C	99	1	129	0.217537942664	raw	330
C	99	1	129	1.1395788454	norm	330
G	99	1	106	0.178752107926	raw	330
G	99	1	106	0.93786884653	norm	330
T	100	1	194	0.327150084317	raw	330
T	100	1	194	1.05971836712	norm	330
C	100	1	166	0.279932546374	raw	330
C	100	1	166	1.46643479331	norm	330
A	100	1	132	0.222596964587	raw	330
A	100	1	132	0.7185214979	norm	330
G	100	1	101	0.170320404722	raw	330
G	100	1	101	0.893629749996	norm	330
