#nuc	offset	region.size	count	freq	norm.freq	total.sites
A	-100	1	153	0.375	raw	344
A	-100	1	153	1.21046377345	norm	344
T	-100	1	108	0.264705882353	raw	344
T	-100	1	108	0.857446471395	norm	344
G	-100	1	77	0.188725490196	raw	344
G	-100	1	77	0.990196758264	norm	344
C	-100	1	70	0.171568627451	raw	344
C	-100	1	70	0.898767249441	norm	344
A	-99	1	145	0.355392156863	raw	344
A	-99	1	145	1.14717155	norm	344
T	-99	1	126	0.308823529412	raw	344
T	-99	1	126	1.00035421663	norm	344
G	-99	1	72	0.176470588235	raw	344
G	-99	1	72	0.925898267468	norm	344
C	-99	1	65	0.15931372549	raw	344
C	-99	1	65	0.834569588767	norm	344
A	-98	1	131	0.321078431373	raw	344
A	-98	1	131	1.03641015897	norm	344
T	-98	1	113	0.276960784314	raw	344
T	-98	1	113	0.897143067293	norm	344
C	-98	1	93	0.227941176471	raw	344
C	-98	1	93	1.19407648854	norm	344
G	-98	1	71	0.174019607843	raw	344
G	-98	1	71	0.913038569309	norm	344
A	-97	1	123	0.301470588235	raw	344
A	-97	1	123	0.97311793552	norm	344
T	-97	1	117	0.286764705882	raw	344
T	-97	1	117	0.928900344011	norm	344
C	-97	1	106	0.259803921569	raw	344
C	-97	1	106	1.3609904063	norm	344
G	-97	1	62	0.151960784314	raw	344
G	-97	1	62	0.797301285875	norm	344
T	-96	1	126	0.308823529412	raw	344
T	-96	1	126	1.00035421663	norm	344
A	-96	1	111	0.272058823529	raw	344
A	-96	1	111	0.878179600347	norm	344
C	-96	1	95	0.232843137255	raw	344
C	-96	1	95	1.21975555281	norm	344
G	-96	1	76	0.186274509804	raw	344
G	-96	1	76	0.977337060105	norm	344
T	-95	1	132	0.323529411765	raw	344
T	-95	1	132	1.0479901317	norm	344
A	-95	1	114	0.279411764706	raw	344
A	-95	1	114	0.90191418414	norm	344
C	-95	1	84	0.205882352941	raw	344
C	-95	1	84	1.07852069933	norm	344
G	-95	1	78	0.191176470588	raw	344
G	-95	1	78	1.00305645642	norm	344
T	-94	1	138	0.338235294118	raw	344
T	-94	1	138	1.09562604678	norm	344
A	-94	1	133	0.325980392157	raw	344
A	-94	1	133	1.05223321483	norm	344
C	-94	1	79	0.19362745098	raw	344
C	-94	1	79	1.01432303865	norm	344
G	-94	1	58	0.142156862745	raw	344
G	-94	1	58	0.745862493238	norm	344
T	-93	1	130	0.31862745098	raw	344
T	-93	1	130	1.03211149335	norm	344
A	-93	1	107	0.262254901961	raw	344
A	-93	1	107	0.846533488623	norm	344
C	-93	1	91	0.223039215686	raw	344
C	-93	1	91	1.16839742427	norm	344
G	-93	1	80	0.196078431373	raw	344
G	-93	1	80	1.02877585274	norm	344
T	-92	1	126	0.308823529412	raw	344
T	-92	1	126	1.00035421663	norm	344
A	-92	1	118	0.289215686275	raw	344
A	-92	1	118	0.933560295864	norm	344
C	-92	1	84	0.205882352941	raw	344
C	-92	1	84	1.07852069933	norm	344
G	-92	1	80	0.196078431373	raw	344
G	-92	1	80	1.02877585274	norm	344
A	-91	1	142	0.348039215686	raw	344
A	-91	1	142	1.12343696621	norm	344
T	-91	1	102	0.25	raw	344
T	-91	1	102	0.809810556317	norm	344
C	-91	1	90	0.220588235294	raw	344
C	-91	1	90	1.15555789214	norm	344
G	-91	1	74	0.18137254902	raw	344
G	-91	1	74	0.951617663787	norm	344
A	-90	1	142	0.348039215686	raw	344
A	-90	1	142	1.12343696621	norm	344
T	-90	1	130	0.31862745098	raw	344
T	-90	1	130	1.03211149335	norm	344
G	-90	1	70	0.171568627451	raw	344
G	-90	1	70	0.900178871149	norm	344
C	-90	1	66	0.161764705882	raw	344
C	-90	1	66	0.847409120901	norm	344
A	-89	1	146	0.357843137255	raw	344
A	-89	1	146	1.15508307793	norm	344
T	-89	1	121	0.296568627451	raw	344
T	-89	1	121	0.960657620729	norm	344
C	-89	1	85	0.208333333333	raw	344
C	-89	1	85	1.09136023146	norm	344
G	-89	1	56	0.137254901961	raw	344
G	-89	1	56	0.72014309692	norm	344
T	-88	1	155	0.379901960784	raw	344
T	-88	1	155	1.23059447283	norm	344
A	-88	1	128	0.313725490196	raw	344
A	-88	1	128	1.01267557518	norm	344
G	-88	1	64	0.156862745098	raw	344
G	-88	1	64	0.823020682194	norm	344
C	-88	1	61	0.149509803922	raw	344
C	-88	1	61	0.783211460227	norm	344
A	-87	1	134	0.328431372549	raw	344
A	-87	1	134	1.06014474276	norm	344
T	-87	1	132	0.323529411765	raw	344
T	-87	1	132	1.0479901317	norm	344
G	-87	1	78	0.191176470588	raw	344
G	-87	1	78	1.00305645642	norm	344
C	-87	1	64	0.156862745098	raw	344
C	-87	1	64	0.821730056632	norm	344
A	-86	1	121	0.296568627451	raw	344
A	-86	1	121	0.957294879658	norm	344
T	-86	1	118	0.289215686275	raw	344
T	-86	1	118	0.93683966319	norm	344
G	-86	1	104	0.254901960784	raw	344
G	-86	1	104	1.33740860856	norm	344
C	-86	1	65	0.15931372549	raw	344
C	-86	1	65	0.834569588767	norm	344
T	-85	1	144	0.352941176471	raw	344
T	-85	1	144	1.14326196186	norm	344
A	-85	1	132	0.323529411765	raw	344
A	-85	1	132	1.0443216869	norm	344
C	-85	1	78	0.191176470588	raw	344
C	-85	1	78	1.00148350652	norm	344
G	-85	1	54	0.132352941176	raw	344
G	-85	1	54	0.694423700601	norm	344
A	-84	1	122	0.299019607843	raw	344
A	-84	1	122	0.965206407589	norm	344
T	-84	1	114	0.279411764706	raw	344
T	-84	1	114	0.905082386472	norm	344
C	-84	1	93	0.227941176471	raw	344
C	-84	1	93	1.19407648854	norm	344
G	-84	1	79	0.19362745098	raw	344
G	-84	1	79	1.01591615458	norm	344
T	-83	1	123	0.301470588235	raw	344
T	-83	1	123	0.976536259088	norm	344
A	-83	1	115	0.281862745098	raw	344
A	-83	1	115	0.909825712071	norm	344
G	-83	1	91	0.223039215686	raw	344
G	-83	1	91	1.17023253249	norm	344
C	-83	1	79	0.19362745098	raw	344
C	-83	1	79	1.01432303865	norm	344
T	-82	1	123	0.301470588235	raw	344
T	-82	1	123	0.976536259088	norm	344
A	-82	1	113	0.276960784314	raw	344
A	-82	1	113	0.894002656209	norm	344
G	-82	1	93	0.227941176471	raw	344
G	-82	1	93	1.19595192881	norm	344
C	-82	1	79	0.19362745098	raw	344
C	-82	1	79	1.01432303865	norm	344
A	-81	1	127	0.311274509804	raw	344
A	-81	1	127	1.00476404724	norm	344
T	-81	1	112	0.274509803922	raw	344
T	-81	1	112	0.889203748113	norm	344
C	-81	1	94	0.230392156863	raw	344
C	-81	1	94	1.20691602068	norm	344
G	-81	1	75	0.183823529412	raw	344
G	-81	1	75	0.964477361946	norm	344
T	-80	1	152	0.372549019608	raw	344
T	-80	1	152	1.2067765153	norm	344
A	-80	1	127	0.311274509804	raw	344
A	-80	1	127	1.00476404724	norm	344
C	-80	1	73	0.178921568627	raw	344
C	-80	1	73	0.937285845846	norm	344
G	-80	1	56	0.137254901961	raw	344
G	-80	1	56	0.72014309692	norm	344
T	-79	1	140	0.343137254902	raw	344
T	-79	1	140	1.11150468514	norm	344
A	-79	1	128	0.313725490196	raw	344
A	-79	1	128	1.01267557518	norm	344
G	-79	1	74	0.18137254902	raw	344
G	-79	1	74	0.951617663787	norm	344
C	-79	1	66	0.161764705882	raw	344
C	-79	1	66	0.847409120901	norm	344
C	-78	1	116	0.28431372549	raw	344
C	-78	1	116	1.48938572764	norm	344
T	-78	1	116	0.28431372549	raw	344
T	-78	1	116	0.920961024831	norm	344
A	-78	1	108	0.264705882353	raw	344
A	-78	1	108	0.854445016554	norm	344
G	-78	1	68	0.166666666667	raw	344
G	-78	1	68	0.874459474831	norm	344
A	-77	1	139	0.34068627451	raw	344
A	-77	1	139	1.09970238242	norm	344
T	-77	1	138	0.338235294118	raw	344
T	-77	1	138	1.09562604678	norm	344
C	-77	1	66	0.161764705882	raw	344
C	-77	1	66	0.847409120901	norm	344
G	-77	1	65	0.15931372549	raw	344
G	-77	1	65	0.835880380353	norm	344
A	-76	1	131	0.321078431373	raw	344
A	-76	1	131	1.03641015897	norm	344
T	-76	1	103	0.252450980392	raw	344
T	-76	1	103	0.817749875497	norm	344
G	-76	1	95	0.232843137255	raw	344
G	-76	1	95	1.22167132513	norm	344
C	-76	1	79	0.19362745098	raw	344
C	-76	1	79	1.01432303865	norm	344
A	-75	1	136	0.333333333333	raw	344
A	-75	1	136	1.07596779862	norm	344
T	-75	1	110	0.269607843137	raw	344
T	-75	1	110	0.873325109754	norm	344
C	-75	1	86	0.210784313725	raw	344
C	-75	1	86	1.1041997636	norm	344
G	-75	1	76	0.186274509804	raw	344
G	-75	1	76	0.977337060105	norm	344
A	-74	1	144	0.352941176471	raw	344
A	-74	1	144	1.13926002207	norm	344
T	-74	1	127	0.311274509804	raw	344
T	-74	1	127	1.00829353581	norm	344
C	-74	1	69	0.169117647059	raw	344
C	-74	1	69	0.885927717306	norm	344
G	-74	1	68	0.166666666667	raw	344
G	-74	1	68	0.874459474831	norm	344
T	-73	1	134	0.328431372549	raw	344
T	-73	1	134	1.06386877006	norm	344
A	-73	1	128	0.313725490196	raw	344
A	-73	1	128	1.01267557518	norm	344
C	-73	1	84	0.205882352941	raw	344
C	-73	1	84	1.07852069933	norm	344
G	-73	1	62	0.151960784314	raw	344
G	-73	1	62	0.797301285875	norm	344
A	-72	1	120	0.294117647059	raw	344
A	-72	1	120	0.949383351727	norm	344
T	-72	1	118	0.289215686275	raw	344
T	-72	1	118	0.93683966319	norm	344
G	-72	1	101	0.247549019608	raw	344
G	-72	1	101	1.29882951409	norm	344
C	-72	1	69	0.169117647059	raw	344
C	-72	1	69	0.885927717306	norm	344
A	-71	1	140	0.343137254902	raw	344
A	-71	1	140	1.10761391035	norm	344
T	-71	1	123	0.301470588235	raw	344
T	-71	1	123	0.976536259088	norm	344
C	-71	1	86	0.210784313725	raw	344
C	-71	1	86	1.1041997636	norm	344
G	-71	1	59	0.144607843137	raw	344
G	-71	1	59	0.758722191397	norm	344
A	-70	1	155	0.379901960784	raw	344
A	-70	1	155	1.22628682931	norm	344
T	-70	1	122	0.299019607843	raw	344
T	-70	1	122	0.968596939909	norm	344
C	-70	1	67	0.164215686275	raw	344
C	-70	1	67	0.860248653036	norm	344
G	-70	1	64	0.156862745098	raw	344
G	-70	1	64	0.823020682194	norm	344
A	-69	1	131	0.321078431373	raw	344
A	-69	1	131	1.03641015897	norm	344
T	-69	1	115	0.281862745098	raw	344
T	-69	1	115	0.913021705652	norm	344
G	-69	1	91	0.223039215686	raw	344
G	-69	1	91	1.17023253249	norm	344
C	-69	1	71	0.174019607843	raw	344
C	-69	1	71	0.911606781576	norm	344
A	-68	1	136	0.333333333333	raw	344
A	-68	1	136	1.07596779862	norm	344
T	-68	1	103	0.252450980392	raw	344
T	-68	1	103	0.817749875497	norm	344
G	-68	1	88	0.21568627451	raw	344
G	-68	1	88	1.13165343802	norm	344
C	-68	1	81	0.198529411765	raw	344
C	-68	1	81	1.04000210292	norm	344
T	-67	1	138	0.338235294118	raw	344
T	-67	1	138	1.09562604678	norm	344
A	-67	1	119	0.291666666667	raw	344
A	-67	1	119	0.941471823796	norm	344
G	-67	1	85	0.208333333333	raw	344
G	-67	1	85	1.09307434354	norm	344
C	-67	1	66	0.161764705882	raw	344
C	-67	1	66	0.847409120901	norm	344
A	-66	1	124	0.303921568627	raw	344
A	-66	1	124	0.981029463451	norm	344
T	-66	1	110	0.269607843137	raw	344
T	-66	1	110	0.873325109754	norm	344
G	-66	1	94	0.230392156863	raw	344
G	-66	1	94	1.20881162697	norm	344
C	-66	1	80	0.196078431373	raw	344
C	-66	1	80	1.02716257079	norm	344
T	-65	1	132	0.323529411765	raw	344
T	-65	1	132	1.0479901317	norm	344
A	-65	1	131	0.321078431373	raw	344
A	-65	1	131	1.03641015897	norm	344
C	-65	1	75	0.183823529412	raw	344
C	-65	1	75	0.962964910115	norm	344
G	-65	1	70	0.171568627451	raw	344
G	-65	1	70	0.900178871149	norm	344
A	-64	1	140	0.343137254902	raw	344
A	-64	1	140	1.10761391035	norm	344
T	-64	1	127	0.311274509804	raw	344
T	-64	1	127	1.00829353581	norm	344
G	-64	1	75	0.183823529412	raw	344
G	-64	1	75	0.964477361946	norm	344
C	-64	1	66	0.161764705882	raw	344
C	-64	1	66	0.847409120901	norm	344
T	-63	1	135	0.330882352941	raw	344
T	-63	1	135	1.07180808924	norm	344
A	-63	1	120	0.294117647059	raw	344
A	-63	1	120	0.949383351727	norm	344
C	-63	1	95	0.232843137255	raw	344
C	-63	1	95	1.21975555281	norm	344
G	-63	1	58	0.142156862745	raw	344
G	-63	1	58	0.745862493238	norm	344
T	-62	1	146	0.357843137255	raw	344
T	-62	1	146	1.15914060022	norm	344
A	-62	1	123	0.301470588235	raw	344
A	-62	1	123	0.97311793552	norm	344
G	-62	1	75	0.183823529412	raw	344
G	-62	1	75	0.964477361946	norm	344
C	-62	1	64	0.156862745098	raw	344
C	-62	1	64	0.821730056632	norm	344
T	-61	1	123	0.301470588235	raw	344
T	-61	1	123	0.976536259088	norm	344
A	-61	1	119	0.291666666667	raw	344
A	-61	1	119	0.941471823796	norm	344
G	-61	1	94	0.230392156863	raw	344
G	-61	1	94	1.20881162697	norm	344
C	-61	1	72	0.176470588235	raw	344
C	-61	1	72	0.924446313711	norm	344
A	-60	1	138	0.338235294118	raw	344
A	-60	1	138	1.09179085449	norm	344
T	-60	1	110	0.269607843137	raw	344
T	-60	1	110	0.873325109754	norm	344
C	-60	1	88	0.21568627451	raw	344
C	-60	1	88	1.12987882787	norm	344
G	-60	1	72	0.176470588235	raw	344
G	-60	1	72	0.925898267468	norm	344
T	-59	1	153	0.375	raw	344
T	-59	1	153	1.21471583448	norm	344
A	-59	1	125	0.30637254902	raw	344
A	-59	1	125	0.988940991382	norm	344
G	-59	1	70	0.171568627451	raw	344
G	-59	1	70	0.900178871149	norm	344
C	-59	1	60	0.147058823529	raw	344
C	-59	1	60	0.770371928092	norm	344
T	-58	1	153	0.375	raw	344
T	-58	1	153	1.21471583448	norm	344
A	-58	1	121	0.296568627451	raw	344
A	-58	1	121	0.957294879658	norm	344
G	-58	1	69	0.169117647059	raw	344
G	-58	1	69	0.88731917299	norm	344
C	-58	1	65	0.15931372549	raw	344
C	-58	1	65	0.834569588767	norm	344
T	-57	1	143	0.350490196078	raw	344
T	-57	1	143	1.13532264268	norm	344
A	-57	1	110	0.269607843137	raw	344
A	-57	1	110	0.870268072416	norm	344
G	-57	1	78	0.191176470588	raw	344
G	-57	1	78	1.00305645642	norm	344
C	-57	1	77	0.188725490196	raw	344
C	-57	1	77	0.988643974385	norm	344
T	-56	1	142	0.348039215686	raw	344
T	-56	1	142	1.1273833235	norm	344
A	-56	1	128	0.313725490196	raw	344
A	-56	1	128	1.01267557518	norm	344
C	-56	1	83	0.203431372549	raw	344
C	-56	1	83	1.06568116719	norm	344
G	-56	1	55	0.134803921569	raw	344
G	-56	1	55	0.70728339876	norm	344
T	-55	1	144	0.352941176471	raw	344
T	-55	1	144	1.14326196186	norm	344
A	-55	1	115	0.281862745098	raw	344
A	-55	1	115	0.909825712071	norm	344
G	-55	1	77	0.188725490196	raw	344
G	-55	1	77	0.990196758264	norm	344
C	-55	1	72	0.176470588235	raw	344
C	-55	1	72	0.924446313711	norm	344
A	-54	1	136	0.333333333333	raw	344
A	-54	1	136	1.07596779862	norm	344
T	-54	1	111	0.272058823529	raw	344
T	-54	1	111	0.881264428933	norm	344
G	-54	1	91	0.223039215686	raw	344
G	-54	1	91	1.17023253249	norm	344
C	-54	1	70	0.171568627451	raw	344
C	-54	1	70	0.898767249441	norm	344
T	-53	1	165	0.404411764706	raw	344
T	-53	1	165	1.30998766463	norm	344
A	-53	1	104	0.254901960784	raw	344
A	-53	1	104	0.82279890483	norm	344
G	-53	1	83	0.203431372549	raw	344
G	-53	1	83	1.06735494722	norm	344
C	-53	1	56	0.137254901961	raw	344
C	-53	1	56	0.719013799553	norm	344
T	-52	1	150	0.367647058824	raw	344
T	-52	1	150	1.19089787694	norm	344
A	-52	1	121	0.296568627451	raw	344
A	-52	1	121	0.957294879658	norm	344
G	-52	1	82	0.200980392157	raw	344
G	-52	1	82	1.05449524906	norm	344
C	-52	1	55	0.134803921569	raw	344
C	-52	1	55	0.706174267418	norm	344
T	-51	1	125	0.30637254902	raw	344
T	-51	1	125	0.992414897448	norm	344
A	-51	1	112	0.274509803922	raw	344
A	-51	1	112	0.886091128278	norm	344
C	-51	1	91	0.223039215686	raw	344
C	-51	1	91	1.16839742427	norm	344
G	-51	1	80	0.196078431373	raw	344
G	-51	1	80	1.02877585274	norm	344
A	-50	1	131	0.321078431373	raw	344
A	-50	1	131	1.03641015897	norm	344
T	-50	1	130	0.31862745098	raw	344
T	-50	1	130	1.03211149335	norm	344
C	-50	1	83	0.203431372549	raw	344
C	-50	1	83	1.06568116719	norm	344
G	-50	1	64	0.156862745098	raw	344
G	-50	1	64	0.823020682194	norm	344
A	-49	1	151	0.370098039216	raw	344
A	-49	1	151	1.19464071759	norm	344
T	-49	1	97	0.237745098039	raw	344
T	-49	1	97	0.770113960419	norm	344
G	-49	1	91	0.223039215686	raw	344
G	-49	1	91	1.17023253249	norm	344
C	-49	1	69	0.169117647059	raw	344
C	-49	1	69	0.885927717306	norm	344
T	-48	1	137	0.335784313725	raw	344
T	-48	1	137	1.0876867276	norm	344
A	-48	1	122	0.299019607843	raw	344
A	-48	1	122	0.965206407589	norm	344
C	-48	1	88	0.21568627451	raw	344
C	-48	1	88	1.12987882787	norm	344
G	-48	1	61	0.149509803922	raw	344
G	-48	1	61	0.784441587716	norm	344
A	-47	1	123	0.301470588235	raw	344
A	-47	1	123	0.97311793552	norm	344
T	-47	1	121	0.296568627451	raw	344
T	-47	1	121	0.960657620729	norm	344
G	-47	1	96	0.235294117647	raw	344
G	-47	1	96	1.23453102329	norm	344
C	-47	1	68	0.166666666667	raw	344
C	-47	1	68	0.873088185171	norm	344
T	-46	1	130	0.31862745098	raw	344
T	-46	1	130	1.03211149335	norm	344
A	-46	1	129	0.316176470588	raw	344
A	-46	1	129	1.02058710311	norm	344
C	-46	1	75	0.183823529412	raw	344
C	-46	1	75	0.962964910115	norm	344
G	-46	1	74	0.18137254902	raw	344
G	-46	1	74	0.951617663787	norm	344
A	-45	1	130	0.31862745098	raw	344
A	-45	1	130	1.02849863104	norm	344
T	-45	1	122	0.299019607843	raw	344
T	-45	1	122	0.968596939909	norm	344
G	-45	1	90	0.220588235294	raw	344
G	-45	1	90	1.15737283434	norm	344
C	-45	1	66	0.161764705882	raw	344
C	-45	1	66	0.847409120901	norm	344
T	-44	1	128	0.313725490196	raw	344
T	-44	1	128	1.01623285499	norm	344
A	-44	1	115	0.281862745098	raw	344
A	-44	1	115	0.909825712071	norm	344
C	-44	1	85	0.208333333333	raw	344
C	-44	1	85	1.09136023146	norm	344
G	-44	1	80	0.196078431373	raw	344
G	-44	1	80	1.02877585274	norm	344
T	-43	1	154	0.377450980392	raw	344
T	-43	1	154	1.22265515366	norm	344
A	-43	1	111	0.272058823529	raw	344
A	-43	1	111	0.878179600347	norm	344
G	-43	1	77	0.188725490196	raw	344
G	-43	1	77	0.990196758264	norm	344
C	-43	1	66	0.161764705882	raw	344
C	-43	1	66	0.847409120901	norm	344
T	-42	1	143	0.350490196078	raw	344
T	-42	1	143	1.13532264268	norm	344
A	-42	1	112	0.274509803922	raw	344
A	-42	1	112	0.886091128278	norm	344
G	-42	1	82	0.200980392157	raw	344
G	-42	1	82	1.05449524906	norm	344
C	-42	1	71	0.174019607843	raw	344
C	-42	1	71	0.911606781576	norm	344
T	-41	1	160	0.392156862745	raw	344
T	-41	1	160	1.27029106873	norm	344
A	-41	1	98	0.240196078431	raw	344
A	-41	1	98	0.775329737243	norm	344
C	-41	1	83	0.203431372549	raw	344
C	-41	1	83	1.06568116719	norm	344
G	-41	1	67	0.164215686275	raw	344
G	-41	1	67	0.861599776672	norm	344
T	-40	1	143	0.350490196078	raw	344
T	-40	1	143	1.13532264268	norm	344
A	-40	1	112	0.274509803922	raw	344
A	-40	1	112	0.886091128278	norm	344
C	-40	1	83	0.203431372549	raw	344
C	-40	1	83	1.06568116719	norm	344
G	-40	1	70	0.171568627451	raw	344
G	-40	1	70	0.900178871149	norm	344
T	-39	1	141	0.345588235294	raw	344
T	-39	1	141	1.11944400432	norm	344
A	-39	1	135	0.330882352941	raw	344
A	-39	1	135	1.06805627069	norm	344
G	-39	1	78	0.191176470588	raw	344
G	-39	1	78	1.00305645642	norm	344
C	-39	1	54	0.132352941176	raw	344
C	-39	1	54	0.693334735283	norm	344
A	-38	1	142	0.348039215686	raw	344
A	-38	1	142	1.12343696621	norm	344
T	-38	1	128	0.313725490196	raw	344
T	-38	1	128	1.01623285499	norm	344
G	-38	1	81	0.198529411765	raw	344
G	-38	1	81	1.0416355509	norm	344
C	-38	1	57	0.139705882353	raw	344
C	-38	1	57	0.731853331688	norm	344
A	-37	1	127	0.311274509804	raw	344
A	-37	1	127	1.00476404724	norm	344
T	-37	1	121	0.296568627451	raw	344
T	-37	1	121	0.960657620729	norm	344
G	-37	1	86	0.210784313725	raw	344
G	-37	1	86	1.1059340417	norm	344
C	-37	1	74	0.18137254902	raw	344
C	-37	1	74	0.95012537798	norm	344
A	-36	1	116	0.28431372549	raw	344
A	-36	1	116	0.917737240002	norm	344
G	-36	1	112	0.274509803922	raw	344
G	-36	1	112	1.44028619384	norm	344
T	-36	1	108	0.264705882353	raw	344
T	-36	1	108	0.857446471395	norm	344
C	-36	1	72	0.176470588235	raw	344
C	-36	1	72	0.924446313711	norm	344
A	-35	1	137	0.335784313725	raw	344
A	-35	1	137	1.08387932655	norm	344
T	-35	1	114	0.279411764706	raw	344
T	-35	1	114	0.905082386472	norm	344
G	-35	1	81	0.198529411765	raw	344
G	-35	1	81	1.0416355509	norm	344
C	-35	1	76	0.186274509804	raw	344
C	-35	1	76	0.97580444225	norm	344
T	-34	1	137	0.335784313725	raw	344
T	-34	1	137	1.0876867276	norm	344
A	-34	1	105	0.257352941176	raw	344
A	-34	1	105	0.830710432761	norm	344
C	-34	1	92	0.225490196078	raw	344
C	-34	1	92	1.18123695641	norm	344
G	-34	1	74	0.18137254902	raw	344
G	-34	1	74	0.951617663787	norm	344
A	-33	1	114	0.279411764706	raw	344
A	-33	1	114	0.90191418414	norm	344
T	-33	1	111	0.272058823529	raw	344
T	-33	1	111	0.881264428933	norm	344
C	-33	1	107	0.262254901961	raw	344
C	-33	1	107	1.37382993843	norm	344
G	-33	1	76	0.186274509804	raw	344
G	-33	1	76	0.977337060105	norm	344
A	-32	1	146	0.357843137255	raw	344
A	-32	1	146	1.15508307793	norm	344
T	-32	1	123	0.301470588235	raw	344
T	-32	1	123	0.976536259088	norm	344
G	-32	1	80	0.196078431373	raw	344
G	-32	1	80	1.02877585274	norm	344
C	-32	1	59	0.144607843137	raw	344
C	-32	1	59	0.757532395957	norm	344
T	-31	1	155	0.379901960784	raw	344
T	-31	1	155	1.23059447283	norm	344
A	-31	1	130	0.31862745098	raw	344
A	-31	1	130	1.02849863104	norm	344
G	-31	1	69	0.169117647059	raw	344
G	-31	1	69	0.88731917299	norm	344
C	-31	1	54	0.132352941176	raw	344
C	-31	1	54	0.693334735283	norm	344
A	-30	1	132	0.323529411765	raw	344
A	-30	1	132	1.0443216869	norm	344
T	-30	1	125	0.30637254902	raw	344
T	-30	1	125	0.992414897448	norm	344
G	-30	1	80	0.196078431373	raw	344
G	-30	1	80	1.02877585274	norm	344
C	-30	1	71	0.174019607843	raw	344
C	-30	1	71	0.911606781576	norm	344
A	-29	1	132	0.323529411765	raw	344
A	-29	1	132	1.0443216869	norm	344
T	-29	1	100	0.245098039216	raw	344
T	-29	1	100	0.793931917958	norm	344
G	-29	1	91	0.223039215686	raw	344
G	-29	1	91	1.17023253249	norm	344
C	-29	1	85	0.208333333333	raw	344
C	-29	1	85	1.09136023146	norm	344
A	-28	1	155	0.379901960784	raw	344
A	-28	1	155	1.22628682931	norm	344
T	-28	1	110	0.269607843137	raw	344
T	-28	1	110	0.873325109754	norm	344
G	-28	1	80	0.196078431373	raw	344
G	-28	1	80	1.02877585274	norm	344
C	-28	1	63	0.154411764706	raw	344
C	-28	1	63	0.808890524497	norm	344
A	-27	1	140	0.343137254902	raw	344
A	-27	1	140	1.10761391035	norm	344
T	-27	1	111	0.272058823529	raw	344
T	-27	1	111	0.881264428933	norm	344
C	-27	1	82	0.200980392157	raw	344
C	-27	1	82	1.05284163506	norm	344
G	-27	1	75	0.183823529412	raw	344
G	-27	1	75	0.964477361946	norm	344
T	-26	1	151	0.370098039216	raw	344
T	-26	1	151	1.19883719612	norm	344
A	-26	1	101	0.247549019608	raw	344
A	-26	1	101	0.799064321037	norm	344
G	-26	1	86	0.210784313725	raw	344
G	-26	1	86	1.1059340417	norm	344
C	-26	1	70	0.171568627451	raw	344
C	-26	1	70	0.898767249441	norm	344
T	-25	1	137	0.335784313725	raw	344
T	-25	1	137	1.0876867276	norm	344
A	-25	1	119	0.291666666667	raw	344
A	-25	1	119	0.941471823796	norm	344
G	-25	1	84	0.205882352941	raw	344
G	-25	1	84	1.08021464538	norm	344
C	-25	1	68	0.166666666667	raw	344
C	-25	1	68	0.873088185171	norm	344
T	-24	1	137	0.335784313725	raw	344
T	-24	1	137	1.0876867276	norm	344
A	-24	1	128	0.313725490196	raw	344
A	-24	1	128	1.01267557518	norm	344
C	-24	1	79	0.19362745098	raw	344
C	-24	1	79	1.01432303865	norm	344
G	-24	1	64	0.156862745098	raw	344
G	-24	1	64	0.823020682194	norm	344
A	-23	1	131	0.321078431373	raw	344
A	-23	1	131	1.03641015897	norm	344
T	-23	1	119	0.291666666667	raw	344
T	-23	1	119	0.94477898237	norm	344
C	-23	1	92	0.225490196078	raw	344
C	-23	1	92	1.18123695641	norm	344
G	-23	1	66	0.161764705882	raw	344
G	-23	1	66	0.848740078512	norm	344
A	-22	1	123	0.301470588235	raw	344
A	-22	1	123	0.97311793552	norm	344
T	-22	1	116	0.28431372549	raw	344
T	-22	1	116	0.920961024831	norm	344
C	-22	1	91	0.223039215686	raw	344
C	-22	1	91	1.16839742427	norm	344
G	-22	1	78	0.191176470588	raw	344
G	-22	1	78	1.00305645642	norm	344
A	-21	1	125	0.30637254902	raw	344
A	-21	1	125	0.988940991382	norm	344
T	-21	1	121	0.296568627451	raw	344
T	-21	1	121	0.960657620729	norm	344
C	-21	1	86	0.210784313725	raw	344
C	-21	1	86	1.1041997636	norm	344
G	-21	1	76	0.186274509804	raw	344
G	-21	1	76	0.977337060105	norm	344
T	-20	1	144	0.352941176471	raw	344
T	-20	1	144	1.14326196186	norm	344
A	-20	1	118	0.289215686275	raw	344
A	-20	1	118	0.933560295864	norm	344
C	-20	1	79	0.19362745098	raw	344
C	-20	1	79	1.01432303865	norm	344
G	-20	1	67	0.164215686275	raw	344
G	-20	1	67	0.861599776672	norm	344
A	-19	1	144	0.352941176471	raw	344
A	-19	1	144	1.13926002207	norm	344
T	-19	1	128	0.313725490196	raw	344
T	-19	1	128	1.01623285499	norm	344
G	-19	1	70	0.171568627451	raw	344
G	-19	1	70	0.900178871149	norm	344
C	-19	1	66	0.161764705882	raw	344
C	-19	1	66	0.847409120901	norm	344
T	-18	1	142	0.348039215686	raw	344
T	-18	1	142	1.1273833235	norm	344
A	-18	1	107	0.262254901961	raw	344
A	-18	1	107	0.846533488623	norm	344
G	-18	1	83	0.203431372549	raw	344
G	-18	1	83	1.06735494722	norm	344
C	-18	1	76	0.186274509804	raw	344
C	-18	1	76	0.97580444225	norm	344
T	-17	1	145	0.355392156863	raw	344
T	-17	1	145	1.15120128104	norm	344
A	-17	1	109	0.267156862745	raw	344
A	-17	1	109	0.862356544485	norm	344
C	-17	1	86	0.210784313725	raw	344
C	-17	1	86	1.1041997636	norm	344
G	-17	1	68	0.166666666667	raw	344
G	-17	1	68	0.874459474831	norm	344
A	-16	1	143	0.350490196078	raw	344
A	-16	1	143	1.13134849414	norm	344
T	-16	1	127	0.311274509804	raw	344
T	-16	1	127	1.00829353581	norm	344
G	-16	1	83	0.203431372549	raw	344
G	-16	1	83	1.06735494722	norm	344
C	-16	1	55	0.134803921569	raw	344
C	-16	1	55	0.706174267418	norm	344
A	-15	1	151	0.370098039216	raw	344
A	-15	1	151	1.19464071759	norm	344
T	-15	1	126	0.308823529412	raw	344
T	-15	1	126	1.00035421663	norm	344
G	-15	1	77	0.188725490196	raw	344
G	-15	1	77	0.990196758264	norm	344
C	-15	1	54	0.132352941176	raw	344
C	-15	1	54	0.693334735283	norm	344
A	-14	1	144	0.352941176471	raw	344
A	-14	1	144	1.13926002207	norm	344
T	-14	1	118	0.289215686275	raw	344
T	-14	1	118	0.93683966319	norm	344
C	-14	1	76	0.186274509804	raw	344
C	-14	1	76	0.97580444225	norm	344
G	-14	1	70	0.171568627451	raw	344
G	-14	1	70	0.900178871149	norm	344
A	-13	1	145	0.355392156863	raw	344
A	-13	1	145	1.14717155	norm	344
T	-13	1	128	0.313725490196	raw	344
T	-13	1	128	1.01623285499	norm	344
C	-13	1	81	0.198529411765	raw	344
C	-13	1	81	1.04000210292	norm	344
G	-13	1	54	0.132352941176	raw	344
G	-13	1	54	0.694423700601	norm	344
T	-12	1	135	0.330882352941	raw	344
T	-12	1	135	1.07180808924	norm	344
A	-12	1	112	0.274509803922	raw	344
A	-12	1	112	0.886091128278	norm	344
C	-12	1	91	0.223039215686	raw	344
C	-12	1	91	1.16839742427	norm	344
G	-12	1	70	0.171568627451	raw	344
G	-12	1	70	0.900178871149	norm	344
T	-11	1	159	0.389705882353	raw	344
T	-11	1	159	1.26235174955	norm	344
A	-11	1	121	0.296568627451	raw	344
A	-11	1	121	0.957294879658	norm	344
G	-11	1	71	0.174019607843	raw	344
G	-11	1	71	0.913038569309	norm	344
C	-11	1	57	0.139705882353	raw	344
C	-11	1	57	0.731853331688	norm	344
A	-10	1	145	0.355392156863	raw	344
A	-10	1	145	1.14717155	norm	344
T	-10	1	125	0.30637254902	raw	344
T	-10	1	125	0.992414897448	norm	344
C	-10	1	69	0.169117647059	raw	344
C	-10	1	69	0.885927717306	norm	344
G	-10	1	69	0.169117647059	raw	344
G	-10	1	69	0.88731917299	norm	344
A	-9	1	119	0.291666666667	raw	344
A	-9	1	119	0.941471823796	norm	344
T	-9	1	115	0.281862745098	raw	344
T	-9	1	115	0.913021705652	norm	344
G	-9	1	96	0.235294117647	raw	344
G	-9	1	96	1.23453102329	norm	344
C	-9	1	78	0.191176470588	raw	344
C	-9	1	78	1.00148350652	norm	344
T	-8	1	157	0.384803921569	raw	344
T	-8	1	157	1.24647311119	norm	344
A	-8	1	125	0.30637254902	raw	344
A	-8	1	125	0.988940991382	norm	344
C	-8	1	65	0.15931372549	raw	344
C	-8	1	65	0.834569588767	norm	344
G	-8	1	61	0.149509803922	raw	344
G	-8	1	61	0.784441587716	norm	344
T	-7	1	167	0.40931372549	raw	344
T	-7	1	167	1.32586630299	norm	344
A	-7	1	116	0.28431372549	raw	344
A	-7	1	116	0.917737240002	norm	344
C	-7	1	72	0.176470588235	raw	344
C	-7	1	72	0.924446313711	norm	344
G	-7	1	53	0.129901960784	raw	344
G	-7	1	53	0.681564002442	norm	344
T	-6	1	149	0.365196078431	raw	344
T	-6	1	149	1.18295855776	norm	344
A	-6	1	110	0.269607843137	raw	344
A	-6	1	110	0.870268072416	norm	344
C	-6	1	83	0.203431372549	raw	344
C	-6	1	83	1.06568116719	norm	344
G	-6	1	66	0.161764705882	raw	344
G	-6	1	66	0.848740078512	norm	344
T	-5	1	137	0.335784313725	raw	344
T	-5	1	137	1.0876867276	norm	344
A	-5	1	128	0.313725490196	raw	344
A	-5	1	128	1.01267557518	norm	344
C	-5	1	78	0.191176470588	raw	344
C	-5	1	78	1.00148350652	norm	344
G	-5	1	65	0.15931372549	raw	344
G	-5	1	65	0.835880380353	norm	344
T	-4	1	130	0.31862745098	raw	344
T	-4	1	130	1.03211149335	norm	344
A	-4	1	126	0.308823529412	raw	344
A	-4	1	126	0.996852519313	norm	344
G	-4	1	84	0.205882352941	raw	344
G	-4	1	84	1.08021464538	norm	344
C	-4	1	68	0.166666666667	raw	344
C	-4	1	68	0.873088185171	norm	344
T	-3	1	135	0.330882352941	raw	344
T	-3	1	135	1.07180808924	norm	344
A	-3	1	111	0.272058823529	raw	344
A	-3	1	111	0.878179600347	norm	344
C	-3	1	104	0.254901960784	raw	344
C	-3	1	104	1.33531134203	norm	344
G	-3	1	58	0.142156862745	raw	344
G	-3	1	58	0.745862493238	norm	344
T	-2	1	165	0.404411764706	raw	344
T	-2	1	165	1.30998766463	norm	344
A	-2	1	104	0.254901960784	raw	344
A	-2	1	104	0.82279890483	norm	344
C	-2	1	82	0.200980392157	raw	344
C	-2	1	82	1.05284163506	norm	344
G	-2	1	57	0.139705882353	raw	344
G	-2	1	57	0.733002795079	norm	344
T	-1	1	152	0.372549019608	raw	344
T	-1	1	152	1.2067765153	norm	344
A	-1	1	102	0.25	raw	344
A	-1	1	102	0.806975848968	norm	344
G	-1	1	102	0.25	raw	344
G	-1	1	102	1.31168921225	norm	344
C	-1	1	52	0.127450980392	raw	344
C	-1	1	52	0.667655671013	norm	344
A	0	1	138	0.338235294118	raw	344
A	0	1	138	1.09179085449	norm	344
C	0	1	105	0.257352941176	raw	344
C	0	1	105	1.34815087416	norm	344
T	0	1	84	0.205882352941	raw	344
T	0	1	84	0.666902811085	norm	344
G	0	1	81	0.198529411765	raw	344
G	0	1	81	1.0416355509	norm	344
A	1	1	161	0.394607843137	raw	344
A	1	1	161	1.2737559969	norm	344
T	1	1	143	0.350490196078	raw	344
T	1	1	143	1.13532264268	norm	344
C	1	1	61	0.149509803922	raw	344
C	1	1	61	0.783211460227	norm	344
G	1	1	43	0.105392156863	raw	344
G	1	1	43	0.552967020849	norm	344
A	2	1	174	0.426470588235	raw	344
A	2	1	174	1.37660586	norm	344
T	2	1	100	0.245098039216	raw	344
T	2	1	100	0.793931917958	norm	344
C	2	1	81	0.198529411765	raw	344
C	2	1	81	1.04000210292	norm	344
G	2	1	53	0.129901960784	raw	344
G	2	1	53	0.681564002442	norm	344
T	3	1	137	0.335784313725	raw	344
T	3	1	137	1.0876867276	norm	344
A	3	1	132	0.323529411765	raw	344
A	3	1	132	1.0443216869	norm	344
C	3	1	78	0.191176470588	raw	344
C	3	1	78	1.00148350652	norm	344
G	3	1	61	0.149509803922	raw	344
G	3	1	61	0.784441587716	norm	344
A	4	1	168	0.411764705882	raw	344
A	4	1	168	1.32913669242	norm	344
T	4	1	119	0.291666666667	raw	344
T	4	1	119	0.94477898237	norm	344
G	4	1	66	0.161764705882	raw	344
G	4	1	66	0.848740078512	norm	344
C	4	1	55	0.134803921569	raw	344
C	4	1	55	0.706174267418	norm	344
A	5	1	172	0.421568627451	raw	344
A	5	1	172	1.36078280414	norm	344
T	5	1	100	0.245098039216	raw	344
T	5	1	100	0.793931917958	norm	344
C	5	1	69	0.169117647059	raw	344
C	5	1	69	0.885927717306	norm	344
G	5	1	67	0.164215686275	raw	344
G	5	1	67	0.861599776672	norm	344
A	6	1	133	0.325980392157	raw	344
A	6	1	133	1.05223321483	norm	344
T	6	1	130	0.31862745098	raw	344
T	6	1	130	1.03211149335	norm	344
G	6	1	75	0.183823529412	raw	344
G	6	1	75	0.964477361946	norm	344
C	6	1	70	0.171568627451	raw	344
C	6	1	70	0.898767249441	norm	344
A	7	1	124	0.303921568627	raw	344
A	7	1	124	0.981029463451	norm	344
T	7	1	124	0.303921568627	raw	344
T	7	1	124	0.984475578268	norm	344
G	7	1	94	0.230392156863	raw	344
G	7	1	94	1.20881162697	norm	344
C	7	1	66	0.161764705882	raw	344
C	7	1	66	0.847409120901	norm	344
T	8	1	125	0.30637254902	raw	344
T	8	1	125	0.992414897448	norm	344
A	8	1	115	0.281862745098	raw	344
A	8	1	115	0.909825712071	norm	344
G	8	1	97	0.237745098039	raw	344
G	8	1	97	1.24739072145	norm	344
C	8	1	71	0.174019607843	raw	344
C	8	1	71	0.911606781576	norm	344
A	9	1	123	0.301470588235	raw	344
A	9	1	123	0.97311793552	norm	344
T	9	1	120	0.294117647059	raw	344
T	9	1	120	0.95271830155	norm	344
G	9	1	84	0.205882352941	raw	344
G	9	1	84	1.08021464538	norm	344
C	9	1	81	0.198529411765	raw	344
C	9	1	81	1.04000210292	norm	344
T	10	1	148	0.362745098039	raw	344
T	10	1	148	1.17501923858	norm	344
A	10	1	132	0.323529411765	raw	344
A	10	1	132	1.0443216869	norm	344
C	10	1	65	0.15931372549	raw	344
C	10	1	65	0.834569588767	norm	344
G	10	1	63	0.154411764706	raw	344
G	10	1	63	0.810160984035	norm	344
A	11	1	151	0.370098039216	raw	344
A	11	1	151	1.19464071759	norm	344
T	11	1	133	0.325980392157	raw	344
T	11	1	133	1.05592945088	norm	344
G	11	1	68	0.166666666667	raw	344
G	11	1	68	0.874459474831	norm	344
C	11	1	56	0.137254901961	raw	344
C	11	1	56	0.719013799553	norm	344
T	12	1	130	0.31862745098	raw	344
T	12	1	130	1.03211149335	norm	344
A	12	1	104	0.254901960784	raw	344
A	12	1	104	0.82279890483	norm	344
G	12	1	94	0.230392156863	raw	344
G	12	1	94	1.20881162697	norm	344
C	12	1	80	0.196078431373	raw	344
C	12	1	80	1.02716257079	norm	344
T	13	1	139	0.34068627451	raw	344
T	13	1	139	1.10356536596	norm	344
A	13	1	130	0.31862745098	raw	344
A	13	1	130	1.02849863104	norm	344
G	13	1	77	0.188725490196	raw	344
G	13	1	77	0.990196758264	norm	344
C	13	1	62	0.151960784314	raw	344
C	13	1	62	0.796050992362	norm	344
T	14	1	128	0.313725490196	raw	344
T	14	1	128	1.01623285499	norm	344
A	14	1	120	0.294117647059	raw	344
A	14	1	120	0.949383351727	norm	344
G	14	1	94	0.230392156863	raw	344
G	14	1	94	1.20881162697	norm	344
C	14	1	66	0.161764705882	raw	344
C	14	1	66	0.847409120901	norm	344
A	15	1	146	0.357843137255	raw	344
A	15	1	146	1.15508307793	norm	344
T	15	1	119	0.291666666667	raw	344
T	15	1	119	0.94477898237	norm	344
C	15	1	74	0.18137254902	raw	344
C	15	1	74	0.95012537798	norm	344
G	15	1	69	0.169117647059	raw	344
G	15	1	69	0.88731917299	norm	344
A	16	1	134	0.328431372549	raw	344
A	16	1	134	1.06014474276	norm	344
T	16	1	123	0.301470588235	raw	344
T	16	1	123	0.976536259088	norm	344
G	16	1	84	0.205882352941	raw	344
G	16	1	84	1.08021464538	norm	344
C	16	1	67	0.164215686275	raw	344
C	16	1	67	0.860248653036	norm	344
A	17	1	146	0.357843137255	raw	344
A	17	1	146	1.15508307793	norm	344
T	17	1	104	0.254901960784	raw	344
T	17	1	104	0.825689194676	norm	344
C	17	1	84	0.205882352941	raw	344
C	17	1	84	1.07852069933	norm	344
G	17	1	74	0.18137254902	raw	344
G	17	1	74	0.951617663787	norm	344
A	18	1	132	0.323529411765	raw	344
A	18	1	132	1.0443216869	norm	344
T	18	1	101	0.247549019608	raw	344
T	18	1	101	0.801871237138	norm	344
C	18	1	92	0.225490196078	raw	344
C	18	1	92	1.18123695641	norm	344
G	18	1	83	0.203431372549	raw	344
G	18	1	83	1.06735494722	norm	344
A	19	1	127	0.311274509804	raw	344
A	19	1	127	1.00476404724	norm	344
T	19	1	118	0.289215686275	raw	344
T	19	1	118	0.93683966319	norm	344
G	19	1	102	0.25	raw	344
G	19	1	102	1.31168921225	norm	344
C	19	1	61	0.149509803922	raw	344
C	19	1	61	0.783211460227	norm	344
T	20	1	136	0.333333333333	raw	344
T	20	1	136	1.07974740842	norm	344
A	20	1	117	0.286764705882	raw	344
A	20	1	117	0.925648767933	norm	344
G	20	1	98	0.240196078431	raw	344
G	20	1	98	1.26025041961	norm	344
C	20	1	57	0.139705882353	raw	344
C	20	1	57	0.731853331688	norm	344
T	21	1	125	0.30637254902	raw	344
T	21	1	125	0.992414897448	norm	344
A	21	1	122	0.299019607843	raw	344
A	21	1	122	0.965206407589	norm	344
G	21	1	92	0.225490196078	raw	344
G	21	1	92	1.18309223065	norm	344
C	21	1	69	0.169117647059	raw	344
C	21	1	69	0.885927717306	norm	344
T	22	1	127	0.311274509804	raw	344
T	22	1	127	1.00829353581	norm	344
A	22	1	110	0.269607843137	raw	344
A	22	1	110	0.870268072416	norm	344
G	22	1	89	0.218137254902	raw	344
G	22	1	89	1.14451313618	norm	344
C	22	1	82	0.200980392157	raw	344
C	22	1	82	1.05284163506	norm	344
T	23	1	127	0.311274509804	raw	344
T	23	1	127	1.00829353581	norm	344
A	23	1	120	0.294117647059	raw	344
A	23	1	120	0.949383351727	norm	344
C	23	1	90	0.220588235294	raw	344
C	23	1	90	1.15555789214	norm	344
G	23	1	71	0.174019607843	raw	344
G	23	1	71	0.913038569309	norm	344
T	24	1	138	0.338235294118	raw	344
T	24	1	138	1.09562604678	norm	344
A	24	1	112	0.274509803922	raw	344
A	24	1	112	0.886091128278	norm	344
G	24	1	82	0.200980392157	raw	344
G	24	1	82	1.05449524906	norm	344
C	24	1	76	0.186274509804	raw	344
C	24	1	76	0.97580444225	norm	344
T	25	1	148	0.362745098039	raw	344
T	25	1	148	1.17501923858	norm	344
A	25	1	129	0.316176470588	raw	344
A	25	1	129	1.02058710311	norm	344
G	25	1	66	0.161764705882	raw	344
G	25	1	66	0.848740078512	norm	344
C	25	1	65	0.15931372549	raw	344
C	25	1	65	0.834569588767	norm	344
T	26	1	140	0.343137254902	raw	344
T	26	1	140	1.11150468514	norm	344
A	26	1	131	0.321078431373	raw	344
A	26	1	131	1.03641015897	norm	344
G	26	1	73	0.178921568627	raw	344
G	26	1	73	0.938757965627	norm	344
C	26	1	64	0.156862745098	raw	344
C	26	1	64	0.821730056632	norm	344
T	27	1	125	0.30637254902	raw	344
T	27	1	125	0.992414897448	norm	344
A	27	1	124	0.303921568627	raw	344
A	27	1	124	0.981029463451	norm	344
G	27	1	90	0.220588235294	raw	344
G	27	1	90	1.15737283434	norm	344
C	27	1	69	0.169117647059	raw	344
C	27	1	69	0.885927717306	norm	344
A	28	1	130	0.31862745098	raw	344
A	28	1	130	1.02849863104	norm	344
T	28	1	126	0.308823529412	raw	344
T	28	1	126	1.00035421663	norm	344
G	28	1	78	0.191176470588	raw	344
G	28	1	78	1.00305645642	norm	344
C	28	1	74	0.18137254902	raw	344
C	28	1	74	0.95012537798	norm	344
A	29	1	134	0.328431372549	raw	344
A	29	1	134	1.06014474276	norm	344
T	29	1	131	0.321078431373	raw	344
T	29	1	131	1.04005081252	norm	344
C	29	1	80	0.196078431373	raw	344
C	29	1	80	1.02716257079	norm	344
G	29	1	63	0.154411764706	raw	344
G	29	1	63	0.810160984035	norm	344
T	30	1	145	0.355392156863	raw	344
T	30	1	145	1.15120128104	norm	344
A	30	1	103	0.252450980392	raw	344
A	30	1	103	0.814887376899	norm	344
C	30	1	80	0.196078431373	raw	344
C	30	1	80	1.02716257079	norm	344
G	30	1	80	0.196078431373	raw	344
G	30	1	80	1.02877585274	norm	344
T	31	1	136	0.333333333333	raw	344
T	31	1	136	1.07974740842	norm	344
A	31	1	119	0.291666666667	raw	344
A	31	1	119	0.941471823796	norm	344
C	31	1	77	0.188725490196	raw	344
C	31	1	77	0.988643974385	norm	344
G	31	1	76	0.186274509804	raw	344
G	31	1	76	0.977337060105	norm	344
A	32	1	133	0.325980392157	raw	344
A	32	1	133	1.05223321483	norm	344
T	32	1	110	0.269607843137	raw	344
T	32	1	110	0.873325109754	norm	344
C	32	1	83	0.203431372549	raw	344
C	32	1	83	1.06568116719	norm	344
G	32	1	82	0.200980392157	raw	344
G	32	1	82	1.05449524906	norm	344
A	33	1	138	0.338235294118	raw	344
A	33	1	138	1.09179085449	norm	344
T	33	1	105	0.257352941176	raw	344
T	33	1	105	0.833628513856	norm	344
C	33	1	90	0.220588235294	raw	344
C	33	1	90	1.15555789214	norm	344
G	33	1	75	0.183823529412	raw	344
G	33	1	75	0.964477361946	norm	344
A	34	1	124	0.303921568627	raw	344
A	34	1	124	0.981029463451	norm	344
G	34	1	110	0.269607843137	raw	344
G	34	1	110	1.41456679752	norm	344
T	34	1	102	0.25	raw	344
T	34	1	102	0.809810556317	norm	344
C	34	1	72	0.176470588235	raw	344
C	34	1	72	0.924446313711	norm	344
T	35	1	148	0.362745098039	raw	344
T	35	1	148	1.17501923858	norm	344
A	35	1	117	0.286764705882	raw	344
A	35	1	117	0.925648767933	norm	344
G	35	1	77	0.188725490196	raw	344
G	35	1	77	0.990196758264	norm	344
C	35	1	66	0.161764705882	raw	344
C	35	1	66	0.847409120901	norm	344
T	36	1	127	0.311274509804	raw	344
T	36	1	127	1.00829353581	norm	344
A	36	1	109	0.267156862745	raw	344
A	36	1	109	0.862356544485	norm	344
G	36	1	90	0.220588235294	raw	344
G	36	1	90	1.15737283434	norm	344
C	36	1	82	0.200980392157	raw	344
C	36	1	82	1.05284163506	norm	344
T	37	1	140	0.343137254902	raw	344
T	37	1	140	1.11150468514	norm	344
A	37	1	131	0.321078431373	raw	344
A	37	1	131	1.03641015897	norm	344
G	37	1	71	0.174019607843	raw	344
G	37	1	71	0.913038569309	norm	344
C	37	1	66	0.161764705882	raw	344
C	37	1	66	0.847409120901	norm	344
A	38	1	144	0.352941176471	raw	344
A	38	1	144	1.13926002207	norm	344
T	38	1	137	0.335784313725	raw	344
T	38	1	137	1.0876867276	norm	344
C	38	1	73	0.178921568627	raw	344
C	38	1	73	0.937285845846	norm	344
G	38	1	54	0.132352941176	raw	344
G	38	1	54	0.694423700601	norm	344
T	39	1	127	0.311274509804	raw	344
T	39	1	127	1.00829353581	norm	344
A	39	1	115	0.281862745098	raw	344
A	39	1	115	0.909825712071	norm	344
C	39	1	95	0.232843137255	raw	344
C	39	1	95	1.21975555281	norm	344
G	39	1	71	0.174019607843	raw	344
G	39	1	71	0.913038569309	norm	344
T	40	1	164	0.401960784314	raw	344
T	40	1	164	1.30204834545	norm	344
A	40	1	110	0.269607843137	raw	344
A	40	1	110	0.870268072416	norm	344
G	40	1	68	0.166666666667	raw	344
G	40	1	68	0.874459474831	norm	344
C	40	1	66	0.161764705882	raw	344
C	40	1	66	0.847409120901	norm	344
A	41	1	144	0.352941176471	raw	344
A	41	1	144	1.13926002207	norm	344
T	41	1	128	0.313725490196	raw	344
T	41	1	128	1.01623285499	norm	344
C	41	1	68	0.166666666667	raw	344
C	41	1	68	0.873088185171	norm	344
G	41	1	68	0.166666666667	raw	344
G	41	1	68	0.874459474831	norm	344
T	42	1	150	0.367647058824	raw	344
T	42	1	150	1.19089787694	norm	344
A	42	1	136	0.333333333333	raw	344
A	42	1	136	1.07596779862	norm	344
C	42	1	64	0.156862745098	raw	344
C	42	1	64	0.821730056632	norm	344
G	42	1	58	0.142156862745	raw	344
G	42	1	58	0.745862493238	norm	344
A	43	1	126	0.308823529412	raw	344
A	43	1	126	0.996852519313	norm	344
T	43	1	124	0.303921568627	raw	344
T	43	1	124	0.984475578268	norm	344
C	43	1	85	0.208333333333	raw	344
C	43	1	85	1.09136023146	norm	344
G	43	1	73	0.178921568627	raw	344
G	43	1	73	0.938757965627	norm	344
A	44	1	143	0.350490196078	raw	344
A	44	1	143	1.13134849414	norm	344
T	44	1	138	0.338235294118	raw	344
T	44	1	138	1.09562604678	norm	344
C	44	1	67	0.164215686275	raw	344
C	44	1	67	0.860248653036	norm	344
G	44	1	60	0.147058823529	raw	344
G	44	1	60	0.771581889557	norm	344
A	45	1	147	0.360294117647	raw	344
A	45	1	147	1.16299460587	norm	344
T	45	1	127	0.311274509804	raw	344
T	45	1	127	1.00829353581	norm	344
C	45	1	70	0.171568627451	raw	344
C	45	1	70	0.898767249441	norm	344
G	45	1	64	0.156862745098	raw	344
G	45	1	64	0.823020682194	norm	344
T	46	1	152	0.372549019608	raw	344
T	46	1	152	1.2067765153	norm	344
A	46	1	126	0.308823529412	raw	344
A	46	1	126	0.996852519313	norm	344
G	46	1	71	0.174019607843	raw	344
G	46	1	71	0.913038569309	norm	344
C	46	1	59	0.144607843137	raw	344
C	46	1	59	0.757532395957	norm	344
T	47	1	137	0.335784313725	raw	344
T	47	1	137	1.0876867276	norm	344
A	47	1	129	0.316176470588	raw	344
A	47	1	129	1.02058710311	norm	344
G	47	1	81	0.198529411765	raw	344
G	47	1	81	1.0416355509	norm	344
C	47	1	61	0.149509803922	raw	344
C	47	1	61	0.783211460227	norm	344
A	48	1	124	0.303921568627	raw	344
A	48	1	124	0.981029463451	norm	344
T	48	1	117	0.286764705882	raw	344
T	48	1	117	0.928900344011	norm	344
G	48	1	97	0.237745098039	raw	344
G	48	1	97	1.24739072145	norm	344
C	48	1	70	0.171568627451	raw	344
C	48	1	70	0.898767249441	norm	344
T	49	1	147	0.360294117647	raw	344
T	49	1	147	1.1670799194	norm	344
A	49	1	130	0.31862745098	raw	344
A	49	1	130	1.02849863104	norm	344
C	49	1	67	0.164215686275	raw	344
C	49	1	67	0.860248653036	norm	344
G	49	1	64	0.156862745098	raw	344
G	49	1	64	0.823020682194	norm	344
A	50	1	145	0.355392156863	raw	344
A	50	1	145	1.14717155	norm	344
T	50	1	110	0.269607843137	raw	344
T	50	1	110	0.873325109754	norm	344
G	50	1	84	0.205882352941	raw	344
G	50	1	84	1.08021464538	norm	344
C	50	1	69	0.169117647059	raw	344
C	50	1	69	0.885927717306	norm	344
A	51	1	145	0.355392156863	raw	344
A	51	1	145	1.14717155	norm	344
T	51	1	100	0.245098039216	raw	344
T	51	1	100	0.793931917958	norm	344
G	51	1	92	0.225490196078	raw	344
G	51	1	92	1.18309223065	norm	344
C	51	1	71	0.174019607843	raw	344
C	51	1	71	0.911606781576	norm	344
A	52	1	146	0.357843137255	raw	344
A	52	1	146	1.15508307793	norm	344
T	52	1	118	0.289215686275	raw	344
T	52	1	118	0.93683966319	norm	344
C	52	1	75	0.183823529412	raw	344
C	52	1	75	0.962964910115	norm	344
G	52	1	69	0.169117647059	raw	344
G	52	1	69	0.88731917299	norm	344
A	53	1	138	0.338235294118	raw	344
A	53	1	138	1.09179085449	norm	344
T	53	1	98	0.240196078431	raw	344
T	53	1	98	0.778053279599	norm	344
G	53	1	96	0.235294117647	raw	344
G	53	1	96	1.23453102329	norm	344
C	53	1	76	0.186274509804	raw	344
C	53	1	76	0.97580444225	norm	344
T	54	1	138	0.338235294118	raw	344
T	54	1	138	1.09562604678	norm	344
A	54	1	120	0.294117647059	raw	344
A	54	1	120	0.949383351727	norm	344
G	54	1	87	0.213235294118	raw	344
G	54	1	87	1.11879373986	norm	344
C	54	1	63	0.154411764706	raw	344
C	54	1	63	0.808890524497	norm	344
A	55	1	140	0.343137254902	raw	344
A	55	1	140	1.10761391035	norm	344
T	55	1	104	0.254901960784	raw	344
T	55	1	104	0.825689194676	norm	344
G	55	1	88	0.21568627451	raw	344
G	55	1	88	1.13165343802	norm	344
C	55	1	76	0.186274509804	raw	344
C	55	1	76	0.97580444225	norm	344
A	56	1	139	0.34068627451	raw	344
A	56	1	139	1.09970238242	norm	344
T	56	1	133	0.325980392157	raw	344
T	56	1	133	1.05592945088	norm	344
G	56	1	72	0.176470588235	raw	344
G	56	1	72	0.925898267468	norm	344
C	56	1	64	0.156862745098	raw	344
C	56	1	64	0.821730056632	norm	344
T	57	1	141	0.345588235294	raw	344
T	57	1	141	1.11944400432	norm	344
A	57	1	116	0.28431372549	raw	344
A	57	1	116	0.917737240002	norm	344
C	57	1	77	0.188725490196	raw	344
C	57	1	77	0.988643974385	norm	344
G	57	1	74	0.18137254902	raw	344
G	57	1	74	0.951617663787	norm	344
A	58	1	128	0.313725490196	raw	344
A	58	1	128	1.01267557518	norm	344
T	58	1	124	0.303921568627	raw	344
T	58	1	124	0.984475578268	norm	344
G	58	1	91	0.223039215686	raw	344
G	58	1	91	1.17023253249	norm	344
C	58	1	65	0.15931372549	raw	344
C	58	1	65	0.834569588767	norm	344
A	59	1	144	0.352941176471	raw	344
A	59	1	144	1.13926002207	norm	344
T	59	1	130	0.31862745098	raw	344
T	59	1	130	1.03211149335	norm	344
C	59	1	71	0.174019607843	raw	344
C	59	1	71	0.911606781576	norm	344
G	59	1	63	0.154411764706	raw	344
G	59	1	63	0.810160984035	norm	344
A	60	1	123	0.301470588235	raw	344
A	60	1	123	0.97311793552	norm	344
T	60	1	116	0.28431372549	raw	344
T	60	1	116	0.920961024831	norm	344
G	60	1	97	0.237745098039	raw	344
G	60	1	97	1.24739072145	norm	344
C	60	1	72	0.176470588235	raw	344
C	60	1	72	0.924446313711	norm	344
T	61	1	148	0.362745098039	raw	344
T	61	1	148	1.17501923858	norm	344
A	61	1	143	0.350490196078	raw	344
A	61	1	143	1.13134849414	norm	344
C	61	1	65	0.15931372549	raw	344
C	61	1	65	0.834569588767	norm	344
G	61	1	52	0.127450980392	raw	344
G	61	1	52	0.668704304282	norm	344
A	62	1	138	0.338235294118	raw	344
A	62	1	138	1.09179085449	norm	344
T	62	1	115	0.281862745098	raw	344
T	62	1	115	0.913021705652	norm	344
G	62	1	81	0.198529411765	raw	344
G	62	1	81	1.0416355509	norm	344
C	62	1	74	0.18137254902	raw	344
C	62	1	74	0.95012537798	norm	344
A	63	1	136	0.333333333333	raw	344
A	63	1	136	1.07596779862	norm	344
T	63	1	129	0.316176470588	raw	344
T	63	1	129	1.02417217417	norm	344
C	63	1	73	0.178921568627	raw	344
C	63	1	73	0.937285845846	norm	344
G	63	1	70	0.171568627451	raw	344
G	63	1	70	0.900178871149	norm	344
A	64	1	139	0.34068627451	raw	344
A	64	1	139	1.09970238242	norm	344
T	64	1	135	0.330882352941	raw	344
T	64	1	135	1.07180808924	norm	344
G	64	1	79	0.19362745098	raw	344
G	64	1	79	1.01591615458	norm	344
C	64	1	55	0.134803921569	raw	344
C	64	1	55	0.706174267418	norm	344
A	65	1	153	0.375	raw	344
A	65	1	153	1.21046377345	norm	344
T	65	1	130	0.31862745098	raw	344
T	65	1	130	1.03211149335	norm	344
G	65	1	66	0.161764705882	raw	344
G	65	1	66	0.848740078512	norm	344
C	65	1	59	0.144607843137	raw	344
C	65	1	59	0.757532395957	norm	344
T	66	1	139	0.34068627451	raw	344
T	66	1	139	1.10356536596	norm	344
A	66	1	131	0.321078431373	raw	344
A	66	1	131	1.03641015897	norm	344
G	66	1	74	0.18137254902	raw	344
G	66	1	74	0.951617663787	norm	344
C	66	1	64	0.156862745098	raw	344
C	66	1	64	0.821730056632	norm	344
A	67	1	141	0.345588235294	raw	344
A	67	1	141	1.11552543828	norm	344
T	67	1	124	0.303921568627	raw	344
T	67	1	124	0.984475578268	norm	344
C	67	1	76	0.186274509804	raw	344
C	67	1	76	0.97580444225	norm	344
G	67	1	67	0.164215686275	raw	344
G	67	1	67	0.861599776672	norm	344
A	68	1	146	0.357843137255	raw	344
A	68	1	146	1.15508307793	norm	344
T	68	1	121	0.296568627451	raw	344
T	68	1	121	0.960657620729	norm	344
C	68	1	77	0.188725490196	raw	344
C	68	1	77	0.988643974385	norm	344
G	68	1	64	0.156862745098	raw	344
G	68	1	64	0.823020682194	norm	344
T	69	1	149	0.365196078431	raw	344
T	69	1	149	1.18295855776	norm	344
A	69	1	127	0.311274509804	raw	344
A	69	1	127	1.00476404724	norm	344
G	69	1	69	0.169117647059	raw	344
G	69	1	69	0.88731917299	norm	344
C	69	1	63	0.154411764706	raw	344
C	69	1	63	0.808890524497	norm	344
A	70	1	144	0.352941176471	raw	344
A	70	1	144	1.13926002207	norm	344
T	70	1	105	0.257352941176	raw	344
T	70	1	105	0.833628513856	norm	344
C	70	1	91	0.223039215686	raw	344
C	70	1	91	1.16839742427	norm	344
G	70	1	68	0.166666666667	raw	344
G	70	1	68	0.874459474831	norm	344
A	71	1	144	0.352941176471	raw	344
A	71	1	144	1.13926002207	norm	344
T	71	1	127	0.311274509804	raw	344
T	71	1	127	1.00829353581	norm	344
C	71	1	69	0.169117647059	raw	344
C	71	1	69	0.885927717306	norm	344
G	71	1	68	0.166666666667	raw	344
G	71	1	68	0.874459474831	norm	344
A	72	1	125	0.30637254902	raw	344
A	72	1	125	0.988940991382	norm	344
T	72	1	125	0.30637254902	raw	344
T	72	1	125	0.992414897448	norm	344
G	72	1	92	0.225490196078	raw	344
G	72	1	92	1.18309223065	norm	344
C	72	1	66	0.161764705882	raw	344
C	72	1	66	0.847409120901	norm	344
A	73	1	141	0.345588235294	raw	344
A	73	1	141	1.11552543828	norm	344
T	73	1	120	0.294117647059	raw	344
T	73	1	120	0.95271830155	norm	344
C	73	1	76	0.186274509804	raw	344
C	73	1	76	0.97580444225	norm	344
G	73	1	71	0.174019607843	raw	344
G	73	1	71	0.913038569309	norm	344
A	74	1	152	0.372549019608	raw	344
A	74	1	152	1.20255224552	norm	344
T	74	1	121	0.296568627451	raw	344
T	74	1	121	0.960657620729	norm	344
C	74	1	68	0.166666666667	raw	344
C	74	1	68	0.873088185171	norm	344
G	74	1	67	0.164215686275	raw	344
G	74	1	67	0.861599776672	norm	344
A	75	1	151	0.370098039216	raw	344
A	75	1	151	1.19464071759	norm	344
T	75	1	105	0.257352941176	raw	344
T	75	1	105	0.833628513856	norm	344
C	75	1	82	0.200980392157	raw	344
C	75	1	82	1.05284163506	norm	344
G	75	1	70	0.171568627451	raw	344
G	75	1	70	0.900178871149	norm	344
A	76	1	143	0.350490196078	raw	344
A	76	1	143	1.13134849414	norm	344
T	76	1	109	0.267156862745	raw	344
T	76	1	109	0.865385790574	norm	344
C	76	1	80	0.196078431373	raw	344
C	76	1	80	1.02716257079	norm	344
G	76	1	76	0.186274509804	raw	344
G	76	1	76	0.977337060105	norm	344
T	77	1	121	0.296568627451	raw	344
T	77	1	121	0.960657620729	norm	344
A	77	1	108	0.264705882353	raw	344
A	77	1	108	0.854445016554	norm	344
G	77	1	94	0.230392156863	raw	344
G	77	1	94	1.20881162697	norm	344
C	77	1	85	0.208333333333	raw	344
C	77	1	85	1.09136023146	norm	344
T	78	1	142	0.348039215686	raw	344
T	78	1	142	1.1273833235	norm	344
A	78	1	120	0.294117647059	raw	344
A	78	1	120	0.949383351727	norm	344
C	78	1	76	0.186274509804	raw	344
C	78	1	76	0.97580444225	norm	344
G	78	1	70	0.171568627451	raw	344
G	78	1	70	0.900178871149	norm	344
A	79	1	140	0.343137254902	raw	344
A	79	1	140	1.10761391035	norm	344
T	79	1	122	0.299019607843	raw	344
T	79	1	122	0.968596939909	norm	344
G	79	1	75	0.183823529412	raw	344
G	79	1	75	0.964477361946	norm	344
C	79	1	71	0.174019607843	raw	344
C	79	1	71	0.911606781576	norm	344
A	80	1	126	0.308823529412	raw	344
A	80	1	126	0.996852519313	norm	344
T	80	1	122	0.299019607843	raw	344
T	80	1	122	0.968596939909	norm	344
G	80	1	84	0.205882352941	raw	344
G	80	1	84	1.08021464538	norm	344
C	80	1	76	0.186274509804	raw	344
C	80	1	76	0.97580444225	norm	344
T	81	1	139	0.34068627451	raw	344
T	81	1	139	1.10356536596	norm	344
A	81	1	116	0.28431372549	raw	344
A	81	1	116	0.917737240002	norm	344
C	81	1	84	0.205882352941	raw	344
C	81	1	84	1.07852069933	norm	344
G	81	1	69	0.169117647059	raw	344
G	81	1	69	0.88731917299	norm	344
A	82	1	140	0.343137254902	raw	344
A	82	1	140	1.10761391035	norm	344
T	82	1	133	0.325980392157	raw	344
T	82	1	133	1.05592945088	norm	344
C	82	1	72	0.176470588235	raw	344
C	82	1	72	0.924446313711	norm	344
G	82	1	63	0.154411764706	raw	344
G	82	1	63	0.810160984035	norm	344
A	83	1	137	0.335784313725	raw	344
A	83	1	137	1.08387932655	norm	344
T	83	1	131	0.321078431373	raw	344
T	83	1	131	1.04005081252	norm	344
G	83	1	74	0.18137254902	raw	344
G	83	1	74	0.951617663787	norm	344
C	83	1	66	0.161764705882	raw	344
C	83	1	66	0.847409120901	norm	344
A	84	1	161	0.394607843137	raw	344
A	84	1	161	1.2737559969	norm	344
T	84	1	98	0.240196078431	raw	344
T	84	1	98	0.778053279599	norm	344
C	84	1	91	0.223039215686	raw	344
C	84	1	91	1.16839742427	norm	344
G	84	1	58	0.142156862745	raw	344
G	84	1	58	0.745862493238	norm	344
A	85	1	137	0.335784313725	raw	344
A	85	1	137	1.08387932655	norm	344
T	85	1	115	0.281862745098	raw	344
T	85	1	115	0.913021705652	norm	344
G	85	1	79	0.19362745098	raw	344
G	85	1	79	1.01591615458	norm	344
C	85	1	77	0.188725490196	raw	344
C	85	1	77	0.988643974385	norm	344
A	86	1	133	0.325980392157	raw	344
A	86	1	133	1.05223321483	norm	344
T	86	1	118	0.289215686275	raw	344
T	86	1	118	0.93683966319	norm	344
G	86	1	97	0.237745098039	raw	344
G	86	1	97	1.24739072145	norm	344
C	86	1	60	0.147058823529	raw	344
C	86	1	60	0.770371928092	norm	344
T	87	1	152	0.372549019608	raw	344
T	87	1	152	1.2067765153	norm	344
A	87	1	125	0.30637254902	raw	344
A	87	1	125	0.988940991382	norm	344
C	87	1	69	0.169117647059	raw	344
C	87	1	69	0.885927717306	norm	344
G	87	1	62	0.151960784314	raw	344
G	87	1	62	0.797301285875	norm	344
T	88	1	195	0.477941176471	raw	344
T	88	1	195	1.54816724002	norm	344
A	88	1	102	0.25	raw	344
A	88	1	102	0.806975848968	norm	344
C	88	1	63	0.154411764706	raw	344
C	88	1	63	0.808890524497	norm	344
G	88	1	48	0.117647058824	raw	344
G	88	1	48	0.617265511645	norm	344
T	89	1	139	0.34068627451	raw	344
T	89	1	139	1.10356536596	norm	344
A	89	1	132	0.323529411765	raw	344
A	89	1	132	1.0443216869	norm	344
G	89	1	74	0.18137254902	raw	344
G	89	1	74	0.951617663787	norm	344
C	89	1	63	0.154411764706	raw	344
C	89	1	63	0.808890524497	norm	344
T	90	1	130	0.31862745098	raw	344
T	90	1	130	1.03211149335	norm	344
A	90	1	119	0.291666666667	raw	344
A	90	1	119	0.941471823796	norm	344
G	90	1	92	0.225490196078	raw	344
G	90	1	92	1.18309223065	norm	344
C	90	1	67	0.164215686275	raw	344
C	90	1	67	0.860248653036	norm	344
A	91	1	149	0.365196078431	raw	344
A	91	1	149	1.17881766173	norm	344
T	91	1	124	0.303921568627	raw	344
T	91	1	124	0.984475578268	norm	344
G	91	1	69	0.169117647059	raw	344
G	91	1	69	0.88731917299	norm	344
C	91	1	66	0.161764705882	raw	344
C	91	1	66	0.847409120901	norm	344
T	92	1	133	0.325980392157	raw	344
T	92	1	133	1.05592945088	norm	344
A	92	1	123	0.301470588235	raw	344
A	92	1	123	0.97311793552	norm	344
G	92	1	87	0.213235294118	raw	344
G	92	1	87	1.11879373986	norm	344
C	92	1	65	0.15931372549	raw	344
C	92	1	65	0.834569588767	norm	344
A	93	1	128	0.313725490196	raw	344
A	93	1	128	1.01267557518	norm	344
T	93	1	124	0.303921568627	raw	344
T	93	1	124	0.984475578268	norm	344
C	93	1	79	0.19362745098	raw	344
C	93	1	79	1.01432303865	norm	344
G	93	1	77	0.188725490196	raw	344
G	93	1	77	0.990196758264	norm	344
T	94	1	155	0.379901960784	raw	344
T	94	1	155	1.23059447283	norm	344
A	94	1	102	0.25	raw	344
A	94	1	102	0.806975848968	norm	344
G	94	1	79	0.19362745098	raw	344
G	94	1	79	1.01591615458	norm	344
C	94	1	72	0.176470588235	raw	344
C	94	1	72	0.924446313711	norm	344
T	95	1	136	0.333333333333	raw	344
T	95	1	136	1.07974740842	norm	344
A	95	1	114	0.279411764706	raw	344
A	95	1	114	0.90191418414	norm	344
G	95	1	85	0.208333333333	raw	344
G	95	1	85	1.09307434354	norm	344
C	95	1	73	0.178921568627	raw	344
C	95	1	73	0.937285845846	norm	344
T	96	1	151	0.370098039216	raw	344
T	96	1	151	1.19883719612	norm	344
A	96	1	118	0.289215686275	raw	344
A	96	1	118	0.933560295864	norm	344
G	96	1	71	0.174019607843	raw	344
G	96	1	71	0.913038569309	norm	344
C	96	1	68	0.166666666667	raw	344
C	96	1	68	0.873088185171	norm	344
T	97	1	139	0.34068627451	raw	344
T	97	1	139	1.10356536596	norm	344
A	97	1	128	0.313725490196	raw	344
A	97	1	128	1.01267557518	norm	344
C	97	1	77	0.188725490196	raw	344
C	97	1	77	0.988643974385	norm	344
G	97	1	64	0.156862745098	raw	344
G	97	1	64	0.823020682194	norm	344
A	98	1	132	0.323529411765	raw	344
A	98	1	132	1.0443216869	norm	344
T	98	1	123	0.301470588235	raw	344
T	98	1	123	0.976536259088	norm	344
C	98	1	90	0.220588235294	raw	344
C	98	1	90	1.15555789214	norm	344
G	98	1	63	0.154411764706	raw	344
G	98	1	63	0.810160984035	norm	344
A	99	1	144	0.352941176471	raw	344
A	99	1	144	1.13926002207	norm	344
T	99	1	129	0.316176470588	raw	344
T	99	1	129	1.02417217417	norm	344
C	99	1	69	0.169117647059	raw	344
C	99	1	69	0.885927717306	norm	344
G	99	1	66	0.161764705882	raw	344
G	99	1	66	0.848740078512	norm	344
T	100	1	138	0.338235294118	raw	344
T	100	1	138	1.09562604678	norm	344
A	100	1	110	0.269607843137	raw	344
A	100	1	110	0.870268072416	norm	344
C	100	1	93	0.227941176471	raw	344
C	100	1	93	1.19407648854	norm	344
G	100	1	67	0.164215686275	raw	344
G	100	1	67	0.861599776672	norm	344
