#nuc	offset	region.size	count	freq	norm.freq	total.sites
T	-100	1	1359	0.416487894576	raw	2132
T	-100	1	1359	1.02266889302	norm	2132
A	-100	1	1278	0.39166411278	raw	2132
A	-100	1	1278	0.928877102772	norm	2132
C	-100	1	341	0.104505056696	raw	2132
C	-100	1	341	1.30618377653	norm	2132
G	-100	1	285	0.0873429359485	raw	2132
G	-100	1	285	0.958938909859	norm	2132
T	-99	1	1317	0.403616304015	raw	2132
T	-99	1	1317	0.991063231867	norm	2132
A	-99	1	1279	0.391970579222	raw	2132
A	-99	1	1279	0.929603923666	norm	2132
C	-99	1	382	0.117070180815	raw	2132
C	-99	1	382	1.46323226579	norm	2132
G	-99	1	285	0.0873429359485	raw	2132
G	-99	1	285	0.958938909859	norm	2132
T	-98	1	1352	0.414342629482	raw	2132
T	-98	1	1352	1.01740128283	norm	2132
A	-98	1	1290	0.395341710083	raw	2132
A	-98	1	1290	0.937598953502	norm	2132
C	-98	1	348	0.10665032179	raw	2132
C	-98	1	348	1.33299693324	norm	2132
G	-98	1	273	0.0836653386454	raw	2132
G	-98	1	273	0.918562534707	norm	2132
A	-97	1	1309	0.401164572479	raw	2132
A	-97	1	1309	0.951408550491	norm	2132
T	-97	1	1276	0.391051179896	raw	2132
T	-97	1	1276	0.960210086456	norm	2132
C	-97	1	340	0.104198590254	raw	2132
C	-97	1	340	1.30235332558	norm	2132
G	-97	1	338	0.103585657371	raw	2132
G	-97	1	338	1.13726790011	norm	2132
T	-96	1	1364	0.418020226785	raw	2132
T	-96	1	1364	1.02643147173	norm	2132
A	-96	1	1297	0.397486975176	raw	2132
A	-96	1	1297	0.942686699761	norm	2132
C	-96	1	348	0.10665032179	raw	2132
C	-96	1	348	1.33299693324	norm	2132
G	-96	1	254	0.0778424762489	raw	2132
G	-96	1	254	0.854633274049	norm	2132
T	-95	1	1382	0.42353662274	raw	2132
T	-95	1	1382	1.03997675508	norm	2132
A	-95	1	1310	0.401471038921	raw	2132
A	-95	1	1310	0.952135371386	norm	2132
C	-95	1	302	0.0925528654612	raw	2132
C	-95	1	302	1.15679618919	norm	2132
G	-95	1	269	0.0824394728777	raw	2132
G	-95	1	269	0.905103742989	norm	2132
A	-94	1	1328	0.406987434876	raw	2132
A	-94	1	1328	0.965218147481	norm	2132
T	-94	1	1300	0.398406374502	raw	2132
T	-94	1	1300	0.978270464258	norm	2132
C	-94	1	347	0.106343855348	raw	2132
C	-94	1	347	1.32916648228	norm	2132
G	-94	1	288	0.0882623352743	raw	2132
G	-94	1	288	0.969033003646	norm	2132
A	-93	1	1312	0.402083971805	raw	2132
A	-93	1	1312	0.953589013174	norm	2132
T	-93	1	1286	0.394115844315	raw	2132
T	-93	1	1286	0.967735243873	norm	2132
C	-93	1	368	0.112779650628	raw	2132
C	-93	1	368	1.40960595239	norm	2132
G	-93	1	297	0.0910205332516	raw	2132
G	-93	1	297	0.99931528501	norm	2132
A	-92	1	1334	0.408826233527	raw	2132
A	-92	1	1334	0.969579072846	norm	2132
T	-92	1	1329	0.407293901318	raw	2132
T	-92	1	1329	1.00009342077	norm	2132
C	-92	1	319	0.097762794974	raw	2132
C	-92	1	319	1.22191385547	norm	2132
G	-92	1	281	0.0861170701808	raw	2132
G	-92	1	281	0.945480118141	norm	2132
T	-91	1	1374	0.421084891204	raw	2132
T	-91	1	1374	1.03395662915	norm	2132
A	-91	1	1324	0.405761569108	raw	2132
A	-91	1	1324	0.962310863904	norm	2132
G	-91	1	297	0.0910205332516	raw	2132
G	-91	1	297	0.99931528501	norm	2132
C	-91	1	268	0.0821330064358	raw	2132
C	-91	1	268	1.02656085663	norm	2132
T	-90	1	1375	0.421391357646	raw	2132
T	-90	1	1375	1.03470914489	norm	2132
A	-90	1	1268	0.38859944836	raw	2132
A	-90	1	1268	0.92160889383	norm	2132
G	-90	1	312	0.0956175298805	raw	2132
G	-90	1	312	1.04978575395	norm	2132
C	-90	1	308	0.0943916641128	raw	2132
C	-90	1	308	1.17977889493	norm	2132
T	-89	1	1321	0.404842169782	raw	2132
T	-89	1	1321	0.994073294834	norm	2132
A	-89	1	1296	0.397180508734	raw	2132
A	-89	1	1296	0.941959878867	norm	2132
G	-89	1	366	0.112166717744	raw	2132
G	-89	1	366	1.23147944213	norm	2132
C	-89	1	280	0.0858106037389	raw	2132
C	-89	1	280	1.07252626812	norm	2132
T	-88	1	1385	0.424456022066	raw	2132
T	-88	1	1385	1.04223430231	norm	2132
A	-88	1	1227	0.376034324241	raw	2132
A	-88	1	1227	0.891809237168	norm	2132
C	-88	1	345	0.105730922464	raw	2132
C	-88	1	345	1.32150558036	norm	2132
G	-88	1	306	0.0937787312289	raw	2132
G	-88	1	306	1.02959756637	norm	2132
A	-87	1	1303	0.399325773828	raw	2132
A	-87	1	1303	0.947047625126	norm	2132
T	-87	1	1282	0.392889978547	raw	2132
T	-87	1	1282	0.964725180906	norm	2132
C	-87	1	356	0.109102053325	raw	2132
C	-87	1	356	1.3636405409	norm	2132
G	-87	1	322	0.0986821942997	raw	2132
G	-87	1	322	1.08343273324	norm	2132
T	-86	1	1412	0.432730615998	raw	2132
T	-86	1	1412	1.06255222733	norm	2132
A	-86	1	1300	0.398406374502	raw	2132
A	-86	1	1300	0.944867162444	norm	2132
G	-86	1	279	0.085504137297	raw	2132
G	-86	1	279	0.938750722283	norm	2132
C	-86	1	272	0.0833588722035	raw	2132
C	-86	1	272	1.04188266046	norm	2132
T	-85	1	1336	0.409439166411	raw	2132
T	-85	1	1336	1.00536103096	norm	2132
A	-85	1	1300	0.398406374502	raw	2132
A	-85	1	1300	0.944867162444	norm	2132
C	-85	1	318	0.097456328532	raw	2132
C	-85	1	318	1.21808340451	norm	2132
G	-85	1	309	0.0946981305547	raw	2132
G	-85	1	309	1.03969166016	norm	2132
T	-84	1	1321	0.404842169782	raw	2132
T	-84	1	1321	0.994073294834	norm	2132
A	-84	1	1306	0.400245173154	raw	2132
A	-84	1	1306	0.949228087809	norm	2132
G	-84	1	330	0.101133925835	raw	2132
G	-84	1	330	1.11035031668	norm	2132
C	-84	1	306	0.0937787312289	raw	2132
C	-84	1	306	1.17211799302	norm	2132
T	-83	1	1400	0.429053018694	raw	2132
T	-83	1	1400	1.05352203843	norm	2132
A	-83	1	1267	0.388292981918	raw	2132
A	-83	1	1267	0.920882072936	norm	2132
C	-83	1	305	0.093472264787	raw	2132
C	-83	1	305	1.16828754206	norm	2132
G	-83	1	291	0.0891817346001	raw	2132
G	-83	1	291	0.979127097434	norm	2132
A	-82	1	1348	0.413116763714	raw	2132
A	-82	1	1348	0.979754565365	norm	2132
T	-82	1	1258	0.385534783941	raw	2132
T	-82	1	1258	0.946664803105	norm	2132
C	-82	1	379	0.116150781489	raw	2132
C	-82	1	379	1.45174091292	norm	2132
G	-82	1	278	0.085197670855	raw	2132
G	-82	1	278	0.935386024353	norm	2132
T	-81	1	1369	0.419552558995	raw	2132
T	-81	1	1369	1.03019405044	norm	2132
A	-81	1	1268	0.38859944836	raw	2132
A	-81	1	1268	0.92160889383	norm	2132
G	-81	1	324	0.0992951271836	raw	2132
G	-81	1	324	1.0901621291	norm	2132
C	-81	1	302	0.0925528654612	raw	2132
C	-81	1	302	1.15679618919	norm	2132
A	-80	1	1341	0.410971498621	raw	2132
A	-80	1	1341	0.974666819105	norm	2132
T	-80	1	1328	0.406987434876	raw	2132
T	-80	1	1328	0.999340905026	norm	2132
C	-80	1	300	0.0919399325774	raw	2132
C	-80	1	300	1.14913528727	norm	2132
G	-80	1	294	0.0901011339258	raw	2132
G	-80	1	294	0.989221191222	norm	2132
T	-79	1	1388	0.425375421391	raw	2132
T	-79	1	1388	1.04449184953	norm	2132
A	-79	1	1290	0.395341710083	raw	2132
A	-79	1	1290	0.937598953502	norm	2132
G	-79	1	307	0.0940851976709	raw	2132
G	-79	1	307	1.0329622643	norm	2132
C	-79	1	278	0.085197670855	raw	2132
C	-79	1	278	1.06486536621	norm	2132
A	-78	1	1304	0.39963224027	raw	2132
A	-78	1	1304	0.94777444602	norm	2132
T	-78	1	1293	0.396261109409	raw	2132
T	-78	1	1293	0.973002854066	norm	2132
C	-78	1	362	0.110940851977	raw	2132
C	-78	1	362	1.38662324664	norm	2132
G	-78	1	304	0.0931657983451	raw	2132
G	-78	1	304	1.02286817052	norm	2132
A	-77	1	1395	0.427520686485	raw	2132
A	-77	1	1395	1.01391514739	norm	2132
T	-77	1	1296	0.397180508734	raw	2132
T	-77	1	1296	0.975260401291	norm	2132
C	-77	1	293	0.0897946674839	raw	2132
C	-77	1	293	1.12232213057	norm	2132
G	-77	1	279	0.085504137297	raw	2132
G	-77	1	279	0.938750722283	norm	2132
T	-76	1	1345	0.412197364389	raw	2132
T	-76	1	1345	1.01213367264	norm	2132
A	-76	1	1252	0.38369598529	raw	2132
A	-76	1	1252	0.909979759523	norm	2132
C	-76	1	344	0.105424456022	raw	2132
C	-76	1	344	1.31767512941	norm	2132
G	-76	1	322	0.0986821942997	raw	2132
G	-76	1	322	1.08343273324	norm	2132
T	-75	1	1456	0.446215139442	raw	2132
T	-75	1	1456	1.09566291997	norm	2132
A	-75	1	1235	0.378486055777	raw	2132
A	-75	1	1235	0.897623804322	norm	2132
G	-75	1	290	0.0888752681581	raw	2132
G	-75	1	290	0.975762399505	norm	2132
C	-75	1	282	0.0864235366227	raw	2132
C	-75	1	282	1.08018717004	norm	2132
T	-74	1	1338	0.410052099295	raw	2132
T	-74	1	1338	1.00686606244	norm	2132
A	-74	1	1304	0.39963224027	raw	2132
A	-74	1	1304	0.94777444602	norm	2132
C	-74	1	342	0.104811523138	raw	2132
C	-74	1	342	1.31001422749	norm	2132
G	-74	1	279	0.085504137297	raw	2132
G	-74	1	279	0.938750722283	norm	2132
T	-73	1	1318	0.403922770457	raw	2132
T	-73	1	1318	0.991815747609	norm	2132
A	-73	1	1311	0.401777505363	raw	2132
A	-73	1	1311	0.95286219228	norm	2132
C	-73	1	334	0.102359791603	raw	2132
C	-73	1	334	1.27937061983	norm	2132
G	-73	1	300	0.0919399325774	raw	2132
G	-73	1	300	1.0094093788	norm	2132
T	-72	1	1334	0.408826233527	raw	2132
T	-72	1	1334	1.00385599948	norm	2132
A	-72	1	1317	0.403616304015	raw	2132
A	-72	1	1317	0.957223117645	norm	2132
C	-72	1	328	0.100520992951	raw	2132
C	-72	1	328	1.25638791409	norm	2132
G	-72	1	284	0.0870364695066	raw	2132
G	-72	1	284	0.955574211929	norm	2132
T	-71	1	1352	0.414342629482	raw	2132
T	-71	1	1352	1.01740128283	norm	2132
A	-71	1	1300	0.398406374502	raw	2132
A	-71	1	1300	0.944867162444	norm	2132
C	-71	1	307	0.0940851976709	raw	2132
C	-71	1	307	1.17594844398	norm	2132
G	-71	1	304	0.0931657983451	raw	2132
G	-71	1	304	1.02286817052	norm	2132
A	-70	1	1379	0.422617223414	raw	2132
A	-70	1	1379	1.00228601308	norm	2132
T	-70	1	1327	0.406680968434	raw	2132
T	-70	1	1327	0.998588389285	norm	2132
C	-70	1	331	0.101440392277	raw	2132
C	-70	1	331	1.26787926696	norm	2132
G	-70	1	226	0.069261415875	raw	2132
G	-70	1	226	0.760421732028	norm	2132
A	-69	1	1312	0.402083971805	raw	2132
A	-69	1	1312	0.953589013174	norm	2132
T	-69	1	1283	0.393196444989	raw	2132
T	-69	1	1283	0.965477696648	norm	2132
C	-69	1	352	0.107876187557	raw	2132
C	-69	1	352	1.34831873707	norm	2132
G	-69	1	316	0.0968433956482	raw	2132
G	-69	1	316	1.06324454567	norm	2132
T	-68	1	1388	0.425375421391	raw	2132
T	-68	1	1388	1.04449184953	norm	2132
A	-68	1	1202	0.368372663193	raw	2132
A	-68	1	1202	0.873638714813	norm	2132
C	-68	1	361	0.110634385535	raw	2132
C	-68	1	361	1.38279279569	norm	2132
G	-68	1	312	0.0956175298805	raw	2132
G	-68	1	312	1.04978575395	norm	2132
A	-67	1	1340	0.410665032179	raw	2132
A	-67	1	1340	0.973939998211	norm	2132
T	-67	1	1327	0.406680968434	raw	2132
T	-67	1	1327	0.998588389285	norm	2132
C	-67	1	298	0.0913269996935	raw	2132
C	-67	1	298	1.14147438536	norm	2132
G	-67	1	298	0.0913269996935	raw	2132
G	-67	1	298	1.00267998294	norm	2132
T	-66	1	1317	0.403616304015	raw	2132
T	-66	1	1317	0.991063231867	norm	2132
A	-66	1	1243	0.380937787312	raw	2132
A	-66	1	1243	0.903438371475	norm	2132
G	-66	1	392	0.120134845234	raw	2132
G	-66	1	392	1.3189615883	norm	2132
C	-66	1	311	0.0953110634386	raw	2132
C	-66	1	311	1.19127024781	norm	2132
A	-65	1	1357	0.415874961692	raw	2132
A	-65	1	1357	0.986295953412	norm	2132
T	-65	1	1199	0.367453263868	raw	2132
T	-65	1	1199	0.902266374342	norm	2132
G	-65	1	383	0.117376647257	raw	2132
G	-65	1	383	1.28867930693	norm	2132
C	-65	1	324	0.0992951271836	raw	2132
C	-65	1	324	1.24106611025	norm	2132
T	-64	1	1345	0.412197364389	raw	2132
T	-64	1	1345	1.01213367264	norm	2132
A	-64	1	1330	0.40760036776	raw	2132
A	-64	1	1330	0.966671789269	norm	2132
C	-64	1	335	0.102666258045	raw	2132
C	-64	1	335	1.28320107079	norm	2132
G	-64	1	253	0.0775360098069	raw	2132
G	-64	1	253	0.85126857612	norm	2132
T	-63	1	1347	0.412810297272	raw	2132
T	-63	1	1347	1.01363870412	norm	2132
A	-63	1	1278	0.39166411278	raw	2132
A	-63	1	1278	0.928877102772	norm	2132
C	-63	1	334	0.102359791603	raw	2132
C	-63	1	334	1.27937061983	norm	2132
G	-63	1	304	0.0931657983451	raw	2132
G	-63	1	304	1.02286817052	norm	2132
A	-62	1	1323	0.405455102666	raw	2132
A	-62	1	1323	0.96158404301	norm	2132
T	-62	1	1316	0.403309837573	raw	2132
T	-62	1	1316	0.990310716126	norm	2132
C	-62	1	329	0.100827459393	raw	2132
C	-62	1	329	1.26021836504	norm	2132
G	-62	1	295	0.0904076003678	raw	2132
G	-62	1	295	0.992585889152	norm	2132
A	-61	1	1362	0.417407293901	raw	2132
A	-61	1	1362	0.989930057883	norm	2132
T	-61	1	1247	0.38216365308	raw	2132
T	-61	1	1247	0.938387129946	norm	2132
G	-61	1	331	0.101440392277	raw	2132
G	-61	1	331	1.11371501461	norm	2132
C	-61	1	323	0.0989886607416	raw	2132
C	-61	1	323	1.2372356593	norm	2132
T	-60	1	1369	0.419552558995	raw	2132
T	-60	1	1369	1.03019405044	norm	2132
A	-60	1	1190	0.36469506589	raw	2132
A	-60	1	1190	0.864916864083	norm	2132
C	-60	1	381	0.116763714373	raw	2132
C	-60	1	381	1.45940181484	norm	2132
G	-60	1	323	0.0989886607416	raw	2132
G	-60	1	323	1.08679743117	norm	2132
T	-59	1	1320	0.40453570334	raw	2132
T	-59	1	1320	0.993320779092	norm	2132
A	-59	1	1308	0.400858106037	raw	2132
A	-59	1	1308	0.950681729597	norm	2132
G	-59	1	344	0.105424456022	raw	2132
G	-59	1	344	1.15745608769	norm	2132
C	-59	1	291	0.0891817346001	raw	2132
C	-59	1	291	1.11466122865	norm	2132
T	-58	1	1365	0.418326693227	raw	2132
T	-58	1	1365	1.02718398747	norm	2132
A	-58	1	1232	0.377566656451	raw	2132
A	-58	1	1232	0.895443341639	norm	2132
C	-58	1	372	0.114005516396	raw	2132
C	-58	1	372	1.42492775622	norm	2132
G	-58	1	294	0.0901011339258	raw	2132
G	-58	1	294	0.989221191222	norm	2132
T	-57	1	1270	0.389212381244	raw	2132
T	-57	1	1270	0.955694992006	norm	2132
A	-57	1	1243	0.380937787312	raw	2132
A	-57	1	1243	0.903438371475	norm	2132
C	-57	1	409	0.125344774747	raw	2132
C	-57	1	409	1.56665444165	norm	2132
G	-57	1	341	0.104505056696	raw	2132
G	-57	1	341	1.1473619939	norm	2132
T	-56	1	1358	0.416181428134	raw	2132
T	-56	1	1358	1.02191637728	norm	2132
A	-56	1	1247	0.38216365308	raw	2132
A	-56	1	1247	0.906345655052	norm	2132
C	-56	1	343	0.10511798958	raw	2132
C	-56	1	343	1.31384467845	norm	2132
G	-56	1	315	0.0965369292063	raw	2132
G	-56	1	315	1.05987984774	norm	2132
A	-55	1	1338	0.410052099295	raw	2132
A	-55	1	1338	0.972486356423	norm	2132
T	-55	1	1269	0.388905914802	raw	2132
T	-55	1	1269	0.954942476264	norm	2132
C	-55	1	343	0.10511798958	raw	2132
C	-55	1	343	1.31384467845	norm	2132
G	-55	1	313	0.0959239963224	raw	2132
G	-55	1	313	1.05315045188	norm	2132
T	-54	1	1334	0.408826233527	raw	2132
T	-54	1	1334	1.00385599948	norm	2132
A	-54	1	1196	0.366533864542	raw	2132
A	-54	1	1196	0.869277789448	norm	2132
G	-54	1	401	0.122893043212	raw	2132
G	-54	1	401	1.34924386966	norm	2132
C	-54	1	332	0.101746858719	raw	2132
C	-54	1	332	1.27170971792	norm	2132
A	-53	1	1369	0.419552558995	raw	2132
A	-53	1	1369	0.995017804143	norm	2132
T	-53	1	1279	0.391970579222	raw	2132
T	-53	1	1279	0.962467633681	norm	2132
G	-53	1	324	0.0992951271836	raw	2132
G	-53	1	324	1.0901621291	norm	2132
C	-53	1	291	0.0891817346001	raw	2132
C	-53	1	291	1.11466122865	norm	2132
T	-52	1	1335	0.409132699969	raw	2132
T	-52	1	1335	1.00460851522	norm	2132
A	-52	1	1331	0.407906834202	raw	2132
A	-52	1	1331	0.967398610164	norm	2132
C	-52	1	334	0.102359791603	raw	2132
C	-52	1	334	1.27937061983	norm	2132
G	-52	1	263	0.0806006742262	raw	2132
G	-52	1	263	0.884915555413	norm	2132
A	-51	1	1317	0.403616304015	raw	2132
A	-51	1	1317	0.957223117645	norm	2132
T	-51	1	1276	0.391051179896	raw	2132
T	-51	1	1276	0.960210086456	norm	2132
C	-51	1	338	0.103585657371	raw	2132
C	-51	1	338	1.29469242366	norm	2132
G	-51	1	332	0.101746858719	raw	2132
G	-51	1	332	1.11707971254	norm	2132
T	-50	1	1316	0.403309837573	raw	2132
T	-50	1	1316	0.990310716126	norm	2132
A	-50	1	1273	0.39013178057	raw	2132
A	-50	1	1273	0.925242998301	norm	2132
G	-50	1	339	0.103892123812	raw	2132
G	-50	1	339	1.14063259804	norm	2132
C	-50	1	335	0.102666258045	raw	2132
C	-50	1	335	1.28320107079	norm	2132
T	-49	1	1336	0.409439166411	raw	2132
T	-49	1	1336	1.00536103096	norm	2132
A	-49	1	1281	0.392583512105	raw	2132
A	-49	1	1281	0.931057565454	norm	2132
C	-49	1	361	0.110634385535	raw	2132
C	-49	1	361	1.38279279569	norm	2132
G	-49	1	285	0.0873429359485	raw	2132
G	-49	1	285	0.958938909859	norm	2132
T	-48	1	1300	0.398406374502	raw	2132
T	-48	1	1300	0.978270464258	norm	2132
A	-48	1	1254	0.384308918173	raw	2132
A	-48	1	1254	0.911433401311	norm	2132
C	-48	1	396	0.121360711002	raw	2132
C	-48	1	396	1.5168585792	norm	2132
G	-48	1	313	0.0959239963224	raw	2132
G	-48	1	313	1.05315045188	norm	2132
A	-47	1	1340	0.410665032179	raw	2132
A	-47	1	1340	0.973939998211	norm	2132
T	-47	1	1264	0.387373582593	raw	2132
T	-47	1	1264	0.951179897555	norm	2132
G	-47	1	340	0.104198590254	raw	2132
G	-47	1	340	1.14399729597	norm	2132
C	-47	1	319	0.097762794974	raw	2132
C	-47	1	319	1.22191385547	norm	2132
T	-46	1	1383	0.423843089182	raw	2132
T	-46	1	1383	1.04072927082	norm	2132
A	-46	1	1252	0.38369598529	raw	2132
A	-46	1	1252	0.909979759523	norm	2132
C	-46	1	340	0.104198590254	raw	2132
C	-46	1	340	1.30235332558	norm	2132
G	-46	1	288	0.0882623352743	raw	2132
G	-46	1	288	0.969033003646	norm	2132
A	-45	1	1333	0.408519767086	raw	2132
A	-45	1	1333	0.968852251952	norm	2132
T	-45	1	1277	0.391357646338	raw	2132
T	-45	1	1277	0.960962602198	norm	2132
C	-45	1	337	0.103279190929	raw	2132
C	-45	1	337	1.2908619727	norm	2132
G	-45	1	316	0.0968433956482	raw	2132
G	-45	1	316	1.06324454567	norm	2132
T	-44	1	1343	0.411584431505	raw	2132
T	-44	1	1343	1.01062864115	norm	2132
A	-44	1	1291	0.395648176525	raw	2132
A	-44	1	1291	0.938325774396	norm	2132
C	-44	1	342	0.104811523138	raw	2132
C	-44	1	342	1.31001422749	norm	2132
G	-44	1	287	0.0879558688324	raw	2132
G	-44	1	287	0.965668305717	norm	2132
T	-43	1	1332	0.408213300644	raw	2132
T	-43	1	1332	1.00235096799	norm	2132
A	-43	1	1282	0.392889978547	raw	2132
A	-43	1	1282	0.931784386348	norm	2132
C	-43	1	329	0.100827459393	raw	2132
C	-43	1	329	1.26021836504	norm	2132
G	-43	1	320	0.0980692614159	raw	2132
G	-43	1	320	1.07670333738	norm	2132
T	-42	1	1372	0.420471958321	raw	2132
T	-42	1	1372	1.03245159766	norm	2132
A	-42	1	1215	0.372356726938	raw	2132
A	-42	1	1215	0.883087386438	norm	2132
C	-42	1	387	0.118602513025	raw	2132
C	-42	1	387	1.48238452058	norm	2132
G	-42	1	289	0.0885688017162	raw	2132
G	-42	1	289	0.972397701576	norm	2132
T	-41	1	1366	0.418633159669	raw	2132
T	-41	1	1366	1.02793650321	norm	2132
A	-41	1	1256	0.384921851057	raw	2132
A	-41	1	1256	0.912887043099	norm	2132
C	-41	1	347	0.106343855348	raw	2132
C	-41	1	347	1.32916648228	norm	2132
G	-41	1	294	0.0901011339258	raw	2132
G	-41	1	294	0.989221191222	norm	2132
A	-40	1	1353	0.414649095924	raw	2132
A	-40	1	1353	0.983388669836	norm	2132
T	-40	1	1220	0.373889059148	raw	2132
T	-40	1	1220	0.918069204919	norm	2132
G	-40	1	359	0.110021452651	raw	2132
G	-40	1	359	1.20792655663	norm	2132
C	-40	1	331	0.101440392277	raw	2132
C	-40	1	331	1.26787926696	norm	2132
A	-39	1	1356	0.41556849525	raw	2132
A	-39	1	1356	0.985569132518	norm	2132
T	-39	1	1230	0.376953723567	raw	2132
T	-39	1	1230	0.925594362336	norm	2132
G	-39	1	371	0.113699049954	raw	2132
G	-39	1	371	1.24830293178	norm	2132
C	-39	1	306	0.0937787312289	raw	2132
C	-39	1	306	1.17211799302	norm	2132
A	-38	1	1264	0.387373582593	raw	2132
A	-38	1	1264	0.918701610253	norm	2132
T	-38	1	1262	0.386760649709	raw	2132
T	-38	1	1262	0.949674866072	norm	2132
G	-38	1	383	0.117376647257	raw	2132
G	-38	1	383	1.28867930693	norm	2132
C	-38	1	354	0.108489120441	raw	2132
C	-38	1	354	1.35597963898	norm	2132
T	-37	1	1344	0.411890897947	raw	2132
T	-37	1	1344	1.01138115689	norm	2132
A	-37	1	1213	0.371743794055	raw	2132
A	-37	1	1213	0.881633744649	norm	2132
C	-37	1	366	0.112166717744	raw	2132
C	-37	1	366	1.40194505047	norm	2132
G	-37	1	340	0.104198590254	raw	2132
G	-37	1	340	1.14399729597	norm	2132
A	-36	1	1327	0.406680968434	raw	2132
A	-36	1	1327	0.964491326587	norm	2132
T	-36	1	1152	0.353049341097	raw	2132
T	-36	1	1152	0.866898134481	norm	2132
C	-36	1	405	0.124118908979	raw	2132
C	-36	1	405	1.55133263782	norm	2132
G	-36	1	379	0.116150781489	raw	2132
G	-36	1	379	1.27522051522	norm	2132
A	-35	1	1386	0.424762488508	raw	2132
A	-35	1	1386	1.00737375934	norm	2132
T	-35	1	1204	0.368985596077	raw	2132
T	-35	1	1204	0.906028953051	norm	2132
G	-35	1	358	0.109714986209	raw	2132
G	-35	1	358	1.2045618587	norm	2132
C	-35	1	315	0.0965369292063	raw	2132
C	-35	1	315	1.20659205164	norm	2132
T	-34	1	1289	0.395035243641	raw	2132
T	-34	1	1289	0.969992791099	norm	2132
A	-34	1	1256	0.384921851057	raw	2132
A	-34	1	1256	0.912887043099	norm	2132
C	-34	1	363	0.111247318419	raw	2132
C	-34	1	363	1.3904536976	norm	2132
G	-34	1	355	0.108795586883	raw	2132
G	-34	1	355	1.19446776491	norm	2132
A	-33	1	1253	0.384002451732	raw	2132
A	-33	1	1253	0.910706580417	norm	2132
T	-33	1	1239	0.379711921545	raw	2132
T	-33	1	1239	0.932367004012	norm	2132
C	-33	1	386	0.118296046583	raw	2132
C	-33	1	386	1.47855406962	norm	2132
G	-33	1	385	0.117989580141	raw	2132
G	-33	1	385	1.29540870279	norm	2132
A	-32	1	1304	0.39963224027	raw	2132
A	-32	1	1304	0.94777444602	norm	2132
T	-32	1	1172	0.359178669936	raw	2132
T	-32	1	1172	0.881948449315	norm	2132
G	-32	1	410	0.125651241189	raw	2132
G	-32	1	410	1.37952615102	norm	2132
C	-32	1	377	0.115537848606	raw	2132
C	-32	1	377	1.44408001101	norm	2132
A	-31	1	1280	0.392277045663	raw	2132
A	-31	1	1280	0.93033074456	norm	2132
T	-31	1	1273	0.39013178057	raw	2132
T	-31	1	1273	0.957952539231	norm	2132
G	-31	1	385	0.117989580141	raw	2132
G	-31	1	385	1.29540870279	norm	2132
C	-31	1	325	0.0996015936255	raw	2132
C	-31	1	325	1.24489656121	norm	2132
A	-30	1	1351	0.41403616304	raw	2132
A	-30	1	1351	0.981935028047	norm	2132
T	-30	1	1217	0.372969659822	raw	2132
T	-30	1	1217	0.915811657694	norm	2132
C	-30	1	349	0.106956788232	raw	2132
C	-30	1	349	1.33682738419	norm	2132
G	-30	1	346	0.106037388906	raw	2132
G	-30	1	346	1.16418548355	norm	2132
T	-29	1	1303	0.399325773828	raw	2132
T	-29	1	1303	0.980528011483	norm	2132
A	-29	1	1278	0.39166411278	raw	2132
A	-29	1	1278	0.928877102772	norm	2132
G	-29	1	352	0.107876187557	raw	2132
G	-29	1	352	1.18437367112	norm	2132
C	-29	1	330	0.101133925835	raw	2132
C	-29	1	330	1.264048816	norm	2132
T	-28	1	1322	0.405148636224	raw	2132
T	-28	1	1322	0.994825810576	norm	2132
A	-28	1	1282	0.392889978547	raw	2132
A	-28	1	1282	0.931784386348	norm	2132
C	-28	1	348	0.10665032179	raw	2132
C	-28	1	348	1.33299693324	norm	2132
G	-28	1	311	0.0953110634386	raw	2132
G	-28	1	311	1.04642105602	norm	2132
A	-27	1	1297	0.397486975176	raw	2132
A	-27	1	1297	0.942686699761	norm	2132
T	-27	1	1205	0.369292062519	raw	2132
T	-27	1	1205	0.906781468793	norm	2132
G	-27	1	385	0.117989580141	raw	2132
G	-27	1	385	1.29540870279	norm	2132
C	-27	1	376	0.115231382164	raw	2132
C	-27	1	376	1.44024956005	norm	2132
T	-26	1	1314	0.402696904689	raw	2132
T	-26	1	1314	0.988805684642	norm	2132
A	-26	1	1195	0.3662273981	raw	2132
A	-26	1	1195	0.868550968554	norm	2132
G	-26	1	380	0.116457247931	raw	2132
G	-26	1	380	1.27858521314	norm	2132
C	-26	1	374	0.11461844928	raw	2132
C	-26	1	374	1.43258865813	norm	2132
A	-25	1	1323	0.405455102666	raw	2132
A	-25	1	1323	0.96158404301	norm	2132
T	-25	1	1219	0.373582592706	raw	2132
T	-25	1	1219	0.917316689177	norm	2132
C	-25	1	383	0.117376647257	raw	2132
C	-25	1	383	1.46706271675	norm	2132
G	-25	1	338	0.103585657371	raw	2132
G	-25	1	338	1.13726790011	norm	2132
A	-24	1	1323	0.405455102666	raw	2132
A	-24	1	1323	0.96158404301	norm	2132
T	-24	1	1165	0.357033404842	raw	2132
T	-24	1	1165	0.876680839123	norm	2132
C	-24	1	397	0.121667177444	raw	2132
C	-24	1	397	1.52068903016	norm	2132
G	-24	1	378	0.115844315048	raw	2132
G	-24	1	378	1.27185581729	norm	2132
T	-23	1	1306	0.400245173154	raw	2132
T	-23	1	1306	0.982785558708	norm	2132
A	-23	1	1238	0.379405455103	raw	2132
A	-23	1	1238	0.899804267004	norm	2132
C	-23	1	383	0.117376647257	raw	2132
C	-23	1	383	1.46706271675	norm	2132
G	-23	1	336	0.102972724487	raw	2132
G	-23	1	336	1.13053850425	norm	2132
T	-22	1	1268	0.38859944836	raw	2132
T	-22	1	1268	0.954189960522	norm	2132
A	-22	1	1251	0.383389518848	raw	2132
A	-22	1	1251	0.909252938629	norm	2132
C	-22	1	388	0.118908979467	raw	2132
C	-22	1	388	1.48621497154	norm	2132
G	-22	1	356	0.109102053325	raw	2132
G	-22	1	356	1.19783246284	norm	2132
T	-21	1	1242	0.38063132087	raw	2132
T	-21	1	1242	0.934624551237	norm	2132
A	-21	1	1236	0.378792522219	raw	2132
A	-21	1	1236	0.898350625216	norm	2132
C	-21	1	438	0.134232301563	raw	2132
C	-21	1	438	1.67773751942	norm	2132
G	-21	1	347	0.106343855348	raw	2132
G	-21	1	347	1.16755018148	norm	2132
A	-20	1	1256	0.384921851057	raw	2132
A	-20	1	1256	0.912887043099	norm	2132
T	-20	1	1231	0.377260190009	raw	2132
T	-20	1	1231	0.926346878078	norm	2132
C	-20	1	395	0.12105424456	raw	2132
C	-20	1	395	1.51302812824	norm	2132
G	-20	1	381	0.116763714373	raw	2132
G	-20	1	381	1.28194991107	norm	2132
T	-19	1	1264	0.387373582593	raw	2132
T	-19	1	1264	0.951179897555	norm	2132
A	-19	1	1210	0.370824394729	raw	2132
A	-19	1	1210	0.879453281967	norm	2132
C	-19	1	429	0.131474103586	raw	2132
C	-19	1	429	1.6432634608	norm	2132
G	-19	1	360	0.110327919093	raw	2132
G	-19	1	360	1.21129125456	norm	2132
T	-18	1	1259	0.385841250383	raw	2132
T	-18	1	1259	0.947417318847	norm	2132
A	-18	1	1179	0.361323935029	raw	2132
A	-18	1	1179	0.856921834247	norm	2132
C	-18	1	475	0.145571559914	raw	2132
C	-18	1	475	1.81946420485	norm	2132
G	-18	1	350	0.107263254674	raw	2132
G	-18	1	350	1.17764427526	norm	2132
T	-17	1	1188	0.364082133006	raw	2132
T	-17	1	1188	0.893988701183	norm	2132
A	-17	1	1182	0.362243334355	raw	2132
A	-17	1	1182	0.85910229693	norm	2132
C	-17	1	466	0.142813361937	raw	2132
C	-17	1	466	1.78499014623	norm	2132
G	-17	1	427	0.130861170702	raw	2132
G	-17	1	427	1.43672601582	norm	2132
A	-16	1	1229	0.376647257125	raw	2132
A	-16	1	1229	0.893262878956	norm	2132
T	-16	1	1216	0.37266319338	raw	2132
T	-16	1	1216	0.915059141952	norm	2132
C	-16	1	448	0.137296965982	raw	2132
C	-16	1	448	1.71604202899	norm	2132
G	-16	1	370	0.113392583512	raw	2132
G	-16	1	370	1.24493823385	norm	2132
T	-15	1	1256	0.384921851057	raw	2132
T	-15	1	1256	0.945159771621	norm	2132
A	-15	1	1224	0.375114924916	raw	2132
A	-15	1	1224	0.889628774485	norm	2132
C	-15	1	427	0.130861170702	raw	2132
C	-15	1	427	1.63560255889	norm	2132
G	-15	1	356	0.109102053325	raw	2132
G	-15	1	356	1.19783246284	norm	2132
A	-14	1	1253	0.384002451732	raw	2132
A	-14	1	1253	0.910706580417	norm	2132
T	-14	1	1191	0.365001532332	raw	2132
T	-14	1	1191	0.896246248408	norm	2132
C	-14	1	413	0.126570640515	raw	2132
C	-14	1	413	1.58197624548	norm	2132
G	-14	1	406	0.124425375421	raw	2132
G	-14	1	406	1.36606735931	norm	2132
T	-13	1	1201	0.368066196751	raw	2132
T	-13	1	1201	0.903771405826	norm	2132
A	-13	1	1190	0.36469506589	raw	2132
A	-13	1	1190	0.864916864083	norm	2132
C	-13	1	446	0.136684033098	raw	2132
C	-13	1	446	1.70838112708	norm	2132
G	-13	1	426	0.13055470426	raw	2132
G	-13	1	426	1.43336131789	norm	2132
T	-12	1	1216	0.37266319338	raw	2132
T	-12	1	1216	0.915059141952	norm	2132
A	-12	1	1190	0.36469506589	raw	2132
A	-12	1	1190	0.864916864083	norm	2132
C	-12	1	484	0.148329757892	raw	2132
C	-12	1	484	1.85393826347	norm	2132
G	-12	1	373	0.114311982838	raw	2132
G	-12	1	373	1.25503232764	norm	2132
T	-11	1	1243	0.380937787312	raw	2132
T	-11	1	1243	0.935377066979	norm	2132
A	-11	1	1205	0.369292062519	raw	2132
A	-11	1	1205	0.875819177496	norm	2132
C	-11	1	457	0.14005516396	raw	2132
C	-11	1	457	1.75051608761	norm	2132
G	-11	1	358	0.109714986209	raw	2132
G	-11	1	358	1.2045618587	norm	2132
T	-10	1	1278	0.39166411278	raw	2132
T	-10	1	1278	0.96171511794	norm	2132
A	-10	1	1213	0.371743794055	raw	2132
A	-10	1	1213	0.881633744649	norm	2132
C	-10	1	415	0.127183573399	raw	2132
C	-10	1	415	1.58963714739	norm	2132
G	-10	1	357	0.109408519767	raw	2132
G	-10	1	357	1.20119716077	norm	2132
A	-9	1	1226	0.3757278578	raw	2132
A	-9	1	1226	0.891082416274	norm	2132
T	-9	1	1211	0.371130861171	raw	2132
T	-9	1	1211	0.911296563243	norm	2132
C	-9	1	416	0.127490039841	raw	2132
C	-9	1	416	1.59346759835	norm	2132
G	-9	1	410	0.125651241189	raw	2132
G	-9	1	410	1.37952615102	norm	2132
A	-8	1	1191	0.365001532332	raw	2132
A	-8	1	1191	0.865643684977	norm	2132
T	-8	1	1166	0.357339871284	raw	2132
T	-8	1	1166	0.877433354865	norm	2132
C	-8	1	467	0.143119828379	raw	2132
C	-8	1	467	1.78882059719	norm	2132
G	-8	1	439	0.134538768005	raw	2132
G	-8	1	439	1.47710239098	norm	2132
T	-7	1	1200	0.36775973031	raw	2132
T	-7	1	1200	0.903018890084	norm	2132
A	-7	1	1106	0.338951884769	raw	2132
A	-7	1	1106	0.803863908971	norm	2132
C	-7	1	490	0.150168556543	raw	2132
C	-7	1	490	1.87692096921	norm	2132
G	-7	1	467	0.143119828379	raw	2132
G	-7	1	467	1.571313933	norm	2132
T	-6	1	1208	0.370211461845	raw	2132
T	-6	1	1208	0.909039016018	norm	2132
A	-6	1	1124	0.344468280723	raw	2132
A	-6	1	1124	0.816946685067	norm	2132
G	-6	1	470	0.144039227705	raw	2132
G	-6	1	470	1.58140802678	norm	2132
C	-6	1	461	0.141281029727	raw	2132
C	-6	1	461	1.76583789144	norm	2132
T	-5	1	1193	0.365614465216	raw	2132
T	-5	1	1193	0.897751279892	norm	2132
A	-5	1	1192	0.365307998774	raw	2132
A	-5	1	1192	0.866370505871	norm	2132
C	-5	1	486	0.148942690775	raw	2132
C	-5	1	486	1.86159916538	norm	2132
G	-5	1	392	0.120134845234	raw	2132
G	-5	1	392	1.3189615883	norm	2132
T	-4	1	1186	0.363469200123	raw	2132
T	-4	1	1186	0.8924836697	norm	2132
A	-4	1	1177	0.360711002145	raw	2132
A	-4	1	1177	0.855468192459	norm	2132
C	-4	1	483	0.14802329145	raw	2132
C	-4	1	483	1.85010781251	norm	2132
G	-4	1	417	0.127796506283	raw	2132
G	-4	1	417	1.40307903653	norm	2132
A	-3	1	1149	0.352129941771	raw	2132
A	-3	1	1149	0.835117207421	norm	2132
T	-3	1	1149	0.352129941771	raw	2132
T	-3	1	1149	0.864640587255	norm	2132
C	-3	1	500	0.153233220962	raw	2132
C	-3	1	500	1.91522547879	norm	2132
G	-3	1	465	0.142506895495	raw	2132
G	-3	1	465	1.56458453714	norm	2132
T	-2	1	1330	0.40760036776	raw	2132
T	-2	1	1330	1.00084593651	norm	2132
A	-2	1	1025	0.314128102973	raw	2132
A	-2	1	1025	0.744991416542	norm	2132
C	-2	1	517	0.158443150475	raw	2132
C	-2	1	517	1.98034314507	norm	2132
G	-2	1	391	0.119828378793	raw	2132
G	-2	1	391	1.31559689037	norm	2132
T	-1	1	1257	0.385228317499	raw	2132
T	-1	1	1257	0.945912287363	norm	2132
A	-1	1	1005	0.307998774134	raw	2132
A	-1	1	1005	0.730454998658	norm	2132
C	-1	1	536	0.164266012872	raw	2132
C	-1	1	536	2.05312171326	norm	2132
G	-1	1	465	0.142506895495	raw	2132
G	-1	1	465	1.56458453714	norm	2132
C	0	1	1515	0.464296659516	raw	2132
C	0	1	1515	5.80313320073	norm	2132
A	0	1	965	0.295740116457	raw	2132
A	0	1	965	0.701382162891	norm	2132
G	0	1	412	0.126264174073	raw	2132
G	0	1	412	1.38625554688	norm	2132
T	0	1	371	0.113699049954	raw	2132
T	0	1	371	0.279183340184	norm	2132
A	1	1	1429	0.43794054551	raw	2132
A	1	1	1429	1.03862705779	norm	2132
T	1	1	1179	0.361323935029	raw	2132
T	1	1	1179	0.887216059508	norm	2132
C	1	1	462	0.141587496169	raw	2132
C	1	1	462	1.7696683424	norm	2132
G	1	1	193	0.0591480232914	raw	2132
G	1	1	193	0.64938670036	norm	2132
A	2	1	1181	0.361936867913	raw	2132
A	2	1	1181	0.858375476035	norm	2132
T	2	1	1120	0.343242414956	raw	2132
T	2	1	1120	0.842817630745	norm	2132
C	2	1	484	0.148329757892	raw	2132
C	2	1	484	1.85393826347	norm	2132
G	2	1	478	0.14649095924	raw	2132
G	2	1	478	1.60832561022	norm	2132
T	3	1	1267	0.388292981918	raw	2132
T	3	1	1267	0.95343744478	norm	2132
A	3	1	1074	0.329144958627	raw	2132
A	3	1	1074	0.780605640357	norm	2132
G	3	1	519	0.159056083359	raw	2132
G	3	1	519	1.74627822532	norm	2132
C	3	1	403	0.123505976096	raw	2132
C	3	1	403	1.5436717359	norm	2132
A	4	1	1174	0.359791602819	raw	2132
A	4	1	1174	0.853287729776	norm	2132
T	4	1	1143	0.35029114312	raw	2132
T	4	1	1143	0.860125492805	norm	2132
G	4	1	540	0.165491878639	raw	2132
G	4	1	540	1.81693688184	norm	2132
C	4	1	406	0.124425375421	raw	2132
C	4	1	406	1.55516308878	norm	2132
A	5	1	1160	0.355501072633	raw	2132
A	5	1	1160	0.843112237257	norm	2132
T	5	1	1078	0.330370824395	raw	2132
T	5	1	1078	0.811211969592	norm	2132
G	5	1	539	0.165185412197	raw	2132
G	5	1	539	1.81357218391	norm	2132
C	5	1	486	0.148942690775	raw	2132
C	5	1	486	1.86159916538	norm	2132
T	6	1	1155	0.353968740423	raw	2132
T	6	1	1155	0.869155681706	norm	2132
A	6	1	1019	0.312289304321	raw	2132
A	6	1	1019	0.740630491177	norm	2132
C	6	1	577	0.17683113699	raw	2132
C	6	1	577	2.21017020252	norm	2132
G	6	1	512	0.156910818265	raw	2132
G	6	1	512	1.72272533982	norm	2132
T	7	1	1281	0.392583512105	raw	2132
T	7	1	1281	0.963972665165	norm	2132
A	7	1	1020	0.312595770763	raw	2132
A	7	1	1020	0.741357312071	norm	2132
C	7	1	500	0.153233220962	raw	2132
C	7	1	500	1.91522547879	norm	2132
G	7	1	462	0.141587496169	raw	2132
G	7	1	462	1.55449044335	norm	2132
T	8	1	1194	0.365920931658	raw	2132
T	8	1	1194	0.898503795634	norm	2132
A	8	1	1068	0.327306159975	raw	2132
A	8	1	1068	0.776244714992	norm	2132
G	8	1	514	0.157523751149	raw	2132
G	8	1	514	1.72945473567	norm	2132
C	8	1	487	0.149249157217	raw	2132
C	8	1	487	1.86542961634	norm	2132
T	9	1	1171	0.358872203494	raw	2132
T	9	1	1171	0.881195933574	norm	2132
A	9	1	1034	0.31688630095	raw	2132
A	9	1	1034	0.75153280459	norm	2132
G	9	1	586	0.179589334968	raw	2132
G	9	1	586	1.97171298659	norm	2132
C	9	1	472	0.144652160588	raw	2132
C	9	1	472	1.80797285198	norm	2132
T	10	1	1206	0.369598528961	raw	2132
T	10	1	1206	0.907533984534	norm	2132
A	10	1	1056	0.323628562672	raw	2132
A	10	1	1056	0.767522864262	norm	2132
C	10	1	501	0.153539687404	raw	2132
C	10	1	501	1.91905592975	norm	2132
G	10	1	500	0.153233220962	raw	2132
G	10	1	500	1.68234896466	norm	2132
T	11	1	1095	0.335580753907	raw	2132
T	11	1	1095	0.824004737202	norm	2132
A	11	1	1061	0.325160894882	raw	2132
A	11	1	1061	0.771156968733	norm	2132
G	11	1	570	0.174685871897	raw	2132
G	11	1	570	1.91787781972	norm	2132
C	11	1	537	0.164572479314	raw	2132
C	11	1	537	2.05695216422	norm	2132
T	12	1	1215	0.372356726938	raw	2132
T	12	1	1215	0.91430662621	norm	2132
A	12	1	1023	0.313515170089	raw	2132
A	12	1	1023	0.743537774754	norm	2132
C	12	1	517	0.158443150475	raw	2132
C	12	1	517	1.98034314507	norm	2132
G	12	1	508	0.155684952498	raw	2132
G	12	1	508	1.7092665481	norm	2132
T	13	1	1148	0.351823475329	raw	2132
T	13	1	1148	0.863888071514	norm	2132
A	13	1	1039	0.31841863316	raw	2132
A	13	1	1039	0.755166909061	norm	2132
G	13	1	575	0.176218204107	raw	2132
G	13	1	575	1.93470130936	norm	2132
C	13	1	501	0.153539687404	raw	2132
C	13	1	501	1.91905592975	norm	2132
T	14	1	1160	0.355501072633	raw	2132
T	14	1	1160	0.872918260415	norm	2132
A	14	1	1043	0.319644498927	raw	2132
A	14	1	1043	0.758074192638	norm	2132
C	14	1	554	0.169782408826	raw	2132
C	14	1	554	2.1220698305	norm	2132
G	14	1	506	0.155072019614	raw	2132
G	14	1	506	1.70253715224	norm	2132
T	15	1	1157	0.354581673307	raw	2132
T	15	1	1157	0.870660713189	norm	2132
A	15	1	1059	0.324547961998	raw	2132
A	15	1	1059	0.769703326945	norm	2132
C	15	1	547	0.167637143733	raw	2132
C	15	1	547	2.09525667379	norm	2132
G	15	1	500	0.153233220962	raw	2132
G	15	1	500	1.68234896466	norm	2132
T	16	1	1107	0.339258351211	raw	2132
T	16	1	1107	0.833034926103	norm	2132
A	16	1	980	0.300337113086	raw	2132
A	16	1	980	0.712284476304	norm	2132
G	16	1	632	0.193686791296	raw	2132
G	16	1	632	2.12648909134	norm	2132
C	16	1	544	0.166717744407	raw	2132
C	16	1	544	2.08376532092	norm	2132
T	17	1	1222	0.374501992032	raw	2132
T	17	1	1222	0.919574236402	norm	2132
A	17	1	1065	0.32638676065	raw	2132
A	17	1	1065	0.77406425231	norm	2132
C	17	1	488	0.149555623659	raw	2132
C	17	1	488	1.8692600673	norm	2132
G	17	1	488	0.149555623659	raw	2132
G	17	1	488	1.64197258951	norm	2132
T	18	1	1106	0.338951884769	raw	2132
T	18	1	1106	0.832282410361	norm	2132
A	18	1	1066	0.326693227092	raw	2132
A	18	1	1066	0.774791073204	norm	2132
C	18	1	568	0.174072939013	raw	2132
C	18	1	568	2.1756961439	norm	2132
G	18	1	523	0.160281949127	raw	2132
G	18	1	523	1.75973701704	norm	2132
T	19	1	1146	0.351210542446	raw	2132
T	19	1	1146	0.86238304003	norm	2132
A	19	1	970	0.297272448667	raw	2132
A	19	1	970	0.705016267362	norm	2132
C	19	1	594	0.182041066503	raw	2132
C	19	1	594	2.2752878688	norm	2132
G	19	1	553	0.169475942384	raw	2132
G	19	1	553	1.86067795492	norm	2132
T	20	1	1170	0.358565737052	raw	2132
T	20	1	1170	0.880443417832	norm	2132
A	20	1	1018	0.311982837879	raw	2132
A	20	1	1018	0.739903670283	norm	2132
C	20	1	540	0.165491878639	raw	2132
C	20	1	540	2.06844351709	norm	2132
G	20	1	535	0.16395954643	raw	2132
G	20	1	535	1.80011339219	norm	2132
A	21	1	1126	0.345081213607	raw	2132
A	21	1	1126	0.818400326855	norm	2132
T	21	1	1110	0.340177750536	raw	2132
T	21	1	1110	0.835292473328	norm	2132
C	21	1	532	0.163040147104	raw	2132
C	21	1	532	2.03779990943	norm	2132
G	21	1	495	0.151700888753	raw	2132
G	21	1	495	1.66552547502	norm	2132
T	22	1	1198	0.367146797426	raw	2132
T	22	1	1198	0.901513858601	norm	2132
A	22	1	1026	0.314434569415	raw	2132
A	22	1	1026	0.745718237436	norm	2132
C	22	1	536	0.164266012872	raw	2132
C	22	1	536	2.05312171326	norm	2132
G	22	1	503	0.154152620288	raw	2132
G	22	1	503	1.69244305845	norm	2132
T	23	1	1257	0.385228317499	raw	2132
T	23	1	1257	0.945912287363	norm	2132
A	23	1	949	0.290836653386	raw	2132
A	23	1	949	0.689753028584	norm	2132
G	23	1	534	0.163653079988	raw	2132
G	23	1	534	1.79674869426	norm	2132
C	23	1	523	0.160281949127	raw	2132
C	23	1	523	2.00332585081	norm	2132
T	24	1	1137	0.348452344468	raw	2132
T	24	1	1137	0.855610398355	norm	2132
A	24	1	1004	0.307692307692	raw	2132
A	24	1	1004	0.729728177764	norm	2132
G	24	1	576	0.176524670549	raw	2132
G	24	1	576	1.93806600729	norm	2132
C	24	1	546	0.167330677291	raw	2132
C	24	1	546	2.09142622284	norm	2132
A	25	1	1156	0.354275206865	raw	2132
A	25	1	1156	0.840204953681	norm	2132
T	25	1	1080	0.330983757279	raw	2132
T	25	1	1080	0.812717001076	norm	2132
G	25	1	514	0.157523751149	raw	2132
G	25	1	514	1.72945473567	norm	2132
C	25	1	513	0.157217284707	raw	2132
C	25	1	513	1.96502134124	norm	2132
T	26	1	1228	0.376340790683	raw	2132
T	26	1	1228	0.924089330853	norm	2132
A	26	1	1002	0.307079374808	raw	2132
A	26	1	1002	0.728274535976	norm	2132
C	26	1	539	0.165185412197	raw	2132
C	26	1	539	2.06461306613	norm	2132
G	26	1	494	0.151394422311	raw	2132
G	26	1	494	1.66216077709	norm	2132
T	27	1	1156	0.354275206865	raw	2132
T	27	1	1156	0.869908197448	norm	2132
A	27	1	1080	0.330983757279	raw	2132
A	27	1	1080	0.784966565722	norm	2132
C	27	1	514	0.157523751149	raw	2132
C	27	1	514	1.96885179219	norm	2132
G	27	1	513	0.157217284707	raw	2132
G	27	1	513	1.72609003775	norm	2132
T	28	1	1206	0.369598528961	raw	2132
T	28	1	1206	0.907533984534	norm	2132
A	28	1	1102	0.337726019001	raw	2132
A	28	1	1102	0.800956625395	norm	2132
G	28	1	514	0.157523751149	raw	2132
G	28	1	514	1.72945473567	norm	2132
C	28	1	441	0.135151700889	raw	2132
C	28	1	441	1.68922887229	norm	2132
T	29	1	1178	0.361017468587	raw	2132
T	29	1	1178	0.886463543766	norm	2132
A	29	1	1039	0.31841863316	raw	2132
A	29	1	1039	0.755166909061	norm	2132
G	29	1	547	0.167637143733	raw	2132
G	29	1	547	1.84048976734	norm	2132
C	29	1	499	0.15292675452	raw	2132
C	29	1	499	1.91139502783	norm	2132
T	30	1	1269	0.388905914802	raw	2132
T	30	1	1269	0.954942476264	norm	2132
A	30	1	1042	0.319338032485	raw	2132
A	30	1	1042	0.757347371743	norm	2132
C	30	1	495	0.151700888753	raw	2132
C	30	1	495	1.896073224	norm	2132
G	30	1	457	0.14005516396	raw	2132
G	30	1	457	1.5376669537	norm	2132
T	31	1	1201	0.368066196751	raw	2132
T	31	1	1201	0.903771405826	norm	2132
A	31	1	1129	0.346000612933	raw	2132
A	31	1	1129	0.820580789538	norm	2132
C	31	1	471	0.144345694146	raw	2132
C	31	1	471	1.80414240102	norm	2132
G	31	1	462	0.141587496169	raw	2132
G	31	1	462	1.55449044335	norm	2132
A	32	1	1184	0.362856267239	raw	2132
A	32	1	1184	0.860555938718	norm	2132
T	32	1	1123	0.344161814281	raw	2132
T	32	1	1123	0.84507517797	norm	2132
C	32	1	503	0.154152620288	raw	2132
C	32	1	503	1.92671683166	norm	2132
G	32	1	453	0.138829298192	raw	2132
G	32	1	453	1.52420816199	norm	2132
T	33	1	1240	0.380018387987	raw	2132
T	33	1	1240	0.933119519754	norm	2132
A	33	1	1018	0.311982837879	raw	2132
A	33	1	1018	0.739903670283	norm	2132
C	33	1	517	0.158443150475	raw	2132
C	33	1	517	1.98034314507	norm	2132
G	33	1	488	0.149555623659	raw	2132
G	33	1	488	1.64197258951	norm	2132
T	34	1	1151	0.352742874655	raw	2132
T	34	1	1151	0.866145618739	norm	2132
A	34	1	1146	0.351210542446	raw	2132
A	34	1	1146	0.832936744739	norm	2132
G	34	1	485	0.148636224333	raw	2132
G	34	1	485	1.63187849572	norm	2132
C	34	1	481	0.147410358566	raw	2132
C	34	1	481	1.84244691059	norm	2132
T	35	1	1257	0.385228317499	raw	2132
T	35	1	1257	0.945912287363	norm	2132
A	35	1	1041	0.319031566044	raw	2132
A	35	1	1041	0.756620550849	norm	2132
G	35	1	493	0.151087955869	raw	2132
G	35	1	493	1.65879607916	norm	2132
C	35	1	472	0.144652160588	raw	2132
C	35	1	472	1.80797285198	norm	2132
T	36	1	1241	0.380324854428	raw	2132
T	36	1	1241	0.933872035495	norm	2132
A	36	1	1049	0.321483297579	raw	2132
A	36	1	1049	0.762435118003	norm	2132
G	36	1	507	0.155378486056	raw	2132
G	36	1	507	1.70590185017	norm	2132
C	36	1	466	0.142813361937	raw	2132
C	36	1	466	1.78499014623	norm	2132
A	37	1	1224	0.375114924916	raw	2132
A	37	1	1224	0.889628774485	norm	2132
T	37	1	1165	0.357033404842	raw	2132
T	37	1	1165	0.876680839123	norm	2132
C	37	1	460	0.140974563285	raw	2132
C	37	1	460	1.76200744049	norm	2132
G	37	1	414	0.126877106957	raw	2132
G	37	1	414	1.39298494274	norm	2132
T	38	1	1254	0.384308918173	raw	2132
T	38	1	1254	0.943654740138	norm	2132
A	38	1	1091	0.33435488814	raw	2132
A	38	1	1091	0.792961595559	norm	2132
C	38	1	477	0.146184492798	raw	2132
C	38	1	477	1.82712510676	norm	2132
G	38	1	441	0.135151700889	raw	2132
G	38	1	441	1.48383178683	norm	2132
T	39	1	1296	0.397180508734	raw	2132
T	39	1	1296	0.975260401291	norm	2132
A	39	1	1076	0.329757891511	raw	2132
A	39	1	1076	0.782059282146	norm	2132
C	39	1	512	0.156910818265	raw	2132
C	39	1	512	1.96119089028	norm	2132
G	39	1	379	0.116150781489	raw	2132
G	39	1	379	1.27522051522	norm	2132
T	40	1	1369	0.419552558995	raw	2132
T	40	1	1369	1.03019405044	norm	2132
A	40	1	1096	0.335887220349	raw	2132
A	40	1	1096	0.796595700029	norm	2132
G	40	1	427	0.130861170702	raw	2132
G	40	1	427	1.43672601582	norm	2132
C	40	1	371	0.113699049954	raw	2132
C	40	1	371	1.42109730526	norm	2132
T	41	1	1295	0.396874042292	raw	2132
T	41	1	1295	0.974507885549	norm	2132
A	41	1	1174	0.359791602819	raw	2132
A	41	1	1174	0.853287729776	norm	2132
G	41	1	412	0.126264174073	raw	2132
G	41	1	412	1.38625554688	norm	2132
C	41	1	382	0.117070180815	raw	2132
C	41	1	382	1.46323226579	norm	2132
T	42	1	1328	0.406987434876	raw	2132
T	42	1	1328	0.999340905026	norm	2132
A	42	1	1144	0.350597609562	raw	2132
A	42	1	1144	0.83148310295	norm	2132
G	42	1	404	0.123812442538	raw	2132
G	42	1	404	1.35933796345	norm	2132
C	42	1	387	0.118602513025	raw	2132
C	42	1	387	1.48238452058	norm	2132
T	43	1	1275	0.390744713454	raw	2132
T	43	1	1275	0.959457570714	norm	2132
A	43	1	1225	0.375421391358	raw	2132
A	43	1	1225	0.89035559538	norm	2132
G	43	1	405	0.124118908979	raw	2132
G	43	1	405	1.36270266138	norm	2132
C	43	1	358	0.109714986209	raw	2132
C	43	1	358	1.37130144281	norm	2132
T	44	1	1322	0.405148636224	raw	2132
T	44	1	1322	0.994825810576	norm	2132
A	44	1	1184	0.362856267239	raw	2132
A	44	1	1184	0.860555938718	norm	2132
C	44	1	383	0.117376647257	raw	2132
C	44	1	383	1.46706271675	norm	2132
G	44	1	374	0.11461844928	raw	2132
G	44	1	374	1.25839702557	norm	2132
T	45	1	1367	0.418939626111	raw	2132
T	45	1	1367	1.02868901895	norm	2132
A	45	1	1205	0.369292062519	raw	2132
A	45	1	1205	0.875819177496	norm	2132
C	45	1	376	0.115231382164	raw	2132
C	45	1	376	1.44024956005	norm	2132
G	45	1	315	0.0965369292063	raw	2132
G	45	1	315	1.05987984774	norm	2132
T	46	1	1331	0.407906834202	raw	2132
T	46	1	1331	1.00159845225	norm	2132
A	46	1	1253	0.384002451732	raw	2132
A	46	1	1253	0.910706580417	norm	2132
G	46	1	343	0.10511798958	raw	2132
G	46	1	343	1.15409138976	norm	2132
C	46	1	336	0.102972724487	raw	2132
C	46	1	336	1.28703152175	norm	2132
T	47	1	1363	0.417713760343	raw	2132
T	47	1	1363	1.02567895599	norm	2132
A	47	1	1192	0.365307998774	raw	2132
A	47	1	1192	0.866370505871	norm	2132
C	47	1	356	0.109102053325	raw	2132
C	47	1	356	1.3636405409	norm	2132
G	47	1	352	0.107876187557	raw	2132
G	47	1	352	1.18437367112	norm	2132
T	48	1	1271	0.389518847686	raw	2132
T	48	1	1271	0.956447507747	norm	2132
A	48	1	1242	0.38063132087	raw	2132
A	48	1	1242	0.902711550581	norm	2132
G	48	1	393	0.120441311676	raw	2132
G	48	1	393	1.32232628623	norm	2132
C	48	1	357	0.109408519767	raw	2132
C	48	1	357	1.36747099185	norm	2132
T	49	1	1269	0.388905914802	raw	2132
T	49	1	1269	0.954942476264	norm	2132
A	49	1	1217	0.372969659822	raw	2132
A	49	1	1217	0.884541028226	norm	2132
C	49	1	406	0.124425375421	raw	2132
C	49	1	406	1.55516308878	norm	2132
G	49	1	371	0.113699049954	raw	2132
G	49	1	371	1.24830293178	norm	2132
T	50	1	1331	0.407906834202	raw	2132
T	50	1	1331	1.00159845225	norm	2132
A	50	1	1173	0.359485136378	raw	2132
A	50	1	1173	0.852560908882	norm	2132
C	50	1	399	0.122280110328	raw	2132
C	50	1	399	1.52834993207	norm	2132
G	50	1	360	0.110327919093	raw	2132
G	50	1	360	1.21129125456	norm	2132
T	51	1	1268	0.38859944836	raw	2132
T	51	1	1268	0.954189960522	norm	2132
A	51	1	1238	0.379405455103	raw	2132
A	51	1	1238	0.899804267004	norm	2132
G	51	1	381	0.116763714373	raw	2132
G	51	1	381	1.28194991107	norm	2132
C	51	1	376	0.115231382164	raw	2132
C	51	1	376	1.44024956005	norm	2132
T	52	1	1313	0.402390438247	raw	2132
T	52	1	1313	0.9880531689	norm	2132
A	52	1	1231	0.377260190009	raw	2132
A	52	1	1231	0.894716520745	norm	2132
C	52	1	385	0.117989580141	raw	2132
C	52	1	385	1.47472361867	norm	2132
G	52	1	334	0.102359791603	raw	2132
G	52	1	334	1.1238091084	norm	2132
T	53	1	1335	0.409132699969	raw	2132
T	53	1	1335	1.00460851522	norm	2132
A	53	1	1273	0.39013178057	raw	2132
A	53	1	1273	0.925242998301	norm	2132
G	53	1	337	0.103279190929	raw	2132
G	53	1	337	1.13390320218	norm	2132
C	53	1	318	0.097456328532	raw	2132
C	53	1	318	1.21808340451	norm	2132
T	54	1	1315	0.403003371131	raw	2132
T	54	1	1315	0.989558200384	norm	2132
A	54	1	1253	0.384002451732	raw	2132
A	54	1	1253	0.910706580417	norm	2132
C	54	1	360	0.110327919093	raw	2132
C	54	1	360	1.37896234473	norm	2132
G	54	1	335	0.102666258045	raw	2132
G	54	1	335	1.12717380632	norm	2132
T	55	1	1380	0.422923689856	raw	2132
T	55	1	1380	1.0384717236	norm	2132
A	55	1	1219	0.373582592706	raw	2132
A	55	1	1219	0.885994670015	norm	2132
C	55	1	337	0.103279190929	raw	2132
C	55	1	337	1.2908619727	norm	2132
G	55	1	327	0.100214526509	raw	2132
G	55	1	327	1.10025622289	norm	2132
A	56	1	1306	0.400245173154	raw	2132
A	56	1	1306	0.949228087809	norm	2132
T	56	1	1287	0.394422310757	raw	2132
T	56	1	1287	0.968487759615	norm	2132
G	56	1	348	0.10665032179	raw	2132
G	56	1	348	1.17091487941	norm	2132
C	56	1	322	0.0986821942997	raw	2132
C	56	1	322	1.23340520834	norm	2132
T	57	1	1292	0.395954642967	raw	2132
T	57	1	1292	0.972250338324	norm	2132
A	57	1	1274	0.390438247012	raw	2132
A	57	1	1274	0.925969819195	norm	2132
C	57	1	358	0.109714986209	raw	2132
C	57	1	358	1.37130144281	norm	2132
G	57	1	339	0.103892123812	raw	2132
G	57	1	339	1.14063259804	norm	2132
A	58	1	1327	0.406680968434	raw	2132
A	58	1	1327	0.964491326587	norm	2132
T	58	1	1307	0.400551639595	raw	2132
T	58	1	1307	0.98353807445	norm	2132
C	58	1	330	0.101133925835	raw	2132
C	58	1	330	1.264048816	norm	2132
G	58	1	299	0.0916334661355	raw	2132
G	58	1	299	1.00604468087	norm	2132
T	59	1	1354	0.414955562366	raw	2132
T	59	1	1354	1.01890631431	norm	2132
A	59	1	1277	0.391357646338	raw	2132
A	59	1	1277	0.928150281877	norm	2132
G	59	1	361	0.110634385535	raw	2132
G	59	1	361	1.21465595249	norm	2132
C	59	1	271	0.0830524057616	raw	2132
C	59	1	271	1.0380522095	norm	2132
A	60	1	1296	0.397180508734	raw	2132
A	60	1	1296	0.941959878867	norm	2132
T	60	1	1250	0.383083052406	raw	2132
T	60	1	1250	0.940644677171	norm	2132
G	60	1	383	0.117376647257	raw	2132
G	60	1	383	1.28867930693	norm	2132
C	60	1	334	0.102359791603	raw	2132
C	60	1	334	1.27937061983	norm	2132
T	61	1	1399	0.428746552253	raw	2132
T	61	1	1399	1.05276952269	norm	2132
A	61	1	1218	0.373276126264	raw	2132
A	61	1	1218	0.88526784912	norm	2132
G	61	1	384	0.117683113699	raw	2132
G	61	1	384	1.29204400486	norm	2132
C	61	1	262	0.0802942077842	raw	2132
C	61	1	262	1.00357815088	norm	2132
A	62	1	1381	0.423230156298	raw	2132
A	62	1	1381	1.00373965487	norm	2132
T	62	1	1278	0.39166411278	raw	2132
T	62	1	1278	0.96171511794	norm	2132
G	62	1	347	0.106343855348	raw	2132
G	62	1	347	1.16755018148	norm	2132
C	62	1	257	0.0787618755746	raw	2132
C	62	1	257	0.984425896097	norm	2132
T	63	1	1356	0.41556849525	raw	2132
T	63	1	1356	1.02041134579	norm	2132
A	63	1	1293	0.396261109409	raw	2132
A	63	1	1293	0.939779416184	norm	2132
G	63	1	349	0.106956788232	raw	2132
G	63	1	349	1.17427957734	norm	2132
C	63	1	265	0.08121360711	raw	2132
C	63	1	265	1.01506950376	norm	2132
T	64	1	1376	0.421697824088	raw	2132
T	64	1	1376	1.03546166063	norm	2132
A	64	1	1337	0.409745632853	raw	2132
A	64	1	1337	0.971759535529	norm	2132
G	64	1	291	0.0891817346001	raw	2132
G	64	1	291	0.979127097434	norm	2132
C	64	1	259	0.0793748084585	raw	2132
C	64	1	259	0.992086798012	norm	2132
T	65	1	1381	0.423230156298	raw	2132
T	65	1	1381	1.03922423934	norm	2132
A	65	1	1262	0.386760649709	raw	2132
A	65	1	1262	0.917247968465	norm	2132
G	65	1	319	0.097762794974	raw	2132
G	65	1	319	1.07333863946	norm	2132
C	65	1	301	0.0922463990193	raw	2132
C	65	1	301	1.15296573823	norm	2132
T	66	1	1364	0.418020226785	raw	2132
T	66	1	1364	1.02643147173	norm	2132
A	66	1	1310	0.401471038921	raw	2132
A	66	1	1310	0.952135371386	norm	2132
G	66	1	323	0.0989886607416	raw	2132
G	66	1	323	1.08679743117	norm	2132
C	66	1	266	0.0815200735519	raw	2132
C	66	1	266	1.01889995472	norm	2132
A	67	1	1367	0.418939626111	raw	2132
A	67	1	1367	0.993564162354	norm	2132
T	67	1	1289	0.395035243641	raw	2132
T	67	1	1289	0.969992791099	norm	2132
G	67	1	306	0.0937787312289	raw	2132
G	67	1	306	1.02959756637	norm	2132
C	67	1	301	0.0922463990193	raw	2132
C	67	1	301	1.15296573823	norm	2132
A	68	1	1325	0.40606803555	raw	2132
A	68	1	1325	0.963037684798	norm	2132
T	68	1	1316	0.403309837573	raw	2132
T	68	1	1316	0.990310716126	norm	2132
C	68	1	323	0.0989886607416	raw	2132
C	68	1	323	1.2372356593	norm	2132
G	68	1	299	0.0916334661355	raw	2132
G	68	1	299	1.00604468087	norm	2132
T	69	1	1333	0.408519767086	raw	2132
T	69	1	1333	1.00310348374	norm	2132
A	69	1	1305	0.399938706712	raw	2132
A	69	1	1305	0.948501266915	norm	2132
G	69	1	320	0.0980692614159	raw	2132
G	69	1	320	1.07670333738	norm	2132
C	69	1	305	0.093472264787	raw	2132
C	69	1	305	1.16828754206	norm	2132
A	70	1	1331	0.407906834202	raw	2132
A	70	1	1331	0.967398610164	norm	2132
T	70	1	1301	0.398712840944	raw	2132
T	70	1	1301	0.979022979999	norm	2132
C	70	1	334	0.102359791603	raw	2132
C	70	1	334	1.27937061983	norm	2132
G	70	1	297	0.0910205332516	raw	2132
G	70	1	297	0.99931528501	norm	2132
A	71	1	1350	0.413729696598	raw	2132
A	71	1	1350	0.981208207153	norm	2132
T	71	1	1345	0.412197364389	raw	2132
T	71	1	1345	1.01213367264	norm	2132
C	71	1	288	0.0882623352743	raw	2132
C	71	1	288	1.10316987578	norm	2132
G	71	1	280	0.0858106037389	raw	2132
G	71	1	280	0.942115420212	norm	2132
T	72	1	1393	0.426907753601	raw	2132
T	72	1	1393	1.04825442824	norm	2132
A	72	1	1316	0.403309837573	raw	2132
A	72	1	1316	0.956496296751	norm	2132
C	72	1	308	0.0943916641128	raw	2132
C	72	1	308	1.17977889493	norm	2132
G	72	1	246	0.0753907447135	raw	2132
G	72	1	246	0.827715690615	norm	2132
A	73	1	1333	0.408519767086	raw	2132
A	73	1	1333	0.968852251952	norm	2132
T	73	1	1320	0.40453570334	raw	2132
T	73	1	1320	0.993320779092	norm	2132
G	73	1	318	0.097456328532	raw	2132
G	73	1	318	1.06997394153	norm	2132
C	73	1	292	0.089488201042	raw	2132
C	73	1	292	1.11849167961	norm	2132
A	74	1	1352	0.414342629482	raw	2132
A	74	1	1352	0.982661848941	norm	2132
T	74	1	1327	0.406680968434	raw	2132
T	74	1	1327	0.998588389285	norm	2132
G	74	1	344	0.105424456022	raw	2132
G	74	1	344	1.15745608769	norm	2132
C	74	1	240	0.0735519460619	raw	2132
C	74	1	240	0.919308229818	norm	2132
T	75	1	1344	0.411890897947	raw	2132
T	75	1	1344	1.01138115689	norm	2132
A	75	1	1340	0.410665032179	raw	2132
A	75	1	1340	0.973939998211	norm	2132
G	75	1	312	0.0956175298805	raw	2132
G	75	1	312	1.04978575395	norm	2132
C	75	1	267	0.0818265399939	raw	2132
C	75	1	267	1.02273040567	norm	2132
A	76	1	1346	0.412503830831	raw	2132
A	76	1	1346	0.978300923576	norm	2132
T	76	1	1341	0.410971498621	raw	2132
T	76	1	1341	1.00912360967	norm	2132
G	76	1	330	0.101133925835	raw	2132
G	76	1	330	1.11035031668	norm	2132
C	76	1	246	0.0753907447135	raw	2132
C	76	1	246	0.942290935564	norm	2132
A	77	1	1312	0.402083971805	raw	2132
A	77	1	1312	0.953589013174	norm	2132
T	77	1	1296	0.397180508734	raw	2132
T	77	1	1296	0.975260401291	norm	2132
C	77	1	350	0.107263254674	raw	2132
C	77	1	350	1.34065783515	norm	2132
G	77	1	305	0.093472264787	raw	2132
G	77	1	305	1.02623286845	norm	2132
A	78	1	1364	0.418020226785	raw	2132
A	78	1	1364	0.991383699672	norm	2132
T	78	1	1291	0.395648176525	raw	2132
T	78	1	1291	0.971497822582	norm	2132
G	78	1	334	0.102359791603	raw	2132
G	78	1	334	1.1238091084	norm	2132
C	78	1	274	0.0839718050873	raw	2132
C	78	1	274	1.04954356238	norm	2132
A	79	1	1386	0.424762488508	raw	2132
A	79	1	1386	1.00737375934	norm	2132
T	79	1	1355	0.415262028808	raw	2132
T	79	1	1355	1.01965883005	norm	2132
G	79	1	291	0.0891817346001	raw	2132
G	79	1	291	0.979127097434	norm	2132
C	79	1	231	0.0707937480846	raw	2132
C	79	1	231	0.8848341712	norm	2132
A	80	1	1339	0.410358565737	raw	2132
A	80	1	1339	0.973213177317	norm	2132
T	80	1	1339	0.410358565737	raw	2132
T	80	1	1339	1.00761857819	norm	2132
C	80	1	296	0.0907140668097	raw	2132
C	80	1	296	1.13381348344	norm	2132
G	80	1	289	0.0885688017162	raw	2132
G	80	1	289	0.972397701576	norm	2132
A	81	1	1355	0.415262028808	raw	2132
A	81	1	1355	0.984842311624	norm	2132
T	81	1	1320	0.40453570334	raw	2132
T	81	1	1320	0.993320779092	norm	2132
G	81	1	329	0.100827459393	raw	2132
G	81	1	329	1.10698561875	norm	2132
C	81	1	259	0.0793748084585	raw	2132
C	81	1	259	0.992086798012	norm	2132
A	82	1	1435	0.439779344162	raw	2132
A	82	1	1435	1.04298798316	norm	2132
T	82	1	1214	0.372050260496	raw	2132
T	82	1	1214	0.913554110468	norm	2132
G	82	1	319	0.097762794974	raw	2132
G	82	1	319	1.07333863946	norm	2132
C	82	1	295	0.0904076003678	raw	2132
C	82	1	295	1.12998303249	norm	2132
A	83	1	1350	0.413729696598	raw	2132
A	83	1	1350	0.981208207153	norm	2132
T	83	1	1336	0.409439166411	raw	2132
T	83	1	1336	1.00536103096	norm	2132
G	83	1	307	0.0940851976709	raw	2132
G	83	1	307	1.0329622643	norm	2132
C	83	1	270	0.0827459393196	raw	2132
C	83	1	270	1.03422175855	norm	2132
A	84	1	1370	0.419859025437	raw	2132
A	84	1	1370	0.995744625037	norm	2132
T	84	1	1296	0.397180508734	raw	2132
T	84	1	1296	0.975260401291	norm	2132
G	84	1	332	0.101746858719	raw	2132
G	84	1	332	1.11707971254	norm	2132
C	84	1	265	0.08121360711	raw	2132
C	84	1	265	1.01506950376	norm	2132
A	85	1	1418	0.434569414649	raw	2132
A	85	1	1418	1.03063202796	norm	2132
T	85	1	1292	0.395954642967	raw	2132
T	85	1	1292	0.972250338324	norm	2132
G	85	1	315	0.0965369292063	raw	2132
G	85	1	315	1.05987984774	norm	2132
C	85	1	238	0.0729390131781	raw	2132
C	85	1	238	0.911647327903	norm	2132
T	86	1	1408	0.43150475023	raw	2132
T	86	1	1408	1.05954216437	norm	2132
A	86	1	1345	0.412197364389	raw	2132
A	86	1	1345	0.977574102682	norm	2132
G	86	1	272	0.0833588722035	raw	2132
G	86	1	272	0.915197836777	norm	2132
C	86	1	238	0.0729390131781	raw	2132
C	86	1	238	0.911647327903	norm	2132
A	87	1	1393	0.426907753601	raw	2132
A	87	1	1393	1.0124615056	norm	2132
T	87	1	1243	0.380937787312	raw	2132
T	87	1	1243	0.935377066979	norm	2132
C	87	1	323	0.0989886607416	raw	2132
C	87	1	323	1.2372356593	norm	2132
G	87	1	304	0.0931657983451	raw	2132
G	87	1	304	1.02286817052	norm	2132
A	88	1	1379	0.422617223414	raw	2132
A	88	1	1379	1.00228601308	norm	2132
T	88	1	1331	0.407906834202	raw	2132
T	88	1	1331	1.00159845225	norm	2132
G	88	1	306	0.0937787312289	raw	2132
G	88	1	306	1.02959756637	norm	2132
C	88	1	247	0.0756972111554	raw	2132
C	88	1	247	0.946121386521	norm	2132
T	89	1	1355	0.415262028808	raw	2132
T	89	1	1355	1.01965883005	norm	2132
A	89	1	1324	0.405761569108	raw	2132
A	89	1	1324	0.962310863904	norm	2132
C	89	1	296	0.0907140668097	raw	2132
C	89	1	296	1.13381348344	norm	2132
G	89	1	288	0.0882623352743	raw	2132
G	89	1	288	0.969033003646	norm	2132
T	90	1	1346	0.412503830831	raw	2132
T	90	1	1346	1.01288618838	norm	2132
A	90	1	1334	0.408826233527	raw	2132
A	90	1	1334	0.969579072846	norm	2132
G	90	1	311	0.0953110634386	raw	2132
G	90	1	311	1.04642105602	norm	2132
C	90	1	272	0.0833588722035	raw	2132
C	90	1	272	1.04188266046	norm	2132
A	91	1	1403	0.42997241802	raw	2132
A	91	1	1403	1.01972971455	norm	2132
T	91	1	1353	0.414649095924	raw	2132
T	91	1	1353	1.01815379857	norm	2132
G	91	1	277	0.0848912044131	raw	2132
G	91	1	277	0.932021326424	norm	2132
C	91	1	230	0.0704872816427	raw	2132
C	91	1	230	0.881003720243	norm	2132
A	92	1	1413	0.433037082439	raw	2132
A	92	1	1413	1.02699792349	norm	2132
T	92	1	1331	0.407906834202	raw	2132
T	92	1	1331	1.00159845225	norm	2132
G	92	1	282	0.0864235366227	raw	2132
G	92	1	282	0.948844816071	norm	2132
C	92	1	237	0.0726325467361	raw	2132
C	92	1	237	0.907816876946	norm	2132
A	93	1	1324	0.405761569108	raw	2132
A	93	1	1324	0.962310863904	norm	2132
T	93	1	1311	0.401777505363	raw	2132
T	93	1	1311	0.986548137417	norm	2132
C	93	1	316	0.0968433956482	raw	2132
C	93	1	316	1.21042250259	norm	2132
G	93	1	312	0.0956175298805	raw	2132
G	93	1	312	1.04978575395	norm	2132
T	94	1	1394	0.427214220043	raw	2132
T	94	1	1394	1.04900694398	norm	2132
A	94	1	1294	0.39656757585	raw	2132
A	94	1	1294	0.940506237079	norm	2132
G	94	1	312	0.0956175298805	raw	2132
G	94	1	312	1.04978575395	norm	2132
C	94	1	263	0.0806006742262	raw	2132
C	94	1	263	1.00740860184	norm	2132
A	95	1	1468	0.449892736745	raw	2132
A	95	1	1468	1.06697307267	norm	2132
T	95	1	1240	0.380018387987	raw	2132
T	95	1	1240	0.933119519754	norm	2132
C	95	1	288	0.0882623352743	raw	2132
C	95	1	288	1.10316987578	norm	2132
G	95	1	267	0.0818265399939	raw	2132
G	95	1	267	0.898374347131	norm	2132
T	96	1	1320	0.40453570334	raw	2132
T	96	1	1320	0.993320779092	norm	2132
A	96	1	1267	0.388292981918	raw	2132
A	96	1	1267	0.920882072936	norm	2132
G	96	1	364	0.111553784861	raw	2132
G	96	1	364	1.22475004628	norm	2132
C	96	1	312	0.0956175298805	raw	2132
C	96	1	312	1.19510069876	norm	2132
A	97	1	1388	0.425375421391	raw	2132
A	97	1	1388	1.00882740113	norm	2132
T	97	1	1314	0.402696904689	raw	2132
T	97	1	1314	0.988805684642	norm	2132
C	97	1	289	0.0885688017162	raw	2132
C	97	1	289	1.10700032674	norm	2132
G	97	1	272	0.0833588722035	raw	2132
G	97	1	272	0.915197836777	norm	2132
T	98	1	1411	0.432424149556	raw	2132
T	98	1	1411	1.06179971159	norm	2132
A	98	1	1315	0.403003371131	raw	2132
A	98	1	1315	0.955769475857	norm	2132
C	98	1	278	0.085197670855	raw	2132
C	98	1	278	1.06486536621	norm	2132
G	98	1	259	0.0793748084585	raw	2132
G	98	1	259	0.871456763696	norm	2132
A	99	1	1401	0.429359485136	raw	2132
A	99	1	1401	1.01827607276	norm	2132
T	99	1	1290	0.395341710083	raw	2132
T	99	1	1290	0.97074530684	norm	2132
G	99	1	291	0.0891817346001	raw	2132
G	99	1	291	0.979127097434	norm	2132
C	99	1	281	0.0861170701808	raw	2132
C	99	1	281	1.07635671908	norm	2132
A	100	1	1379	0.422617223414	raw	2132
A	100	1	1379	1.00228601308	norm	2132
T	100	1	1314	0.402696904689	raw	2132
T	100	1	1314	0.988805684642	norm	2132
C	100	1	285	0.0873429359485	raw	2132
C	100	1	285	1.09167852291	norm	2132
G	100	1	285	0.0873429359485	raw	2132
G	100	1	285	0.958938909859	norm	2132
