#nuc	offset	region.size	count	freq	norm.freq	total.sites
A	-100	1	3	0.375	raw	8
A	-100	1	3	1.26292643923	norm	8
T	-100	1	2	0.25	raw	8
T	-100	1	2	0.798130368874	norm	8
G	-100	1	2	0.25	raw	8
G	-100	1	2	1.33969465649	norm	8
C	-100	1	1	0.125	raw	8
C	-100	1	1	0.615070093457	norm	8
A	-99	1	3	0.375	raw	8
A	-99	1	3	1.26292643923	norm	8
T	-99	1	2	0.25	raw	8
T	-99	1	2	0.798130368874	norm	8
G	-99	1	2	0.25	raw	8
G	-99	1	2	1.33969465649	norm	8
C	-99	1	1	0.125	raw	8
C	-99	1	1	0.615070093457	norm	8
T	-98	1	5	0.625	raw	8
T	-98	1	5	1.99532592218	norm	8
A	-98	1	2	0.25	raw	8
A	-98	1	2	0.841950959487	norm	8
C	-98	1	1	0.125	raw	8
C	-98	1	1	0.615070093457	norm	8
A	-97	1	4	0.5	raw	8
A	-97	1	4	1.68390191897	norm	8
T	-97	1	3	0.375	raw	8
T	-97	1	3	1.19719555331	norm	8
C	-97	1	1	0.125	raw	8
C	-97	1	1	0.615070093457	norm	8
T	-96	1	3	0.375	raw	8
T	-96	1	3	1.19719555331	norm	8
G	-96	1	3	0.375	raw	8
G	-96	1	3	2.00954198473	norm	8
A	-96	1	1	0.125	raw	8
A	-96	1	1	0.420975479743	norm	8
C	-96	1	1	0.125	raw	8
C	-96	1	1	0.615070093457	norm	8
A	-95	1	2	0.25	raw	8
A	-95	1	2	0.841950959487	norm	8
C	-95	1	2	0.25	raw	8
C	-95	1	2	1.23014018691	norm	8
T	-95	1	2	0.25	raw	8
T	-95	1	2	0.798130368874	norm	8
G	-95	1	2	0.25	raw	8
G	-95	1	2	1.33969465649	norm	8
A	-94	1	4	0.5	raw	8
A	-94	1	4	1.68390191897	norm	8
G	-94	1	3	0.375	raw	8
G	-94	1	3	2.00954198473	norm	8
C	-94	1	1	0.125	raw	8
C	-94	1	1	0.615070093457	norm	8
T	-93	1	4	0.5	raw	8
T	-93	1	4	1.59626073775	norm	8
C	-93	1	2	0.25	raw	8
C	-93	1	2	1.23014018691	norm	8
A	-93	1	1	0.125	raw	8
A	-93	1	1	0.420975479743	norm	8
G	-93	1	1	0.125	raw	8
G	-93	1	1	0.669847328243	norm	8
T	-92	1	4	0.5	raw	8
T	-92	1	4	1.59626073775	norm	8
G	-92	1	3	0.375	raw	8
G	-92	1	3	2.00954198473	norm	8
C	-92	1	1	0.125	raw	8
C	-92	1	1	0.615070093457	norm	8
A	-91	1	4	0.5	raw	8
A	-91	1	4	1.68390191897	norm	8
T	-91	1	3	0.375	raw	8
T	-91	1	3	1.19719555331	norm	8
C	-91	1	1	0.125	raw	8
C	-91	1	1	0.615070093457	norm	8
T	-90	1	4	0.5	raw	8
T	-90	1	4	1.59626073775	norm	8
C	-90	1	3	0.375	raw	8
C	-90	1	3	1.84521028037	norm	8
A	-90	1	1	0.125	raw	8
A	-90	1	1	0.420975479743	norm	8
T	-89	1	4	0.5	raw	8
T	-89	1	4	1.59626073775	norm	8
G	-89	1	2	0.25	raw	8
G	-89	1	2	1.33969465649	norm	8
A	-89	1	1	0.125	raw	8
A	-89	1	1	0.420975479743	norm	8
C	-89	1	1	0.125	raw	8
C	-89	1	1	0.615070093457	norm	8
T	-88	1	5	0.625	raw	8
T	-88	1	5	1.99532592218	norm	8
C	-88	1	2	0.25	raw	8
C	-88	1	2	1.23014018691	norm	8
A	-88	1	1	0.125	raw	8
A	-88	1	1	0.420975479743	norm	8
T	-87	1	3	0.375	raw	8
T	-87	1	3	1.19719555331	norm	8
A	-87	1	2	0.25	raw	8
A	-87	1	2	0.841950959487	norm	8
G	-87	1	2	0.25	raw	8
G	-87	1	2	1.33969465649	norm	8
C	-87	1	1	0.125	raw	8
C	-87	1	1	0.615070093457	norm	8
A	-86	1	3	0.375	raw	8
A	-86	1	3	1.26292643923	norm	8
G	-86	1	3	0.375	raw	8
G	-86	1	3	2.00954198473	norm	8
T	-86	1	2	0.25	raw	8
T	-86	1	2	0.798130368874	norm	8
A	-85	1	5	0.625	raw	8
A	-85	1	5	2.10487739872	norm	8
T	-85	1	2	0.25	raw	8
T	-85	1	2	0.798130368874	norm	8
C	-85	1	1	0.125	raw	8
C	-85	1	1	0.615070093457	norm	8
T	-84	1	6	0.75	raw	8
T	-84	1	6	2.39439110662	norm	8
G	-84	1	2	0.25	raw	8
G	-84	1	2	1.33969465649	norm	8
T	-83	1	3	0.375	raw	8
T	-83	1	3	1.19719555331	norm	8
A	-83	1	2	0.25	raw	8
A	-83	1	2	0.841950959487	norm	8
C	-83	1	2	0.25	raw	8
C	-83	1	2	1.23014018691	norm	8
G	-83	1	1	0.125	raw	8
G	-83	1	1	0.669847328243	norm	8
A	-82	1	3	0.375	raw	8
A	-82	1	3	1.26292643923	norm	8
T	-82	1	2	0.25	raw	8
T	-82	1	2	0.798130368874	norm	8
G	-82	1	2	0.25	raw	8
G	-82	1	2	1.33969465649	norm	8
C	-82	1	1	0.125	raw	8
C	-82	1	1	0.615070093457	norm	8
A	-81	1	5	0.625	raw	8
A	-81	1	5	2.10487739872	norm	8
C	-81	1	2	0.25	raw	8
C	-81	1	2	1.23014018691	norm	8
T	-81	1	1	0.125	raw	8
T	-81	1	1	0.399065184437	norm	8
T	-80	1	3	0.375	raw	8
T	-80	1	3	1.19719555331	norm	8
G	-80	1	3	0.375	raw	8
G	-80	1	3	2.00954198473	norm	8
A	-80	1	1	0.125	raw	8
A	-80	1	1	0.420975479743	norm	8
C	-80	1	1	0.125	raw	8
C	-80	1	1	0.615070093457	norm	8
A	-79	1	3	0.375	raw	8
A	-79	1	3	1.26292643923	norm	8
T	-79	1	3	0.375	raw	8
T	-79	1	3	1.19719555331	norm	8
C	-79	1	1	0.125	raw	8
C	-79	1	1	0.615070093457	norm	8
G	-79	1	1	0.125	raw	8
G	-79	1	1	0.669847328243	norm	8
A	-78	1	3	0.375	raw	8
A	-78	1	3	1.26292643923	norm	8
T	-78	1	2	0.25	raw	8
T	-78	1	2	0.798130368874	norm	8
G	-78	1	2	0.25	raw	8
G	-78	1	2	1.33969465649	norm	8
C	-78	1	1	0.125	raw	8
C	-78	1	1	0.615070093457	norm	8
C	-77	1	3	0.375	raw	8
C	-77	1	3	1.84521028037	norm	8
A	-77	1	2	0.25	raw	8
A	-77	1	2	0.841950959487	norm	8
T	-77	1	2	0.25	raw	8
T	-77	1	2	0.798130368874	norm	8
G	-77	1	1	0.125	raw	8
G	-77	1	1	0.669847328243	norm	8
T	-76	1	3	0.375	raw	8
T	-76	1	3	1.19719555331	norm	8
C	-76	1	2	0.25	raw	8
C	-76	1	2	1.23014018691	norm	8
G	-76	1	2	0.25	raw	8
G	-76	1	2	1.33969465649	norm	8
A	-76	1	1	0.125	raw	8
A	-76	1	1	0.420975479743	norm	8
A	-75	1	4	0.5	raw	8
A	-75	1	4	1.68390191897	norm	8
G	-75	1	2	0.25	raw	8
G	-75	1	2	1.33969465649	norm	8
C	-75	1	1	0.125	raw	8
C	-75	1	1	0.615070093457	norm	8
T	-75	1	1	0.125	raw	8
T	-75	1	1	0.399065184437	norm	8
G	-74	1	3	0.375	raw	8
G	-74	1	3	2.00954198473	norm	8
A	-74	1	2	0.25	raw	8
A	-74	1	2	0.841950959487	norm	8
T	-74	1	2	0.25	raw	8
T	-74	1	2	0.798130368874	norm	8
C	-74	1	1	0.125	raw	8
C	-74	1	1	0.615070093457	norm	8
T	-73	1	4	0.5	raw	8
T	-73	1	4	1.59626073775	norm	8
A	-73	1	2	0.25	raw	8
A	-73	1	2	0.841950959487	norm	8
C	-73	1	1	0.125	raw	8
C	-73	1	1	0.615070093457	norm	8
G	-73	1	1	0.125	raw	8
G	-73	1	1	0.669847328243	norm	8
A	-72	1	4	0.5	raw	8
A	-72	1	4	1.68390191897	norm	8
C	-72	1	2	0.25	raw	8
C	-72	1	2	1.23014018691	norm	8
T	-72	1	1	0.125	raw	8
T	-72	1	1	0.399065184437	norm	8
G	-72	1	1	0.125	raw	8
G	-72	1	1	0.669847328243	norm	8
C	-71	1	3	0.375	raw	8
C	-71	1	3	1.84521028037	norm	8
A	-71	1	2	0.25	raw	8
A	-71	1	2	0.841950959487	norm	8
T	-71	1	2	0.25	raw	8
T	-71	1	2	0.798130368874	norm	8
G	-71	1	1	0.125	raw	8
G	-71	1	1	0.669847328243	norm	8
C	-70	1	4	0.5	raw	8
C	-70	1	4	2.46028037383	norm	8
A	-70	1	2	0.25	raw	8
A	-70	1	2	0.841950959487	norm	8
T	-70	1	1	0.125	raw	8
T	-70	1	1	0.399065184437	norm	8
G	-70	1	1	0.125	raw	8
G	-70	1	1	0.669847328243	norm	8
T	-69	1	5	0.625	raw	8
T	-69	1	5	1.99532592218	norm	8
G	-69	1	2	0.25	raw	8
G	-69	1	2	1.33969465649	norm	8
A	-69	1	1	0.125	raw	8
A	-69	1	1	0.420975479743	norm	8
A	-68	1	3	0.375	raw	8
A	-68	1	3	1.26292643923	norm	8
T	-68	1	3	0.375	raw	8
T	-68	1	3	1.19719555331	norm	8
C	-68	1	1	0.125	raw	8
C	-68	1	1	0.615070093457	norm	8
G	-68	1	1	0.125	raw	8
G	-68	1	1	0.669847328243	norm	8
C	-67	1	3	0.375	raw	8
C	-67	1	3	1.84521028037	norm	8
G	-67	1	3	0.375	raw	8
G	-67	1	3	2.00954198473	norm	8
A	-67	1	2	0.25	raw	8
A	-67	1	2	0.841950959487	norm	8
T	-66	1	4	0.5	raw	8
T	-66	1	4	1.59626073775	norm	8
G	-66	1	2	0.25	raw	8
G	-66	1	2	1.33969465649	norm	8
A	-66	1	1	0.125	raw	8
A	-66	1	1	0.420975479743	norm	8
C	-66	1	1	0.125	raw	8
C	-66	1	1	0.615070093457	norm	8
G	-65	1	3	0.375	raw	8
G	-65	1	3	2.00954198473	norm	8
A	-65	1	2	0.25	raw	8
A	-65	1	2	0.841950959487	norm	8
C	-65	1	2	0.25	raw	8
C	-65	1	2	1.23014018691	norm	8
T	-65	1	1	0.125	raw	8
T	-65	1	1	0.399065184437	norm	8
A	-64	1	6	0.75	raw	8
A	-64	1	6	2.52585287846	norm	8
C	-64	1	1	0.125	raw	8
C	-64	1	1	0.615070093457	norm	8
T	-64	1	1	0.125	raw	8
T	-64	1	1	0.399065184437	norm	8
A	-63	1	4	0.5	raw	8
A	-63	1	4	1.68390191897	norm	8
T	-63	1	3	0.375	raw	8
T	-63	1	3	1.19719555331	norm	8
G	-63	1	1	0.125	raw	8
G	-63	1	1	0.669847328243	norm	8
T	-62	1	3	0.375	raw	8
T	-62	1	3	1.19719555331	norm	8
G	-62	1	3	0.375	raw	8
G	-62	1	3	2.00954198473	norm	8
A	-62	1	2	0.25	raw	8
A	-62	1	2	0.841950959487	norm	8
T	-61	1	4	0.5	raw	8
T	-61	1	4	1.59626073775	norm	8
G	-61	1	2	0.25	raw	8
G	-61	1	2	1.33969465649	norm	8
A	-61	1	1	0.125	raw	8
A	-61	1	1	0.420975479743	norm	8
C	-61	1	1	0.125	raw	8
C	-61	1	1	0.615070093457	norm	8
C	-60	1	3	0.375	raw	8
C	-60	1	3	1.84521028037	norm	8
A	-60	1	2	0.25	raw	8
A	-60	1	2	0.841950959487	norm	8
T	-60	1	2	0.25	raw	8
T	-60	1	2	0.798130368874	norm	8
G	-60	1	1	0.125	raw	8
G	-60	1	1	0.669847328243	norm	8
T	-59	1	4	0.5	raw	8
T	-59	1	4	1.59626073775	norm	8
A	-59	1	2	0.25	raw	8
A	-59	1	2	0.841950959487	norm	8
C	-59	1	2	0.25	raw	8
C	-59	1	2	1.23014018691	norm	8
A	-58	1	4	0.5	raw	8
A	-58	1	4	1.68390191897	norm	8
T	-58	1	2	0.25	raw	8
T	-58	1	2	0.798130368874	norm	8
G	-58	1	2	0.25	raw	8
G	-58	1	2	1.33969465649	norm	8
A	-57	1	5	0.625	raw	8
A	-57	1	5	2.10487739872	norm	8
T	-57	1	2	0.25	raw	8
T	-57	1	2	0.798130368874	norm	8
C	-57	1	1	0.125	raw	8
C	-57	1	1	0.615070093457	norm	8
T	-56	1	5	0.625	raw	8
T	-56	1	5	1.99532592218	norm	8
A	-56	1	2	0.25	raw	8
A	-56	1	2	0.841950959487	norm	8
G	-56	1	1	0.125	raw	8
G	-56	1	1	0.669847328243	norm	8
T	-55	1	5	0.625	raw	8
T	-55	1	5	1.99532592218	norm	8
A	-55	1	2	0.25	raw	8
A	-55	1	2	0.841950959487	norm	8
G	-55	1	1	0.125	raw	8
G	-55	1	1	0.669847328243	norm	8
A	-54	1	3	0.375	raw	8
A	-54	1	3	1.26292643923	norm	8
C	-54	1	2	0.25	raw	8
C	-54	1	2	1.23014018691	norm	8
G	-54	1	2	0.25	raw	8
G	-54	1	2	1.33969465649	norm	8
T	-54	1	1	0.125	raw	8
T	-54	1	1	0.399065184437	norm	8
A	-53	1	3	0.375	raw	8
A	-53	1	3	1.26292643923	norm	8
C	-53	1	3	0.375	raw	8
C	-53	1	3	1.84521028037	norm	8
G	-53	1	2	0.25	raw	8
G	-53	1	2	1.33969465649	norm	8
G	-52	1	3	0.375	raw	8
G	-52	1	3	2.00954198473	norm	8
A	-52	1	2	0.25	raw	8
A	-52	1	2	0.841950959487	norm	8
T	-52	1	2	0.25	raw	8
T	-52	1	2	0.798130368874	norm	8
C	-52	1	1	0.125	raw	8
C	-52	1	1	0.615070093457	norm	8
C	-51	1	3	0.375	raw	8
C	-51	1	3	1.84521028037	norm	8
G	-51	1	3	0.375	raw	8
G	-51	1	3	2.00954198473	norm	8
T	-51	1	2	0.25	raw	8
T	-51	1	2	0.798130368874	norm	8
T	-50	1	4	0.5	raw	8
T	-50	1	4	1.59626073775	norm	8
G	-50	1	2	0.25	raw	8
G	-50	1	2	1.33969465649	norm	8
A	-50	1	1	0.125	raw	8
A	-50	1	1	0.420975479743	norm	8
C	-50	1	1	0.125	raw	8
C	-50	1	1	0.615070093457	norm	8
C	-49	1	3	0.375	raw	8
C	-49	1	3	1.84521028037	norm	8
T	-49	1	3	0.375	raw	8
T	-49	1	3	1.19719555331	norm	8
A	-49	1	1	0.125	raw	8
A	-49	1	1	0.420975479743	norm	8
G	-49	1	1	0.125	raw	8
G	-49	1	1	0.669847328243	norm	8
C	-48	1	4	0.5	raw	8
C	-48	1	4	2.46028037383	norm	8
T	-48	1	3	0.375	raw	8
T	-48	1	3	1.19719555331	norm	8
A	-48	1	1	0.125	raw	8
A	-48	1	1	0.420975479743	norm	8
G	-47	1	4	0.5	raw	8
G	-47	1	4	2.67938931297	norm	8
T	-47	1	3	0.375	raw	8
T	-47	1	3	1.19719555331	norm	8
C	-47	1	1	0.125	raw	8
C	-47	1	1	0.615070093457	norm	8
T	-46	1	3	0.375	raw	8
T	-46	1	3	1.19719555331	norm	8
G	-46	1	3	0.375	raw	8
G	-46	1	3	2.00954198473	norm	8
A	-46	1	1	0.125	raw	8
A	-46	1	1	0.420975479743	norm	8
C	-46	1	1	0.125	raw	8
C	-46	1	1	0.615070093457	norm	8
A	-45	1	3	0.375	raw	8
A	-45	1	3	1.26292643923	norm	8
C	-45	1	2	0.25	raw	8
C	-45	1	2	1.23014018691	norm	8
T	-45	1	2	0.25	raw	8
T	-45	1	2	0.798130368874	norm	8
G	-45	1	1	0.125	raw	8
G	-45	1	1	0.669847328243	norm	8
A	-44	1	2	0.25	raw	8
A	-44	1	2	0.841950959487	norm	8
C	-44	1	2	0.25	raw	8
C	-44	1	2	1.23014018691	norm	8
T	-44	1	2	0.25	raw	8
T	-44	1	2	0.798130368874	norm	8
G	-44	1	2	0.25	raw	8
G	-44	1	2	1.33969465649	norm	8
T	-43	1	3	0.375	raw	8
T	-43	1	3	1.19719555331	norm	8
A	-43	1	2	0.25	raw	8
A	-43	1	2	0.841950959487	norm	8
G	-43	1	2	0.25	raw	8
G	-43	1	2	1.33969465649	norm	8
C	-43	1	1	0.125	raw	8
C	-43	1	1	0.615070093457	norm	8
T	-42	1	4	0.5	raw	8
T	-42	1	4	1.59626073775	norm	8
A	-42	1	2	0.25	raw	8
A	-42	1	2	0.841950959487	norm	8
C	-42	1	1	0.125	raw	8
C	-42	1	1	0.615070093457	norm	8
G	-42	1	1	0.125	raw	8
G	-42	1	1	0.669847328243	norm	8
A	-41	1	2	0.25	raw	8
A	-41	1	2	0.841950959487	norm	8
C	-41	1	2	0.25	raw	8
C	-41	1	2	1.23014018691	norm	8
T	-41	1	2	0.25	raw	8
T	-41	1	2	0.798130368874	norm	8
G	-41	1	2	0.25	raw	8
G	-41	1	2	1.33969465649	norm	8
C	-40	1	3	0.375	raw	8
C	-40	1	3	1.84521028037	norm	8
T	-40	1	3	0.375	raw	8
T	-40	1	3	1.19719555331	norm	8
A	-40	1	1	0.125	raw	8
A	-40	1	1	0.420975479743	norm	8
G	-40	1	1	0.125	raw	8
G	-40	1	1	0.669847328243	norm	8
T	-39	1	4	0.5	raw	8
T	-39	1	4	1.59626073775	norm	8
A	-39	1	3	0.375	raw	8
A	-39	1	3	1.26292643923	norm	8
G	-39	1	1	0.125	raw	8
G	-39	1	1	0.669847328243	norm	8
A	-38	1	2	0.25	raw	8
A	-38	1	2	0.841950959487	norm	8
C	-38	1	2	0.25	raw	8
C	-38	1	2	1.23014018691	norm	8
T	-38	1	2	0.25	raw	8
T	-38	1	2	0.798130368874	norm	8
G	-38	1	2	0.25	raw	8
G	-38	1	2	1.33969465649	norm	8
G	-37	1	3	0.375	raw	8
G	-37	1	3	2.00954198473	norm	8
A	-37	1	2	0.25	raw	8
A	-37	1	2	0.841950959487	norm	8
T	-37	1	2	0.25	raw	8
T	-37	1	2	0.798130368874	norm	8
C	-37	1	1	0.125	raw	8
C	-37	1	1	0.615070093457	norm	8
A	-36	1	3	0.375	raw	8
A	-36	1	3	1.26292643923	norm	8
T	-36	1	3	0.375	raw	8
T	-36	1	3	1.19719555331	norm	8
C	-36	1	1	0.125	raw	8
C	-36	1	1	0.615070093457	norm	8
G	-36	1	1	0.125	raw	8
G	-36	1	1	0.669847328243	norm	8
A	-35	1	5	0.625	raw	8
A	-35	1	5	2.10487739872	norm	8
G	-35	1	2	0.25	raw	8
G	-35	1	2	1.33969465649	norm	8
T	-35	1	1	0.125	raw	8
T	-35	1	1	0.399065184437	norm	8
G	-34	1	4	0.5	raw	8
G	-34	1	4	2.67938931297	norm	8
A	-34	1	3	0.375	raw	8
A	-34	1	3	1.26292643923	norm	8
T	-34	1	1	0.125	raw	8
T	-34	1	1	0.399065184437	norm	8
T	-33	1	5	0.625	raw	8
T	-33	1	5	1.99532592218	norm	8
A	-33	1	1	0.125	raw	8
A	-33	1	1	0.420975479743	norm	8
C	-33	1	1	0.125	raw	8
C	-33	1	1	0.615070093457	norm	8
G	-33	1	1	0.125	raw	8
G	-33	1	1	0.669847328243	norm	8
T	-32	1	5	0.625	raw	8
T	-32	1	5	1.99532592218	norm	8
G	-32	1	2	0.25	raw	8
G	-32	1	2	1.33969465649	norm	8
C	-32	1	1	0.125	raw	8
C	-32	1	1	0.615070093457	norm	8
T	-31	1	6	0.75	raw	8
T	-31	1	6	2.39439110662	norm	8
A	-31	1	1	0.125	raw	8
A	-31	1	1	0.420975479743	norm	8
G	-31	1	1	0.125	raw	8
G	-31	1	1	0.669847328243	norm	8
A	-30	1	4	0.5	raw	8
A	-30	1	4	1.68390191897	norm	8
T	-30	1	2	0.25	raw	8
T	-30	1	2	0.798130368874	norm	8
C	-30	1	1	0.125	raw	8
C	-30	1	1	0.615070093457	norm	8
G	-30	1	1	0.125	raw	8
G	-30	1	1	0.669847328243	norm	8
A	-29	1	3	0.375	raw	8
A	-29	1	3	1.26292643923	norm	8
G	-29	1	3	0.375	raw	8
G	-29	1	3	2.00954198473	norm	8
C	-29	1	1	0.125	raw	8
C	-29	1	1	0.615070093457	norm	8
T	-29	1	1	0.125	raw	8
T	-29	1	1	0.399065184437	norm	8
A	-28	1	3	0.375	raw	8
A	-28	1	3	1.26292643923	norm	8
G	-28	1	3	0.375	raw	8
G	-28	1	3	2.00954198473	norm	8
T	-28	1	2	0.25	raw	8
T	-28	1	2	0.798130368874	norm	8
T	-27	1	5	0.625	raw	8
T	-27	1	5	1.99532592218	norm	8
C	-27	1	2	0.25	raw	8
C	-27	1	2	1.23014018691	norm	8
A	-27	1	1	0.125	raw	8
A	-27	1	1	0.420975479743	norm	8
T	-26	1	3	0.375	raw	8
T	-26	1	3	1.19719555331	norm	8
A	-26	1	2	0.25	raw	8
A	-26	1	2	0.841950959487	norm	8
C	-26	1	2	0.25	raw	8
C	-26	1	2	1.23014018691	norm	8
G	-26	1	1	0.125	raw	8
G	-26	1	1	0.669847328243	norm	8
C	-25	1	3	0.375	raw	8
C	-25	1	3	1.84521028037	norm	8
A	-25	1	2	0.25	raw	8
A	-25	1	2	0.841950959487	norm	8
G	-25	1	2	0.25	raw	8
G	-25	1	2	1.33969465649	norm	8
T	-25	1	1	0.125	raw	8
T	-25	1	1	0.399065184437	norm	8
T	-24	1	4	0.5	raw	8
T	-24	1	4	1.59626073775	norm	8
A	-24	1	2	0.25	raw	8
A	-24	1	2	0.841950959487	norm	8
G	-24	1	2	0.25	raw	8
G	-24	1	2	1.33969465649	norm	8
C	-23	1	4	0.5	raw	8
C	-23	1	4	2.46028037383	norm	8
T	-23	1	2	0.25	raw	8
T	-23	1	2	0.798130368874	norm	8
A	-23	1	1	0.125	raw	8
A	-23	1	1	0.420975479743	norm	8
G	-23	1	1	0.125	raw	8
G	-23	1	1	0.669847328243	norm	8
T	-22	1	3	0.375	raw	8
T	-22	1	3	1.19719555331	norm	8
G	-22	1	3	0.375	raw	8
G	-22	1	3	2.00954198473	norm	8
A	-22	1	1	0.125	raw	8
A	-22	1	1	0.420975479743	norm	8
C	-22	1	1	0.125	raw	8
C	-22	1	1	0.615070093457	norm	8
G	-21	1	3	0.375	raw	8
G	-21	1	3	2.00954198473	norm	8
A	-21	1	2	0.25	raw	8
A	-21	1	2	0.841950959487	norm	8
C	-21	1	2	0.25	raw	8
C	-21	1	2	1.23014018691	norm	8
T	-21	1	1	0.125	raw	8
T	-21	1	1	0.399065184437	norm	8
T	-20	1	5	0.625	raw	8
T	-20	1	5	1.99532592218	norm	8
A	-20	1	1	0.125	raw	8
A	-20	1	1	0.420975479743	norm	8
C	-20	1	1	0.125	raw	8
C	-20	1	1	0.615070093457	norm	8
G	-20	1	1	0.125	raw	8
G	-20	1	1	0.669847328243	norm	8
T	-19	1	3	0.375	raw	8
T	-19	1	3	1.19719555331	norm	8
A	-19	1	2	0.25	raw	8
A	-19	1	2	0.841950959487	norm	8
G	-19	1	2	0.25	raw	8
G	-19	1	2	1.33969465649	norm	8
C	-19	1	1	0.125	raw	8
C	-19	1	1	0.615070093457	norm	8
T	-18	1	7	0.875	raw	8
T	-18	1	7	2.79345629106	norm	8
G	-18	1	1	0.125	raw	8
G	-18	1	1	0.669847328243	norm	8
T	-17	1	4	0.5	raw	8
T	-17	1	4	1.59626073775	norm	8
A	-17	1	2	0.25	raw	8
A	-17	1	2	0.841950959487	norm	8
C	-17	1	1	0.125	raw	8
C	-17	1	1	0.615070093457	norm	8
G	-17	1	1	0.125	raw	8
G	-17	1	1	0.669847328243	norm	8
A	-16	1	3	0.375	raw	8
A	-16	1	3	1.26292643923	norm	8
T	-16	1	3	0.375	raw	8
T	-16	1	3	1.19719555331	norm	8
C	-16	1	2	0.25	raw	8
C	-16	1	2	1.23014018691	norm	8
T	-15	1	4	0.5	raw	8
T	-15	1	4	1.59626073775	norm	8
G	-15	1	2	0.25	raw	8
G	-15	1	2	1.33969465649	norm	8
A	-15	1	1	0.125	raw	8
A	-15	1	1	0.420975479743	norm	8
C	-15	1	1	0.125	raw	8
C	-15	1	1	0.615070093457	norm	8
T	-14	1	3	0.375	raw	8
T	-14	1	3	1.19719555331	norm	8
G	-14	1	3	0.375	raw	8
G	-14	1	3	2.00954198473	norm	8
A	-14	1	1	0.125	raw	8
A	-14	1	1	0.420975479743	norm	8
C	-14	1	1	0.125	raw	8
C	-14	1	1	0.615070093457	norm	8
C	-13	1	3	0.375	raw	8
C	-13	1	3	1.84521028037	norm	8
A	-13	1	2	0.25	raw	8
A	-13	1	2	0.841950959487	norm	8
T	-13	1	2	0.25	raw	8
T	-13	1	2	0.798130368874	norm	8
G	-13	1	1	0.125	raw	8
G	-13	1	1	0.669847328243	norm	8
T	-12	1	5	0.625	raw	8
T	-12	1	5	1.99532592218	norm	8
C	-12	1	2	0.25	raw	8
C	-12	1	2	1.23014018691	norm	8
G	-12	1	1	0.125	raw	8
G	-12	1	1	0.669847328243	norm	8
T	-11	1	3	0.375	raw	8
T	-11	1	3	1.19719555331	norm	8
G	-11	1	3	0.375	raw	8
G	-11	1	3	2.00954198473	norm	8
A	-11	1	1	0.125	raw	8
A	-11	1	1	0.420975479743	norm	8
C	-11	1	1	0.125	raw	8
C	-11	1	1	0.615070093457	norm	8
G	-10	1	4	0.5	raw	8
G	-10	1	4	2.67938931297	norm	8
T	-10	1	3	0.375	raw	8
T	-10	1	3	1.19719555331	norm	8
A	-10	1	1	0.125	raw	8
A	-10	1	1	0.420975479743	norm	8
T	-9	1	5	0.625	raw	8
T	-9	1	5	1.99532592218	norm	8
A	-9	1	2	0.25	raw	8
A	-9	1	2	0.841950959487	norm	8
C	-9	1	1	0.125	raw	8
C	-9	1	1	0.615070093457	norm	8
A	-8	1	6	0.75	raw	8
A	-8	1	6	2.52585287846	norm	8
T	-8	1	2	0.25	raw	8
T	-8	1	2	0.798130368874	norm	8
A	-7	1	4	0.5	raw	8
A	-7	1	4	1.68390191897	norm	8
T	-7	1	3	0.375	raw	8
T	-7	1	3	1.19719555331	norm	8
C	-7	1	1	0.125	raw	8
C	-7	1	1	0.615070093457	norm	8
A	-6	1	3	0.375	raw	8
A	-6	1	3	1.26292643923	norm	8
C	-6	1	2	0.25	raw	8
C	-6	1	2	1.23014018691	norm	8
G	-6	1	2	0.25	raw	8
G	-6	1	2	1.33969465649	norm	8
T	-6	1	1	0.125	raw	8
T	-6	1	1	0.399065184437	norm	8
C	-5	1	4	0.5	raw	8
C	-5	1	4	2.46028037383	norm	8
T	-5	1	3	0.375	raw	8
T	-5	1	3	1.19719555331	norm	8
A	-5	1	1	0.125	raw	8
A	-5	1	1	0.420975479743	norm	8
T	-4	1	3	0.375	raw	8
T	-4	1	3	1.19719555331	norm	8
A	-4	1	2	0.25	raw	8
A	-4	1	2	0.841950959487	norm	8
G	-4	1	2	0.25	raw	8
G	-4	1	2	1.33969465649	norm	8
C	-4	1	1	0.125	raw	8
C	-4	1	1	0.615070093457	norm	8
T	-3	1	4	0.5	raw	8
T	-3	1	4	1.59626073775	norm	8
C	-3	1	2	0.25	raw	8
C	-3	1	2	1.23014018691	norm	8
A	-3	1	1	0.125	raw	8
A	-3	1	1	0.420975479743	norm	8
G	-3	1	1	0.125	raw	8
G	-3	1	1	0.669847328243	norm	8
C	-2	1	3	0.375	raw	8
C	-2	1	3	1.84521028037	norm	8
A	-2	1	2	0.25	raw	8
A	-2	1	2	0.841950959487	norm	8
T	-2	1	2	0.25	raw	8
T	-2	1	2	0.798130368874	norm	8
G	-2	1	1	0.125	raw	8
G	-2	1	1	0.669847328243	norm	8
A	-1	1	4	0.5	raw	8
A	-1	1	4	1.68390191897	norm	8
T	-1	1	3	0.375	raw	8
T	-1	1	3	1.19719555331	norm	8
G	-1	1	1	0.125	raw	8
G	-1	1	1	0.669847328243	norm	8
A	0	1	3	0.375	raw	8
A	0	1	3	1.26292643923	norm	8
C	0	1	3	0.375	raw	8
C	0	1	3	1.84521028037	norm	8
T	0	1	1	0.125	raw	8
T	0	1	1	0.399065184437	norm	8
G	0	1	1	0.125	raw	8
G	0	1	1	0.669847328243	norm	8
G	1	1	3	0.375	raw	8
G	1	1	3	2.00954198473	norm	8
A	1	1	2	0.25	raw	8
A	1	1	2	0.841950959487	norm	8
C	1	1	2	0.25	raw	8
C	1	1	2	1.23014018691	norm	8
T	1	1	1	0.125	raw	8
T	1	1	1	0.399065184437	norm	8
C	2	1	4	0.5	raw	8
C	2	1	4	2.46028037383	norm	8
G	2	1	2	0.25	raw	8
G	2	1	2	1.33969465649	norm	8
A	2	1	1	0.125	raw	8
A	2	1	1	0.420975479743	norm	8
T	2	1	1	0.125	raw	8
T	2	1	1	0.399065184437	norm	8
A	3	1	5	0.625	raw	8
A	3	1	5	2.10487739872	norm	8
G	3	1	2	0.25	raw	8
G	3	1	2	1.33969465649	norm	8
C	3	1	1	0.125	raw	8
C	3	1	1	0.615070093457	norm	8
A	4	1	4	0.5	raw	8
A	4	1	4	1.68390191897	norm	8
G	4	1	2	0.25	raw	8
G	4	1	2	1.33969465649	norm	8
C	4	1	1	0.125	raw	8
C	4	1	1	0.615070093457	norm	8
T	4	1	1	0.125	raw	8
T	4	1	1	0.399065184437	norm	8
T	5	1	4	0.5	raw	8
T	5	1	4	1.59626073775	norm	8
C	5	1	3	0.375	raw	8
C	5	1	3	1.84521028037	norm	8
A	5	1	1	0.125	raw	8
A	5	1	1	0.420975479743	norm	8
A	6	1	4	0.5	raw	8
A	6	1	4	1.68390191897	norm	8
C	6	1	2	0.25	raw	8
C	6	1	2	1.23014018691	norm	8
T	6	1	1	0.125	raw	8
T	6	1	1	0.399065184437	norm	8
G	6	1	1	0.125	raw	8
G	6	1	1	0.669847328243	norm	8
C	7	1	3	0.375	raw	8
C	7	1	3	1.84521028037	norm	8
T	7	1	3	0.375	raw	8
T	7	1	3	1.19719555331	norm	8
A	7	1	2	0.25	raw	8
A	7	1	2	0.841950959487	norm	8
A	8	1	5	0.625	raw	8
A	8	1	5	2.10487739872	norm	8
T	8	1	2	0.25	raw	8
T	8	1	2	0.798130368874	norm	8
G	8	1	1	0.125	raw	8
G	8	1	1	0.669847328243	norm	8
T	9	1	4	0.5	raw	8
T	9	1	4	1.59626073775	norm	8
A	9	1	3	0.375	raw	8
A	9	1	3	1.26292643923	norm	8
C	9	1	1	0.125	raw	8
C	9	1	1	0.615070093457	norm	8
T	10	1	4	0.5	raw	8
T	10	1	4	1.59626073775	norm	8
A	10	1	3	0.375	raw	8
A	10	1	3	1.26292643923	norm	8
G	10	1	1	0.125	raw	8
G	10	1	1	0.669847328243	norm	8
A	11	1	3	0.375	raw	8
A	11	1	3	1.26292643923	norm	8
C	11	1	2	0.25	raw	8
C	11	1	2	1.23014018691	norm	8
G	11	1	2	0.25	raw	8
G	11	1	2	1.33969465649	norm	8
T	11	1	1	0.125	raw	8
T	11	1	1	0.399065184437	norm	8
T	12	1	5	0.625	raw	8
T	12	1	5	1.99532592218	norm	8
A	12	1	2	0.25	raw	8
A	12	1	2	0.841950959487	norm	8
C	12	1	1	0.125	raw	8
C	12	1	1	0.615070093457	norm	8
T	13	1	3	0.375	raw	8
T	13	1	3	1.19719555331	norm	8
A	13	1	2	0.25	raw	8
A	13	1	2	0.841950959487	norm	8
C	13	1	2	0.25	raw	8
C	13	1	2	1.23014018691	norm	8
G	13	1	1	0.125	raw	8
G	13	1	1	0.669847328243	norm	8
T	14	1	5	0.625	raw	8
T	14	1	5	1.99532592218	norm	8
G	14	1	2	0.25	raw	8
G	14	1	2	1.33969465649	norm	8
A	14	1	1	0.125	raw	8
A	14	1	1	0.420975479743	norm	8
A	15	1	3	0.375	raw	8
A	15	1	3	1.26292643923	norm	8
T	15	1	2	0.25	raw	8
T	15	1	2	0.798130368874	norm	8
G	15	1	2	0.25	raw	8
G	15	1	2	1.33969465649	norm	8
C	15	1	1	0.125	raw	8
C	15	1	1	0.615070093457	norm	8
T	16	1	3	0.375	raw	8
T	16	1	3	1.19719555331	norm	8
A	16	1	2	0.25	raw	8
A	16	1	2	0.841950959487	norm	8
G	16	1	2	0.25	raw	8
G	16	1	2	1.33969465649	norm	8
C	16	1	1	0.125	raw	8
C	16	1	1	0.615070093457	norm	8
A	17	1	3	0.375	raw	8
A	17	1	3	1.26292643923	norm	8
T	17	1	3	0.375	raw	8
T	17	1	3	1.19719555331	norm	8
C	17	1	2	0.25	raw	8
C	17	1	2	1.23014018691	norm	8
T	18	1	4	0.5	raw	8
T	18	1	4	1.59626073775	norm	8
A	18	1	3	0.375	raw	8
A	18	1	3	1.26292643923	norm	8
C	18	1	1	0.125	raw	8
C	18	1	1	0.615070093457	norm	8
A	19	1	4	0.5	raw	8
A	19	1	4	1.68390191897	norm	8
T	19	1	3	0.375	raw	8
T	19	1	3	1.19719555331	norm	8
C	19	1	1	0.125	raw	8
C	19	1	1	0.615070093457	norm	8
A	20	1	5	0.625	raw	8
A	20	1	5	2.10487739872	norm	8
C	20	1	1	0.125	raw	8
C	20	1	1	0.615070093457	norm	8
T	20	1	1	0.125	raw	8
T	20	1	1	0.399065184437	norm	8
G	20	1	1	0.125	raw	8
G	20	1	1	0.669847328243	norm	8
A	21	1	3	0.375	raw	8
A	21	1	3	1.26292643923	norm	8
C	21	1	2	0.25	raw	8
C	21	1	2	1.23014018691	norm	8
T	21	1	2	0.25	raw	8
T	21	1	2	0.798130368874	norm	8
G	21	1	1	0.125	raw	8
G	21	1	1	0.669847328243	norm	8
G	22	1	3	0.375	raw	8
G	22	1	3	2.00954198473	norm	8
C	22	1	2	0.25	raw	8
C	22	1	2	1.23014018691	norm	8
T	22	1	2	0.25	raw	8
T	22	1	2	0.798130368874	norm	8
A	22	1	1	0.125	raw	8
A	22	1	1	0.420975479743	norm	8
A	23	1	4	0.5	raw	8
A	23	1	4	1.68390191897	norm	8
C	23	1	2	0.25	raw	8
C	23	1	2	1.23014018691	norm	8
G	23	1	2	0.25	raw	8
G	23	1	2	1.33969465649	norm	8
T	24	1	3	0.375	raw	8
T	24	1	3	1.19719555331	norm	8
A	24	1	2	0.25	raw	8
A	24	1	2	0.841950959487	norm	8
C	24	1	2	0.25	raw	8
C	24	1	2	1.23014018691	norm	8
G	24	1	1	0.125	raw	8
G	24	1	1	0.669847328243	norm	8
T	25	1	4	0.5	raw	8
T	25	1	4	1.59626073775	norm	8
A	25	1	2	0.25	raw	8
A	25	1	2	0.841950959487	norm	8
C	25	1	1	0.125	raw	8
C	25	1	1	0.615070093457	norm	8
G	25	1	1	0.125	raw	8
G	25	1	1	0.669847328243	norm	8
T	26	1	4	0.5	raw	8
T	26	1	4	1.59626073775	norm	8
A	26	1	2	0.25	raw	8
A	26	1	2	0.841950959487	norm	8
C	26	1	1	0.125	raw	8
C	26	1	1	0.615070093457	norm	8
G	26	1	1	0.125	raw	8
G	26	1	1	0.669847328243	norm	8
A	27	1	4	0.5	raw	8
A	27	1	4	1.68390191897	norm	8
T	27	1	2	0.25	raw	8
T	27	1	2	0.798130368874	norm	8
G	27	1	2	0.25	raw	8
G	27	1	2	1.33969465649	norm	8
A	28	1	5	0.625	raw	8
A	28	1	5	2.10487739872	norm	8
G	28	1	2	0.25	raw	8
G	28	1	2	1.33969465649	norm	8
C	28	1	1	0.125	raw	8
C	28	1	1	0.615070093457	norm	8
C	29	1	4	0.5	raw	8
C	29	1	4	2.46028037383	norm	8
A	29	1	2	0.25	raw	8
A	29	1	2	0.841950959487	norm	8
T	29	1	2	0.25	raw	8
T	29	1	2	0.798130368874	norm	8
C	30	1	3	0.375	raw	8
C	30	1	3	1.84521028037	norm	8
A	30	1	2	0.25	raw	8
A	30	1	2	0.841950959487	norm	8
G	30	1	2	0.25	raw	8
G	30	1	2	1.33969465649	norm	8
T	30	1	1	0.125	raw	8
T	30	1	1	0.399065184437	norm	8
T	31	1	3	0.375	raw	8
T	31	1	3	1.19719555331	norm	8
A	31	1	2	0.25	raw	8
A	31	1	2	0.841950959487	norm	8
C	31	1	2	0.25	raw	8
C	31	1	2	1.23014018691	norm	8
G	31	1	1	0.125	raw	8
G	31	1	1	0.669847328243	norm	8
T	32	1	3	0.375	raw	8
T	32	1	3	1.19719555331	norm	8
C	32	1	2	0.25	raw	8
C	32	1	2	1.23014018691	norm	8
G	32	1	2	0.25	raw	8
G	32	1	2	1.33969465649	norm	8
A	32	1	1	0.125	raw	8
A	32	1	1	0.420975479743	norm	8
T	33	1	4	0.5	raw	8
T	33	1	4	1.59626073775	norm	8
G	33	1	3	0.375	raw	8
G	33	1	3	2.00954198473	norm	8
A	33	1	1	0.125	raw	8
A	33	1	1	0.420975479743	norm	8
C	34	1	3	0.375	raw	8
C	34	1	3	1.84521028037	norm	8
A	34	1	2	0.25	raw	8
A	34	1	2	0.841950959487	norm	8
T	34	1	2	0.25	raw	8
T	34	1	2	0.798130368874	norm	8
G	34	1	1	0.125	raw	8
G	34	1	1	0.669847328243	norm	8
A	35	1	3	0.375	raw	8
A	35	1	3	1.26292643923	norm	8
T	35	1	3	0.375	raw	8
T	35	1	3	1.19719555331	norm	8
C	35	1	1	0.125	raw	8
C	35	1	1	0.615070093457	norm	8
G	35	1	1	0.125	raw	8
G	35	1	1	0.669847328243	norm	8
C	36	1	3	0.375	raw	8
C	36	1	3	1.84521028037	norm	8
T	36	1	3	0.375	raw	8
T	36	1	3	1.19719555331	norm	8
A	36	1	2	0.25	raw	8
A	36	1	2	0.841950959487	norm	8
T	37	1	4	0.5	raw	8
T	37	1	4	1.59626073775	norm	8
G	37	1	3	0.375	raw	8
G	37	1	3	2.00954198473	norm	8
A	37	1	1	0.125	raw	8
A	37	1	1	0.420975479743	norm	8
A	38	1	3	0.375	raw	8
A	38	1	3	1.26292643923	norm	8
T	38	1	3	0.375	raw	8
T	38	1	3	1.19719555331	norm	8
G	38	1	2	0.25	raw	8
G	38	1	2	1.33969465649	norm	8
T	39	1	6	0.75	raw	8
T	39	1	6	2.39439110662	norm	8
A	39	1	1	0.125	raw	8
A	39	1	1	0.420975479743	norm	8
C	39	1	1	0.125	raw	8
C	39	1	1	0.615070093457	norm	8
T	40	1	4	0.5	raw	8
T	40	1	4	1.59626073775	norm	8
A	40	1	3	0.375	raw	8
A	40	1	3	1.26292643923	norm	8
G	40	1	1	0.125	raw	8
G	40	1	1	0.669847328243	norm	8
A	41	1	3	0.375	raw	8
A	41	1	3	1.26292643923	norm	8
C	41	1	2	0.25	raw	8
C	41	1	2	1.23014018691	norm	8
T	41	1	2	0.25	raw	8
T	41	1	2	0.798130368874	norm	8
G	41	1	1	0.125	raw	8
G	41	1	1	0.669847328243	norm	8
A	42	1	3	0.375	raw	8
A	42	1	3	1.26292643923	norm	8
T	42	1	3	0.375	raw	8
T	42	1	3	1.19719555331	norm	8
G	42	1	2	0.25	raw	8
G	42	1	2	1.33969465649	norm	8
A	43	1	3	0.375	raw	8
A	43	1	3	1.26292643923	norm	8
C	43	1	2	0.25	raw	8
C	43	1	2	1.23014018691	norm	8
T	43	1	2	0.25	raw	8
T	43	1	2	0.798130368874	norm	8
G	43	1	1	0.125	raw	8
G	43	1	1	0.669847328243	norm	8
A	44	1	3	0.375	raw	8
A	44	1	3	1.26292643923	norm	8
T	44	1	3	0.375	raw	8
T	44	1	3	1.19719555331	norm	8
G	44	1	2	0.25	raw	8
G	44	1	2	1.33969465649	norm	8
T	45	1	4	0.5	raw	8
T	45	1	4	1.59626073775	norm	8
G	45	1	2	0.25	raw	8
G	45	1	2	1.33969465649	norm	8
A	45	1	1	0.125	raw	8
A	45	1	1	0.420975479743	norm	8
C	45	1	1	0.125	raw	8
C	45	1	1	0.615070093457	norm	8
C	46	1	3	0.375	raw	8
C	46	1	3	1.84521028037	norm	8
A	46	1	2	0.25	raw	8
A	46	1	2	0.841950959487	norm	8
T	46	1	2	0.25	raw	8
T	46	1	2	0.798130368874	norm	8
G	46	1	1	0.125	raw	8
G	46	1	1	0.669847328243	norm	8
A	47	1	2	0.25	raw	8
A	47	1	2	0.841950959487	norm	8
C	47	1	2	0.25	raw	8
C	47	1	2	1.23014018691	norm	8
T	47	1	2	0.25	raw	8
T	47	1	2	0.798130368874	norm	8
G	47	1	2	0.25	raw	8
G	47	1	2	1.33969465649	norm	8
A	48	1	4	0.5	raw	8
A	48	1	4	1.68390191897	norm	8
T	48	1	3	0.375	raw	8
T	48	1	3	1.19719555331	norm	8
C	48	1	1	0.125	raw	8
C	48	1	1	0.615070093457	norm	8
G	49	1	4	0.5	raw	8
G	49	1	4	2.67938931297	norm	8
C	49	1	3	0.375	raw	8
C	49	1	3	1.84521028037	norm	8
T	49	1	1	0.125	raw	8
T	49	1	1	0.399065184437	norm	8
T	50	1	4	0.5	raw	8
T	50	1	4	1.59626073775	norm	8
G	50	1	2	0.25	raw	8
G	50	1	2	1.33969465649	norm	8
A	50	1	1	0.125	raw	8
A	50	1	1	0.420975479743	norm	8
C	50	1	1	0.125	raw	8
C	50	1	1	0.615070093457	norm	8
A	51	1	4	0.5	raw	8
A	51	1	4	1.68390191897	norm	8
G	51	1	2	0.25	raw	8
G	51	1	2	1.33969465649	norm	8
C	51	1	1	0.125	raw	8
C	51	1	1	0.615070093457	norm	8
T	51	1	1	0.125	raw	8
T	51	1	1	0.399065184437	norm	8
T	52	1	5	0.625	raw	8
T	52	1	5	1.99532592218	norm	8
A	52	1	2	0.25	raw	8
A	52	1	2	0.841950959487	norm	8
C	52	1	1	0.125	raw	8
C	52	1	1	0.615070093457	norm	8
A	53	1	4	0.5	raw	8
A	53	1	4	1.68390191897	norm	8
T	53	1	3	0.375	raw	8
T	53	1	3	1.19719555331	norm	8
C	53	1	1	0.125	raw	8
C	53	1	1	0.615070093457	norm	8
C	54	1	5	0.625	raw	8
C	54	1	5	3.07535046728	norm	8
A	54	1	1	0.125	raw	8
A	54	1	1	0.420975479743	norm	8
T	54	1	1	0.125	raw	8
T	54	1	1	0.399065184437	norm	8
G	54	1	1	0.125	raw	8
G	54	1	1	0.669847328243	norm	8
T	55	1	4	0.5	raw	8
T	55	1	4	1.59626073775	norm	8
A	55	1	2	0.25	raw	8
A	55	1	2	0.841950959487	norm	8
C	55	1	2	0.25	raw	8
C	55	1	2	1.23014018691	norm	8
T	56	1	4	0.5	raw	8
T	56	1	4	1.59626073775	norm	8
A	56	1	2	0.25	raw	8
A	56	1	2	0.841950959487	norm	8
C	56	1	1	0.125	raw	8
C	56	1	1	0.615070093457	norm	8
G	56	1	1	0.125	raw	8
G	56	1	1	0.669847328243	norm	8
C	57	1	3	0.375	raw	8
C	57	1	3	1.84521028037	norm	8
G	57	1	3	0.375	raw	8
G	57	1	3	2.00954198473	norm	8
A	57	1	2	0.25	raw	8
A	57	1	2	0.841950959487	norm	8
T	58	1	4	0.5	raw	8
T	58	1	4	1.59626073775	norm	8
C	58	1	2	0.25	raw	8
C	58	1	2	1.23014018691	norm	8
G	58	1	2	0.25	raw	8
G	58	1	2	1.33969465649	norm	8
T	59	1	5	0.625	raw	8
T	59	1	5	1.99532592218	norm	8
A	59	1	1	0.125	raw	8
A	59	1	1	0.420975479743	norm	8
C	59	1	1	0.125	raw	8
C	59	1	1	0.615070093457	norm	8
G	59	1	1	0.125	raw	8
G	59	1	1	0.669847328243	norm	8
A	60	1	3	0.375	raw	8
A	60	1	3	1.26292643923	norm	8
T	60	1	3	0.375	raw	8
T	60	1	3	1.19719555331	norm	8
G	60	1	2	0.25	raw	8
G	60	1	2	1.33969465649	norm	8
A	61	1	2	0.25	raw	8
A	61	1	2	0.841950959487	norm	8
C	61	1	2	0.25	raw	8
C	61	1	2	1.23014018691	norm	8
T	61	1	2	0.25	raw	8
T	61	1	2	0.798130368874	norm	8
G	61	1	2	0.25	raw	8
G	61	1	2	1.33969465649	norm	8
A	62	1	3	0.375	raw	8
A	62	1	3	1.26292643923	norm	8
T	62	1	3	0.375	raw	8
T	62	1	3	1.19719555331	norm	8
C	62	1	1	0.125	raw	8
C	62	1	1	0.615070093457	norm	8
G	62	1	1	0.125	raw	8
G	62	1	1	0.669847328243	norm	8
A	63	1	3	0.375	raw	8
A	63	1	3	1.26292643923	norm	8
T	63	1	3	0.375	raw	8
T	63	1	3	1.19719555331	norm	8
C	63	1	1	0.125	raw	8
C	63	1	1	0.615070093457	norm	8
G	63	1	1	0.125	raw	8
G	63	1	1	0.669847328243	norm	8
A	64	1	3	0.375	raw	8
A	64	1	3	1.26292643923	norm	8
C	64	1	3	0.375	raw	8
C	64	1	3	1.84521028037	norm	8
T	64	1	2	0.25	raw	8
T	64	1	2	0.798130368874	norm	8
A	65	1	4	0.5	raw	8
A	65	1	4	1.68390191897	norm	8
T	65	1	4	0.5	raw	8
T	65	1	4	1.59626073775	norm	8
A	66	1	4	0.5	raw	8
A	66	1	4	1.68390191897	norm	8
G	66	1	2	0.25	raw	8
G	66	1	2	1.33969465649	norm	8
C	66	1	1	0.125	raw	8
C	66	1	1	0.615070093457	norm	8
T	66	1	1	0.125	raw	8
T	66	1	1	0.399065184437	norm	8
T	67	1	3	0.375	raw	8
T	67	1	3	1.19719555331	norm	8
G	67	1	3	0.375	raw	8
G	67	1	3	2.00954198473	norm	8
A	67	1	1	0.125	raw	8
A	67	1	1	0.420975479743	norm	8
C	67	1	1	0.125	raw	8
C	67	1	1	0.615070093457	norm	8
A	68	1	3	0.375	raw	8
A	68	1	3	1.26292643923	norm	8
T	68	1	3	0.375	raw	8
T	68	1	3	1.19719555331	norm	8
C	68	1	2	0.25	raw	8
C	68	1	2	1.23014018691	norm	8
A	69	1	3	0.375	raw	8
A	69	1	3	1.26292643923	norm	8
T	69	1	3	0.375	raw	8
T	69	1	3	1.19719555331	norm	8
C	69	1	1	0.125	raw	8
C	69	1	1	0.615070093457	norm	8
G	69	1	1	0.125	raw	8
G	69	1	1	0.669847328243	norm	8
C	70	1	3	0.375	raw	8
C	70	1	3	1.84521028037	norm	8
T	70	1	3	0.375	raw	8
T	70	1	3	1.19719555331	norm	8
G	70	1	2	0.25	raw	8
G	70	1	2	1.33969465649	norm	8
A	71	1	3	0.375	raw	8
A	71	1	3	1.26292643923	norm	8
T	71	1	3	0.375	raw	8
T	71	1	3	1.19719555331	norm	8
C	71	1	1	0.125	raw	8
C	71	1	1	0.615070093457	norm	8
G	71	1	1	0.125	raw	8
G	71	1	1	0.669847328243	norm	8
A	72	1	3	0.375	raw	8
A	72	1	3	1.26292643923	norm	8
C	72	1	3	0.375	raw	8
C	72	1	3	1.84521028037	norm	8
T	72	1	1	0.125	raw	8
T	72	1	1	0.399065184437	norm	8
G	72	1	1	0.125	raw	8
G	72	1	1	0.669847328243	norm	8
A	73	1	3	0.375	raw	8
A	73	1	3	1.26292643923	norm	8
T	73	1	2	0.25	raw	8
T	73	1	2	0.798130368874	norm	8
G	73	1	2	0.25	raw	8
G	73	1	2	1.33969465649	norm	8
C	73	1	1	0.125	raw	8
C	73	1	1	0.615070093457	norm	8
A	74	1	4	0.5	raw	8
A	74	1	4	1.68390191897	norm	8
G	74	1	3	0.375	raw	8
G	74	1	3	2.00954198473	norm	8
C	74	1	1	0.125	raw	8
C	74	1	1	0.615070093457	norm	8
T	75	1	3	0.375	raw	8
T	75	1	3	1.19719555331	norm	8
G	75	1	3	0.375	raw	8
G	75	1	3	2.00954198473	norm	8
A	75	1	1	0.125	raw	8
A	75	1	1	0.420975479743	norm	8
C	75	1	1	0.125	raw	8
C	75	1	1	0.615070093457	norm	8
T	76	1	3	0.375	raw	8
T	76	1	3	1.19719555331	norm	8
A	76	1	2	0.25	raw	8
A	76	1	2	0.841950959487	norm	8
G	76	1	2	0.25	raw	8
G	76	1	2	1.33969465649	norm	8
C	76	1	1	0.125	raw	8
C	76	1	1	0.615070093457	norm	8
T	77	1	4	0.5	raw	8
T	77	1	4	1.59626073775	norm	8
G	77	1	3	0.375	raw	8
G	77	1	3	2.00954198473	norm	8
A	77	1	1	0.125	raw	8
A	77	1	1	0.420975479743	norm	8
A	78	1	4	0.5	raw	8
A	78	1	4	1.68390191897	norm	8
T	78	1	3	0.375	raw	8
T	78	1	3	1.19719555331	norm	8
C	78	1	1	0.125	raw	8
C	78	1	1	0.615070093457	norm	8
A	79	1	5	0.625	raw	8
A	79	1	5	2.10487739872	norm	8
G	79	1	2	0.25	raw	8
G	79	1	2	1.33969465649	norm	8
T	79	1	1	0.125	raw	8
T	79	1	1	0.399065184437	norm	8
A	80	1	4	0.5	raw	8
A	80	1	4	1.68390191897	norm	8
T	80	1	2	0.25	raw	8
T	80	1	2	0.798130368874	norm	8
C	80	1	1	0.125	raw	8
C	80	1	1	0.615070093457	norm	8
G	80	1	1	0.125	raw	8
G	80	1	1	0.669847328243	norm	8
T	81	1	4	0.5	raw	8
T	81	1	4	1.59626073775	norm	8
A	81	1	2	0.25	raw	8
A	81	1	2	0.841950959487	norm	8
C	81	1	2	0.25	raw	8
C	81	1	2	1.23014018691	norm	8
T	82	1	3	0.375	raw	8
T	82	1	3	1.19719555331	norm	8
A	82	1	2	0.25	raw	8
A	82	1	2	0.841950959487	norm	8
G	82	1	2	0.25	raw	8
G	82	1	2	1.33969465649	norm	8
C	82	1	1	0.125	raw	8
C	82	1	1	0.615070093457	norm	8
T	83	1	3	0.375	raw	8
T	83	1	3	1.19719555331	norm	8
A	83	1	2	0.25	raw	8
A	83	1	2	0.841950959487	norm	8
C	83	1	2	0.25	raw	8
C	83	1	2	1.23014018691	norm	8
G	83	1	1	0.125	raw	8
G	83	1	1	0.669847328243	norm	8
T	84	1	4	0.5	raw	8
T	84	1	4	1.59626073775	norm	8
A	84	1	3	0.375	raw	8
A	84	1	3	1.26292643923	norm	8
C	84	1	1	0.125	raw	8
C	84	1	1	0.615070093457	norm	8
A	85	1	5	0.625	raw	8
A	85	1	5	2.10487739872	norm	8
T	85	1	2	0.25	raw	8
T	85	1	2	0.798130368874	norm	8
G	85	1	1	0.125	raw	8
G	85	1	1	0.669847328243	norm	8
A	86	1	4	0.5	raw	8
A	86	1	4	1.68390191897	norm	8
C	86	1	3	0.375	raw	8
C	86	1	3	1.84521028037	norm	8
T	86	1	1	0.125	raw	8
T	86	1	1	0.399065184437	norm	8
A	87	1	4	0.5	raw	8
A	87	1	4	1.68390191897	norm	8
C	87	1	2	0.25	raw	8
C	87	1	2	1.23014018691	norm	8
G	87	1	2	0.25	raw	8
G	87	1	2	1.33969465649	norm	8
T	88	1	4	0.5	raw	8
T	88	1	4	1.59626073775	norm	8
A	88	1	2	0.25	raw	8
A	88	1	2	0.841950959487	norm	8
C	88	1	1	0.125	raw	8
C	88	1	1	0.615070093457	norm	8
G	88	1	1	0.125	raw	8
G	88	1	1	0.669847328243	norm	8
A	89	1	3	0.375	raw	8
A	89	1	3	1.26292643923	norm	8
T	89	1	3	0.375	raw	8
T	89	1	3	1.19719555331	norm	8
C	89	1	2	0.25	raw	8
C	89	1	2	1.23014018691	norm	8
T	90	1	3	0.375	raw	8
T	90	1	3	1.19719555331	norm	8
G	90	1	3	0.375	raw	8
G	90	1	3	2.00954198473	norm	8
C	90	1	2	0.25	raw	8
C	90	1	2	1.23014018691	norm	8
A	91	1	7	0.875	raw	8
A	91	1	7	2.9468283582	norm	8
C	91	1	1	0.125	raw	8
C	91	1	1	0.615070093457	norm	8
A	92	1	5	0.625	raw	8
A	92	1	5	2.10487739872	norm	8
T	92	1	2	0.25	raw	8
T	92	1	2	0.798130368874	norm	8
G	92	1	1	0.125	raw	8
G	92	1	1	0.669847328243	norm	8
T	93	1	4	0.5	raw	8
T	93	1	4	1.59626073775	norm	8
C	93	1	2	0.25	raw	8
C	93	1	2	1.23014018691	norm	8
G	93	1	2	0.25	raw	8
G	93	1	2	1.33969465649	norm	8
A	94	1	2	0.25	raw	8
A	94	1	2	0.841950959487	norm	8
C	94	1	2	0.25	raw	8
C	94	1	2	1.23014018691	norm	8
T	94	1	2	0.25	raw	8
T	94	1	2	0.798130368874	norm	8
G	94	1	2	0.25	raw	8
G	94	1	2	1.33969465649	norm	8
T	95	1	4	0.5	raw	8
T	95	1	4	1.59626073775	norm	8
A	95	1	2	0.25	raw	8
A	95	1	2	0.841950959487	norm	8
G	95	1	2	0.25	raw	8
G	95	1	2	1.33969465649	norm	8
C	96	1	4	0.5	raw	8
C	96	1	4	2.46028037383	norm	8
A	96	1	2	0.25	raw	8
A	96	1	2	0.841950959487	norm	8
T	96	1	1	0.125	raw	8
T	96	1	1	0.399065184437	norm	8
G	96	1	1	0.125	raw	8
G	96	1	1	0.669847328243	norm	8
A	97	1	3	0.375	raw	8
A	97	1	3	1.26292643923	norm	8
C	97	1	2	0.25	raw	8
C	97	1	2	1.23014018691	norm	8
G	97	1	2	0.25	raw	8
G	97	1	2	1.33969465649	norm	8
T	97	1	1	0.125	raw	8
T	97	1	1	0.399065184437	norm	8
T	98	1	3	0.375	raw	8
T	98	1	3	1.19719555331	norm	8
A	98	1	2	0.25	raw	8
A	98	1	2	0.841950959487	norm	8
C	98	1	2	0.25	raw	8
C	98	1	2	1.23014018691	norm	8
G	98	1	1	0.125	raw	8
G	98	1	1	0.669847328243	norm	8
A	99	1	3	0.375	raw	8
A	99	1	3	1.26292643923	norm	8
G	99	1	3	0.375	raw	8
G	99	1	3	2.00954198473	norm	8
C	99	1	1	0.125	raw	8
C	99	1	1	0.615070093457	norm	8
T	99	1	1	0.125	raw	8
T	99	1	1	0.399065184437	norm	8
C	100	1	3	0.375	raw	8
C	100	1	3	1.84521028037	norm	8
T	100	1	2	0.25	raw	8
T	100	1	2	0.798130368874	norm	8
G	100	1	2	0.25	raw	8
G	100	1	2	1.33969465649	norm	8
A	100	1	1	0.125	raw	8
A	100	1	1	0.420975479743	norm	8
