#nuc	offset	region.size	count	freq	norm.freq	total.sites
T	-100	1	1467	0.399618632525	raw	2476
T	-100	1	1467	1.29446154848	norm	2476
A	-100	1	1431	0.389812040316	raw	2476
A	-100	1	1431	1.25827560869	norm	2476
C	-100	1	411	0.111958594388	raw	2476
C	-100	1	411	0.586498355934	norm	2476
G	-100	1	362	0.0986107327704	raw	2476
G	-100	1	362	0.517386537546	norm	2476
T	-99	1	1443	0.393080904386	raw	2476
T	-99	1	1443	1.27328426343	norm	2476
A	-99	1	1424	0.387905202942	raw	2476
A	-99	1	1424	1.25212052185	norm	2476
C	-99	1	447	0.121765186598	raw	2476
C	-99	1	447	0.637870474701	norm	2476
G	-99	1	357	0.0972487060746	raw	2476
G	-99	1	357	0.510240314652	norm	2476
T	-98	1	1465	0.399073821847	raw	2476
T	-98	1	1465	1.29269677473	norm	2476
A	-98	1	1421	0.387087986925	raw	2476
A	-98	1	1421	1.24948262749	norm	2476
C	-98	1	441	0.120130754563	raw	2476
C	-98	1	441	0.629308454907	norm	2476
G	-98	1	344	0.0937074366658	raw	2476
G	-98	1	344	0.491660135127	norm	2476
A	-97	1	1432	0.390084445655	raw	2476
A	-97	1	1432	1.25915490681	norm	2476
T	-97	1	1393	0.379460637428	raw	2476
T	-97	1	1393	1.22916491959	norm	2476
C	-97	1	446	0.121492781259	raw	2476
C	-97	1	446	0.636443471402	norm	2476
G	-97	1	400	0.108962135658	raw	2476
G	-97	1	400	0.571697831543	norm	2476
T	-96	1	1490	0.405883955326	raw	2476
T	-96	1	1490	1.31475644665	norm	2476
A	-96	1	1408	0.383546717516	raw	2476
A	-96	1	1408	1.23805175194	norm	2476
C	-96	1	443	0.120675565241	raw	2476
C	-96	1	443	0.632162461505	norm	2476
G	-96	1	330	0.0898937619177	raw	2476
G	-96	1	330	0.471650711023	norm	2476
T	-95	1	1514	0.412421683465	raw	2476
T	-95	1	1514	1.3359337317	norm	2476
A	-95	1	1424	0.387905202942	raw	2476
A	-95	1	1424	1.25212052185	norm	2476
C	-95	1	386	0.10514846091	raw	2476
C	-95	1	386	0.550823273456	norm	2476
G	-95	1	347	0.0945246526832	raw	2476
G	-95	1	347	0.495947868864	norm	2476
A	-94	1	1461	0.39798420049	raw	2476
A	-94	1	1461	1.28465455227	norm	2476
T	-94	1	1438	0.39171887769	raw	2476
T	-94	1	1438	1.26887232905	norm	2476
C	-94	1	426	0.116044674476	raw	2476
C	-94	1	426	0.60790340542	norm	2476
G	-94	1	346	0.094252247344	raw	2476
G	-94	1	346	0.494518624285	norm	2476
A	-93	1	1419	0.386543176246	raw	2476
A	-93	1	1419	1.24772403126	norm	2476
T	-93	1	1416	0.385725960229	raw	2476
T	-93	1	1416	1.24945981776	norm	2476
C	-93	1	459	0.125034050667	raw	2476
C	-93	1	459	0.654994514291	norm	2476
G	-93	1	377	0.102696812858	raw	2476
G	-93	1	377	0.538825206229	norm	2476
T	-92	1	1455	0.396349768455	raw	2476
T	-92	1	1455	1.28387290596	norm	2476
A	-92	1	1452	0.395532552438	raw	2476
A	-92	1	1452	1.27674086919	norm	2476
C	-92	1	403	0.109779351675	raw	2476
C	-92	1	403	0.575082329541	norm	2476
G	-92	1	361	0.0983383274312	raw	2476
G	-92	1	361	0.515957292968	norm	2476
T	-91	1	1476	0.402070280577	raw	2476
T	-91	1	1476	1.30240303037	norm	2476
A	-91	1	1466	0.399346227186	raw	2476
A	-91	1	1466	1.28905104286	norm	2476
G	-91	1	371	0.101062380823	raw	2476
G	-91	1	371	0.530249738756	norm	2476
C	-91	1	358	0.0975211114138	raw	2476
C	-91	1	358	0.510867181081	norm	2476
T	-90	1	1505	0.409970035413	raw	2476
T	-90	1	1505	1.3279922498	norm	2476
A	-90	1	1410	0.384091528194	raw	2476
A	-90	1	1410	1.23981034818	norm	2476
G	-90	1	382	0.104058839553	raw	2476
G	-90	1	382	0.545971429124	norm	2476
C	-90	1	374	0.10187959684	raw	2476
C	-90	1	374	0.533699233867	norm	2476
A	-89	1	1442	0.392808499047	raw	2476
A	-89	1	1442	1.267947888	norm	2476
T	-89	1	1442	0.392808499047	raw	2476
T	-89	1	1442	1.27240187656	norm	2476
G	-89	1	422	0.114955053119	raw	2476
G	-89	1	422	0.603141212278	norm	2476
C	-89	1	365	0.0994279487878	raw	2476
C	-89	1	365	0.520856204175	norm	2476
T	-88	1	1540	0.419504222283	raw	2476
T	-88	1	1540	1.3588757905	norm	2476
A	-88	1	1355	0.369109234541	raw	2476
A	-88	1	1355	1.19144895162	norm	2476
C	-88	1	406	0.110596567693	raw	2476
C	-88	1	406	0.579363339438	norm	2476
G	-88	1	370	0.100789975484	raw	2476
G	-88	1	370	0.528820494177	norm	2476
A	-87	1	1437	0.391446472351	raw	2476
A	-87	1	1437	1.2635513974	norm	2476
T	-87	1	1414	0.385181149551	raw	2476
T	-87	1	1414	1.247695044	norm	2476
C	-87	1	420	0.114410242441	raw	2476
C	-87	1	420	0.599341385626	norm	2476
G	-87	1	400	0.108962135658	raw	2476
G	-87	1	400	0.571697831543	norm	2476
T	-86	1	1530	0.416780168891	raw	2476
T	-86	1	1530	1.35005192173	norm	2476
A	-86	1	1421	0.387087986925	raw	2476
A	-86	1	1421	1.24948262749	norm	2476
G	-86	1	383	0.104331244892	raw	2476
G	-86	1	383	0.547400673702	norm	2476
C	-86	1	337	0.0918005992917	raw	2476
C	-86	1	337	0.4809001118	norm	2476
T	-85	1	1480	0.403159901934	raw	2476
T	-85	1	1480	1.30593257788	norm	2476
A	-85	1	1432	0.390084445655	raw	2476
A	-85	1	1432	1.25915490681	norm	2476
C	-85	1	396	0.107872514301	raw	2476
C	-85	1	396	0.565093306447	norm	2476
G	-85	1	363	0.0988831381095	raw	2476
G	-85	1	363	0.518815782125	norm	2476
T	-84	1	1435	0.390901661673	raw	2476
T	-84	1	1435	1.26622516842	norm	2476
A	-84	1	1428	0.388994824299	raw	2476
A	-84	1	1428	1.25563771433	norm	2476
G	-84	1	409	0.11141378371	raw	2476
G	-84	1	409	0.584561032753	norm	2476
C	-84	1	399	0.108689730319	raw	2476
C	-84	1	399	0.569374316344	norm	2476
T	-83	1	1523	0.414873331517	raw	2476
T	-83	1	1523	1.34387521359	norm	2476
A	-83	1	1382	0.376464178698	raw	2476
A	-83	1	1382	1.21519000084	norm	2476
C	-83	1	384	0.104603650232	raw	2476
C	-83	1	384	0.547969266858	norm	2476
G	-83	1	382	0.104058839553	raw	2476
G	-83	1	382	0.545971429124	norm	2476
A	-82	1	1461	0.39798420049	raw	2476
A	-82	1	1461	1.28465455227	norm	2476
T	-82	1	1381	0.376191773359	raw	2476
T	-82	1	1381	1.21857627706	norm	2476
C	-82	1	458	0.124761645328	raw	2476
C	-82	1	458	0.653567510992	norm	2476
G	-82	1	371	0.101062380823	raw	2476
G	-82	1	371	0.530249738756	norm	2476
T	-81	1	1481	0.403432307273	raw	2476
T	-81	1	1481	1.30681496476	norm	2476
A	-81	1	1395	0.380005448107	raw	2476
A	-81	1	1395	1.22662087639	norm	2476
G	-81	1	399	0.108689730319	raw	2476
G	-81	1	399	0.570268586964	norm	2476
C	-81	1	396	0.107872514301	raw	2476
C	-81	1	396	0.565093306447	norm	2476
T	-80	1	1480	0.403159901934	raw	2476
T	-80	1	1480	1.30593257788	norm	2476
A	-80	1	1468	0.399891037864	raw	2476
A	-80	1	1468	1.2908096391	norm	2476
C	-80	1	373	0.101607191501	raw	2476
C	-80	1	373	0.532272230567	norm	2476
G	-80	1	350	0.0953418687006	raw	2476
G	-80	1	350	0.5002356026	norm	2476
T	-79	1	1528	0.416235358213	raw	2476
T	-79	1	1528	1.34828714797	norm	2476
A	-79	1	1418	0.386270770907	raw	2476
A	-79	1	1418	1.24684473314	norm	2476
G	-79	1	381	0.103786434214	raw	2476
G	-79	1	381	0.544542184545	norm	2476
C	-79	1	344	0.0937074366658	raw	2476
C	-79	1	344	0.490889134893	norm	2476
A	-78	1	1412	0.384636338872	raw	2476
A	-78	1	1412	1.24156894442	norm	2476
T	-78	1	1409	0.383819122855	raw	2476
T	-78	1	1409	1.24328310962	norm	2476
C	-78	1	478	0.130209752111	raw	2476
C	-78	1	478	0.682107576974	norm	2476
G	-78	1	372	0.101334786162	raw	2476
G	-78	1	372	0.531678983335	norm	2476
A	-77	1	1534	0.417869790248	raw	2476
A	-77	1	1534	1.34884331497	norm	2476
T	-77	1	1434	0.390629256333	raw	2476
T	-77	1	1434	1.26534278154	norm	2476
C	-77	1	359	0.0977935167529	raw	2476
C	-77	1	359	0.51229418438	norm	2476
G	-77	1	344	0.0937074366658	raw	2476
G	-77	1	344	0.491660135127	norm	2476
T	-76	1	1448	0.394442931081	raw	2476
T	-76	1	1448	1.27769619782	norm	2476
A	-76	1	1383	0.376736584037	raw	2476
A	-76	1	1383	1.21606929896	norm	2476
C	-76	1	423	0.115227458458	raw	2476
C	-76	1	423	0.603622395523	norm	2476
G	-76	1	417	0.113593026423	raw	2476
G	-76	1	417	0.595994989384	norm	2476
T	-75	1	1566	0.426586761101	raw	2476
T	-75	1	1566	1.3818178493	norm	2476
A	-75	1	1371	0.373467719967	raw	2476
A	-75	1	1371	1.20551772153	norm	2476
C	-75	1	368	0.100245164805	raw	2476
C	-75	1	368	0.525137214072	norm	2476
G	-75	1	366	0.0997003541269	raw	2476
G	-75	1	366	0.523103515862	norm	2476
T	-74	1	1465	0.399073821847	raw	2476
T	-74	1	1465	1.29269677473	norm	2476
A	-74	1	1448	0.394442931081	raw	2476
A	-74	1	1448	1.27322367671	norm	2476
C	-74	1	411	0.111958594388	raw	2476
C	-74	1	411	0.586498355934	norm	2476
G	-74	1	347	0.0945246526832	raw	2476
G	-74	1	347	0.495947868864	norm	2476
T	-73	1	1452	0.395532552438	raw	2476
T	-73	1	1452	1.28122574533	norm	2476
A	-73	1	1439	0.391991283029	raw	2476
A	-73	1	1439	1.26530999364	norm	2476
C	-73	1	418	0.113865431762	raw	2476
C	-73	1	418	0.596487379027	norm	2476
G	-73	1	362	0.0986107327704	raw	2476
G	-73	1	362	0.517386537546	norm	2476
T	-72	1	1452	0.395532552438	raw	2476
T	-72	1	1452	1.28122574533	norm	2476
A	-72	1	1437	0.391446472351	raw	2476
A	-72	1	1437	1.2635513974	norm	2476
C	-72	1	397	0.10814491964	raw	2476
C	-72	1	397	0.566520309746	norm	2476
G	-72	1	385	0.104876055571	raw	2476
G	-72	1	385	0.55025916286	norm	2476
T	-71	1	1475	0.401797875238	raw	2476
T	-71	1	1475	1.3015206435	norm	2476
A	-71	1	1440	0.392263688368	raw	2476
A	-71	1	1440	1.26618929176	norm	2476
C	-71	1	393	0.107055298284	raw	2476
C	-71	1	393	0.56081229655	norm	2476
G	-71	1	363	0.0988831381095	raw	2476
G	-71	1	363	0.518815782125	norm	2476
A	-70	1	1534	0.417869790248	raw	2476
A	-70	1	1534	1.34884331497	norm	2476
T	-70	1	1449	0.394715336421	raw	2476
T	-70	1	1449	1.27857858469	norm	2476
C	-70	1	398	0.10841732498	raw	2476
C	-70	1	398	0.567947313045	norm	2476
G	-70	1	290	0.0789975483519	raw	2476
G	-70	1	290	0.414480927869	norm	2476
A	-69	1	1443	0.393080904386	raw	2476
A	-69	1	1443	1.26882718612	norm	2476
T	-69	1	1398	0.380822664124	raw	2476
T	-69	1	1398	1.23357685397	norm	2476
C	-69	1	423	0.115227458458	raw	2476
C	-69	1	423	0.603622395523	norm	2476
G	-69	1	407	0.110868973032	raw	2476
G	-69	1	407	0.581702543595	norm	2476
T	-68	1	1491	0.406156360665	raw	2476
T	-68	1	1491	1.31563883353	norm	2476
A	-68	1	1338	0.364478343776	raw	2476
A	-68	1	1338	1.17650088359	norm	2476
C	-68	1	442	0.120403159902	raw	2476
C	-68	1	442	0.630735458206	norm	2476
G	-68	1	400	0.108962135658	raw	2476
G	-68	1	400	0.571697831543	norm	2476
T	-67	1	1465	0.399073821847	raw	2476
T	-67	1	1465	1.29269677473	norm	2476
A	-67	1	1459	0.397439389812	raw	2476
A	-67	1	1459	1.28289595603	norm	2476
G	-67	1	383	0.104331244892	raw	2476
G	-67	1	383	0.547400673702	norm	2476
C	-67	1	364	0.0991555434487	raw	2476
C	-67	1	364	0.519429200875	norm	2476
T	-66	1	1427	0.388722418959	raw	2476
T	-66	1	1427	1.2591660734	norm	2476
A	-66	1	1367	0.372378098611	raw	2476
A	-66	1	1367	1.20200052905	norm	2476
G	-66	1	486	0.132388994824	raw	2476
G	-66	1	486	0.694612865325	norm	2476
C	-66	1	391	0.106510487606	raw	2476
C	-66	1	391	0.557958289951	norm	2476
A	-65	1	1488	0.405339144647	raw	2476
A	-65	1	1488	1.30839560149	norm	2476
T	-65	1	1331	0.362571506402	raw	2476
T	-65	1	1331	1.17445693322	norm	2476
G	-65	1	453	0.123399618633	raw	2476
G	-65	1	453	0.647447794222	norm	2476
C	-65	1	399	0.108689730319	raw	2476
C	-65	1	399	0.569374316344	norm	2476
T	-64	1	1472	0.400980659221	raw	2476
T	-64	1	1472	1.29887348286	norm	2476
A	-64	1	1470	0.400435848543	raw	2476
A	-64	1	1470	1.29256823534	norm	2476
C	-64	1	401	0.109234540997	raw	2476
C	-64	1	401	0.572228322942	norm	2476
G	-64	1	328	0.0893489512394	raw	2476
G	-64	1	328	0.468792221865	norm	2476
T	-63	1	1482	0.403704712612	raw	2476
T	-63	1	1482	1.30769735163	norm	2476
A	-63	1	1398	0.380822664124	raw	2476
A	-63	1	1398	1.22925877075	norm	2476
C	-63	1	429	0.116861890493	raw	2476
C	-63	1	429	0.612184415318	norm	2476
G	-63	1	362	0.0986107327704	raw	2476
G	-63	1	362	0.517386537546	norm	2476
T	-62	1	1462	0.398256605829	raw	2476
T	-62	1	1462	1.2900496141	norm	2476
A	-62	1	1446	0.393898120403	raw	2476
A	-62	1	1446	1.27146508048	norm	2476
C	-62	1	393	0.107055298284	raw	2476
C	-62	1	393	0.56081229655	norm	2476
G	-62	1	370	0.100789975484	raw	2476
G	-62	1	370	0.528820494177	norm	2476
A	-61	1	1481	0.403432307273	raw	2476
A	-61	1	1481	1.30224051465	norm	2476
T	-61	1	1370	0.373195314628	raw	2476
T	-61	1	1370	1.20887002142	norm	2476
G	-61	1	425	0.115772269136	raw	2476
G	-61	1	425	0.607428946014	norm	2476
C	-61	1	395	0.107600108962	raw	2476
C	-61	1	395	0.563666303148	norm	2476
T	-60	1	1479	0.402887496595	raw	2476
T	-60	1	1479	1.305050191	norm	2476
A	-60	1	1328	0.361754290384	raw	2476
A	-60	1	1328	1.1677079024	norm	2476
C	-60	1	469	0.127758104059	raw	2476
C	-60	1	469	0.669264547282	norm	2476
G	-60	1	395	0.107600108962	raw	2476
G	-60	1	395	0.564551608649	norm	2476
T	-59	1	1473	0.40125306456	raw	2476
T	-59	1	1473	1.29975586974	norm	2476
A	-59	1	1433	0.390356850994	raw	2476
A	-59	1	1433	1.26003420493	norm	2476
G	-59	1	414	0.112775810406	raw	2476
G	-59	1	414	0.591707255647	norm	2476
C	-59	1	351	0.0956142740398	raw	2476
C	-59	1	351	0.500878157987	norm	2476
T	-58	1	1518	0.413511304822	raw	2476
T	-58	1	1518	1.3394632792	norm	2476
A	-58	1	1353	0.368564423863	raw	2476
A	-58	1	1353	1.18969035538	norm	2476
C	-58	1	437	0.119041133206	raw	2476
C	-58	1	437	0.62360044171	norm	2476
G	-58	1	363	0.0988831381095	raw	2476
G	-58	1	363	0.518815782125	norm	2476
T	-57	1	1413	0.384908744211	raw	2476
T	-57	1	1413	1.24681265712	norm	2476
A	-57	1	1353	0.368564423863	raw	2476
A	-57	1	1353	1.18969035538	norm	2476
C	-57	1	486	0.132388994824	raw	2476
C	-57	1	486	0.693523603367	norm	2476
G	-57	1	419	0.114137837102	raw	2476
G	-57	1	419	0.598853478541	norm	2476
T	-56	1	1500	0.408608008717	raw	2476
T	-56	1	1500	1.32358031542	norm	2476
A	-56	1	1375	0.374557341324	raw	2476
A	-56	1	1375	1.20903491401	norm	2476
C	-56	1	426	0.116044674476	raw	2476
C	-56	1	426	0.60790340542	norm	2476
G	-56	1	370	0.100789975484	raw	2476
G	-56	1	370	0.528820494177	norm	2476
A	-55	1	1453	0.395804957777	raw	2476
A	-55	1	1453	1.27762016731	norm	2476
T	-55	1	1413	0.384908744211	raw	2476
T	-55	1	1413	1.24681265712	norm	2476
C	-55	1	415	0.113048215745	raw	2476
C	-55	1	415	0.59220636913	norm	2476
G	-55	1	390	0.106238082266	raw	2476
G	-55	1	390	0.557405385754	norm	2476
T	-54	1	1445	0.393625715064	raw	2476
T	-54	1	1445	1.27504903719	norm	2476
A	-54	1	1332	0.362843911741	raw	2476
A	-54	1	1332	1.17122509488	norm	2476
G	-54	1	492	0.134023426859	raw	2476
G	-54	1	492	0.703188332798	norm	2476
C	-54	1	402	0.109506946336	raw	2476
C	-54	1	402	0.573655326242	norm	2476
A	-53	1	1473	0.40125306456	raw	2476
A	-53	1	1473	1.2952061297	norm	2476
T	-53	1	1444	0.393353309725	raw	2476
T	-53	1	1444	1.27416665031	norm	2476
G	-53	1	407	0.110868973032	raw	2476
G	-53	1	407	0.581702543595	norm	2476
C	-53	1	347	0.0945246526832	raw	2476
C	-53	1	347	0.495170144791	norm	2476
T	-52	1	1485	0.40452192863	raw	2476
T	-52	1	1485	1.31034451226	norm	2476
A	-52	1	1452	0.395532552438	raw	2476
A	-52	1	1452	1.27674086919	norm	2476
C	-52	1	389	0.105965676927	raw	2476
C	-52	1	389	0.555104283353	norm	2476
G	-52	1	345	0.0939798420049	raw	2476
G	-52	1	345	0.493089379706	norm	2476
A	-51	1	1429	0.389267229638	raw	2476
A	-51	1	1429	1.25651701245	norm	2476
T	-51	1	1401	0.381639880142	raw	2476
T	-51	1	1401	1.2362240146	norm	2476
C	-51	1	429	0.116861890493	raw	2476
C	-51	1	429	0.612184415318	norm	2476
G	-51	1	412	0.112230999728	raw	2476
G	-51	1	412	0.588848766489	norm	2476
T	-50	1	1446	0.393898120403	raw	2476
T	-50	1	1446	1.27593142406	norm	2476
A	-50	1	1404	0.382457096159	raw	2476
A	-50	1	1404	1.23453455947	norm	2476
C	-50	1	418	0.113865431762	raw	2476
C	-50	1	418	0.596487379027	norm	2476
G	-50	1	403	0.109779351675	raw	2476
G	-50	1	403	0.57598556528	norm	2476
T	-49	1	1433	0.390356850994	raw	2476
T	-49	1	1433	1.26446039466	norm	2476
A	-49	1	1432	0.390084445655	raw	2476
A	-49	1	1432	1.25915490681	norm	2476
C	-49	1	430	0.117134295832	raw	2476
C	-49	1	430	0.613611418617	norm	2476
G	-49	1	376	0.102424407518	raw	2476
G	-49	1	376	0.53739596165	norm	2476
T	-48	1	1437	0.391446472351	raw	2476
T	-48	1	1437	1.26798994217	norm	2476
A	-48	1	1376	0.374829746663	raw	2476
A	-48	1	1376	1.20991421213	norm	2476
C	-48	1	484	0.131844184146	raw	2476
C	-48	1	484	0.690669596768	norm	2476
G	-48	1	374	0.10187959684	raw	2476
G	-48	1	374	0.534537472493	norm	2476
A	-47	1	1463	0.398529011169	raw	2476
A	-47	1	1463	1.2864131485	norm	2476
T	-47	1	1385	0.377281394715	raw	2476
T	-47	1	1385	1.22210582457	norm	2476
G	-47	1	436	0.118768727867	raw	2476
G	-47	1	436	0.623150636382	norm	2476
C	-47	1	387	0.105420866249	raw	2476
C	-47	1	387	0.552250276755	norm	2476
T	-46	1	1513	0.412149278126	raw	2476
T	-46	1	1513	1.33505134482	norm	2476
A	-46	1	1381	0.376191773359	raw	2476
A	-46	1	1381	1.21431070272	norm	2476
C	-46	1	415	0.113048215745	raw	2476
C	-46	1	415	0.59220636913	norm	2476
G	-46	1	362	0.0986107327704	raw	2476
G	-46	1	362	0.517386537546	norm	2476
A	-45	1	1463	0.398529011169	raw	2476
A	-45	1	1463	1.2864131485	norm	2476
T	-45	1	1399	0.381095069463	raw	2476
T	-45	1	1399	1.23445924085	norm	2476
G	-45	1	406	0.110596567693	raw	2476
G	-45	1	406	0.580273299016	norm	2476
C	-45	1	403	0.109779351675	raw	2476
C	-45	1	403	0.575082329541	norm	2476
T	-44	1	1471	0.400708253882	raw	2476
T	-44	1	1471	1.29799109599	norm	2476
A	-44	1	1406	0.383001906837	raw	2476
A	-44	1	1406	1.23629315571	norm	2476
C	-44	1	427	0.116317079815	raw	2476
C	-44	1	427	0.609330408719	norm	2476
G	-44	1	367	0.0999727594661	raw	2476
G	-44	1	367	0.524532760441	norm	2476
T	-43	1	1486	0.404794333969	raw	2476
T	-43	1	1486	1.31122689914	norm	2476
A	-43	1	1393	0.379460637428	raw	2476
A	-43	1	1393	1.22486228015	norm	2476
G	-43	1	397	0.10814491964	raw	2476
G	-43	1	397	0.567410097806	norm	2476
C	-43	1	395	0.107600108962	raw	2476
C	-43	1	395	0.563666303148	norm	2476
T	-42	1	1515	0.412694088804	raw	2476
T	-42	1	1515	1.33681611857	norm	2476
A	-42	1	1327	0.361481885045	raw	2476
A	-42	1	1327	1.16682860428	norm	2476
C	-42	1	458	0.124761645328	raw	2476
C	-42	1	458	0.653567510992	norm	2476
G	-42	1	371	0.101062380823	raw	2476
G	-42	1	371	0.530249738756	norm	2476
T	-41	1	1526	0.415690547535	raw	2476
T	-41	1	1526	1.34652237422	norm	2476
A	-41	1	1354	0.368836829202	raw	2476
A	-41	1	1354	1.1905696535	norm	2476
C	-41	1	430	0.117134295832	raw	2476
C	-41	1	430	0.613611418617	norm	2476
G	-41	1	361	0.0983383274312	raw	2476
G	-41	1	361	0.515957292968	norm	2476
A	-40	1	1465	0.399073821847	raw	2476
A	-40	1	1465	1.28817174474	norm	2476
T	-40	1	1363	0.371288477254	raw	2476
T	-40	1	1363	1.20269331328	norm	2476
G	-40	1	429	0.116861890493	raw	2476
G	-40	1	429	0.61314592433	norm	2476
C	-40	1	414	0.112775810406	raw	2476
C	-40	1	414	0.590779365831	norm	2476
A	-39	1	1491	0.406156360665	raw	2476
A	-39	1	1491	1.31103349584	norm	2476
T	-39	1	1371	0.373467719967	raw	2476
T	-39	1	1371	1.20975240829	norm	2476
G	-39	1	449	0.122309997276	raw	2476
G	-39	1	449	0.641730815907	norm	2476
C	-39	1	360	0.0980659220921	raw	2476
C	-39	1	360	0.513721187679	norm	2476
A	-38	1	1406	0.383001906837	raw	2476
A	-38	1	1406	1.23629315571	norm	2476
T	-38	1	1390	0.378643421411	raw	2476
T	-38	1	1390	1.22651775895	norm	2476
G	-38	1	464	0.126396077363	raw	2476
G	-38	1	464	0.66316948459	norm	2476
C	-38	1	411	0.111958594388	raw	2476
C	-38	1	411	0.586498355934	norm	2476
T	-37	1	1465	0.399073821847	raw	2476
T	-37	1	1465	1.29269677473	norm	2476
A	-37	1	1340	0.365023154454	raw	2476
A	-37	1	1340	1.17825947983	norm	2476
C	-37	1	440	0.119858349224	raw	2476
C	-37	1	440	0.627881451608	norm	2476
G	-37	1	426	0.116044674476	raw	2476
G	-37	1	426	0.608858190593	norm	2476
A	-36	1	1443	0.393080904386	raw	2476
A	-36	1	1443	1.26882718612	norm	2476
T	-36	1	1260	0.343230727322	raw	2476
T	-36	1	1260	1.11180746495	norm	2476
G	-36	1	491	0.13375102152	raw	2476
G	-36	1	491	0.701759088219	norm	2476
C	-36	1	477	0.129937346772	raw	2476
C	-36	1	477	0.680680573675	norm	2476
A	-35	1	1523	0.414873331517	raw	2476
A	-35	1	1523	1.33917103566	norm	2476
T	-35	1	1318	0.359030236993	raw	2476
T	-35	1	1318	1.16298590381	norm	2476
G	-35	1	439	0.119585943885	raw	2476
G	-35	1	439	0.627438370118	norm	2476
C	-35	1	391	0.106510487606	raw	2476
C	-35	1	391	0.557958289951	norm	2476
T	-34	1	1426	0.38845001362	raw	2476
T	-34	1	1426	1.25828368652	norm	2476
A	-34	1	1361	0.370743666576	raw	2476
A	-34	1	1361	1.19672474034	norm	2476
C	-34	1	455	0.123944429311	raw	2476
C	-34	1	455	0.649286501094	norm	2476
G	-34	1	429	0.116861890493	raw	2476
G	-34	1	429	0.61314592433	norm	2476
A	-33	1	1367	0.372378098611	raw	2476
A	-33	1	1367	1.20200052905	norm	2476
T	-33	1	1350	0.367747207845	raw	2476
T	-33	1	1350	1.19122228388	norm	2476
C	-33	1	493	0.134295832198	raw	2476
C	-33	1	493	0.70351262646	norm	2476
G	-33	1	461	0.125578861346	raw	2476
G	-33	1	461	0.658881750853	norm	2476
A	-32	1	1450	0.39498774176	raw	2476
A	-32	1	1450	1.27498227295	norm	2476
T	-32	1	1295	0.352764914192	raw	2476
T	-32	1	1295	1.14269100565	norm	2476
G	-32	1	490	0.133478616181	raw	2476
G	-32	1	490	0.70032984364	norm	2476
C	-32	1	436	0.118768727867	raw	2476
C	-32	1	436	0.622173438411	norm	2476
T	-31	1	1428	0.388994824299	raw	2476
T	-31	1	1428	1.26004846028	norm	2476
A	-31	1	1410	0.384091528194	raw	2476
A	-31	1	1410	1.23981034818	norm	2476
G	-31	1	454	0.123672023972	raw	2476
G	-31	1	454	0.648877038801	norm	2476
C	-31	1	379	0.103241623536	raw	2476
C	-31	1	379	0.540834250362	norm	2476
A	-30	1	1483	0.403977117952	raw	2476
A	-30	1	1483	1.30399911089	norm	2476
T	-30	1	1342	0.365567965132	raw	2476
T	-30	1	1342	1.18416318886	norm	2476
G	-30	1	426	0.116044674476	raw	2476
G	-30	1	426	0.608858190593	norm	2476
C	-30	1	420	0.114410242441	raw	2476
C	-30	1	420	0.599341385626	norm	2476
A	-29	1	1410	0.384091528194	raw	2476
A	-29	1	1410	1.23981034818	norm	2476
T	-29	1	1403	0.38218469082	raw	2476
T	-29	1	1403	1.23798878836	norm	2476
G	-29	1	443	0.120675565241	raw	2476
G	-29	1	443	0.633155348434	norm	2476
C	-29	1	415	0.113048215745	raw	2476
C	-29	1	415	0.59220636913	norm	2476
A	-28	1	1437	0.391446472351	raw	2476
A	-28	1	1437	1.2635513974	norm	2476
T	-28	1	1432	0.390084445655	raw	2476
T	-28	1	1432	1.26357800779	norm	2476
C	-28	1	411	0.111958594388	raw	2476
C	-28	1	411	0.586498355934	norm	2476
G	-28	1	391	0.106510487606	raw	2476
G	-28	1	391	0.558834630333	norm	2476
A	-27	1	1437	0.391446472351	raw	2476
A	-27	1	1437	1.2635513974	norm	2476
T	-27	1	1316	0.358485426314	raw	2476
T	-27	1	1316	1.16122113006	norm	2476
G	-27	1	460	0.125306456007	raw	2476
G	-27	1	460	0.657452506274	norm	2476
C	-27	1	458	0.124761645328	raw	2476
C	-27	1	458	0.653567510992	norm	2476
T	-26	1	1465	0.399073821847	raw	2476
T	-26	1	1465	1.29269677473	norm	2476
A	-26	1	1296	0.353037319531	raw	2476
A	-26	1	1296	1.13957036258	norm	2476
G	-26	1	466	0.126940888041	raw	2476
G	-26	1	466	0.666027973748	norm	2476
C	-26	1	444	0.12094797058	raw	2476
C	-26	1	444	0.633589464804	norm	2476
A	-25	1	1442	0.392808499047	raw	2476
A	-25	1	1442	1.267947888	norm	2476
T	-25	1	1356	0.36938163988	raw	2476
T	-25	1	1356	1.19651660514	norm	2476
C	-25	1	451	0.122854807954	raw	2476
C	-25	1	451	0.643578487898	norm	2476
G	-25	1	422	0.114955053119	raw	2476
G	-25	1	422	0.603141212278	norm	2476
A	-24	1	1451	0.395260147099	raw	2476
A	-24	1	1451	1.27586157107	norm	2476
T	-24	1	1302	0.354671751566	raw	2476
T	-24	1	1302	1.14886771378	norm	2476
C	-24	1	476	0.129664941433	raw	2476
C	-24	1	476	0.679253570376	norm	2476
G	-24	1	442	0.120403159902	raw	2476
G	-24	1	442	0.631726103855	norm	2476
T	-23	1	1425	0.388177608281	raw	2476
T	-23	1	1425	1.25740129965	norm	2476
A	-23	1	1369	0.372922909289	raw	2476
A	-23	1	1369	1.20375912529	norm	2476
C	-23	1	475	0.129392536094	raw	2476
C	-23	1	475	0.677826567076	norm	2476
G	-23	1	402	0.109506946336	raw	2476
G	-23	1	402	0.574556320701	norm	2476
T	-22	1	1384	0.377008989376	raw	2476
T	-22	1	1384	1.22122343769	norm	2476
A	-22	1	1374	0.374284935985	raw	2476
A	-22	1	1374	1.20815561589	norm	2476
C	-22	1	479	0.13048215745	raw	2476
C	-22	1	479	0.683534580273	norm	2476
G	-22	1	434	0.118223917189	raw	2476
G	-22	1	434	0.620292147224	norm	2476
T	-21	1	1363	0.371288477254	raw	2476
T	-21	1	1363	1.20269331328	norm	2476
A	-21	1	1361	0.370743666576	raw	2476
A	-21	1	1361	1.19672474034	norm	2476
C	-21	1	524	0.142740397712	raw	2476
C	-21	1	524	0.747749728733	norm	2476
G	-21	1	423	0.115227458458	raw	2476
G	-21	1	423	0.604570456857	norm	2476
T	-20	1	1375	0.374557341324	raw	2476
T	-20	1	1375	1.2132819558	norm	2476
A	-20	1	1374	0.374284935985	raw	2476
A	-20	1	1374	1.20815561589	norm	2476
C	-20	1	474	0.129120130755	raw	2476
C	-20	1	474	0.676399563777	norm	2476
G	-20	1	448	0.122037591937	raw	2476
G	-20	1	448	0.640301571328	norm	2476
T	-19	1	1392	0.379188232089	raw	2476
T	-19	1	1392	1.22828253271	norm	2476
A	-19	1	1354	0.368836829202	raw	2476
A	-19	1	1354	1.1905696535	norm	2476
C	-19	1	495	0.134840642877	raw	2476
C	-19	1	495	0.706366633059	norm	2476
G	-19	1	430	0.117134295832	raw	2476
G	-19	1	430	0.614575168909	norm	2476
T	-18	1	1401	0.381639880142	raw	2476
T	-18	1	1401	1.2362240146	norm	2476
A	-18	1	1286	0.35031326614	raw	2476
A	-18	1	1286	1.13077738139	norm	2476
C	-18	1	551	0.150095341869	raw	2476
C	-18	1	551	0.786278817809	norm	2476
G	-18	1	433	0.11795151185	raw	2476
G	-18	1	433	0.618862902645	norm	2476
T	-17	1	1333	0.36311631708	raw	2476
T	-17	1	1333	1.17622170697	norm	2476
A	-17	1	1291	0.351675292836	raw	2476
A	-17	1	1291	1.13517387199	norm	2476
C	-17	1	552	0.150367747208	raw	2476
C	-17	1	552	0.787705821108	norm	2476
G	-17	1	495	0.134840642877	raw	2476
G	-17	1	495	0.707476066534	norm	2476
A	-16	1	1372	0.373740125306	raw	2476
A	-16	1	1372	1.20639701965	norm	2476
T	-16	1	1343	0.365840370471	raw	2476
T	-16	1	1343	1.18504557574	norm	2476
C	-16	1	503	0.13701988559	raw	2476
C	-16	1	503	0.717782659452	norm	2476
G	-16	1	453	0.123399618633	raw	2476
G	-16	1	453	0.647447794222	norm	2476
T	-15	1	1382	0.376464178698	raw	2476
T	-15	1	1382	1.21945866394	norm	2476
A	-15	1	1375	0.374557341324	raw	2476
A	-15	1	1375	1.20903491401	norm	2476
C	-15	1	481	0.131026968129	raw	2476
C	-15	1	481	0.686388586871	norm	2476
G	-15	1	433	0.11795151185	raw	2476
G	-15	1	433	0.618862902645	norm	2476
A	-14	1	1397	0.380550258785	raw	2476
A	-14	1	1397	1.22837947263	norm	2476
T	-14	1	1309	0.35657858894	raw	2476
T	-14	1	1309	1.15504442192	norm	2476
C	-14	1	489	0.133206210842	raw	2476
C	-14	1	489	0.697804613264	norm	2476
G	-14	1	476	0.129664941433	raw	2476
G	-14	1	476	0.680320419536	norm	2476
A	-13	1	1335	0.363661127758	raw	2476
A	-13	1	1335	1.17386298924	norm	2476
T	-13	1	1329	0.362026695723	raw	2476
T	-13	1	1329	1.17269215946	norm	2476
C	-13	1	527	0.143557613729	raw	2476
C	-13	1	527	0.75203073863	norm	2476
G	-13	1	480	0.130754562789	raw	2476
G	-13	1	480	0.686037397852	norm	2476
T	-12	1	1351	0.368019613184	raw	2476
T	-12	1	1351	1.19210467075	norm	2476
A	-12	1	1302	0.354671751566	raw	2476
A	-12	1	1302	1.1448461513	norm	2476
C	-12	1	575	0.156633070008	raw	2476
C	-12	1	575	0.820526896987	norm	2476
G	-12	1	443	0.120675565241	raw	2476
G	-12	1	443	0.633155348434	norm	2476
T	-11	1	1402	0.381912285481	raw	2476
T	-11	1	1402	1.23710640148	norm	2476
A	-11	1	1326	0.361209479706	raw	2476
A	-11	1	1326	1.16594930616	norm	2476
C	-11	1	514	0.14001634432	raw	2476
C	-11	1	514	0.733479695742	norm	2476
G	-11	1	429	0.116861890493	raw	2476
G	-11	1	429	0.61314592433	norm	2476
T	-10	1	1403	0.38218469082	raw	2476
T	-10	1	1403	1.23798878836	norm	2476
A	-10	1	1358	0.369926450558	raw	2476
A	-10	1	1358	1.19408684598	norm	2476
C	-10	1	484	0.131844184146	raw	2476
C	-10	1	484	0.690669596768	norm	2476
G	-10	1	426	0.116044674476	raw	2476
G	-10	1	426	0.608858190593	norm	2476
A	-9	1	1345	0.36638518115	raw	2476
A	-9	1	1345	1.18265597043	norm	2476
T	-9	1	1326	0.361209479706	raw	2476
T	-9	1	1326	1.17004499883	norm	2476
G	-9	1	506	0.137837101607	raw	2476
G	-9	1	506	0.723197756902	norm	2476
C	-9	1	494	0.134568237537	raw	2476
C	-9	1	494	0.70493962976	norm	2476
T	-8	1	1323	0.360392263688	raw	2476
T	-8	1	1323	1.1673978382	norm	2476
A	-8	1	1316	0.358485426314	raw	2476
A	-8	1	1316	1.15715632497	norm	2476
C	-8	1	532	0.144919640425	raw	2476
C	-8	1	532	0.759165755126	norm	2476
G	-8	1	500	0.136202669572	raw	2476
G	-8	1	500	0.714622289429	norm	2476
T	-7	1	1367	0.372378098611	raw	2476
T	-7	1	1367	1.20622286079	norm	2476
A	-7	1	1222	0.332879324435	raw	2476
A	-7	1	1222	1.07450230176	norm	2476
C	-7	1	562	0.153091800599	raw	2476
C	-7	1	562	0.801975854099	norm	2476
G	-7	1	520	0.141650776355	raw	2476
G	-7	1	520	0.743207181006	norm	2476
T	-6	1	1357	0.369654045219	raw	2476
T	-6	1	1357	1.19739899202	norm	2476
A	-6	1	1234	0.336148188504	raw	2476
A	-6	1	1234	1.08505387919	norm	2476
C	-6	1	544	0.148188504495	raw	2476
C	-6	1	544	0.776289794715	norm	2476
G	-6	1	536	0.146009261782	raw	2476
G	-6	1	536	0.766075094268	norm	2476
T	-5	1	1330	0.362299101062	raw	2476
T	-5	1	1330	1.17357454634	norm	2476
A	-5	1	1320	0.359575047671	raw	2476
A	-5	1	1320	1.16067351745	norm	2476
C	-5	1	564	0.153636611278	raw	2476
C	-5	1	564	0.804829860697	norm	2476
G	-5	1	457	0.124489239989	raw	2476
G	-5	1	457	0.653164772538	norm	2476
T	-4	1	1316	0.358485426314	raw	2476
T	-4	1	1316	1.16122113006	norm	2476
A	-4	1	1303	0.354944156905	raw	2476
A	-4	1	1303	1.14572544942	norm	2476
C	-4	1	551	0.150095341869	raw	2476
C	-4	1	551	0.786278817809	norm	2476
G	-4	1	501	0.136475074911	raw	2476
G	-4	1	501	0.716051534008	norm	2476
T	-3	1	1284	0.349768455462	raw	2476
T	-3	1	1284	1.13298475	norm	2476
A	-3	1	1260	0.343230727322	raw	2476
A	-3	1	1260	1.10791563029	norm	2476
C	-3	1	604	0.164532824843	raw	2476
C	-3	1	604	0.861909992661	norm	2476
G	-3	1	523	0.142467992373	raw	2476
G	-3	1	523	0.747494914742	norm	2476
T	-2	1	1495	0.407245982021	raw	2476
T	-2	1	1495	1.31916838103	norm	2476
A	-2	1	1129	0.307545627894	raw	2476
A	-2	1	1129	0.992727576665	norm	2476
C	-2	1	599	0.163170798148	raw	2476
C	-2	1	599	0.854774976166	norm	2476
G	-2	1	448	0.122037591937	raw	2476
G	-2	1	448	0.640301571328	norm	2476
T	-1	1	1409	0.383819122855	raw	2476
T	-1	1	1409	1.24328310962	norm	2476
A	-1	1	1107	0.301552710433	raw	2476
A	-1	1	1107	0.973383018041	norm	2476
C	-1	1	588	0.160174339417	raw	2476
C	-1	1	588	0.839077939876	norm	2476
G	-1	1	567	0.154453827295	raw	2476
G	-1	1	567	0.810381676212	norm	2476
C	0	1	1620	0.441296649414	raw	2476
C	0	1	1620	2.31174534456	norm	2476
A	0	1	1103	0.300463089077	raw	2476
A	0	1	1103	0.969865825564	norm	2476
G	0	1	493	0.134295832198	raw	2476
G	0	1	493	0.704617577377	norm	2476
T	0	1	455	0.123944429311	raw	2476
T	0	1	455	0.40148602901	norm	2476
A	1	1	1590	0.43312448924	raw	2476
A	1	1	1590	1.39808400965	norm	2476
T	1	1	1322	0.360119858349	raw	2476
T	1	1	1322	1.16651545132	norm	2476
C	1	1	523	0.142467992373	raw	2476
C	1	1	523	0.746322725434	norm	2476
G	1	1	236	0.0642876600381	raw	2476
G	1	1	236	0.33730172061	norm	2476
A	2	1	1355	0.369109234541	raw	2476
A	2	1	1355	1.19144895162	norm	2476
T	2	1	1220	0.332334513756	raw	2476
T	2	1	1220	1.07651198987	norm	2476
C	2	1	565	0.153909016617	raw	2476
C	2	1	565	0.806256863996	norm	2476
G	2	1	531	0.144647235086	raw	2476
G	2	1	531	0.758928871373	norm	2476
T	3	1	1404	0.382457096159	raw	2476
T	3	1	1404	1.23887117523	norm	2476
A	3	1	1206	0.328520839008	raw	2476
A	3	1	1206	1.06043353185	norm	2476
G	3	1	580	0.157995096704	raw	2476
G	3	1	580	0.828961855737	norm	2476
C	3	1	481	0.131026968129	raw	2476
C	3	1	481	0.686388586871	norm	2476
A	4	1	1342	0.365567965132	raw	2476
A	4	1	1342	1.18001807607	norm	2476
T	4	1	1262	0.343775538001	raw	2476
T	4	1	1262	1.11357223871	norm	2476
G	4	1	606	0.165077635522	raw	2476
G	4	1	606	0.866122214788	norm	2476
C	4	1	461	0.125578861346	raw	2476
C	4	1	461	0.657848520889	norm	2476
A	5	1	1332	0.362843911741	raw	2476
A	5	1	1332	1.17122509488	norm	2476
T	5	1	1178	0.320893489512	raw	2476
T	5	1	1178	1.03945174104	norm	2476
G	5	1	606	0.165077635522	raw	2476
G	5	1	606	0.866122214788	norm	2476
C	5	1	555	0.151184963225	raw	2476
C	5	1	555	0.791986831005	norm	2476
T	6	1	1285	0.350040860801	raw	2476
T	6	1	1285	1.13386713688	norm	2476
A	6	1	1152	0.313810950695	raw	2476
A	6	1	1152	1.01295143341	norm	2476
C	6	1	647	0.176246254427	raw	2476
C	6	1	647	0.923271134523	norm	2476
G	6	1	587	0.159901934078	raw	2476
G	6	1	587	0.838966567789	norm	2476
T	7	1	1405	0.382729501498	raw	2476
T	7	1	1405	1.23975356211	norm	2476
A	7	1	1144	0.311631707981	raw	2476
A	7	1	1144	1.00591704845	norm	2476
C	7	1	566	0.154181421956	raw	2476
C	7	1	566	0.807683867295	norm	2476
G	7	1	556	0.151457368564	raw	2476
G	7	1	556	0.794659985845	norm	2476
T	8	1	1319	0.359302642332	raw	2476
T	8	1	1319	1.16386829069	norm	2476
A	8	1	1183	0.322255516208	raw	2476
A	8	1	1183	1.04020967511	norm	2476
G	8	1	611	0.166439662217	raw	2476
G	8	1	611	0.873268437682	norm	2476
C	8	1	558	0.152002179243	raw	2476
C	8	1	558	0.796267840902	norm	2476
T	9	1	1291	0.351675292836	raw	2476
T	9	1	1291	1.13916145814	norm	2476
A	9	1	1157	0.31517297739	raw	2476
A	9	1	1157	1.017347924	norm	2476
G	9	1	670	0.182511577227	raw	2476
G	9	1	670	0.957593867834	norm	2476
C	9	1	553	0.150640152547	raw	2476
C	9	1	553	0.789132824407	norm	2476
T	10	1	1354	0.368836829202	raw	2476
T	10	1	1354	1.19475183138	norm	2476
A	10	1	1188	0.323617542904	raw	2476
A	10	1	1188	1.0446061657	norm	2476
C	10	1	566	0.154181421956	raw	2476
C	10	1	566	0.807683867295	norm	2476
G	10	1	563	0.153364205938	raw	2476
G	10	1	563	0.804664697897	norm	2476
T	11	1	1228	0.33451375647	raw	2476
T	11	1	1228	1.08357108489	norm	2476
A	11	1	1212	0.330155271043	raw	2476
A	11	1	1212	1.06570932057	norm	2476
G	11	1	638	0.173794606374	raw	2476
G	11	1	638	0.911858041311	norm	2476
C	11	1	593	0.161536366113	raw	2476
C	11	1	593	0.846212956371	norm	2476
T	12	1	1345	0.36638518115	raw	2476
T	12	1	1345	1.18681034949	norm	2476
A	12	1	1127	0.307000817216	raw	2476
A	12	1	1127	0.990968980427	norm	2476
G	12	1	602	0.163988014165	raw	2476
G	12	1	602	0.860405236472	norm	2476
C	12	1	597	0.162625987469	raw	2476
C	12	1	597	0.851920969568	norm	2476
T	13	1	1287	0.350585671479	raw	2476
T	13	1	1287	1.13563191063	norm	2476
A	13	1	1169	0.31844184146	raw	2476
A	13	1	1169	1.02789950144	norm	2476
G	13	1	652	0.177608281122	raw	2476
G	13	1	652	0.931867465415	norm	2476
C	13	1	563	0.153364205938	raw	2476
C	13	1	563	0.803402857398	norm	2476
T	14	1	1288	0.350858076818	raw	2476
T	14	1	1288	1.13651429751	norm	2476
A	14	1	1163	0.316807409425	raw	2476
A	14	1	1163	1.02262371272	norm	2476
C	14	1	620	0.16889131027	raw	2476
C	14	1	620	0.884742045447	norm	2476
G	14	1	600	0.163443203487	raw	2476
G	14	1	600	0.857546747314	norm	2476
T	15	1	1276	0.347589212749	raw	2476
T	15	1	1276	1.12592565498	norm	2476
A	15	1	1205	0.328248433669	raw	2476
A	15	1	1205	1.05955423373	norm	2476
C	15	1	621	0.169163715609	raw	2476
C	15	1	621	0.886169048746	norm	2476
G	15	1	569	0.154998637973	raw	2476
G	15	1	569	0.81324016537	norm	2476
T	16	1	1230	0.335058567148	raw	2476
T	16	1	1230	1.08533585864	norm	2476
A	16	1	1114	0.303459547807	raw	2476
A	16	1	1114	0.979538104876	norm	2476
G	16	1	716	0.195042222828	raw	2476
G	16	1	716	1.02333911846	norm	2476
C	16	1	611	0.166439662217	raw	2476
C	16	1	611	0.871899015755	norm	2476
T	17	1	1326	0.361209479706	raw	2476
T	17	1	1326	1.17004499883	norm	2476
A	17	1	1211	0.329882865704	raw	2476
A	17	1	1211	1.06483002245	norm	2476
C	17	1	572	0.155815853991	raw	2476
C	17	1	572	0.81624588709	norm	2476
G	17	1	562	0.153091800599	raw	2476
G	17	1	562	0.803235453318	norm	2476
T	18	1	1207	0.328793244348	raw	2476
T	18	1	1207	1.06504096047	norm	2476
A	18	1	1198	0.326341596295	raw	2476
A	18	1	1198	1.0533991469	norm	2476
C	18	1	660	0.179787523835	raw	2476
C	18	1	660	0.941822177412	norm	2476
G	18	1	606	0.165077635522	raw	2476
G	18	1	606	0.866122214788	norm	2476
T	19	1	1264	0.344320348679	raw	2476
T	19	1	1264	1.11533701246	norm	2476
A	19	1	1097	0.298828657042	raw	2476
A	19	1	1097	0.964590036848	norm	2476
C	19	1	655	0.17842549714	raw	2476
C	19	1	655	0.934687160916	norm	2476
G	19	1	655	0.17842549714	raw	2476
G	19	1	655	0.936155199152	norm	2476
T	20	1	1306	0.355761372923	raw	2476
T	20	1	1306	1.15239726129	norm	2476
A	20	1	1135	0.309180059929	raw	2476
A	20	1	1135	0.998003365381	norm	2476
G	20	1	633	0.172432579679	raw	2476
G	20	1	633	0.904711818417	norm	2476
C	20	1	597	0.162625987469	raw	2476
C	20	1	597	0.851920969568	norm	2476
A	21	1	1248	0.339961863253	raw	2476
A	21	1	1248	1.09736405286	norm	2476
T	21	1	1235	0.336420593844	raw	2476
T	21	1	1235	1.08974779303	norm	2476
C	21	1	601	0.163715608826	raw	2476
C	21	1	601	0.857628982764	norm	2476
G	21	1	587	0.159901934078	raw	2476
G	21	1	587	0.838966567789	norm	2476
T	22	1	1325	0.360937074367	raw	2476
T	22	1	1325	1.16916261195	norm	2476
A	22	1	1136	0.309452465268	raw	2476
A	22	1	1136	0.9988826635	norm	2476
C	22	1	618	0.168346499591	raw	2476
C	22	1	618	0.881888038849	norm	2476
G	22	1	592	0.161263960774	raw	2476
G	22	1	592	0.846112790684	norm	2476
T	23	1	1384	0.377008989376	raw	2476
T	23	1	1384	1.22122343769	norm	2476
A	23	1	1069	0.291201307546	raw	2476
A	23	1	1069	0.939969689508	norm	2476
C	23	1	613	0.166984472896	raw	2476
C	23	1	613	0.874753022353	norm	2476
G	23	1	605	0.164805230183	raw	2476
G	23	1	605	0.864692970209	norm	2476
T	24	1	1275	0.347316807409	raw	2476
T	24	1	1275	1.12504326811	norm	2476
A	24	1	1116	0.304004358485	raw	2476
A	24	1	1116	0.981296701115	norm	2476
G	24	1	658	0.179242713157	raw	2476
G	24	1	658	0.940442932888	norm	2476
C	24	1	622	0.169436120948	raw	2476
C	24	1	622	0.887596052045	norm	2476
A	25	1	1285	0.350040860801	raw	2476
A	25	1	1285	1.12989808327	norm	2476
T	25	1	1228	0.33451375647	raw	2476
T	25	1	1228	1.08357108489	norm	2476
G	25	1	580	0.157995096704	raw	2476
G	25	1	580	0.828961855737	norm	2476
C	25	1	578	0.157450286026	raw	2476
C	25	1	578	0.824807906885	norm	2476
T	26	1	1368	0.37265050395	raw	2476
T	26	1	1368	1.20710524766	norm	2476
A	26	1	1133	0.308635249251	raw	2476
A	26	1	1133	0.996244769142	norm	2476
C	26	1	603	0.164260419504	raw	2476
C	26	1	603	0.860482989362	norm	2476
G	26	1	567	0.154453827295	raw	2476
G	26	1	567	0.810381676212	norm	2476
T	27	1	1281	0.348951239444	raw	2476
T	27	1	1281	1.13033758937	norm	2476
A	27	1	1204	0.32797602833	raw	2476
A	27	1	1204	1.05867493561	norm	2476
G	27	1	603	0.164260419504	raw	2476
G	27	1	603	0.861834481051	norm	2476
C	27	1	583	0.158812312721	raw	2476
C	27	1	583	0.83194292338	norm	2476
T	28	1	1332	0.362843911741	raw	2476
T	28	1	1332	1.17533932009	norm	2476
A	28	1	1232	0.335603377826	raw	2476
A	28	1	1232	1.08329528295	norm	2476
G	28	1	592	0.161263960774	raw	2476
G	28	1	592	0.846112790684	norm	2476
C	28	1	515	0.140288749659	raw	2476
C	28	1	515	0.734906699041	norm	2476
T	29	1	1309	0.35657858894	raw	2476
T	29	1	1309	1.15504442192	norm	2476
A	29	1	1173	0.319531462817	raw	2476
A	29	1	1173	1.03141669391	norm	2476
G	29	1	610	0.166167256878	raw	2476
G	29	1	610	0.871839193103	norm	2476
C	29	1	579	0.157722691365	raw	2476
C	29	1	579	0.826234910184	norm	2476
T	30	1	1414	0.385181149551	raw	2476
T	30	1	1414	1.247695044	norm	2476
A	30	1	1145	0.311904113321	raw	2476
A	30	1	1145	1.00679634657	norm	2476
C	30	1	575	0.156633070008	raw	2476
C	30	1	575	0.820526896987	norm	2476
G	30	1	537	0.146281667121	raw	2476
G	30	1	537	0.767504338846	norm	2476
T	31	1	1337	0.364205938436	raw	2476
T	31	1	1337	1.17975125448	norm	2476
A	31	1	1248	0.339961863253	raw	2476
A	31	1	1248	1.09736405286	norm	2476
C	31	1	548	0.149278125851	raw	2476
C	31	1	548	0.781997807911	norm	2476
G	31	1	538	0.14655407246	raw	2476
G	31	1	538	0.768933583425	norm	2476
A	32	1	1317	0.358757831654	raw	2476
A	32	1	1317	1.15803562309	norm	2476
T	32	1	1233	0.335875783165	raw	2476
T	32	1	1233	1.08798301927	norm	2476
C	32	1	586	0.159629528739	raw	2476
C	32	1	586	0.836223933278	norm	2476
G	32	1	535	0.145736856442	raw	2476
G	32	1	535	0.764645849689	norm	2476
T	33	1	1345	0.36638518115	raw	2476
T	33	1	1345	1.18681034949	norm	2476
A	33	1	1156	0.314900572051	raw	2476
A	33	1	1156	1.01646862589	norm	2476
C	33	1	607	0.165350040861	raw	2476
C	33	1	607	0.866191002559	norm	2476
G	33	1	563	0.153364205938	raw	2476
G	33	1	563	0.804664697897	norm	2476
A	34	1	1270	0.345954780714	raw	2476
A	34	1	1270	1.11670861148	norm	2476
T	34	1	1253	0.341323889948	raw	2476
T	34	1	1253	1.10563075681	norm	2476
G	34	1	595	0.162081176791	raw	2476
G	34	1	595	0.85040052442	norm	2476
C	34	1	553	0.150640152547	raw	2476
C	34	1	553	0.789132824407	norm	2476
T	35	1	1405	0.382729501498	raw	2476
T	35	1	1405	1.23975356211	norm	2476
A	35	1	1158	0.31544538273	raw	2476
A	35	1	1158	1.01822722212	norm	2476
G	35	1	570	0.155271043312	raw	2476
G	35	1	570	0.814669409949	norm	2476
C	35	1	538	0.14655407246	raw	2476
C	35	1	538	0.76772777492	norm	2476
T	36	1	1368	0.37265050395	raw	2476
T	36	1	1368	1.20710524766	norm	2476
A	36	1	1158	0.31544538273	raw	2476
A	36	1	1158	1.01822722212	norm	2476
G	36	1	597	0.162625987469	raw	2476
G	36	1	597	0.853259013578	norm	2476
C	36	1	548	0.149278125851	raw	2476
C	36	1	548	0.781997807911	norm	2476
A	37	1	1355	0.369109234541	raw	2476
A	37	1	1355	1.19144895162	norm	2476
T	37	1	1305	0.355488967584	raw	2476
T	37	1	1305	1.15151487441	norm	2476
C	37	1	526	0.14328520839	raw	2476
C	37	1	526	0.750603735331	norm	2476
G	37	1	485	0.132116589485	raw	2476
G	37	1	485	0.693183620746	norm	2476
T	38	1	1391	0.37891582675	raw	2476
T	38	1	1391	1.22740014583	norm	2476
A	38	1	1235	0.336420593844	raw	2476
A	38	1	1235	1.08593317731	norm	2476
C	38	1	550	0.14982293653	raw	2476
C	38	1	550	0.78485181451	norm	2476
G	38	1	495	0.134840642877	raw	2476
G	38	1	495	0.707476066534	norm	2476
T	39	1	1423	0.387632797603	raw	2476
T	39	1	1423	1.25563652589	norm	2476
A	39	1	1191	0.324434758921	raw	2476
A	39	1	1191	1.04724406006	norm	2476
C	39	1	607	0.165350040861	raw	2476
C	39	1	607	0.866191002559	norm	2476
G	39	1	450	0.122582402615	raw	2476
G	39	1	450	0.643160060486	norm	2476
T	40	1	1533	0.417597384909	raw	2476
T	40	1	1533	1.35269908236	norm	2476
A	40	1	1206	0.328520839008	raw	2476
A	40	1	1206	1.06043353185	norm	2476
G	40	1	495	0.134840642877	raw	2476
G	40	1	495	0.707476066534	norm	2476
C	40	1	437	0.119041133206	raw	2476
C	40	1	437	0.62360044171	norm	2476
T	41	1	1423	0.387632797603	raw	2476
T	41	1	1423	1.25563652589	norm	2476
A	41	1	1318	0.359030236993	raw	2476
A	41	1	1318	1.15891492121	norm	2476
G	41	1	480	0.130754562789	raw	2476
G	41	1	480	0.686037397852	norm	2476
C	41	1	450	0.122582402615	raw	2476
C	41	1	450	0.642151484599	norm	2476
T	42	1	1478	0.402615091256	raw	2476
T	42	1	1478	1.30416780413	norm	2476
A	42	1	1280	0.348678834105	raw	2476
A	42	1	1280	1.12550159268	norm	2476
G	42	1	462	0.125851266685	raw	2476
G	42	1	462	0.660310995432	norm	2476
C	42	1	451	0.122854807954	raw	2476
C	42	1	451	0.643578487898	norm	2476
T	43	1	1399	0.381095069463	raw	2476
T	43	1	1399	1.23445924085	norm	2476
A	43	1	1351	0.368019613184	raw	2476
A	43	1	1351	1.18793175914	norm	2476
G	43	1	478	0.130209752111	raw	2476
G	43	1	478	0.683178908694	norm	2476
C	43	1	443	0.120675565241	raw	2476
C	43	1	443	0.632162461505	norm	2476
T	44	1	1460	0.397711795151	raw	2476
T	44	1	1460	1.28828484034	norm	2476
A	44	1	1327	0.361481885045	raw	2476
A	44	1	1327	1.16682860428	norm	2476
C	44	1	450	0.122582402615	raw	2476
C	44	1	450	0.642151484599	norm	2476
G	44	1	434	0.118223917189	raw	2476
G	44	1	434	0.620292147224	norm	2476
T	45	1	1494	0.406973576682	raw	2476
T	45	1	1494	1.31828599416	norm	2476
A	45	1	1352	0.368292018524	raw	2476
A	45	1	1352	1.18881105726	norm	2476
C	45	1	446	0.121492781259	raw	2476
C	45	1	446	0.636443471402	norm	2476
G	45	1	379	0.103241623536	raw	2476
G	45	1	379	0.541683695387	norm	2476
T	46	1	1483	0.403977117952	raw	2476
T	46	1	1483	1.30857973851	norm	2476
A	46	1	1379	0.37564696268	raw	2476
A	46	1	1379	1.21255210648	norm	2476
G	46	1	414	0.112775810406	raw	2476
G	46	1	414	0.591707255647	norm	2476
C	46	1	395	0.107600108962	raw	2476
C	46	1	395	0.563666303148	norm	2476
T	47	1	1500	0.408608008717	raw	2476
T	47	1	1500	1.32358031542	norm	2476
A	47	1	1321	0.35984745301	raw	2476
A	47	1	1321	1.16155281557	norm	2476
G	47	1	433	0.11795151185	raw	2476
G	47	1	433	0.618862902645	norm	2476
C	47	1	417	0.113593026423	raw	2476
C	47	1	417	0.595060375728	norm	2476
T	48	1	1388	0.378098610733	raw	2476
T	48	1	1388	1.2247529852	norm	2476
A	48	1	1366	0.372105693272	raw	2476
A	48	1	1366	1.20112123093	norm	2476
G	48	1	490	0.133478616181	raw	2476
G	48	1	490	0.70032984364	norm	2476
C	48	1	427	0.116317079815	raw	2476
C	48	1	427	0.609330408719	norm	2476
T	49	1	1416	0.385725960229	raw	2476
T	49	1	1416	1.24945981776	norm	2476
A	49	1	1347	0.366929991828	raw	2476
A	49	1	1347	1.18441456667	norm	2476
C	49	1	473	0.128847725415	raw	2476
C	49	1	473	0.674972560478	norm	2476
G	49	1	435	0.118496322528	raw	2476
G	49	1	435	0.621721391803	norm	2476
T	50	1	1441	0.392536093707	raw	2476
T	50	1	1441	1.27151948968	norm	2476
A	50	1	1318	0.359030236993	raw	2476
A	50	1	1318	1.15891492121	norm	2476
C	50	1	468	0.12748569872	raw	2476
C	50	1	468	0.667837543983	norm	2476
G	50	1	444	0.12094797058	raw	2476
G	50	1	444	0.634584593013	norm	2476
A	51	1	1383	0.376736584037	raw	2476
A	51	1	1383	1.21606929896	norm	2476
T	51	1	1368	0.37265050395	raw	2476
T	51	1	1368	1.20710524766	norm	2476
G	51	1	473	0.128847725415	raw	2476
G	51	1	473	0.6760326858	norm	2476
C	51	1	447	0.121765186598	raw	2476
C	51	1	447	0.637870474701	norm	2476
T	52	1	1431	0.389812040316	raw	2476
T	52	1	1431	1.26269562091	norm	2476
A	52	1	1377	0.375102152002	raw	2476
A	52	1	1377	1.21079351025	norm	2476
C	52	1	460	0.125306456007	raw	2476
C	52	1	460	0.65642151759	norm	2476
G	52	1	403	0.109779351675	raw	2476
G	52	1	403	0.57598556528	norm	2476
T	53	1	1433	0.390356850994	raw	2476
T	53	1	1433	1.26446039466	norm	2476
A	53	1	1411	0.384363933533	raw	2476
A	53	1	1411	1.2406896463	norm	2476
G	53	1	433	0.11795151185	raw	2476
G	53	1	433	0.618862902645	norm	2476
C	53	1	394	0.107327703623	raw	2476
C	53	1	394	0.562239299849	norm	2476
T	54	1	1453	0.395804957777	raw	2476
T	54	1	1453	1.2821081322	norm	2476
A	54	1	1373	0.374012530646	raw	2476
A	54	1	1373	1.20727631777	norm	2476
C	54	1	423	0.115227458458	raw	2476
C	54	1	423	0.603622395523	norm	2476
G	54	1	422	0.114955053119	raw	2476
G	54	1	422	0.603141212278	norm	2476
T	55	1	1484	0.404249523291	raw	2476
T	55	1	1484	1.30946212539	norm	2476
A	55	1	1359	0.370198855898	raw	2476
A	55	1	1359	1.1949661441	norm	2476
G	55	1	415	0.113048215745	raw	2476
G	55	1	415	0.593136500226	norm	2476
C	55	1	413	0.112503405067	raw	2476
C	55	1	413	0.589352362532	norm	2476
A	56	1	1445	0.393625715064	raw	2476
A	56	1	1445	1.27058578236	norm	2476
T	56	1	1420	0.386815581585	raw	2476
T	56	1	1420	1.25298936526	norm	2476
G	56	1	420	0.114410242441	raw	2476
G	56	1	420	0.60028272312	norm	2476
C	56	1	386	0.10514846091	raw	2476
C	56	1	386	0.550823273456	norm	2476
T	57	1	1433	0.390356850994	raw	2476
T	57	1	1433	1.26446039466	norm	2476
A	57	1	1390	0.378643421411	raw	2476
A	57	1	1390	1.2222243858	norm	2476
C	57	1	435	0.118496322528	raw	2476
C	57	1	435	0.620746435112	norm	2476
G	57	1	413	0.112503405067	raw	2476
G	57	1	413	0.590278011068	norm	2476
A	58	1	1455	0.396349768455	raw	2476
A	58	1	1455	1.27937876355	norm	2476
T	58	1	1431	0.389812040316	raw	2476
T	58	1	1431	1.26269562091	norm	2476
C	58	1	395	0.107600108962	raw	2476
C	58	1	395	0.563666303148	norm	2476
G	58	1	390	0.106238082266	raw	2476
G	58	1	390	0.557405385754	norm	2476
T	59	1	1484	0.404249523291	raw	2476
T	59	1	1484	1.30946212539	norm	2476
A	59	1	1421	0.387087986925	raw	2476
A	59	1	1421	1.24948262749	norm	2476
G	59	1	424	0.115499863797	raw	2476
G	59	1	424	0.605999701436	norm	2476
C	59	1	342	0.0931626259875	raw	2476
C	59	1	342	0.488035128295	norm	2476
A	60	1	1419	0.386543176246	raw	2476
A	60	1	1419	1.24772403126	norm	2476
T	60	1	1366	0.372105693272	raw	2476
T	60	1	1366	1.20534047391	norm	2476
G	60	1	480	0.130754562789	raw	2476
G	60	1	480	0.686037397852	norm	2476
C	60	1	406	0.110596567693	raw	2476
C	60	1	406	0.579363339438	norm	2476
T	61	1	1547	0.421411059657	raw	2476
T	61	1	1547	1.36505249864	norm	2476
A	61	1	1361	0.370743666576	raw	2476
A	61	1	1361	1.19672474034	norm	2476
G	61	1	436	0.118768727867	raw	2476
G	61	1	436	0.623150636382	norm	2476
C	61	1	327	0.0890765459003	raw	2476
C	61	1	327	0.466630078808	norm	2476
A	62	1	1519	0.413783710161	raw	2476
A	62	1	1519	1.33565384318	norm	2476
T	62	1	1393	0.379460637428	raw	2476
T	62	1	1393	1.22916491959	norm	2476
G	62	1	428	0.116589485154	raw	2476
G	62	1	428	0.611716679751	norm	2476
C	62	1	331	0.0901661672569	raw	2476
C	62	1	331	0.472338092005	norm	2476
T	63	1	1485	0.40452192863	raw	2476
T	63	1	1485	1.31034451226	norm	2476
A	63	1	1429	0.389267229638	raw	2476
A	63	1	1429	1.25651701245	norm	2476
G	63	1	419	0.114137837102	raw	2476
G	63	1	419	0.598853478541	norm	2476
C	63	1	338	0.0920730046309	raw	2476
C	63	1	338	0.482327115099	norm	2476
T	64	1	1511	0.411604467448	raw	2476
T	64	1	1511	1.33328657107	norm	2476
A	64	1	1476	0.402070280577	raw	2476
A	64	1	1476	1.29784402405	norm	2476
G	64	1	370	0.100789975484	raw	2476
G	64	1	370	0.528820494177	norm	2476
C	64	1	314	0.0855352764914	raw	2476
C	64	1	314	0.44807903592	norm	2476
T	65	1	1511	0.411604467448	raw	2476
T	65	1	1511	1.33328657107	norm	2476
A	65	1	1415	0.38545355489	raw	2476
A	65	1	1415	1.24420683878	norm	2476
G	65	1	385	0.104876055571	raw	2476
G	65	1	385	0.55025916286	norm	2476
C	65	1	360	0.0980659220921	raw	2476
C	65	1	360	0.513721187679	norm	2476
T	66	1	1503	0.409425224734	raw	2476
T	66	1	1503	1.32622747605	norm	2476
A	66	1	1441	0.392536093707	raw	2476
A	66	1	1441	1.26706858988	norm	2476
G	66	1	397	0.10814491964	raw	2476
G	66	1	397	0.567410097806	norm	2476
C	66	1	330	0.0898937619177	raw	2476
C	66	1	330	0.470911088706	norm	2476
A	67	1	1508	0.41078725143	raw	2476
A	67	1	1508	1.32598156387	norm	2476
T	67	1	1413	0.384908744211	raw	2476
T	67	1	1413	1.24681265712	norm	2476
C	67	1	377	0.102696812858	raw	2476
C	67	1	377	0.537980243764	norm	2476
G	67	1	373	0.101607191501	raw	2476
G	67	1	373	0.533108227914	norm	2476
A	68	1	1471	0.400708253882	raw	2476
A	68	1	1471	1.29344753346	norm	2476
T	68	1	1437	0.391446472351	raw	2476
T	68	1	1437	1.26798994217	norm	2476
C	68	1	400	0.108962135658	raw	2476
C	68	1	400	0.570801319643	norm	2476
G	68	1	363	0.0988831381095	raw	2476
G	68	1	363	0.518815782125	norm	2476
T	69	1	1482	0.403704712612	raw	2476
T	69	1	1482	1.30769735163	norm	2476
A	69	1	1432	0.390084445655	raw	2476
A	69	1	1432	1.25915490681	norm	2476
G	69	1	389	0.105965676927	raw	2476
G	69	1	389	0.555976141176	norm	2476
C	69	1	368	0.100245164805	raw	2476
C	69	1	368	0.525137214072	norm	2476
A	70	1	1475	0.401797875238	raw	2476
A	70	1	1475	1.29696472594	norm	2476
T	70	1	1406	0.383001906837	raw	2476
T	70	1	1406	1.24063594899	norm	2476
C	70	1	425	0.115772269136	raw	2476
C	70	1	425	0.606476402121	norm	2476
G	70	1	365	0.0994279487878	raw	2476
G	70	1	365	0.521674271283	norm	2476
A	71	1	1494	0.406973576682	raw	2476
A	71	1	1494	1.3136713902	norm	2476
T	71	1	1472	0.400980659221	raw	2476
T	71	1	1472	1.29887348286	norm	2476
C	71	1	357	0.0972487060746	raw	2476
C	71	1	357	0.509440177782	norm	2476
G	71	1	348	0.0947970580223	raw	2476
G	71	1	348	0.497377113442	norm	2476
T	72	1	1518	0.413511304822	raw	2476
T	72	1	1518	1.3394632792	norm	2476
A	72	1	1441	0.392536093707	raw	2476
A	72	1	1441	1.26706858988	norm	2476
C	72	1	374	0.10187959684	raw	2476
C	72	1	374	0.533699233867	norm	2476
G	72	1	338	0.0920730046309	raw	2476
G	72	1	338	0.483084667654	norm	2476
A	73	1	1474	0.401525469899	raw	2476
A	73	1	1474	1.29608542782	norm	2476
T	73	1	1440	0.392263688368	raw	2476
T	73	1	1440	1.2706371028	norm	2476
G	73	1	389	0.105965676927	raw	2476
G	73	1	389	0.555976141176	norm	2476
C	73	1	368	0.100245164805	raw	2476
C	73	1	368	0.525137214072	norm	2476
A	74	1	1504	0.409697630074	raw	2476
A	74	1	1504	1.32246437139	norm	2476
T	74	1	1448	0.394442931081	raw	2476
T	74	1	1448	1.27769619782	norm	2476
G	74	1	411	0.111958594388	raw	2476
G	74	1	411	0.58741952191	norm	2476
C	74	1	308	0.0839008444566	raw	2476
C	74	1	308	0.439517016125	norm	2476
A	75	1	1491	0.406156360665	raw	2476
A	75	1	1491	1.31103349584	norm	2476
T	75	1	1449	0.394715336421	raw	2476
T	75	1	1449	1.27857858469	norm	2476
G	75	1	382	0.104058839553	raw	2476
G	75	1	382	0.545971429124	norm	2476
C	75	1	349	0.0950694633615	raw	2476
C	75	1	349	0.498024151389	norm	2476
A	76	1	1489	0.405611549986	raw	2476
A	76	1	1489	1.30927489961	norm	2476
T	76	1	1450	0.39498774176	raw	2476
T	76	1	1450	1.27946097157	norm	2476
G	76	1	406	0.110596567693	raw	2476
G	76	1	406	0.580273299016	norm	2476
C	76	1	326	0.0888041405612	raw	2476
C	76	1	326	0.465203075509	norm	2476
A	77	1	1420	0.386815581585	raw	2476
A	77	1	1420	1.24860332938	norm	2476
T	77	1	1417	0.385998365568	raw	2476
T	77	1	1417	1.25034220463	norm	2476
C	77	1	435	0.118496322528	raw	2476
C	77	1	435	0.620746435112	norm	2476
G	77	1	399	0.108689730319	raw	2476
G	77	1	399	0.570268586964	norm	2476
A	78	1	1484	0.404249523291	raw	2476
A	78	1	1484	1.30487840901	norm	2476
T	78	1	1433	0.390356850994	raw	2476
T	78	1	1433	1.26446039466	norm	2476
G	78	1	404	0.110051757014	raw	2476
G	78	1	404	0.577414809858	norm	2476
C	78	1	350	0.0953418687006	raw	2476
C	78	1	350	0.499451154688	norm	2476
A	79	1	1526	0.415690547535	raw	2476
A	79	1	1526	1.34180893002	norm	2476
T	79	1	1477	0.402342685917	raw	2476
T	79	1	1477	1.30328541725	norm	2476
G	79	1	366	0.0997003541269	raw	2476
G	79	1	366	0.523103515862	norm	2476
C	79	1	302	0.0822664124217	raw	2476
C	79	1	302	0.430954996331	norm	2476
A	80	1	1465	0.399073821847	raw	2476
A	80	1	1465	1.28817174474	norm	2476
T	80	1	1461	0.39798420049	raw	2476
T	80	1	1461	1.28916722722	norm	2476
G	80	1	373	0.101607191501	raw	2476
G	80	1	373	0.533108227914	norm	2476
C	80	1	372	0.101334786162	raw	2476
C	80	1	372	0.530845227268	norm	2476
A	81	1	1471	0.400708253882	raw	2476
A	81	1	1471	1.29344753346	norm	2476
T	81	1	1459	0.397439389812	raw	2476
T	81	1	1459	1.28740245346	norm	2476
G	81	1	398	0.10841732498	raw	2476
G	81	1	398	0.568839342385	norm	2476
C	81	1	343	0.0934350313266	raw	2476
C	81	1	343	0.489462131594	norm	2476
A	82	1	1575	0.429038409153	raw	2476
A	82	1	1575	1.38489453786	norm	2476
T	82	1	1347	0.366929991828	raw	2476
T	82	1	1347	1.18857512325	norm	2476
G	82	1	382	0.104058839553	raw	2476
G	82	1	382	0.545971429124	norm	2476
C	82	1	367	0.0999727594661	raw	2476
C	82	1	367	0.523710210773	norm	2476
A	83	1	1487	0.405066739308	raw	2476
A	83	1	1487	1.30751630337	norm	2476
T	83	1	1467	0.399618632525	raw	2476
T	83	1	1467	1.29446154848	norm	2476
G	83	1	381	0.103786434214	raw	2476
G	83	1	381	0.544542184545	norm	2476
C	83	1	336	0.0915281939526	raw	2476
C	83	1	336	0.4794731085	norm	2476
A	84	1	1531	0.41705257423	raw	2476
A	84	1	1531	1.34620542061	norm	2476
T	84	1	1394	0.379733042768	raw	2476
T	84	1	1394	1.23004730646	norm	2476
G	84	1	390	0.106238082266	raw	2476
G	84	1	390	0.557405385754	norm	2476
C	84	1	356	0.0969763007355	raw	2476
C	84	1	356	0.508013174483	norm	2476
A	85	1	1555	0.42359030237	raw	2476
A	85	1	1555	1.36730857548	norm	2476
T	85	1	1407	0.383274312177	raw	2476
T	85	1	1407	1.24151833586	norm	2476
G	85	1	394	0.107327703623	raw	2476
G	85	1	394	0.56312236407	norm	2476
C	85	1	315	0.0858076818306	raw	2476
C	85	1	315	0.449506039219	norm	2476
T	86	1	1526	0.415690547535	raw	2476
T	86	1	1526	1.34652237422	norm	2476
A	86	1	1478	0.402615091256	raw	2476
A	86	1	1478	1.29960262029	norm	2476
G	86	1	369	0.100517570144	raw	2476
G	86	1	369	0.527391249598	norm	2476
C	86	1	298	0.0811767910651	raw	2476
C	86	1	298	0.425246983134	norm	2476
A	87	1	1518	0.413511304822	raw	2476
A	87	1	1518	1.33477454506	norm	2476
T	87	1	1395	0.380005448107	raw	2476
T	87	1	1395	1.23092969334	norm	2476
C	87	1	392	0.106782892945	raw	2476
C	87	1	392	0.55938529325	norm	2476
G	87	1	366	0.0997003541269	raw	2476
G	87	1	366	0.523103515862	norm	2476
T	88	1	1526	0.415690547535	raw	2476
T	88	1	1526	1.34652237422	norm	2476
A	88	1	1481	0.403432307273	raw	2476
A	88	1	1481	1.30224051465	norm	2476
G	88	1	354	0.0964314900572	raw	2476
G	88	1	354	0.505952580916	norm	2476
C	88	1	310	0.0844456551348	raw	2476
C	88	1	310	0.442371022724	norm	2476
T	89	1	1494	0.406973576682	raw	2476
T	89	1	1494	1.31828599416	norm	2476
A	89	1	1456	0.396622173795	raw	2476
A	89	1	1456	1.28025806167	norm	2476
G	89	1	362	0.0986107327704	raw	2476
G	89	1	362	0.517386537546	norm	2476
C	89	1	359	0.0977935167529	raw	2476
C	89	1	359	0.51229418438	norm	2476
T	90	1	1476	0.402070280577	raw	2476
T	90	1	1476	1.30240303037	norm	2476
A	90	1	1453	0.395804957777	raw	2476
A	90	1	1453	1.27762016731	norm	2476
G	90	1	403	0.109779351675	raw	2476
G	90	1	403	0.57598556528	norm	2476
C	90	1	339	0.09234540997	raw	2476
C	90	1	339	0.483754118398	norm	2476
A	91	1	1552	0.422773086352	raw	2476
A	91	1	1552	1.36467068112	norm	2476
T	91	1	1477	0.402342685917	raw	2476
T	91	1	1477	1.30328541725	norm	2476
G	91	1	346	0.094252247344	raw	2476
G	91	1	346	0.494518624285	norm	2476
C	91	1	296	0.0806319803868	raw	2476
C	91	1	296	0.422392976536	norm	2476
A	92	1	1536	0.418414600926	raw	2476
A	92	1	1536	1.35060191121	norm	2476
T	92	1	1464	0.398801416508	raw	2476
T	92	1	1464	1.29181438785	norm	2476
G	92	1	369	0.100517570144	raw	2476
G	92	1	369	0.527391249598	norm	2476
C	92	1	302	0.0822664124217	raw	2476
C	92	1	302	0.430954996331	norm	2476
A	93	1	1452	0.395532552438	raw	2476
A	93	1	1452	1.27674086919	norm	2476
T	93	1	1435	0.390901661673	raw	2476
T	93	1	1435	1.26622516842	norm	2476
C	93	1	395	0.107600108962	raw	2476
C	93	1	395	0.563666303148	norm	2476
G	93	1	389	0.105965676927	raw	2476
G	93	1	389	0.555976141176	norm	2476
T	94	1	1549	0.421955870335	raw	2476
T	94	1	1549	1.36681727239	norm	2476
A	94	1	1396	0.380277853446	raw	2476
A	94	1	1396	1.22750017451	norm	2476
G	94	1	391	0.106510487606	raw	2476
G	94	1	391	0.558834630333	norm	2476
C	94	1	335	0.0912557886135	raw	2476
C	94	1	335	0.478046105201	norm	2476
A	95	1	1582	0.430945246527	raw	2476
A	95	1	1582	1.3910496247	norm	2476
T	95	1	1376	0.374829746663	raw	2476
T	95	1	1376	1.21416434268	norm	2476
C	95	1	361	0.0983383274312	raw	2476
C	95	1	361	0.515148190978	norm	2476
G	95	1	352	0.0958866793789	raw	2476
G	95	1	352	0.503094091758	norm	2476
T	96	1	1471	0.400708253882	raw	2476
T	96	1	1471	1.29799109599	norm	2476
A	96	1	1385	0.377281394715	raw	2476
A	96	1	1385	1.2178278952	norm	2476
G	96	1	435	0.118496322528	raw	2476
G	96	1	435	0.621721391803	norm	2476
C	96	1	380	0.103514028875	raw	2476
C	96	1	380	0.542261253661	norm	2476
A	97	1	1516	0.412966494143	raw	2476
A	97	1	1516	1.33301594883	norm	2476
T	97	1	1453	0.395804957777	raw	2476
T	97	1	1453	1.2821081322	norm	2476
C	97	1	366	0.0997003541269	raw	2476
C	97	1	366	0.522283207474	norm	2476
G	97	1	336	0.0915281939526	raw	2476
G	97	1	336	0.480226178496	norm	2476
T	98	1	1534	0.417869790248	raw	2476
T	98	1	1534	1.35358146924	norm	2476
A	98	1	1447	0.394170525742	raw	2476
A	98	1	1447	1.2723443786	norm	2476
C	98	1	368	0.100245164805	raw	2476
C	98	1	368	0.525137214072	norm	2476
G	98	1	322	0.0877145192046	raw	2476
G	98	1	322	0.460216754392	norm	2476
A	99	1	1545	0.420866248978	raw	2476
A	99	1	1545	1.35851559428	norm	2476
T	99	1	1419	0.386543176246	raw	2476
T	99	1	1419	1.25210697839	norm	2476
G	99	1	357	0.0972487060746	raw	2476
G	99	1	357	0.510240314652	norm	2476
C	99	1	350	0.0953418687006	raw	2476
C	99	1	350	0.499451154688	norm	2476
A	100	1	1489	0.405611549986	raw	2476
A	100	1	1489	1.30927489961	norm	2476
T	100	1	1452	0.395532552438	raw	2476
T	100	1	1452	1.28122574533	norm	2476
C	100	1	378	0.102969218197	raw	2476
C	100	1	378	0.539407247063	norm	2476
G	100	1	352	0.0958866793789	raw	2476
G	100	1	352	0.503094091758	norm	2476
