#nuc	offset	region.size	count	freq	norm.freq	total.sites
A	-100	1	227	0.397548161121	raw	500
A	-100	1	227	1.2832470593	norm	500
T	-100	1	166	0.290718038529	raw	500
T	-100	1	166	0.94170614605	norm	500
C	-100	1	101	0.176882661996	raw	500
C	-100	1	101	0.926604974105	norm	500
G	-100	1	77	0.134851138354	raw	500
G	-100	1	77	0.707531133751	norm	500
A	-99	1	211	0.369527145359	raw	500
A	-99	1	211	1.19279792737	norm	500
T	-99	1	164	0.287215411559	raw	500
T	-99	1	164	0.930360288869	norm	500
C	-99	1	120	0.210157618214	raw	500
C	-99	1	120	1.10091680092	norm	500
G	-99	1	76	0.133099824869	raw	500
G	-99	1	76	0.698342417728	norm	500
A	-98	1	183	0.320490367776	raw	500
A	-98	1	183	1.03451194649	norm	500
T	-98	1	144	0.252189141856	raw	500
T	-98	1	144	0.816901717055	norm	500
C	-98	1	139	0.243432574431	raw	500
C	-98	1	139	1.27522862773	norm	500
G	-98	1	105	0.183887915937	raw	500
G	-98	1	105	0.964815182388	norm	500
A	-97	1	191	0.334500875657	raw	500
A	-97	1	191	1.07973651245	norm	500
T	-97	1	151	0.264448336252	raw	500
T	-97	1	151	0.85661221719	norm	500
G	-97	1	118	0.206654991243	raw	500
G	-97	1	118	1.08426849068	norm	500
C	-97	1	111	0.194395796848	raw	500
C	-97	1	111	1.01834804085	norm	500
T	-96	1	190	0.332749562172	raw	500
T	-96	1	190	1.07785643223	norm	500
A	-96	1	173	0.302977232925	raw	500
A	-96	1	173	0.977981239029	norm	500
C	-96	1	108	0.189141856392	raw	500
C	-96	1	108	0.990825120825	norm	500
G	-96	1	100	0.175131348511	raw	500
G	-96	1	100	0.918871602274	norm	500
A	-95	1	172	0.30122591944	raw	500
A	-95	1	172	0.972328168283	norm	500
T	-95	1	168	0.294220665499	raw	500
T	-95	1	168	0.953052003231	norm	500
C	-95	1	123	0.215411558669	raw	500
C	-95	1	123	1.12843972094	norm	500
G	-95	1	108	0.189141856392	raw	500
G	-95	1	108	0.992381330456	norm	500
A	-94	1	194	0.339754816112	raw	500
A	-94	1	194	1.09669572469	norm	500
T	-94	1	176	0.30823117338	raw	500
T	-94	1	176	0.998435431957	norm	500
G	-94	1	103	0.180385288967	raw	500
G	-94	1	103	0.946437750342	norm	500
C	-94	1	98	0.171628721541	raw	500
C	-94	1	98	0.899082054082	norm	500
T	-93	1	174	0.30472854641	raw	500
T	-93	1	174	0.987089574775	norm	500
A	-93	1	164	0.287215411559	raw	500
A	-93	1	164	0.927103602317	norm	500
C	-93	1	123	0.215411558669	raw	500
C	-93	1	123	1.12843972094	norm	500
G	-93	1	110	0.192644483363	raw	500
G	-93	1	110	1.0107587625	norm	500
T	-92	1	196	0.343257443082	raw	500
T	-92	1	196	1.11189400377	norm	500
A	-92	1	154	0.269702276708	raw	500
A	-92	1	154	0.870572894858	norm	500
C	-92	1	116	0.203152364273	raw	500
C	-92	1	116	1.06421957422	norm	500
G	-92	1	105	0.183887915937	raw	500
G	-92	1	105	0.964815182388	norm	500
A	-91	1	204	0.357267950963	raw	500
A	-91	1	204	1.15322643215	norm	500
T	-91	1	163	0.285464098074	raw	500
T	-91	1	163	0.924687360278	norm	500
C	-91	1	114	0.199649737303	raw	500
C	-91	1	114	1.04587096087	norm	500
G	-91	1	90	0.15761821366	raw	500
G	-91	1	90	0.826984442047	norm	500
A	-90	1	203	0.355516637478	raw	500
A	-90	1	203	1.1475733614	norm	500
T	-90	1	169	0.295971978984	raw	500
T	-90	1	169	0.958724931822	norm	500
C	-90	1	115	0.201401050788	raw	500
C	-90	1	115	1.05504526754	norm	500
G	-90	1	84	0.14711033275	raw	500
G	-90	1	84	0.77185214591	norm	500
T	-89	1	196	0.343257443082	raw	500
T	-89	1	196	1.11189400377	norm	500
A	-89	1	179	0.313485113835	raw	500
A	-89	1	179	1.0118996635	norm	500
C	-89	1	111	0.194395796848	raw	500
C	-89	1	111	1.01834804085	norm	500
G	-89	1	85	0.148861646235	raw	500
G	-89	1	85	0.781040861933	norm	500
A	-88	1	208	0.364273204904	raw	500
A	-88	1	208	1.17583871513	norm	500
T	-88	1	152	0.266199649737	raw	500
T	-88	1	152	0.862285145781	norm	500
G	-88	1	117	0.204903677758	raw	500
G	-88	1	117	1.07507977466	norm	500
C	-88	1	94	0.164623467601	raw	500
C	-88	1	94	0.862384827384	norm	500
A	-87	1	207	0.362521891419	raw	500
A	-87	1	207	1.17018564439	norm	500
T	-87	1	157	0.274956217163	raw	500
T	-87	1	157	0.890649788734	norm	500
G	-87	1	110	0.192644483363	raw	500
G	-87	1	110	1.0107587625	norm	500
C	-87	1	97	0.169877408056	raw	500
C	-87	1	97	0.889907747407	norm	500
A	-86	1	185	0.323992994746	raw	500
A	-86	1	185	1.04581808798	norm	500
T	-86	1	175	0.306479859895	raw	500
T	-86	1	175	0.992762503366	norm	500
G	-86	1	108	0.189141856392	raw	500
G	-86	1	108	0.992381330456	norm	500
C	-86	1	103	0.180385288967	raw	500
C	-86	1	103	0.944953587453	norm	500
A	-85	1	184	0.322241681261	raw	500
A	-85	1	184	1.04016501723	norm	500
T	-85	1	168	0.294220665499	raw	500
T	-85	1	168	0.953052003231	norm	500
C	-85	1	115	0.201401050788	raw	500
C	-85	1	115	1.05504526754	norm	500
G	-85	1	104	0.182136602452	raw	500
G	-85	1	104	0.955626466365	norm	500
A	-84	1	172	0.30122591944	raw	500
A	-84	1	172	0.972328168283	norm	500
T	-84	1	154	0.269702276708	raw	500
T	-84	1	154	0.873631002962	norm	500
G	-84	1	126	0.220665499124	raw	500
G	-84	1	126	1.15777821887	norm	500
C	-84	1	119	0.208406304729	raw	500
C	-84	1	119	1.09174249424	norm	500
A	-83	1	175	0.306479859895	raw	500
A	-83	1	175	0.989287380521	norm	500
T	-83	1	175	0.306479859895	raw	500
T	-83	1	175	0.992762503366	norm	500
G	-83	1	114	0.199649737303	raw	500
G	-83	1	114	1.04751362659	norm	500
C	-83	1	107	0.187390542907	raw	500
C	-83	1	107	0.98165081415	norm	500
T	-82	1	166	0.290718038529	raw	500
T	-82	1	166	0.94170614605	norm	500
A	-82	1	153	0.267950963222	raw	500
A	-82	1	153	0.864919824112	norm	500
C	-82	1	131	0.22942206655	raw	500
C	-82	1	131	1.20183417433	norm	500
G	-82	1	121	0.211908931699	raw	500
G	-82	1	121	1.11183463875	norm	500
A	-81	1	184	0.322241681261	raw	500
A	-81	1	184	1.04016501723	norm	500
T	-81	1	156	0.273204903678	raw	500
T	-81	1	156	0.884976860143	norm	500
C	-81	1	138	0.241681260946	raw	500
C	-81	1	138	1.26605432105	norm	500
G	-81	1	93	0.162872154116	raw	500
G	-81	1	93	0.854550590115	norm	500
T	-80	1	183	0.320490367776	raw	500
T	-80	1	183	1.03814593209	norm	500
A	-80	1	162	0.283712784588	raw	500
A	-80	1	162	0.915797460825	norm	500
G	-80	1	131	0.22942206655	raw	500
G	-80	1	131	1.20372179898	norm	500
C	-80	1	95	0.166374781086	raw	500
C	-80	1	95	0.871559134059	norm	500
T	-79	1	196	0.343257443082	raw	500
T	-79	1	196	1.11189400377	norm	500
A	-79	1	178	0.31173380035	raw	500
A	-79	1	178	1.00624659276	norm	500
C	-79	1	99	0.173380035026	raw	500
C	-79	1	99	0.908256360756	norm	500
G	-79	1	98	0.171628721541	raw	500
G	-79	1	98	0.900494170229	norm	500
A	-78	1	176	0.30823117338	raw	500
A	-78	1	176	0.994940451267	norm	500
T	-78	1	171	0.299474605954	raw	500
T	-78	1	171	0.970070789003	norm	500
G	-78	1	114	0.199649737303	raw	500
G	-78	1	114	1.04751362659	norm	500
C	-78	1	110	0.192644483363	raw	500
C	-78	1	110	1.00917373417	norm	500
A	-77	1	198	0.346760070053	raw	500
A	-77	1	198	1.11930800767	norm	500
T	-77	1	164	0.287215411559	raw	500
T	-77	1	164	0.930360288869	norm	500
C	-77	1	116	0.203152364273	raw	500
C	-77	1	116	1.06421957422	norm	500
G	-77	1	93	0.162872154116	raw	500
G	-77	1	93	0.854550590115	norm	500
A	-76	1	179	0.313485113835	raw	500
A	-76	1	179	1.0118996635	norm	500
T	-76	1	177	0.309982486865	raw	500
T	-76	1	177	1.00410836055	norm	500
C	-76	1	108	0.189141856392	raw	500
C	-76	1	108	0.990825120825	norm	500
G	-76	1	107	0.187390542907	raw	500
G	-76	1	107	0.983192614433	norm	500
A	-75	1	193	0.338003502627	raw	500
A	-75	1	193	1.09104265395	norm	500
T	-75	1	152	0.266199649737	raw	500
T	-75	1	152	0.862285145781	norm	500
G	-75	1	118	0.206654991243	raw	500
G	-75	1	118	1.08426849068	norm	500
C	-75	1	108	0.189141856392	raw	500
C	-75	1	108	0.990825120825	norm	500
T	-74	1	189	0.330998248687	raw	500
T	-74	1	189	1.07218350364	norm	500
A	-74	1	182	0.318739054291	raw	500
A	-74	1	182	1.02885887574	norm	500
C	-74	1	103	0.180385288967	raw	500
C	-74	1	103	0.944953587453	norm	500
G	-74	1	97	0.169877408056	raw	500
G	-74	1	97	0.891305454206	norm	500
T	-73	1	190	0.332749562172	raw	500
T	-73	1	190	1.07785643223	norm	500
A	-73	1	182	0.318739054291	raw	500
A	-73	1	182	1.02885887574	norm	500
G	-73	1	103	0.180385288967	raw	500
G	-73	1	103	0.946437750342	norm	500
C	-73	1	96	0.168126094571	raw	500
C	-73	1	96	0.880733440733	norm	500
A	-72	1	198	0.346760070053	raw	500
A	-72	1	198	1.11930800767	norm	500
T	-72	1	149	0.260945709282	raw	500
T	-72	1	149	0.845266360009	norm	500
G	-72	1	126	0.220665499124	raw	500
G	-72	1	126	1.15777821887	norm	500
C	-72	1	98	0.171628721541	raw	500
C	-72	1	98	0.899082054082	norm	500
A	-71	1	193	0.338003502627	raw	500
A	-71	1	193	1.09104265395	norm	500
T	-71	1	169	0.295971978984	raw	500
T	-71	1	169	0.958724931822	norm	500
G	-71	1	110	0.192644483363	raw	500
G	-71	1	110	1.0107587625	norm	500
C	-71	1	99	0.173380035026	raw	500
C	-71	1	99	0.908256360756	norm	500
A	-70	1	194	0.339754816112	raw	500
A	-70	1	194	1.09669572469	norm	500
T	-70	1	174	0.30472854641	raw	500
T	-70	1	174	0.987089574775	norm	500
G	-70	1	103	0.180385288967	raw	500
G	-70	1	103	0.946437750342	norm	500
C	-70	1	100	0.175131348511	raw	500
C	-70	1	100	0.91743066743	norm	500
A	-69	1	180	0.31523642732	raw	500
A	-69	1	180	1.01755273425	norm	500
T	-69	1	158	0.276707530648	raw	500
T	-69	1	158	0.896322717325	norm	500
C	-69	1	117	0.204903677758	raw	500
C	-69	1	117	1.07339388089	norm	500
G	-69	1	116	0.203152364273	raw	500
G	-69	1	116	1.06589105864	norm	500
A	-68	1	164	0.287215411559	raw	500
A	-68	1	164	0.927103602317	norm	500
T	-68	1	164	0.287215411559	raw	500
T	-68	1	164	0.930360288869	norm	500
G	-68	1	126	0.220665499124	raw	500
G	-68	1	126	1.15777821887	norm	500
C	-68	1	117	0.204903677758	raw	500
C	-68	1	117	1.07339388089	norm	500
T	-67	1	203	0.355516637478	raw	500
T	-67	1	203	1.1516045039	norm	500
A	-67	1	149	0.260945709282	raw	500
A	-67	1	149	0.842307541129	norm	500
G	-67	1	113	0.197898423818	raw	500
G	-67	1	113	1.03832491057	norm	500
C	-67	1	106	0.185639229422	raw	500
C	-67	1	106	0.972476507476	norm	500
T	-66	1	174	0.30472854641	raw	500
T	-66	1	174	0.987089574775	norm	500
A	-66	1	161	0.281961471103	raw	500
A	-66	1	161	0.910144390079	norm	500
C	-66	1	123	0.215411558669	raw	500
C	-66	1	123	1.12843972094	norm	500
G	-66	1	113	0.197898423818	raw	500
G	-66	1	113	1.03832491057	norm	500
A	-65	1	176	0.30823117338	raw	500
A	-65	1	176	0.994940451267	norm	500
T	-65	1	166	0.290718038529	raw	500
T	-65	1	166	0.94170614605	norm	500
G	-65	1	131	0.22942206655	raw	500
G	-65	1	131	1.20372179898	norm	500
C	-65	1	98	0.171628721541	raw	500
C	-65	1	98	0.899082054082	norm	500
A	-64	1	194	0.339754816112	raw	500
A	-64	1	194	1.09669572469	norm	500
T	-64	1	178	0.31173380035	raw	500
T	-64	1	178	1.00978128914	norm	500
G	-64	1	108	0.189141856392	raw	500
G	-64	1	108	0.992381330456	norm	500
C	-64	1	91	0.159369527145	raw	500
C	-64	1	91	0.834861907362	norm	500
A	-63	1	193	0.338003502627	raw	500
A	-63	1	193	1.09104265395	norm	500
T	-63	1	155	0.271453590193	raw	500
T	-63	1	155	0.879303931553	norm	500
C	-63	1	123	0.215411558669	raw	500
C	-63	1	123	1.12843972094	norm	500
G	-63	1	100	0.175131348511	raw	500
G	-63	1	100	0.918871602274	norm	500
A	-62	1	205	0.359019264448	raw	500
A	-62	1	205	1.1588795029	norm	500
T	-62	1	159	0.278458844133	raw	500
T	-62	1	159	0.901995645915	norm	500
G	-62	1	113	0.197898423818	raw	500
G	-62	1	113	1.03832491057	norm	500
C	-62	1	94	0.164623467601	raw	500
C	-62	1	94	0.862384827384	norm	500
A	-61	1	200	0.350262697023	raw	500
A	-61	1	200	1.13061414917	norm	500
T	-61	1	179	0.313485113835	raw	500
T	-61	1	179	1.01545421773	norm	500
G	-61	1	99	0.173380035026	raw	500
G	-61	1	99	0.909682886251	norm	500
C	-61	1	93	0.162872154116	raw	500
C	-61	1	93	0.85321052071	norm	500
T	-60	1	179	0.313485113835	raw	500
T	-60	1	179	1.01545421773	norm	500
A	-60	1	169	0.295971978984	raw	500
A	-60	1	169	0.955368956046	norm	500
G	-60	1	117	0.204903677758	raw	500
G	-60	1	117	1.07507977466	norm	500
C	-60	1	106	0.185639229422	raw	500
C	-60	1	106	0.972476507476	norm	500
A	-59	1	202	0.353765323993	raw	500
A	-59	1	202	1.14192029066	norm	500
T	-59	1	175	0.306479859895	raw	500
T	-59	1	175	0.992762503366	norm	500
G	-59	1	99	0.173380035026	raw	500
G	-59	1	99	0.909682886251	norm	500
C	-59	1	95	0.166374781086	raw	500
C	-59	1	95	0.871559134059	norm	500
A	-58	1	169	0.295971978984	raw	500
A	-58	1	169	0.955368956046	norm	500
T	-58	1	162	0.283712784588	raw	500
T	-58	1	162	0.919014431687	norm	500
G	-58	1	137	0.239929947461	raw	500
G	-58	1	137	1.25885409512	norm	500
C	-58	1	103	0.180385288967	raw	500
C	-58	1	103	0.944953587453	norm	500
A	-57	1	188	0.329246935201	raw	500
A	-57	1	188	1.06277730022	norm	500
T	-57	1	160	0.280210157618	raw	500
T	-57	1	160	0.907668574506	norm	500
C	-57	1	122	0.213660245184	raw	500
C	-57	1	122	1.11926541426	norm	500
G	-57	1	101	0.176882661996	raw	500
G	-57	1	101	0.928060318297	norm	500
A	-56	1	179	0.313485113835	raw	500
A	-56	1	179	1.0118996635	norm	500
T	-56	1	177	0.309982486865	raw	500
T	-56	1	177	1.00410836055	norm	500
C	-56	1	113	0.197898423818	raw	500
C	-56	1	113	1.0366966542	norm	500
G	-56	1	102	0.178633975482	raw	500
G	-56	1	102	0.93724903432	norm	500
T	-55	1	205	0.359019264448	raw	500
T	-55	1	205	1.16295036109	norm	500
A	-55	1	136	0.238178633975	raw	500
A	-55	1	136	0.768817621433	norm	500
C	-55	1	125	0.218914185639	raw	500
C	-55	1	125	1.14678833429	norm	500
G	-55	1	105	0.183887915937	raw	500
G	-55	1	105	0.964815182388	norm	500
A	-54	1	171	0.299474605954	raw	500
A	-54	1	171	0.966675097537	norm	500
T	-54	1	171	0.299474605954	raw	500
T	-54	1	171	0.970070789003	norm	500
G	-54	1	128	0.224168126095	raw	500
G	-54	1	128	1.17615565091	norm	500
C	-54	1	101	0.176882661996	raw	500
C	-54	1	101	0.926604974105	norm	500
T	-53	1	202	0.353765323993	raw	500
T	-53	1	202	1.14593157531	norm	500
A	-53	1	163	0.285464098074	raw	500
A	-53	1	163	0.921450531571	norm	500
G	-53	1	111	0.194395796848	raw	500
G	-53	1	111	1.01994747852	norm	500
C	-53	1	95	0.166374781086	raw	500
C	-53	1	95	0.871559134059	norm	500
T	-52	1	180	0.31523642732	raw	500
T	-52	1	180	1.02112714632	norm	500
A	-52	1	165	0.288966725044	raw	500
A	-52	1	165	0.932756673062	norm	500
C	-52	1	123	0.215411558669	raw	500
C	-52	1	123	1.12843972094	norm	500
G	-52	1	103	0.180385288967	raw	500
G	-52	1	103	0.946437750342	norm	500
T	-51	1	174	0.30472854641	raw	500
T	-51	1	174	0.987089574775	norm	500
A	-51	1	173	0.302977232925	raw	500
A	-51	1	173	0.977981239029	norm	500
G	-51	1	115	0.201401050788	raw	500
G	-51	1	115	1.05670234262	norm	500
C	-51	1	109	0.190893169877	raw	500
C	-51	1	109	0.999999427499	norm	500
T	-50	1	178	0.31173380035	raw	500
T	-50	1	178	1.00978128914	norm	500
A	-50	1	170	0.297723292469	raw	500
A	-50	1	170	0.961022026792	norm	500
C	-50	1	133	0.23292469352	raw	500
C	-50	1	133	1.22018278768	norm	500
G	-50	1	90	0.15761821366	raw	500
G	-50	1	90	0.826984442047	norm	500
A	-49	1	169	0.295971978984	raw	500
A	-49	1	169	0.955368956046	norm	500
T	-49	1	167	0.292469352014	raw	500
T	-49	1	167	0.947379074641	norm	500
C	-49	1	124	0.217162872154	raw	500
C	-49	1	124	1.13761402761	norm	500
G	-49	1	111	0.194395796848	raw	500
G	-49	1	111	1.01994747852	norm	500
A	-48	1	185	0.323992994746	raw	500
A	-48	1	185	1.04581808798	norm	500
G	-48	1	141	0.246935201401	raw	500
G	-48	1	141	1.29560895921	norm	500
T	-48	1	132	0.231173380035	raw	500
T	-48	1	132	0.748826573968	norm	500
C	-48	1	113	0.197898423818	raw	500
C	-48	1	113	1.0366966542	norm	500
T	-47	1	193	0.338003502627	raw	500
T	-47	1	193	1.094875218	norm	500
A	-47	1	170	0.297723292469	raw	500
A	-47	1	170	0.961022026792	norm	500
C	-47	1	106	0.185639229422	raw	500
C	-47	1	106	0.972476507476	norm	500
G	-47	1	102	0.178633975482	raw	500
G	-47	1	102	0.93724903432	norm	500
T	-46	1	191	0.334500875657	raw	500
T	-46	1	191	1.08352936082	norm	500
A	-46	1	171	0.299474605954	raw	500
A	-46	1	171	0.966675097537	norm	500
C	-46	1	116	0.203152364273	raw	500
C	-46	1	116	1.06421957422	norm	500
G	-46	1	93	0.162872154116	raw	500
G	-46	1	93	0.854550590115	norm	500
T	-45	1	195	0.341506129597	raw	500
T	-45	1	195	1.10622107518	norm	500
A	-45	1	164	0.287215411559	raw	500
A	-45	1	164	0.927103602317	norm	500
G	-45	1	120	0.210157618214	raw	500
G	-45	1	120	1.10264592273	norm	500
C	-45	1	92	0.16112084063	raw	500
C	-45	1	92	0.844036214036	norm	500
T	-44	1	179	0.313485113835	raw	500
T	-44	1	179	1.01545421773	norm	500
A	-44	1	169	0.295971978984	raw	500
A	-44	1	169	0.955368956046	norm	500
C	-44	1	118	0.206654991243	raw	500
C	-44	1	118	1.08256818757	norm	500
G	-44	1	105	0.183887915937	raw	500
G	-44	1	105	0.964815182388	norm	500
A	-43	1	193	0.338003502627	raw	500
A	-43	1	193	1.09104265395	norm	500
T	-43	1	189	0.330998248687	raw	500
T	-43	1	189	1.07218350364	norm	500
C	-43	1	95	0.166374781086	raw	500
C	-43	1	95	0.871559134059	norm	500
G	-43	1	94	0.164623467601	raw	500
G	-43	1	94	0.863739306138	norm	500
T	-42	1	183	0.320490367776	raw	500
T	-42	1	183	1.03814593209	norm	500
A	-42	1	168	0.294220665499	raw	500
A	-42	1	168	0.9497158853	norm	500
G	-42	1	113	0.197898423818	raw	500
G	-42	1	113	1.03832491057	norm	500
C	-42	1	107	0.187390542907	raw	500
C	-42	1	107	0.98165081415	norm	500
T	-41	1	195	0.341506129597	raw	500
T	-41	1	195	1.10622107518	norm	500
A	-41	1	168	0.294220665499	raw	500
A	-41	1	168	0.9497158853	norm	500
C	-41	1	104	0.182136602452	raw	500
C	-41	1	104	0.954127894127	norm	500
G	-41	1	104	0.182136602452	raw	500
G	-41	1	104	0.955626466365	norm	500
T	-40	1	189	0.330998248687	raw	500
T	-40	1	189	1.07218350364	norm	500
A	-40	1	164	0.287215411559	raw	500
A	-40	1	164	0.927103602317	norm	500
G	-40	1	111	0.194395796848	raw	500
G	-40	1	111	1.01994747852	norm	500
C	-40	1	107	0.187390542907	raw	500
C	-40	1	107	0.98165081415	norm	500
T	-39	1	196	0.343257443082	raw	500
T	-39	1	196	1.11189400377	norm	500
A	-39	1	177	0.309982486865	raw	500
A	-39	1	177	1.00059352201	norm	500
G	-39	1	109	0.190893169877	raw	500
G	-39	1	109	1.00157004648	norm	500
C	-39	1	89	0.155866900175	raw	500
C	-39	1	89	0.816513294013	norm	500
T	-38	1	177	0.309982486865	raw	500
T	-38	1	177	1.00410836055	norm	500
A	-38	1	174	0.30472854641	raw	500
A	-38	1	174	0.983634309775	norm	500
C	-38	1	128	0.224168126095	raw	500
C	-38	1	128	1.17431125431	norm	500
G	-38	1	92	0.16112084063	raw	500
G	-38	1	92	0.845361874092	norm	500
T	-37	1	192	0.336252189142	raw	500
T	-37	1	192	1.08920228941	norm	500
A	-37	1	141	0.246935201401	raw	500
A	-37	1	141	0.797082975162	norm	500
G	-37	1	123	0.215411558669	raw	500
G	-37	1	123	1.1302120708	norm	500
C	-37	1	115	0.201401050788	raw	500
C	-37	1	115	1.05504526754	norm	500
T	-36	1	183	0.320490367776	raw	500
T	-36	1	183	1.03814593209	norm	500
A	-36	1	145	0.253940455342	raw	500
A	-36	1	145	0.819695258146	norm	500
G	-36	1	128	0.224168126095	raw	500
G	-36	1	128	1.17615565091	norm	500
C	-36	1	115	0.201401050788	raw	500
C	-36	1	115	1.05504526754	norm	500
T	-35	1	188	0.329246935201	raw	500
T	-35	1	188	1.06651057504	norm	500
A	-35	1	185	0.323992994746	raw	500
A	-35	1	185	1.04581808798	norm	500
C	-35	1	104	0.182136602452	raw	500
C	-35	1	104	0.954127894127	norm	500
G	-35	1	94	0.164623467601	raw	500
G	-35	1	94	0.863739306138	norm	500
T	-34	1	188	0.329246935201	raw	500
T	-34	1	188	1.06651057504	norm	500
A	-34	1	158	0.276707530648	raw	500
A	-34	1	158	0.893185177842	norm	500
C	-34	1	117	0.204903677758	raw	500
C	-34	1	117	1.07339388089	norm	500
G	-34	1	108	0.189141856392	raw	500
G	-34	1	108	0.992381330456	norm	500
T	-33	1	169	0.295971978984	raw	500
T	-33	1	169	0.958724931822	norm	500
A	-33	1	154	0.269702276708	raw	500
A	-33	1	154	0.870572894858	norm	500
C	-33	1	137	0.239929947461	raw	500
C	-33	1	137	1.25688001438	norm	500
G	-33	1	111	0.194395796848	raw	500
G	-33	1	111	1.01994747852	norm	500
T	-32	1	179	0.313485113835	raw	500
T	-32	1	179	1.01545421773	norm	500
A	-32	1	176	0.30823117338	raw	500
A	-32	1	176	0.994940451267	norm	500
G	-32	1	125	0.218914185639	raw	500
G	-32	1	125	1.14858950284	norm	500
C	-32	1	91	0.159369527145	raw	500
C	-32	1	91	0.834861907362	norm	500
T	-31	1	208	0.364273204904	raw	500
T	-31	1	208	1.17996914686	norm	500
A	-31	1	167	0.292469352014	raw	500
A	-31	1	167	0.944062814554	norm	500
C	-31	1	99	0.173380035026	raw	500
C	-31	1	99	0.908256360756	norm	500
G	-31	1	97	0.169877408056	raw	500
G	-31	1	97	0.891305454206	norm	500
T	-30	1	194	0.339754816112	raw	500
T	-30	1	194	1.10054814659	norm	500
A	-30	1	164	0.287215411559	raw	500
A	-30	1	164	0.927103602317	norm	500
C	-30	1	110	0.192644483363	raw	500
C	-30	1	110	1.00917373417	norm	500
G	-30	1	103	0.180385288967	raw	500
G	-30	1	103	0.946437750342	norm	500
A	-29	1	206	0.360770577933	raw	500
A	-29	1	206	1.16453257364	norm	500
T	-29	1	146	0.255691768827	raw	500
T	-29	1	146	0.828247574237	norm	500
C	-29	1	111	0.194395796848	raw	500
C	-29	1	111	1.01834804085	norm	500
G	-29	1	108	0.189141856392	raw	500
G	-29	1	108	0.992381330456	norm	500
A	-28	1	211	0.369527145359	raw	500
A	-28	1	211	1.19279792737	norm	500
T	-28	1	153	0.267950963222	raw	500
T	-28	1	153	0.867958074371	norm	500
G	-28	1	110	0.192644483363	raw	500
G	-28	1	110	1.0107587625	norm	500
C	-28	1	97	0.169877408056	raw	500
C	-28	1	97	0.889907747407	norm	500
T	-27	1	192	0.336252189142	raw	500
T	-27	1	192	1.08920228941	norm	500
A	-27	1	170	0.297723292469	raw	500
A	-27	1	170	0.961022026792	norm	500
G	-27	1	115	0.201401050788	raw	500
G	-27	1	115	1.05670234262	norm	500
C	-27	1	94	0.164623467601	raw	500
C	-27	1	94	0.862384827384	norm	500
T	-26	1	185	0.323992994746	raw	500
T	-26	1	185	1.04949178927	norm	500
A	-26	1	168	0.294220665499	raw	500
A	-26	1	168	0.9497158853	norm	500
C	-26	1	130	0.227670753065	raw	500
C	-26	1	130	1.19265986766	norm	500
G	-26	1	88	0.15411558669	raw	500
G	-26	1	88	0.808607010001	norm	500
A	-25	1	199	0.348511383538	raw	500
A	-25	1	199	1.12496107842	norm	500
T	-25	1	181	0.316987740806	raw	500
T	-25	1	181	1.02680007491	norm	500
G	-25	1	107	0.187390542907	raw	500
G	-25	1	107	0.983192614433	norm	500
C	-25	1	84	0.14711033275	raw	500
C	-25	1	84	0.770641760641	norm	500
A	-24	1	185	0.323992994746	raw	500
A	-24	1	185	1.04581808798	norm	500
T	-24	1	179	0.313485113835	raw	500
T	-24	1	179	1.01545421773	norm	500
C	-24	1	109	0.190893169877	raw	500
C	-24	1	109	0.999999427499	norm	500
G	-24	1	98	0.171628721541	raw	500
G	-24	1	98	0.900494170229	norm	500
T	-23	1	193	0.338003502627	raw	500
T	-23	1	193	1.094875218	norm	500
A	-23	1	178	0.31173380035	raw	500
A	-23	1	178	1.00624659276	norm	500
G	-23	1	104	0.182136602452	raw	500
G	-23	1	104	0.955626466365	norm	500
C	-23	1	96	0.168126094571	raw	500
C	-23	1	96	0.880733440733	norm	500
T	-22	1	205	0.359019264448	raw	500
T	-22	1	205	1.16295036109	norm	500
A	-22	1	166	0.290718038529	raw	500
A	-22	1	166	0.938409743808	norm	500
G	-22	1	102	0.178633975482	raw	500
G	-22	1	102	0.93724903432	norm	500
C	-22	1	98	0.171628721541	raw	500
C	-22	1	98	0.899082054082	norm	500
T	-21	1	207	0.362521891419	raw	500
T	-21	1	207	1.17429621827	norm	500
A	-21	1	139	0.243432574431	raw	500
A	-21	1	139	0.785776833671	norm	500
G	-21	1	125	0.218914185639	raw	500
G	-21	1	125	1.14858950284	norm	500
C	-21	1	100	0.175131348511	raw	500
C	-21	1	100	0.91743066743	norm	500
A	-20	1	195	0.341506129597	raw	500
A	-20	1	195	1.10234879544	norm	500
T	-20	1	189	0.330998248687	raw	500
T	-20	1	189	1.07218350364	norm	500
G	-20	1	98	0.171628721541	raw	500
G	-20	1	98	0.900494170229	norm	500
C	-20	1	89	0.155866900175	raw	500
C	-20	1	89	0.816513294013	norm	500
A	-19	1	200	0.350262697023	raw	500
A	-19	1	200	1.13061414917	norm	500
T	-19	1	174	0.30472854641	raw	500
T	-19	1	174	0.987089574775	norm	500
G	-19	1	110	0.192644483363	raw	500
G	-19	1	110	1.0107587625	norm	500
C	-19	1	87	0.152364273205	raw	500
C	-19	1	87	0.798164680664	norm	500
A	-18	1	178	0.31173380035	raw	500
A	-18	1	178	1.00624659276	norm	500
T	-18	1	168	0.294220665499	raw	500
T	-18	1	168	0.953052003231	norm	500
C	-18	1	128	0.224168126095	raw	500
C	-18	1	128	1.17431125431	norm	500
G	-18	1	97	0.169877408056	raw	500
G	-18	1	97	0.891305454206	norm	500
A	-17	1	198	0.346760070053	raw	500
A	-17	1	198	1.11930800767	norm	500
T	-17	1	170	0.297723292469	raw	500
T	-17	1	170	0.964397860413	norm	500
C	-17	1	117	0.204903677758	raw	500
C	-17	1	117	1.07339388089	norm	500
G	-17	1	86	0.15061295972	raw	500
G	-17	1	86	0.790229577956	norm	500
A	-16	1	184	0.322241681261	raw	500
A	-16	1	184	1.04016501723	norm	500
T	-16	1	153	0.267950963222	raw	500
T	-16	1	153	0.867958074371	norm	500
G	-16	1	121	0.211908931699	raw	500
G	-16	1	121	1.11183463875	norm	500
C	-16	1	113	0.197898423818	raw	500
C	-16	1	113	1.0366966542	norm	500
A	-15	1	181	0.316987740806	raw	500
A	-15	1	181	1.023205805	norm	500
T	-15	1	147	0.257443082312	raw	500
T	-15	1	147	0.833920502827	norm	500
G	-15	1	134	0.234676007005	raw	500
G	-15	1	134	1.23128794705	norm	500
C	-15	1	109	0.190893169877	raw	500
C	-15	1	109	0.999999427499	norm	500
A	-14	1	180	0.31523642732	raw	500
A	-14	1	180	1.01755273425	norm	500
T	-14	1	179	0.313485113835	raw	500
T	-14	1	179	1.01545421773	norm	500
G	-14	1	114	0.199649737303	raw	500
G	-14	1	114	1.04751362659	norm	500
C	-14	1	98	0.171628721541	raw	500
C	-14	1	98	0.899082054082	norm	500
A	-13	1	191	0.334500875657	raw	500
A	-13	1	191	1.07973651245	norm	500
T	-13	1	184	0.322241681261	raw	500
T	-13	1	184	1.04381886068	norm	500
G	-13	1	99	0.173380035026	raw	500
G	-13	1	99	0.909682886251	norm	500
C	-13	1	97	0.169877408056	raw	500
C	-13	1	97	0.889907747407	norm	500
T	-12	1	209	0.366024518389	raw	500
T	-12	1	209	1.18564207545	norm	500
A	-12	1	177	0.309982486865	raw	500
A	-12	1	177	1.00059352201	norm	500
G	-12	1	94	0.164623467601	raw	500
G	-12	1	94	0.863739306138	norm	500
C	-12	1	91	0.159369527145	raw	500
C	-12	1	91	0.834861907362	norm	500
A	-11	1	202	0.353765323993	raw	500
A	-11	1	202	1.14192029066	norm	500
T	-11	1	198	0.346760070053	raw	500
T	-11	1	198	1.12323986095	norm	500
G	-11	1	87	0.152364273205	raw	500
G	-11	1	87	0.799418293979	norm	500
C	-11	1	84	0.14711033275	raw	500
C	-11	1	84	0.770641760641	norm	500
A	-10	1	202	0.353765323993	raw	500
A	-10	1	202	1.14192029066	norm	500
T	-10	1	188	0.329246935201	raw	500
T	-10	1	188	1.06651057504	norm	500
G	-10	1	92	0.16112084063	raw	500
G	-10	1	92	0.845361874092	norm	500
C	-10	1	89	0.155866900175	raw	500
C	-10	1	89	0.816513294013	norm	500
A	-9	1	194	0.339754816112	raw	500
A	-9	1	194	1.09669572469	norm	500
T	-9	1	172	0.30122591944	raw	500
T	-9	1	172	0.975743717594	norm	500
G	-9	1	114	0.199649737303	raw	500
G	-9	1	114	1.04751362659	norm	500
C	-9	1	91	0.159369527145	raw	500
C	-9	1	91	0.834861907362	norm	500
A	-8	1	196	0.343257443082	raw	500
A	-8	1	196	1.10800186618	norm	500
T	-8	1	176	0.30823117338	raw	500
T	-8	1	176	0.998435431957	norm	500
G	-8	1	104	0.182136602452	raw	500
G	-8	1	104	0.955626466365	norm	500
C	-8	1	95	0.166374781086	raw	500
C	-8	1	95	0.871559134059	norm	500
T	-7	1	187	0.327495621716	raw	500
T	-7	1	187	1.06083764645	norm	500
A	-7	1	177	0.309982486865	raw	500
A	-7	1	177	1.00059352201	norm	500
C	-7	1	114	0.199649737303	raw	500
C	-7	1	114	1.04587096087	norm	500
G	-7	1	93	0.162872154116	raw	500
G	-7	1	93	0.854550590115	norm	500
T	-6	1	181	0.316987740806	raw	500
T	-6	1	181	1.02680007491	norm	500
A	-6	1	158	0.276707530648	raw	500
A	-6	1	158	0.893185177842	norm	500
G	-6	1	135	0.23642732049	raw	500
G	-6	1	135	1.24047666307	norm	500
C	-6	1	97	0.169877408056	raw	500
C	-6	1	97	0.889907747407	norm	500
T	-5	1	175	0.306479859895	raw	500
T	-5	1	175	0.992762503366	norm	500
A	-5	1	172	0.30122591944	raw	500
A	-5	1	172	0.972328168283	norm	500
G	-5	1	124	0.217162872154	raw	500
G	-5	1	124	1.13940078682	norm	500
C	-5	1	100	0.175131348511	raw	500
C	-5	1	100	0.91743066743	norm	500
T	-4	1	204	0.357267950963	raw	500
T	-4	1	204	1.1572774325	norm	500
A	-4	1	163	0.285464098074	raw	500
A	-4	1	163	0.921450531571	norm	500
G	-4	1	117	0.204903677758	raw	500
G	-4	1	117	1.07507977466	norm	500
C	-4	1	87	0.152364273205	raw	500
C	-4	1	87	0.798164680664	norm	500
T	-3	1	182	0.318739054291	raw	500
T	-3	1	182	1.0324730035	norm	500
A	-3	1	169	0.295971978984	raw	500
A	-3	1	169	0.955368956046	norm	500
C	-3	1	122	0.213660245184	raw	500
C	-3	1	122	1.11926541426	norm	500
G	-3	1	98	0.171628721541	raw	500
G	-3	1	98	0.900494170229	norm	500
T	-2	1	208	0.364273204904	raw	500
T	-2	1	208	1.17996914686	norm	500
A	-2	1	172	0.30122591944	raw	500
A	-2	1	172	0.972328168283	norm	500
C	-2	1	98	0.171628721541	raw	500
C	-2	1	98	0.899082054082	norm	500
G	-2	1	93	0.162872154116	raw	500
G	-2	1	93	0.854550590115	norm	500
T	-1	1	195	0.341506129597	raw	500
T	-1	1	195	1.10622107518	norm	500
A	-1	1	169	0.295971978984	raw	500
A	-1	1	169	0.955368956046	norm	500
G	-1	1	130	0.227670753065	raw	500
G	-1	1	130	1.19453308296	norm	500
C	-1	1	77	0.134851138354	raw	500
C	-1	1	77	0.706421613921	norm	500
C	0	1	181	0.316987740806	raw	500
C	0	1	181	1.66054950805	norm	500
A	0	1	141	0.246935201401	raw	500
A	0	1	141	0.797082975162	norm	500
G	0	1	136	0.238178633975	raw	500
G	0	1	136	1.24966537909	norm	500
T	0	1	113	0.197898423818	raw	500
T	0	1	113	0.641040930745	norm	500
A	1	1	235	0.411558669002	raw	500
A	1	1	235	1.32847162527	norm	500
T	1	1	152	0.266199649737	raw	500
T	1	1	152	0.862285145781	norm	500
C	1	1	117	0.204903677758	raw	500
C	1	1	117	1.07339388089	norm	500
G	1	1	67	0.117338003503	raw	500
G	1	1	67	0.615643973524	norm	500
T	2	1	194	0.339754816112	raw	500
T	2	1	194	1.10054814659	norm	500
A	2	1	178	0.31173380035	raw	500
A	2	1	178	1.00624659276	norm	500
C	2	1	104	0.182136602452	raw	500
C	2	1	104	0.954127894127	norm	500
G	2	1	95	0.166374781086	raw	500
G	2	1	95	0.87292802216	norm	500
A	3	1	199	0.348511383538	raw	500
A	3	1	199	1.12496107842	norm	500
T	3	1	155	0.271453590193	raw	500
T	3	1	155	0.879303931553	norm	500
C	3	1	120	0.210157618214	raw	500
C	3	1	120	1.10091680092	norm	500
G	3	1	97	0.169877408056	raw	500
G	3	1	97	0.891305454206	norm	500
A	4	1	188	0.329246935201	raw	500
A	4	1	188	1.06277730022	norm	500
T	4	1	162	0.283712784588	raw	500
T	4	1	162	0.919014431687	norm	500
C	4	1	124	0.217162872154	raw	500
C	4	1	124	1.13761402761	norm	500
G	4	1	97	0.169877408056	raw	500
G	4	1	97	0.891305454206	norm	500
A	5	1	189	0.330998248687	raw	500
A	5	1	189	1.06843037096	norm	500
T	5	1	171	0.299474605954	raw	500
T	5	1	171	0.970070789003	norm	500
C	5	1	108	0.189141856392	raw	500
C	5	1	108	0.990825120825	norm	500
G	5	1	103	0.180385288967	raw	500
G	5	1	103	0.946437750342	norm	500
A	6	1	160	0.280210157618	raw	500
A	6	1	160	0.904491319333	norm	500
T	6	1	158	0.276707530648	raw	500
T	6	1	158	0.896322717325	norm	500
G	6	1	142	0.248686514886	raw	500
G	6	1	142	1.30479767523	norm	500
C	6	1	111	0.194395796848	raw	500
C	6	1	111	1.01834804085	norm	500
A	7	1	170	0.297723292469	raw	500
A	7	1	170	0.961022026792	norm	500
T	7	1	154	0.269702276708	raw	500
T	7	1	154	0.873631002962	norm	500
G	7	1	150	0.262697022767	raw	500
G	7	1	150	1.37830740341	norm	500
C	7	1	97	0.169877408056	raw	500
C	7	1	97	0.889907747407	norm	500
T	8	1	201	0.352014010508	raw	500
T	8	1	201	1.14025864672	norm	500
A	8	1	146	0.255691768827	raw	500
A	8	1	146	0.825348328892	norm	500
G	8	1	123	0.215411558669	raw	500
G	8	1	123	1.1302120708	norm	500
C	8	1	101	0.176882661996	raw	500
C	8	1	101	0.926604974105	norm	500
A	9	1	192	0.336252189142	raw	500
A	9	1	192	1.0853895832	norm	500
T	9	1	167	0.292469352014	raw	500
T	9	1	167	0.947379074641	norm	500
C	9	1	122	0.213660245184	raw	500
C	9	1	122	1.11926541426	norm	500
G	9	1	90	0.15761821366	raw	500
G	9	1	90	0.826984442047	norm	500
A	10	1	184	0.322241681261	raw	500
A	10	1	184	1.04016501723	norm	500
T	10	1	184	0.322241681261	raw	500
T	10	1	184	1.04381886068	norm	500
C	10	1	107	0.187390542907	raw	500
C	10	1	107	0.98165081415	norm	500
G	10	1	96	0.168126094571	raw	500
G	10	1	96	0.882116738183	norm	500
T	11	1	172	0.30122591944	raw	500
T	11	1	172	0.975743717594	norm	500
A	11	1	170	0.297723292469	raw	500
A	11	1	170	0.961022026792	norm	500
G	11	1	135	0.23642732049	raw	500
G	11	1	135	1.24047666307	norm	500
C	11	1	94	0.164623467601	raw	500
C	11	1	94	0.862384827384	norm	500
T	12	1	166	0.290718038529	raw	500
T	12	1	166	0.94170614605	norm	500
A	12	1	159	0.278458844133	raw	500
A	12	1	159	0.898838248587	norm	500
C	12	1	135	0.23642732049	raw	500
C	12	1	135	1.23853140103	norm	500
G	12	1	111	0.194395796848	raw	500
G	12	1	111	1.01994747852	norm	500
T	13	1	193	0.338003502627	raw	500
T	13	1	193	1.094875218	norm	500
A	13	1	156	0.273204903678	raw	500
A	13	1	156	0.88187903635	norm	500
C	13	1	126	0.220665499124	raw	500
C	13	1	126	1.15596264096	norm	500
G	13	1	96	0.168126094571	raw	500
G	13	1	96	0.882116738183	norm	500
T	14	1	190	0.332749562172	raw	500
T	14	1	190	1.07785643223	norm	500
A	14	1	142	0.248686514886	raw	500
A	14	1	142	0.802736045908	norm	500
C	14	1	124	0.217162872154	raw	500
C	14	1	124	1.13761402761	norm	500
G	14	1	115	0.201401050788	raw	500
G	14	1	115	1.05670234262	norm	500
A	15	1	198	0.346760070053	raw	500
A	15	1	198	1.11930800767	norm	500
T	15	1	152	0.266199649737	raw	500
T	15	1	152	0.862285145781	norm	500
C	15	1	122	0.213660245184	raw	500
C	15	1	122	1.11926541426	norm	500
G	15	1	99	0.173380035026	raw	500
G	15	1	99	0.909682886251	norm	500
A	16	1	177	0.309982486865	raw	500
A	16	1	177	1.00059352201	norm	500
T	16	1	164	0.287215411559	raw	500
T	16	1	164	0.930360288869	norm	500
G	16	1	126	0.220665499124	raw	500
G	16	1	126	1.15777821887	norm	500
C	16	1	104	0.182136602452	raw	500
C	16	1	104	0.954127894127	norm	500
A	17	1	190	0.332749562172	raw	500
A	17	1	190	1.07408344171	norm	500
T	17	1	166	0.290718038529	raw	500
T	17	1	166	0.94170614605	norm	500
G	17	1	120	0.210157618214	raw	500
G	17	1	120	1.10264592273	norm	500
C	17	1	95	0.166374781086	raw	500
C	17	1	95	0.871559134059	norm	500
A	18	1	199	0.348511383538	raw	500
A	18	1	199	1.12496107842	norm	500
T	18	1	143	0.250437828371	raw	500
T	18	1	143	0.811228788465	norm	500
C	18	1	122	0.213660245184	raw	500
C	18	1	122	1.11926541426	norm	500
G	18	1	107	0.187390542907	raw	500
G	18	1	107	0.983192614433	norm	500
A	19	1	207	0.362521891419	raw	500
A	19	1	207	1.17018564439	norm	500
C	19	1	130	0.227670753065	raw	500
C	19	1	130	1.19265986766	norm	500
T	19	1	125	0.218914185639	raw	500
T	19	1	125	0.709116073833	norm	500
G	19	1	109	0.190893169877	raw	500
G	19	1	109	1.00157004648	norm	500
T	20	1	190	0.332749562172	raw	500
T	20	1	190	1.07785643223	norm	500
A	20	1	173	0.302977232925	raw	500
A	20	1	173	0.977981239029	norm	500
G	20	1	111	0.194395796848	raw	500
G	20	1	111	1.01994747852	norm	500
C	20	1	97	0.169877408056	raw	500
C	20	1	97	0.889907747407	norm	500
T	21	1	164	0.287215411559	raw	500
T	21	1	164	0.930360288869	norm	500
A	21	1	152	0.266199649737	raw	500
A	21	1	152	0.859266753367	norm	500
G	21	1	141	0.246935201401	raw	500
G	21	1	141	1.29560895921	norm	500
C	21	1	114	0.199649737303	raw	500
C	21	1	114	1.04587096087	norm	500
T	22	1	170	0.297723292469	raw	500
T	22	1	170	0.964397860413	norm	500
A	22	1	164	0.287215411559	raw	500
A	22	1	164	0.927103602317	norm	500
C	22	1	119	0.208406304729	raw	500
C	22	1	119	1.09174249424	norm	500
G	22	1	118	0.206654991243	raw	500
G	22	1	118	1.08426849068	norm	500
T	23	1	186	0.325744308231	raw	500
T	23	1	186	1.05516471786	norm	500
A	23	1	172	0.30122591944	raw	500
A	23	1	172	0.972328168283	norm	500
G	23	1	110	0.192644483363	raw	500
G	23	1	110	1.0107587625	norm	500
C	23	1	103	0.180385288967	raw	500
C	23	1	103	0.944953587453	norm	500
T	24	1	187	0.327495621716	raw	500
T	24	1	187	1.06083764645	norm	500
A	24	1	167	0.292469352014	raw	500
A	24	1	167	0.944062814554	norm	500
G	24	1	118	0.206654991243	raw	500
G	24	1	118	1.08426849068	norm	500
C	24	1	99	0.173380035026	raw	500
C	24	1	99	0.908256360756	norm	500
T	25	1	184	0.322241681261	raw	500
T	25	1	184	1.04381886068	norm	500
A	25	1	176	0.30823117338	raw	500
A	25	1	176	0.994940451267	norm	500
C	25	1	118	0.206654991243	raw	500
C	25	1	118	1.08256818757	norm	500
G	25	1	93	0.162872154116	raw	500
G	25	1	93	0.854550590115	norm	500
T	26	1	170	0.297723292469	raw	500
T	26	1	170	0.964397860413	norm	500
A	26	1	150	0.262697022767	raw	500
A	26	1	150	0.847960611875	norm	500
G	26	1	136	0.238178633975	raw	500
G	26	1	136	1.24966537909	norm	500
C	26	1	115	0.201401050788	raw	500
C	26	1	115	1.05504526754	norm	500
A	27	1	185	0.323992994746	raw	500
A	27	1	185	1.04581808798	norm	500
T	27	1	170	0.297723292469	raw	500
T	27	1	170	0.964397860413	norm	500
G	27	1	125	0.218914185639	raw	500
G	27	1	125	1.14858950284	norm	500
C	27	1	91	0.159369527145	raw	500
C	27	1	91	0.834861907362	norm	500
T	28	1	183	0.320490367776	raw	500
T	28	1	183	1.03814593209	norm	500
A	28	1	164	0.287215411559	raw	500
A	28	1	164	0.927103602317	norm	500
G	28	1	123	0.215411558669	raw	500
G	28	1	123	1.1302120708	norm	500
C	28	1	101	0.176882661996	raw	500
C	28	1	101	0.926604974105	norm	500
A	29	1	182	0.318739054291	raw	500
A	29	1	182	1.02885887574	norm	500
T	29	1	178	0.31173380035	raw	500
T	29	1	178	1.00978128914	norm	500
C	29	1	120	0.210157618214	raw	500
C	29	1	120	1.10091680092	norm	500
G	29	1	91	0.159369527145	raw	500
G	29	1	91	0.836173158069	norm	500
T	30	1	204	0.357267950963	raw	500
T	30	1	204	1.1572774325	norm	500
A	30	1	166	0.290718038529	raw	500
A	30	1	166	0.938409743808	norm	500
G	30	1	105	0.183887915937	raw	500
G	30	1	105	0.964815182388	norm	500
C	30	1	96	0.168126094571	raw	500
C	30	1	96	0.880733440733	norm	500
A	31	1	192	0.336252189142	raw	500
A	31	1	192	1.0853895832	norm	500
T	31	1	175	0.306479859895	raw	500
T	31	1	175	0.992762503366	norm	500
G	31	1	106	0.185639229422	raw	500
G	31	1	106	0.974003898411	norm	500
C	31	1	98	0.171628721541	raw	500
C	31	1	98	0.899082054082	norm	500
T	32	1	178	0.31173380035	raw	500
T	32	1	178	1.00978128914	norm	500
A	32	1	171	0.299474605954	raw	500
A	32	1	171	0.966675097537	norm	500
C	32	1	116	0.203152364273	raw	500
C	32	1	116	1.06421957422	norm	500
G	32	1	106	0.185639229422	raw	500
G	32	1	106	0.974003898411	norm	500
T	33	1	175	0.306479859895	raw	500
T	33	1	175	0.992762503366	norm	500
A	33	1	149	0.260945709282	raw	500
A	33	1	149	0.842307541129	norm	500
C	33	1	131	0.22942206655	raw	500
C	33	1	131	1.20183417433	norm	500
G	33	1	116	0.203152364273	raw	500
G	33	1	116	1.06589105864	norm	500
T	34	1	192	0.336252189142	raw	500
T	34	1	192	1.08920228941	norm	500
A	34	1	160	0.280210157618	raw	500
A	34	1	160	0.904491319333	norm	500
G	34	1	114	0.199649737303	raw	500
G	34	1	114	1.04751362659	norm	500
C	34	1	105	0.183887915937	raw	500
C	34	1	105	0.963302200802	norm	500
A	35	1	193	0.338003502627	raw	500
A	35	1	193	1.09104265395	norm	500
T	35	1	172	0.30122591944	raw	500
T	35	1	172	0.975743717594	norm	500
G	35	1	115	0.201401050788	raw	500
G	35	1	115	1.05670234262	norm	500
C	35	1	91	0.159369527145	raw	500
C	35	1	91	0.834861907362	norm	500
A	36	1	200	0.350262697023	raw	500
A	36	1	200	1.13061414917	norm	500
T	36	1	148	0.259194395797	raw	500
T	36	1	148	0.839593431418	norm	500
C	36	1	114	0.199649737303	raw	500
C	36	1	114	1.04587096087	norm	500
G	36	1	109	0.190893169877	raw	500
G	36	1	109	1.00157004648	norm	500
A	37	1	178	0.31173380035	raw	500
A	37	1	178	1.00624659276	norm	500
T	37	1	146	0.255691768827	raw	500
T	37	1	146	0.828247574237	norm	500
G	37	1	136	0.238178633975	raw	500
G	37	1	136	1.24966537909	norm	500
C	37	1	111	0.194395796848	raw	500
C	37	1	111	1.01834804085	norm	500
A	38	1	202	0.353765323993	raw	500
A	38	1	202	1.14192029066	norm	500
T	38	1	162	0.283712784588	raw	500
T	38	1	162	0.919014431687	norm	500
G	38	1	108	0.189141856392	raw	500
G	38	1	108	0.992381330456	norm	500
C	38	1	99	0.173380035026	raw	500
C	38	1	99	0.908256360756	norm	500
T	39	1	182	0.318739054291	raw	500
T	39	1	182	1.0324730035	norm	500
A	39	1	175	0.306479859895	raw	500
A	39	1	175	0.989287380521	norm	500
C	39	1	118	0.206654991243	raw	500
C	39	1	118	1.08256818757	norm	500
G	39	1	96	0.168126094571	raw	500
G	39	1	96	0.882116738183	norm	500
T	40	1	182	0.318739054291	raw	500
T	40	1	182	1.0324730035	norm	500
A	40	1	171	0.299474605954	raw	500
A	40	1	171	0.966675097537	norm	500
G	40	1	119	0.208406304729	raw	500
G	40	1	119	1.09345720671	norm	500
C	40	1	99	0.173380035026	raw	500
C	40	1	99	0.908256360756	norm	500
T	41	1	189	0.330998248687	raw	500
T	41	1	189	1.07218350364	norm	500
A	41	1	180	0.31523642732	raw	500
A	41	1	180	1.01755273425	norm	500
G	41	1	118	0.206654991243	raw	500
G	41	1	118	1.08426849068	norm	500
C	41	1	84	0.14711033275	raw	500
C	41	1	84	0.770641760641	norm	500
A	42	1	213	0.373029772329	raw	500
A	42	1	213	1.20410406886	norm	500
T	42	1	163	0.285464098074	raw	500
T	42	1	163	0.924687360278	norm	500
G	42	1	106	0.185639229422	raw	500
G	42	1	106	0.974003898411	norm	500
C	42	1	89	0.155866900175	raw	500
C	42	1	89	0.816513294013	norm	500
A	43	1	202	0.353765323993	raw	500
A	43	1	202	1.14192029066	norm	500
T	43	1	164	0.287215411559	raw	500
T	43	1	164	0.930360288869	norm	500
G	43	1	106	0.185639229422	raw	500
G	43	1	106	0.974003898411	norm	500
C	43	1	99	0.173380035026	raw	500
C	43	1	99	0.908256360756	norm	500
A	44	1	205	0.359019264448	raw	500
A	44	1	205	1.1588795029	norm	500
T	44	1	179	0.313485113835	raw	500
T	44	1	179	1.01545421773	norm	500
G	44	1	104	0.182136602452	raw	500
G	44	1	104	0.955626466365	norm	500
C	44	1	83	0.145359019264	raw	500
C	44	1	83	0.761467453967	norm	500
A	45	1	184	0.322241681261	raw	500
A	45	1	184	1.04016501723	norm	500
T	45	1	174	0.30472854641	raw	500
T	45	1	174	0.987089574775	norm	500
G	45	1	112	0.196147110333	raw	500
G	45	1	112	1.02913619455	norm	500
C	45	1	101	0.176882661996	raw	500
C	45	1	101	0.926604974105	norm	500
T	46	1	182	0.318739054291	raw	500
T	46	1	182	1.0324730035	norm	500
A	46	1	175	0.306479859895	raw	500
A	46	1	175	0.989287380521	norm	500
G	46	1	110	0.192644483363	raw	500
G	46	1	110	1.0107587625	norm	500
C	46	1	104	0.182136602452	raw	500
C	46	1	104	0.954127894127	norm	500
A	47	1	172	0.30122591944	raw	500
A	47	1	172	0.972328168283	norm	500
T	47	1	166	0.290718038529	raw	500
T	47	1	166	0.94170614605	norm	500
G	47	1	121	0.211908931699	raw	500
G	47	1	121	1.11183463875	norm	500
C	47	1	112	0.196147110333	raw	500
C	47	1	112	1.02752234752	norm	500
A	48	1	182	0.318739054291	raw	500
A	48	1	182	1.02885887574	norm	500
T	48	1	171	0.299474605954	raw	500
T	48	1	171	0.970070789003	norm	500
G	48	1	120	0.210157618214	raw	500
G	48	1	120	1.10264592273	norm	500
C	48	1	98	0.171628721541	raw	500
C	48	1	98	0.899082054082	norm	500
T	49	1	198	0.346760070053	raw	500
T	49	1	198	1.12323986095	norm	500
A	49	1	185	0.323992994746	raw	500
A	49	1	185	1.04581808798	norm	500
C	49	1	95	0.166374781086	raw	500
C	49	1	95	0.871559134059	norm	500
G	49	1	93	0.162872154116	raw	500
G	49	1	93	0.854550590115	norm	500
A	50	1	178	0.31173380035	raw	500
A	50	1	178	1.00624659276	norm	500
T	50	1	166	0.290718038529	raw	500
T	50	1	166	0.94170614605	norm	500
C	50	1	116	0.203152364273	raw	500
C	50	1	116	1.06421957422	norm	500
G	50	1	111	0.194395796848	raw	500
G	50	1	111	1.01994747852	norm	500
A	51	1	190	0.332749562172	raw	500
A	51	1	190	1.07408344171	norm	500
T	51	1	154	0.269702276708	raw	500
T	51	1	154	0.873631002962	norm	500
G	51	1	118	0.206654991243	raw	500
G	51	1	118	1.08426849068	norm	500
C	51	1	109	0.190893169877	raw	500
C	51	1	109	0.999999427499	norm	500
A	52	1	192	0.336252189142	raw	500
A	52	1	192	1.0853895832	norm	500
T	52	1	179	0.313485113835	raw	500
T	52	1	179	1.01545421773	norm	500
C	52	1	115	0.201401050788	raw	500
C	52	1	115	1.05504526754	norm	500
G	52	1	85	0.148861646235	raw	500
G	52	1	85	0.781040861933	norm	500
A	53	1	202	0.353765323993	raw	500
A	53	1	202	1.14192029066	norm	500
T	53	1	162	0.283712784588	raw	500
T	53	1	162	0.919014431687	norm	500
G	53	1	104	0.182136602452	raw	500
G	53	1	104	0.955626466365	norm	500
C	53	1	103	0.180385288967	raw	500
C	53	1	103	0.944953587453	norm	500
A	54	1	210	0.367775831874	raw	500
A	54	1	210	1.18714485662	norm	500
T	54	1	150	0.262697022767	raw	500
T	54	1	150	0.850939288599	norm	500
G	54	1	118	0.206654991243	raw	500
G	54	1	118	1.08426849068	norm	500
C	54	1	93	0.162872154116	raw	500
C	54	1	93	0.85321052071	norm	500
A	55	1	189	0.330998248687	raw	500
A	55	1	189	1.06843037096	norm	500
T	55	1	162	0.283712784588	raw	500
T	55	1	162	0.919014431687	norm	500
G	55	1	114	0.199649737303	raw	500
G	55	1	114	1.04751362659	norm	500
C	55	1	106	0.185639229422	raw	500
C	55	1	106	0.972476507476	norm	500
T	56	1	200	0.350262697023	raw	500
T	56	1	200	1.13458571813	norm	500
A	56	1	188	0.329246935201	raw	500
A	56	1	188	1.06277730022	norm	500
G	56	1	101	0.176882661996	raw	500
G	56	1	101	0.928060318297	norm	500
C	56	1	82	0.143607705779	raw	500
C	56	1	82	0.752293147293	norm	500
A	57	1	179	0.313485113835	raw	500
A	57	1	179	1.0118996635	norm	500
T	57	1	179	0.313485113835	raw	500
T	57	1	179	1.01545421773	norm	500
C	57	1	109	0.190893169877	raw	500
C	57	1	109	0.999999427499	norm	500
G	57	1	104	0.182136602452	raw	500
G	57	1	104	0.955626466365	norm	500
A	58	1	194	0.339754816112	raw	500
A	58	1	194	1.09669572469	norm	500
T	58	1	167	0.292469352014	raw	500
T	58	1	167	0.947379074641	norm	500
G	58	1	115	0.201401050788	raw	500
G	58	1	115	1.05670234262	norm	500
C	58	1	95	0.166374781086	raw	500
C	58	1	95	0.871559134059	norm	500
A	59	1	181	0.316987740806	raw	500
A	59	1	181	1.023205805	norm	500
T	59	1	161	0.281961471103	raw	500
T	59	1	161	0.913341503097	norm	500
C	59	1	119	0.208406304729	raw	500
C	59	1	119	1.09174249424	norm	500
G	59	1	110	0.192644483363	raw	500
G	59	1	110	1.0107587625	norm	500
A	60	1	219	0.38353765324	raw	500
A	60	1	219	1.23802249334	norm	500
T	60	1	153	0.267950963222	raw	500
T	60	1	153	0.867958074371	norm	500
G	60	1	106	0.185639229422	raw	500
G	60	1	106	0.974003898411	norm	500
C	60	1	93	0.162872154116	raw	500
C	60	1	93	0.85321052071	norm	500
T	61	1	182	0.318739054291	raw	500
T	61	1	182	1.0324730035	norm	500
A	61	1	178	0.31173380035	raw	500
A	61	1	178	1.00624659276	norm	500
C	61	1	128	0.224168126095	raw	500
C	61	1	128	1.17431125431	norm	500
G	61	1	83	0.145359019264	raw	500
G	61	1	83	0.762663429888	norm	500
A	62	1	194	0.339754816112	raw	500
A	62	1	194	1.09669572469	norm	500
T	62	1	162	0.283712784588	raw	500
T	62	1	162	0.919014431687	norm	500
C	62	1	115	0.201401050788	raw	500
C	62	1	115	1.05504526754	norm	500
G	62	1	100	0.175131348511	raw	500
G	62	1	100	0.918871602274	norm	500
T	63	1	193	0.338003502627	raw	500
T	63	1	193	1.094875218	norm	500
A	63	1	164	0.287215411559	raw	500
A	63	1	164	0.927103602317	norm	500
G	63	1	112	0.196147110333	raw	500
G	63	1	112	1.02913619455	norm	500
C	63	1	102	0.178633975482	raw	500
C	63	1	102	0.935779280779	norm	500
A	64	1	201	0.352014010508	raw	500
A	64	1	201	1.13626721991	norm	500
T	64	1	167	0.292469352014	raw	500
T	64	1	167	0.947379074641	norm	500
C	64	1	109	0.190893169877	raw	500
C	64	1	109	0.999999427499	norm	500
G	64	1	94	0.164623467601	raw	500
G	64	1	94	0.863739306138	norm	500
A	65	1	211	0.369527145359	raw	500
A	65	1	211	1.19279792737	norm	500
T	65	1	162	0.283712784588	raw	500
T	65	1	162	0.919014431687	norm	500
G	65	1	101	0.176882661996	raw	500
G	65	1	101	0.928060318297	norm	500
C	65	1	97	0.169877408056	raw	500
C	65	1	97	0.889907747407	norm	500
A	66	1	212	0.371278458844	raw	500
A	66	1	212	1.19845099812	norm	500
T	66	1	178	0.31173380035	raw	500
T	66	1	178	1.00978128914	norm	500
C	66	1	101	0.176882661996	raw	500
C	66	1	101	0.926604974105	norm	500
G	66	1	80	0.140105078809	raw	500
G	66	1	80	0.735097281819	norm	500
A	67	1	179	0.313485113835	raw	500
A	67	1	179	1.0118996635	norm	500
T	67	1	168	0.294220665499	raw	500
T	67	1	168	0.953052003231	norm	500
C	67	1	124	0.217162872154	raw	500
C	67	1	124	1.13761402761	norm	500
G	67	1	100	0.175131348511	raw	500
G	67	1	100	0.918871602274	norm	500
A	68	1	186	0.325744308231	raw	500
A	68	1	186	1.05147115872	norm	500
T	68	1	186	0.325744308231	raw	500
T	68	1	186	1.05516471786	norm	500
C	68	1	112	0.196147110333	raw	500
C	68	1	112	1.02752234752	norm	500
G	68	1	87	0.152364273205	raw	500
G	68	1	87	0.799418293979	norm	500
A	69	1	196	0.343257443082	raw	500
A	69	1	196	1.10800186618	norm	500
T	69	1	169	0.295971978984	raw	500
T	69	1	169	0.958724931822	norm	500
C	69	1	116	0.203152364273	raw	500
C	69	1	116	1.06421957422	norm	500
G	69	1	90	0.15761821366	raw	500
G	69	1	90	0.826984442047	norm	500
A	70	1	189	0.330998248687	raw	500
A	70	1	189	1.06843037096	norm	500
T	70	1	166	0.290718038529	raw	500
T	70	1	166	0.94170614605	norm	500
G	70	1	111	0.194395796848	raw	500
G	70	1	111	1.01994747852	norm	500
C	70	1	105	0.183887915937	raw	500
C	70	1	105	0.963302200802	norm	500
A	71	1	180	0.31523642732	raw	500
A	71	1	180	1.01755273425	norm	500
T	71	1	162	0.283712784588	raw	500
T	71	1	162	0.919014431687	norm	500
G	71	1	127	0.222416812609	raw	500
G	71	1	127	1.16696693489	norm	500
C	71	1	102	0.178633975482	raw	500
C	71	1	102	0.935779280779	norm	500
T	72	1	192	0.336252189142	raw	500
T	72	1	192	1.08920228941	norm	500
A	72	1	182	0.318739054291	raw	500
A	72	1	182	1.02885887574	norm	500
G	72	1	99	0.173380035026	raw	500
G	72	1	99	0.909682886251	norm	500
C	72	1	98	0.171628721541	raw	500
C	72	1	98	0.899082054082	norm	500
T	73	1	186	0.325744308231	raw	500
T	73	1	186	1.05516471786	norm	500
A	73	1	177	0.309982486865	raw	500
A	73	1	177	1.00059352201	norm	500
C	73	1	116	0.203152364273	raw	500
C	73	1	116	1.06421957422	norm	500
G	73	1	92	0.16112084063	raw	500
G	73	1	92	0.845361874092	norm	500
A	74	1	184	0.322241681261	raw	500
A	74	1	184	1.04016501723	norm	500
T	74	1	167	0.292469352014	raw	500
T	74	1	167	0.947379074641	norm	500
C	74	1	118	0.206654991243	raw	500
C	74	1	118	1.08256818757	norm	500
G	74	1	102	0.178633975482	raw	500
G	74	1	102	0.93724903432	norm	500
T	75	1	183	0.320490367776	raw	500
T	75	1	183	1.03814593209	norm	500
A	75	1	180	0.31523642732	raw	500
A	75	1	180	1.01755273425	norm	500
G	75	1	109	0.190893169877	raw	500
G	75	1	109	1.00157004648	norm	500
C	75	1	99	0.173380035026	raw	500
C	75	1	99	0.908256360756	norm	500
A	76	1	193	0.338003502627	raw	500
A	76	1	193	1.09104265395	norm	500
T	76	1	187	0.327495621716	raw	500
T	76	1	187	1.06083764645	norm	500
G	76	1	96	0.168126094571	raw	500
G	76	1	96	0.882116738183	norm	500
C	76	1	95	0.166374781086	raw	500
C	76	1	95	0.871559134059	norm	500
A	77	1	203	0.355516637478	raw	500
A	77	1	203	1.1475733614	norm	500
T	77	1	156	0.273204903678	raw	500
T	77	1	156	0.884976860143	norm	500
C	77	1	115	0.201401050788	raw	500
C	77	1	115	1.05504526754	norm	500
G	77	1	97	0.169877408056	raw	500
G	77	1	97	0.891305454206	norm	500
A	78	1	195	0.341506129597	raw	500
A	78	1	195	1.10234879544	norm	500
T	78	1	193	0.338003502627	raw	500
T	78	1	193	1.094875218	norm	500
C	78	1	98	0.171628721541	raw	500
C	78	1	98	0.899082054082	norm	500
G	78	1	85	0.148861646235	raw	500
G	78	1	85	0.781040861933	norm	500
A	79	1	184	0.322241681261	raw	500
A	79	1	184	1.04016501723	norm	500
T	79	1	181	0.316987740806	raw	500
T	79	1	181	1.02680007491	norm	500
C	79	1	116	0.203152364273	raw	500
C	79	1	116	1.06421957422	norm	500
G	79	1	90	0.15761821366	raw	500
G	79	1	90	0.826984442047	norm	500
T	80	1	189	0.330998248687	raw	500
T	80	1	189	1.07218350364	norm	500
A	80	1	179	0.313485113835	raw	500
A	80	1	179	1.0118996635	norm	500
C	80	1	109	0.190893169877	raw	500
C	80	1	109	0.999999427499	norm	500
G	80	1	94	0.164623467601	raw	500
G	80	1	94	0.863739306138	norm	500
T	81	1	207	0.362521891419	raw	500
T	81	1	207	1.17429621827	norm	500
A	81	1	163	0.285464098074	raw	500
A	81	1	163	0.921450531571	norm	500
C	81	1	104	0.182136602452	raw	500
C	81	1	104	0.954127894127	norm	500
G	81	1	97	0.169877408056	raw	500
G	81	1	97	0.891305454206	norm	500
T	82	1	194	0.339754816112	raw	500
T	82	1	194	1.10054814659	norm	500
A	82	1	190	0.332749562172	raw	500
A	82	1	190	1.07408344171	norm	500
C	82	1	102	0.178633975482	raw	500
C	82	1	102	0.935779280779	norm	500
G	82	1	85	0.148861646235	raw	500
G	82	1	85	0.781040861933	norm	500
A	83	1	174	0.30472854641	raw	500
A	83	1	174	0.983634309775	norm	500
T	83	1	172	0.30122591944	raw	500
T	83	1	172	0.975743717594	norm	500
C	83	1	137	0.239929947461	raw	500
C	83	1	137	1.25688001438	norm	500
G	83	1	88	0.15411558669	raw	500
G	83	1	88	0.808607010001	norm	500
A	84	1	193	0.338003502627	raw	500
A	84	1	193	1.09104265395	norm	500
T	84	1	182	0.318739054291	raw	500
T	84	1	182	1.0324730035	norm	500
C	84	1	125	0.218914185639	raw	500
C	84	1	125	1.14678833429	norm	500
G	84	1	71	0.124343257443	raw	500
G	84	1	71	0.652398837615	norm	500
A	85	1	185	0.323992994746	raw	500
A	85	1	185	1.04581808798	norm	500
T	85	1	181	0.316987740806	raw	500
T	85	1	181	1.02680007491	norm	500
C	85	1	108	0.189141856392	raw	500
C	85	1	108	0.990825120825	norm	500
G	85	1	97	0.169877408056	raw	500
G	85	1	97	0.891305454206	norm	500
A	86	1	195	0.341506129597	raw	500
A	86	1	195	1.10234879544	norm	500
T	86	1	176	0.30823117338	raw	500
T	86	1	176	0.998435431957	norm	500
G	86	1	110	0.192644483363	raw	500
G	86	1	110	1.0107587625	norm	500
C	86	1	90	0.15761821366	raw	500
C	86	1	90	0.825687600687	norm	500
T	87	1	190	0.332749562172	raw	500
T	87	1	190	1.07785643223	norm	500
A	87	1	178	0.31173380035	raw	500
A	87	1	178	1.00624659276	norm	500
C	87	1	105	0.183887915937	raw	500
C	87	1	105	0.963302200802	norm	500
G	87	1	98	0.171628721541	raw	500
G	87	1	98	0.900494170229	norm	500
A	88	1	189	0.330998248687	raw	500
A	88	1	189	1.06843037096	norm	500
T	88	1	186	0.325744308231	raw	500
T	88	1	186	1.05516471786	norm	500
C	88	1	104	0.182136602452	raw	500
C	88	1	104	0.954127894127	norm	500
G	88	1	92	0.16112084063	raw	500
G	88	1	92	0.845361874092	norm	500
A	89	1	209	0.366024518389	raw	500
A	89	1	209	1.18149178588	norm	500
T	89	1	165	0.288966725044	raw	500
T	89	1	165	0.936033217459	norm	500
C	89	1	111	0.194395796848	raw	500
C	89	1	111	1.01834804085	norm	500
G	89	1	86	0.15061295972	raw	500
G	89	1	86	0.790229577956	norm	500
A	90	1	171	0.299474605954	raw	500
A	90	1	171	0.966675097537	norm	500
T	90	1	163	0.285464098074	raw	500
T	90	1	163	0.924687360278	norm	500
C	90	1	121	0.211908931699	raw	500
C	90	1	121	1.11009110759	norm	500
G	90	1	116	0.203152364273	raw	500
G	90	1	116	1.06589105864	norm	500
A	91	1	190	0.332749562172	raw	500
A	91	1	190	1.07408344171	norm	500
T	91	1	171	0.299474605954	raw	500
T	91	1	171	0.970070789003	norm	500
G	91	1	115	0.201401050788	raw	500
G	91	1	115	1.05670234262	norm	500
C	91	1	95	0.166374781086	raw	500
C	91	1	95	0.871559134059	norm	500
A	92	1	207	0.362521891419	raw	500
A	92	1	207	1.17018564439	norm	500
T	92	1	176	0.30823117338	raw	500
T	92	1	176	0.998435431957	norm	500
G	92	1	112	0.196147110333	raw	500
G	92	1	112	1.02913619455	norm	500
C	92	1	76	0.133099824869	raw	500
C	92	1	76	0.697247307247	norm	500
A	93	1	194	0.339754816112	raw	500
A	93	1	194	1.09669572469	norm	500
T	93	1	180	0.31523642732	raw	500
T	93	1	180	1.02112714632	norm	500
C	93	1	107	0.187390542907	raw	500
C	93	1	107	0.98165081415	norm	500
G	93	1	90	0.15761821366	raw	500
G	93	1	90	0.826984442047	norm	500
T	94	1	177	0.309982486865	raw	500
T	94	1	177	1.00410836055	norm	500
A	94	1	161	0.281961471103	raw	500
A	94	1	161	0.910144390079	norm	500
C	94	1	131	0.22942206655	raw	500
C	94	1	131	1.20183417433	norm	500
G	94	1	102	0.178633975482	raw	500
G	94	1	102	0.93724903432	norm	500
T	95	1	203	0.355516637478	raw	500
T	95	1	203	1.1516045039	norm	500
A	95	1	172	0.30122591944	raw	500
A	95	1	172	0.972328168283	norm	500
G	95	1	101	0.176882661996	raw	500
G	95	1	101	0.928060318297	norm	500
C	95	1	95	0.166374781086	raw	500
C	95	1	95	0.871559134059	norm	500
A	96	1	194	0.339754816112	raw	500
A	96	1	194	1.09669572469	norm	500
T	96	1	183	0.320490367776	raw	500
T	96	1	183	1.03814593209	norm	500
C	96	1	98	0.171628721541	raw	500
C	96	1	98	0.899082054082	norm	500
G	96	1	96	0.168126094571	raw	500
G	96	1	96	0.882116738183	norm	500
A	97	1	181	0.316987740806	raw	500
A	97	1	181	1.023205805	norm	500
T	97	1	162	0.283712784588	raw	500
T	97	1	162	0.919014431687	norm	500
C	97	1	129	0.22591943958	raw	500
C	97	1	129	1.18348556099	norm	500
G	97	1	99	0.173380035026	raw	500
G	97	1	99	0.909682886251	norm	500
T	98	1	201	0.352014010508	raw	500
T	98	1	201	1.14025864672	norm	500
A	98	1	164	0.287215411559	raw	500
A	98	1	164	0.927103602317	norm	500
C	98	1	114	0.199649737303	raw	500
C	98	1	114	1.04587096087	norm	500
G	98	1	92	0.16112084063	raw	500
G	98	1	92	0.845361874092	norm	500
T	99	1	190	0.332749562172	raw	500
T	99	1	190	1.07785643223	norm	500
A	99	1	185	0.323992994746	raw	500
A	99	1	185	1.04581808798	norm	500
G	99	1	109	0.190893169877	raw	500
G	99	1	109	1.00157004648	norm	500
C	99	1	87	0.152364273205	raw	500
C	99	1	87	0.798164680664	norm	500
T	100	1	195	0.341506129597	raw	500
T	100	1	195	1.10622107518	norm	500
A	100	1	178	0.31173380035	raw	500
A	100	1	178	1.00624659276	norm	500
C	100	1	99	0.173380035026	raw	500
C	100	1	99	0.908256360756	norm	500
G	100	1	99	0.173380035026	raw	500
G	100	1	99	0.909682886251	norm	500
