#nuc	offset	region.size	count	freq	norm.freq	total.sites
T	-100	1	1538	0.41759435243	raw	2345
T	-100	1	1538	1.02538575477	norm	2345
A	-100	1	1431	0.388541949498	raw	2345
A	-100	1	1431	0.921472528574	norm	2345
C	-100	1	357	0.0969318490361	raw	2345
C	-100	1	357	1.21152806039	norm	2345
G	-100	1	357	0.0969318490361	raw	2345
G	-100	1	357	1.06421567624	norm	2345
T	-99	1	1518	0.412163996742	raw	2345
T	-99	1	1518	1.01205173975	norm	2345
A	-99	1	1431	0.388541949498	raw	2345
A	-99	1	1431	0.921472528574	norm	2345
C	-99	1	391	0.106163453706	raw	2345
C	-99	1	391	1.32691168519	norm	2345
G	-99	1	343	0.0931306000543	raw	2345
G	-99	1	343	1.02248172815	norm	2345
A	-98	1	1517	0.411892478957	raw	2345
A	-98	1	1517	0.976851031339	norm	2345
T	-98	1	1494	0.405647569916	raw	2345
T	-98	1	1494	0.996050921732	norm	2345
C	-98	1	355	0.0963888134673	raw	2345
C	-98	1	355	1.20474078834	norm	2345
G	-98	1	317	0.0860711376595	raw	2345
G	-98	1	317	0.944975824561	norm	2345
A	-97	1	1500	0.407276676622	raw	2345
A	-97	1	1500	0.965904118002	norm	2345
T	-97	1	1478	0.401303285365	raw	2345
T	-97	1	1478	0.985383709719	norm	2345
G	-97	1	353	0.0958457778985	raw	2345
G	-97	1	353	1.05229169107	norm	2345
C	-97	1	352	0.095574260114	raw	2345
C	-97	1	352	1.19455988027	norm	2345
T	-96	1	1560	0.423567743687	raw	2345
T	-96	1	1560	1.04005317129	norm	2345
A	-96	1	1432	0.388813467282	raw	2345
A	-96	1	1432	0.922116464652	norm	2345
C	-96	1	384	0.104262829215	raw	2345
C	-96	1	384	1.30315623303	norm	2345
G	-96	1	307	0.0833559598154	raw	2345
G	-96	1	307	0.915165861641	norm	2345
A	-95	1	1556	0.42248167255	raw	2345
A	-95	1	1556	1.00196453841	norm	2345
T	-95	1	1524	0.413793103448	raw	2345
T	-95	1	1524	1.01605194426	norm	2345
C	-95	1	322	0.0874287265816	raw	2345
C	-95	1	322	1.09275079957	norm	2345
G	-95	1	281	0.0762964974206	raw	2345
G	-95	1	281	0.837659958049	norm	2345
T	-94	1	1512	0.410534890035	raw	2345
T	-94	1	1512	1.00805153525	norm	2345
A	-94	1	1491	0.404833016563	raw	2345
A	-94	1	1491	0.960108693294	norm	2345
C	-94	1	408	0.110779256041	raw	2345
C	-94	1	408	1.38460349759	norm	2345
G	-94	1	272	0.0738528373608	raw	2345
G	-94	1	272	0.810830991421	norm	2345
A	-93	1	1500	0.407276676622	raw	2345
A	-93	1	1500	0.965904118002	norm	2345
T	-93	1	1448	0.393157751833	raw	2345
T	-93	1	1448	0.965382687194	norm	2345
C	-93	1	385	0.104534347	raw	2345
C	-93	1	385	1.30654986905	norm	2345
G	-93	1	350	0.0950312245452	raw	2345
G	-93	1	350	1.0433487022	norm	2345
A	-92	1	1522	0.413250067879	raw	2345
A	-92	1	1522	0.980070711733	norm	2345
T	-92	1	1519	0.412435514526	raw	2345
T	-92	1	1519	1.0127184405	norm	2345
C	-92	1	345	0.0936736356231	raw	2345
C	-92	1	345	1.17080442811	norm	2345
G	-92	1	297	0.0806407819712	raw	2345
G	-92	1	297	0.885355898721	norm	2345
T	-91	1	1525	0.414064621233	raw	2345
T	-91	1	1525	1.01671864501	norm	2345
A	-91	1	1489	0.404289980994	raw	2345
A	-91	1	1489	0.958820821136	norm	2345
G	-91	1	338	0.0917730111322	raw	2345
G	-91	1	338	1.00757674669	norm	2345
C	-91	1	331	0.0898723866413	raw	2345
C	-91	1	331	1.12329352378	norm	2345
T	-90	1	1541	0.418408905783	raw	2345
T	-90	1	1541	1.02738585702	norm	2345
A	-90	1	1384	0.37578061363	raw	2345
A	-90	1	1384	0.891207532876	norm	2345
C	-90	1	379	0.102905240293	raw	2345
C	-90	1	379	1.28618805291	norm	2345
G	-90	1	379	0.102905240293	raw	2345
G	-90	1	379	1.12979759466	norm	2345
A	-89	1	1517	0.411892478957	raw	2345
A	-89	1	1517	0.976851031339	norm	2345
T	-89	1	1492	0.405104534347	raw	2345
T	-89	1	1492	0.99471752023	norm	2345
G	-89	1	371	0.100733098018	raw	2345
G	-89	1	371	1.10594962433	norm	2345
C	-89	1	303	0.0822698886777	raw	2345
C	-89	1	303	1.02827171512	norm	2345
T	-88	1	1591	0.431984795004	raw	2345
T	-88	1	1591	1.06072089456	norm	2345
A	-88	1	1367	0.371164811295	raw	2345
A	-88	1	1367	0.880260619539	norm	2345
C	-88	1	399	0.108335595982	raw	2345
C	-88	1	399	1.35406077338	norm	2345
G	-88	1	326	0.0885147977193	raw	2345
G	-88	1	326	0.971804791189	norm	2345
T	-87	1	1471	0.399402660874	raw	2345
T	-87	1	1471	0.980716804463	norm	2345
A	-87	1	1445	0.39234319848	raw	2345
A	-87	1	1445	0.930487633675	norm	2345
C	-87	1	395	0.107249524844	raw	2345
C	-87	1	395	1.34048622928	norm	2345
G	-87	1	372	0.101004615802	raw	2345
G	-87	1	372	1.10893062062	norm	2345
T	-86	1	1592	0.432256312788	raw	2345
T	-86	1	1592	1.06138759531	norm	2345
A	-86	1	1466	0.398045071952	raw	2345
A	-86	1	1466	0.944010291327	norm	2345
C	-86	1	328	0.0890578332881	raw	2345
C	-86	1	328	1.11311261571	norm	2345
G	-86	1	297	0.0806407819712	raw	2345
G	-86	1	297	0.885355898721	norm	2345
T	-85	1	1523	0.413521585664	raw	2345
T	-85	1	1523	1.01538524351	norm	2345
A	-85	1	1488	0.404018463209	raw	2345
A	-85	1	1488	0.958176885058	norm	2345
C	-85	1	360	0.0977464023894	raw	2345
C	-85	1	360	1.22170896846	norm	2345
G	-85	1	312	0.0847135487374	raw	2345
G	-85	1	312	0.930070843101	norm	2345
A	-84	1	1508	0.409448818898	raw	2345
A	-84	1	1508	0.971055606631	norm	2345
T	-84	1	1445	0.39234319848	raw	2345
T	-84	1	1445	0.963382584942	norm	2345
C	-84	1	375	0.101819169156	raw	2345
C	-84	1	375	1.27261350881	norm	2345
G	-84	1	355	0.0963888134673	raw	2345
G	-84	1	355	1.05825368366	norm	2345
T	-83	1	1564	0.424653814825	raw	2345
T	-83	1	1564	1.04271997429	norm	2345
A	-83	1	1469	0.398859625305	raw	2345
A	-83	1	1469	0.945942099563	norm	2345
C	-83	1	345	0.0936736356231	raw	2345
C	-83	1	345	1.17080442811	norm	2345
G	-83	1	305	0.0828129242465	raw	2345
G	-83	1	305	0.909203869057	norm	2345
A	-82	1	1507	0.409177301113	raw	2345
A	-82	1	1507	0.970411670552	norm	2345
T	-82	1	1475	0.400488732012	raw	2345
T	-82	1	1475	0.983383607466	norm	2345
C	-82	1	357	0.0969318490361	raw	2345
C	-82	1	357	1.21152806039	norm	2345
G	-82	1	344	0.0934021178387	raw	2345
G	-82	1	344	1.02546272444	norm	2345
T	-81	1	1555	0.422210154765	raw	2345
T	-81	1	1555	1.03671966753	norm	2345
A	-81	1	1417	0.384740700516	raw	2345
A	-81	1	1417	0.912457423472	norm	2345
G	-81	1	372	0.101004615802	raw	2345
G	-81	1	372	1.10893062062	norm	2345
C	-81	1	339	0.0920445289166	raw	2345
C	-81	1	339	1.15044261197	norm	2345
A	-80	1	1522	0.413250067879	raw	2345
A	-80	1	1522	0.980070711733	norm	2345
T	-80	1	1488	0.404018463209	raw	2345
T	-80	1	1488	0.992050717227	norm	2345
G	-80	1	370	0.100461580234	raw	2345
G	-80	1	370	1.10296862804	norm	2345
C	-80	1	303	0.0822698886777	raw	2345
C	-80	1	303	1.02827171512	norm	2345
T	-79	1	1574	0.427368992669	raw	2345
T	-79	1	1574	1.0493869818	norm	2345
A	-79	1	1456	0.395329894108	raw	2345
A	-79	1	1456	0.93757093054	norm	2345
C	-79	1	327	0.0887863155037	raw	2345
C	-79	1	327	1.10971897969	norm	2345
G	-79	1	326	0.0885147977193	raw	2345
G	-79	1	326	0.971804791189	norm	2345
T	-78	1	1533	0.416236763508	raw	2345
T	-78	1	1533	1.02205225101	norm	2345
A	-78	1	1429	0.387998913929	raw	2345
A	-78	1	1429	0.920184656416	norm	2345
C	-78	1	380	0.103176758078	raw	2345
C	-78	1	380	1.28958168893	norm	2345
G	-78	1	341	0.0925875644855	raw	2345
G	-78	1	341	1.01651973557	norm	2345
A	-77	1	1526	0.414336139017	raw	2345
A	-77	1	1526	0.982646456047	norm	2345
T	-77	1	1468	0.398588107521	raw	2345
T	-77	1	1468	0.97871670221	norm	2345
C	-77	1	372	0.101004615802	raw	2345
C	-77	1	372	1.26243260074	norm	2345
G	-77	1	317	0.0860711376595	raw	2345
G	-77	1	317	0.944975824561	norm	2345
T	-76	1	1599	0.434156937279	raw	2345
T	-76	1	1599	1.06605450057	norm	2345
A	-76	1	1360	0.369264186804	raw	2345
A	-76	1	1360	0.875753066988	norm	2345
C	-76	1	374	0.101547651371	raw	2345
C	-76	1	374	1.26921987279	norm	2345
G	-76	1	350	0.0950312245452	raw	2345
G	-76	1	350	1.0433487022	norm	2345
T	-75	1	1552	0.421395601412	raw	2345
T	-75	1	1552	1.03471956528	norm	2345
A	-75	1	1443	0.391800162911	raw	2345
A	-75	1	1443	0.929199761518	norm	2345
C	-75	1	358	0.0972033668205	raw	2345
C	-75	1	358	1.21492169642	norm	2345
G	-75	1	330	0.0896008688569	raw	2345
G	-75	1	330	0.983728776357	norm	2345
T	-74	1	1580	0.428998099376	raw	2345
T	-74	1	1580	1.0533871863	norm	2345
A	-74	1	1403	0.380939451534	raw	2345
A	-74	1	1403	0.903442318371	norm	2345
C	-74	1	364	0.098832473527	raw	2345
C	-74	1	364	1.23528351256	norm	2345
G	-74	1	336	0.0912299755634	raw	2345
G	-74	1	336	1.00161475411	norm	2345
A	-73	1	1493	0.405376052131	raw	2345
A	-73	1	1493	0.961396565451	norm	2345
T	-73	1	1466	0.398045071952	raw	2345
T	-73	1	1466	0.977383300709	norm	2345
G	-73	1	369	0.100190062449	raw	2345
G	-73	1	369	1.09998763174	norm	2345
C	-73	1	355	0.0963888134673	raw	2345
C	-73	1	355	1.20474078834	norm	2345
T	-72	1	1551	0.421124083627	raw	2345
T	-72	1	1551	1.03405286453	norm	2345
A	-72	1	1427	0.38745587836	raw	2345
A	-72	1	1427	0.918896784259	norm	2345
G	-72	1	355	0.0963888134673	raw	2345
G	-72	1	355	1.05825368366	norm	2345
C	-72	1	350	0.0950312245452	raw	2345
C	-72	1	350	1.18777260823	norm	2345
T	-71	1	1489	0.404289980994	raw	2345
T	-71	1	1489	0.992717417978	norm	2345
A	-71	1	1478	0.401303285365	raw	2345
A	-71	1	1478	0.951737524271	norm	2345
G	-71	1	378	0.102633722509	raw	2345
G	-71	1	378	1.12681659837	norm	2345
C	-71	1	338	0.0917730111322	raw	2345
C	-71	1	338	1.14704897594	norm	2345
A	-70	1	1595	0.433070866142	raw	2345
A	-70	1	1595	1.02707804548	norm	2345
T	-70	1	1479	0.40157480315	raw	2345
T	-70	1	1479	0.98605041047	norm	2345
C	-70	1	342	0.0928590822699	raw	2345
C	-70	1	342	1.16062352004	norm	2345
G	-70	1	267	0.0724952484388	raw	2345
G	-70	1	267	0.795926009961	norm	2345
T	-69	1	1500	0.407276676622	raw	2345
T	-69	1	1500	1.00005112624	norm	2345
A	-69	1	1476	0.400760249796	raw	2345
A	-69	1	1476	0.950449652114	norm	2345
C	-69	1	370	0.100461580234	raw	2345
C	-69	1	370	1.2556453287	norm	2345
G	-69	1	337	0.0915014933478	raw	2345
G	-69	1	337	1.0045957504	norm	2345
T	-68	1	1506	0.408905783329	raw	2345
T	-68	1	1506	1.00405133074	norm	2345
A	-68	1	1446	0.392614716264	raw	2345
A	-68	1	1446	0.931131569754	norm	2345
C	-68	1	384	0.104262829215	raw	2345
C	-68	1	384	1.30315623303	norm	2345
G	-68	1	347	0.094216671192	raw	2345
G	-68	1	347	1.03440571332	norm	2345
T	-67	1	1520	0.412707032311	raw	2345
T	-67	1	1520	1.01338514125	norm	2345
A	-67	1	1448	0.393157751833	raw	2345
A	-67	1	1448	0.932419441911	norm	2345
C	-67	1	411	0.111593809395	raw	2345
C	-67	1	411	1.39478440566	norm	2345
G	-67	1	304	0.0825414064621	raw	2345
G	-67	1	304	0.906222872765	norm	2345
T	-66	1	1478	0.401303285365	raw	2345
T	-66	1	1478	0.985383709719	norm	2345
A	-66	1	1399	0.379853380396	raw	2345
A	-66	1	1399	0.900866574056	norm	2345
G	-66	1	433	0.117567200652	raw	2345
G	-66	1	433	1.29077139443	norm	2345
C	-66	1	373	0.101276133587	raw	2345
C	-66	1	373	1.26582623677	norm	2345
A	-65	1	1498	0.406733641053	raw	2345
A	-65	1	1498	0.964616245844	norm	2345
T	-65	1	1401	0.380396415965	raw	2345
T	-65	1	1401	0.934047751905	norm	2345
G	-65	1	437	0.118653271789	raw	2345
G	-65	1	437	1.3026953796	norm	2345
C	-65	1	347	0.094216671192	raw	2345
C	-65	1	347	1.17759170016	norm	2345
A	-64	1	1571	0.426554439316	raw	2345
A	-64	1	1571	1.01162357959	norm	2345
T	-64	1	1509	0.409720336682	raw	2345
T	-64	1	1509	1.00605143299	norm	2345
C	-64	1	336	0.0912299755634	raw	2345
C	-64	1	336	1.1402617039	norm	2345
G	-64	1	267	0.0724952484388	raw	2345
G	-64	1	267	0.795926009961	norm	2345
T	-63	1	1498	0.406733641053	raw	2345
T	-63	1	1498	0.998717724735	norm	2345
A	-63	1	1443	0.391800162911	raw	2345
A	-63	1	1443	0.929199761518	norm	2345
C	-63	1	387	0.105077382569	raw	2345
C	-63	1	387	1.3133371411	norm	2345
G	-63	1	355	0.0963888134673	raw	2345
G	-63	1	355	1.05825368366	norm	2345
T	-62	1	1508	0.409448818898	raw	2345
T	-62	1	1508	1.00538473224	norm	2345
A	-62	1	1462	0.396959000815	raw	2345
A	-62	1	1462	0.941434547012	norm	2345
C	-62	1	391	0.106163453706	raw	2345
C	-62	1	391	1.32691168519	norm	2345
G	-62	1	322	0.0874287265816	raw	2345
G	-62	1	322	0.959880806021	norm	2345
A	-61	1	1530	0.415422210155	raw	2345
A	-61	1	1530	0.985222200362	norm	2345
T	-61	1	1451	0.393972305186	raw	2345
T	-61	1	1451	0.967382789446	norm	2345
C	-61	1	367	0.0996470268803	raw	2345
C	-61	1	367	1.24546442063	norm	2345
G	-61	1	335	0.090958457779	raw	2345
G	-61	1	335	0.998633757817	norm	2345
T	-60	1	1566	0.425196850394	raw	2345
T	-60	1	1566	1.04405337579	norm	2345
A	-60	1	1335	0.362476242194	raw	2345
A	-60	1	1335	0.859654665022	norm	2345
C	-60	1	453	0.12299755634	raw	2345
C	-60	1	453	1.53731711865	norm	2345
G	-60	1	329	0.0893293510725	raw	2345
G	-60	1	329	0.980747780065	norm	2345
A	-59	1	1504	0.40836274776	raw	2345
A	-59	1	1504	0.968479862316	norm	2345
T	-59	1	1496	0.406190605485	raw	2345
T	-59	1	1496	0.997384323234	norm	2345
C	-59	1	342	0.0928590822699	raw	2345
C	-59	1	342	1.16062352004	norm	2345
G	-59	1	341	0.0925875644855	raw	2345
G	-59	1	341	1.01651973557	norm	2345
T	-58	1	1644	0.446375237578	raw	2345
T	-58	1	1644	1.09605603436	norm	2345
A	-58	1	1340	0.363833831116	raw	2345
A	-58	1	1340	0.862874345415	norm	2345
C	-58	1	354	0.0961172956829	raw	2345
C	-58	1	354	1.20134715232	norm	2345
G	-58	1	345	0.0936736356231	raw	2345
G	-58	1	345	1.02844372074	norm	2345
T	-57	1	1467	0.398316589737	raw	2345
T	-57	1	1467	0.97805000146	norm	2345
A	-57	1	1407	0.382025522672	raw	2345
A	-57	1	1407	0.906018062686	norm	2345
C	-57	1	434	0.117838718436	raw	2345
C	-57	1	434	1.4728380342	norm	2345
G	-57	1	375	0.101819169156	raw	2345
G	-57	1	375	1.1178736095	norm	2345
T	-56	1	1515	0.411349443389	raw	2345
T	-56	1	1515	1.0100516375	norm	2345
A	-56	1	1422	0.386098289438	raw	2345
A	-56	1	1422	0.915677103866	norm	2345
C	-56	1	381	0.103448275862	raw	2345
C	-56	1	381	1.29297532496	norm	2345
G	-56	1	365	0.0991039913114	raw	2345
G	-56	1	365	1.08806364658	norm	2345
T	-55	1	1505	0.408634265544	raw	2345
T	-55	1	1505	1.00338462999	norm	2345
A	-55	1	1438	0.390442573989	raw	2345
A	-55	1	1438	0.925980081124	norm	2345
C	-55	1	405	0.109964702688	raw	2345
C	-55	1	405	1.37442258952	norm	2345
G	-55	1	335	0.090958457779	raw	2345
G	-55	1	335	0.998633757817	norm	2345
A	-54	1	1485	0.403203909856	raw	2345
A	-54	1	1485	0.956245076822	norm	2345
T	-54	1	1430	0.388270431713	raw	2345
T	-54	1	1430	0.953382073679	norm	2345
G	-54	1	407	0.110507738257	raw	2345
G	-54	1	407	1.21326549084	norm	2345
C	-54	1	361	0.0980179201738	raw	2345
C	-54	1	361	1.22510260449	norm	2345
T	-53	1	1515	0.411349443389	raw	2345
T	-53	1	1515	1.0100516375	norm	2345
A	-53	1	1447	0.392886234048	raw	2345
A	-53	1	1447	0.931775505832	norm	2345
G	-53	1	363	0.0985609557426	raw	2345
G	-53	1	363	1.08210165399	norm	2345
C	-53	1	358	0.0972033668205	raw	2345
C	-53	1	358	1.21492169642	norm	2345
A	-52	1	1558	0.423024708118	raw	2345
A	-52	1	1558	1.00325241056	norm	2345
T	-52	1	1466	0.398045071952	raw	2345
T	-52	1	1466	0.977383300709	norm	2345
C	-52	1	351	0.0953027423296	raw	2345
C	-52	1	351	1.19116624425	norm	2345
G	-52	1	308	0.0836274775998	raw	2345
G	-52	1	308	0.918146857933	norm	2345
A	-51	1	1458	0.395872929677	raw	2345
A	-51	1	1458	0.938858802698	norm	2345
T	-51	1	1440	0.390985609557	raw	2345
T	-51	1	1440	0.960049081187	norm	2345
C	-51	1	395	0.107249524844	raw	2345
C	-51	1	395	1.34048622928	norm	2345
G	-51	1	390	0.105891935922	raw	2345
G	-51	1	390	1.16258855388	norm	2345
T	-50	1	1535	0.416779799077	raw	2345
T	-50	1	1535	1.02338565252	norm	2345
A	-50	1	1412	0.383383111594	raw	2345
A	-50	1	1412	0.909237743079	norm	2345
G	-50	1	389	0.105620418137	raw	2345
G	-50	1	389	1.15960755758	norm	2345
C	-50	1	347	0.094216671192	raw	2345
C	-50	1	347	1.17759170016	norm	2345
A	-49	1	1531	0.415693727939	raw	2345
A	-49	1	1531	0.985866136441	norm	2345
T	-49	1	1495	0.4059190877	raw	2345
T	-49	1	1495	0.996717622483	norm	2345
C	-49	1	339	0.0920445289166	raw	2345
C	-49	1	339	1.15044261197	norm	2345
G	-49	1	318	0.0863426554439	raw	2345
G	-49	1	318	0.947956820853	norm	2345
T	-48	1	1477	0.401031767581	raw	2345
T	-48	1	1477	0.984717008968	norm	2345
A	-48	1	1405	0.381482487103	raw	2345
A	-48	1	1405	0.904730190528	norm	2345
C	-48	1	459	0.124626663046	raw	2345
C	-48	1	459	1.55767893479	norm	2345
G	-48	1	342	0.0928590822699	raw	2345
G	-48	1	342	1.01950073186	norm	2345
T	-47	1	1507	0.409177301113	raw	2345
T	-47	1	1507	1.00471803149	norm	2345
A	-47	1	1478	0.401303285365	raw	2345
A	-47	1	1478	0.951737524271	norm	2345
G	-47	1	363	0.0985609557426	raw	2345
G	-47	1	363	1.08210165399	norm	2345
C	-47	1	335	0.090958457779	raw	2345
C	-47	1	335	1.13686806787	norm	2345
T	-46	1	1515	0.411349443389	raw	2345
T	-46	1	1515	1.0100516375	norm	2345
A	-46	1	1424	0.386641325007	raw	2345
A	-46	1	1424	0.916964976023	norm	2345
G	-46	1	384	0.104262829215	raw	2345
G	-46	1	384	1.14470257612	norm	2345
C	-46	1	360	0.0977464023894	raw	2345
C	-46	1	360	1.22170896846	norm	2345
A	-45	1	1481	0.402117838718	raw	2345
A	-45	1	1481	0.953669332507	norm	2345
T	-45	1	1478	0.401303285365	raw	2345
T	-45	1	1478	0.985383709719	norm	2345
C	-45	1	393	0.106706489275	raw	2345
C	-45	1	393	1.33369895724	norm	2345
G	-45	1	331	0.0898723866413	raw	2345
G	-45	1	331	0.986709772649	norm	2345
T	-44	1	1486	0.403475427641	raw	2345
T	-44	1	1486	0.990717315725	norm	2345
A	-44	1	1431	0.388541949498	raw	2345
A	-44	1	1431	0.921472528574	norm	2345
C	-44	1	426	0.115666576161	raw	2345
C	-44	1	426	1.44568894601	norm	2345
G	-44	1	340	0.0923160467011	raw	2345
G	-44	1	340	1.01353873928	norm	2345
T	-43	1	1483	0.402660874287	raw	2345
T	-43	1	1483	0.988717213473	norm	2345
A	-43	1	1468	0.398588107521	raw	2345
A	-43	1	1468	0.945298163484	norm	2345
C	-43	1	375	0.101819169156	raw	2345
C	-43	1	375	1.27261350881	norm	2345
G	-43	1	357	0.0969318490361	raw	2345
G	-43	1	357	1.06421567624	norm	2345
T	-42	1	1501	0.407548194407	raw	2345
T	-42	1	1501	1.00071782699	norm	2345
A	-42	1	1390	0.377409720337	raw	2345
A	-42	1	1390	0.895071149348	norm	2345
C	-42	1	435	0.11811023622	raw	2345
C	-42	1	435	1.47623167022	norm	2345
G	-42	1	357	0.0969318490361	raw	2345
G	-42	1	357	1.06421567624	norm	2345
A	-41	1	1503	0.408091229976	raw	2345
A	-41	1	1503	0.967835926238	norm	2345
T	-41	1	1479	0.40157480315	raw	2345
T	-41	1	1479	0.98605041047	norm	2345
C	-41	1	377	0.102362204724	raw	2345
C	-41	1	377	1.27940078086	norm	2345
G	-41	1	324	0.0879717621504	raw	2345
G	-41	1	324	0.965842798605	norm	2345
A	-40	1	1495	0.4059190877	raw	2345
A	-40	1	1495	0.962684437608	norm	2345
T	-40	1	1432	0.388813467282	raw	2345
T	-40	1	1432	0.954715475181	norm	2345
C	-40	1	395	0.107249524844	raw	2345
C	-40	1	395	1.34048622928	norm	2345
G	-40	1	361	0.0980179201738	raw	2345
G	-40	1	361	1.07613966141	norm	2345
A	-39	1	1460	0.396415965246	raw	2345
A	-39	1	1460	0.940146674855	norm	2345
T	-39	1	1456	0.395329894108	raw	2345
T	-39	1	1456	0.970716293201	norm	2345
G	-39	1	409	0.111050773826	raw	2345
G	-39	1	409	1.21922748342	norm	2345
C	-39	1	358	0.0972033668205	raw	2345
C	-39	1	358	1.21492169642	norm	2345
A	-38	1	1457	0.395601411892	raw	2345
A	-38	1	1457	0.938214866619	norm	2345
T	-38	1	1444	0.392071680695	raw	2345
T	-38	1	1444	0.962715884191	norm	2345
C	-38	1	401	0.10887863155	raw	2345
C	-38	1	401	1.36084804543	norm	2345
G	-38	1	381	0.103448275862	raw	2345
G	-38	1	381	1.13575958725	norm	2345
T	-37	1	1573	0.427097474885	raw	2345
T	-37	1	1573	1.04872028105	norm	2345
A	-37	1	1357	0.368449633451	raw	2345
A	-37	1	1357	0.873821258752	norm	2345
C	-37	1	406	0.110236220472	raw	2345
C	-37	1	406	1.37781622554	norm	2345
G	-37	1	347	0.094216671192	raw	2345
G	-37	1	347	1.03440571332	norm	2345
A	-36	1	1442	0.391528645126	raw	2345
A	-36	1	1442	0.928555825439	norm	2345
T	-36	1	1414	0.383926147163	raw	2345
T	-36	1	1414	0.942714861666	norm	2345
G	-36	1	439	0.119196307358	raw	2345
G	-36	1	439	1.30865737218	norm	2345
C	-36	1	388	0.105348900353	raw	2345
C	-36	1	388	1.31673077712	norm	2345
A	-35	1	1515	0.411349443389	raw	2345
A	-35	1	1515	0.975563159182	norm	2345
T	-35	1	1448	0.393157751833	raw	2345
T	-35	1	1448	0.965382687194	norm	2345
C	-35	1	371	0.100733098018	raw	2345
C	-35	1	371	1.25903896472	norm	2345
G	-35	1	349	0.0947597067608	raw	2345
G	-35	1	349	1.0403677059	norm	2345
T	-34	1	1468	0.398588107521	raw	2345
T	-34	1	1468	0.97871670221	norm	2345
A	-34	1	1445	0.39234319848	raw	2345
A	-34	1	1445	0.930487633675	norm	2345
C	-34	1	417	0.113222916101	raw	2345
C	-34	1	417	1.4151462218	norm	2345
G	-34	1	353	0.0958457778985	raw	2345
G	-34	1	353	1.05229169107	norm	2345
T	-33	1	1442	0.391528645126	raw	2345
T	-33	1	1442	0.961382482689	norm	2345
A	-33	1	1355	0.367906597882	raw	2345
A	-33	1	1355	0.872533386595	norm	2345
G	-33	1	445	0.120825414065	raw	2345
G	-33	1	445	1.32654334994	norm	2345
C	-33	1	441	0.119739342927	raw	2345
C	-33	1	441	1.49659348637	norm	2345
T	-32	1	1441	0.391257127342	raw	2345
T	-32	1	1441	0.960715781938	norm	2345
A	-32	1	1414	0.383926147163	raw	2345
A	-32	1	1414	0.910525615236	norm	2345
G	-32	1	425	0.115395058376	raw	2345
G	-32	1	425	1.2669234241	norm	2345
C	-32	1	403	0.109421667119	raw	2345
C	-32	1	403	1.36763531747	norm	2345
A	-31	1	1495	0.4059190877	raw	2345
A	-31	1	1495	0.962684437608	norm	2345
T	-31	1	1366	0.370893293511	raw	2345
T	-31	1	1366	0.910713225626	norm	2345
C	-31	1	414	0.112408362748	raw	2345
C	-31	1	414	1.40496531373	norm	2345
G	-31	1	408	0.110779256041	raw	2345
G	-31	1	408	1.21624648713	norm	2345
A	-30	1	1483	0.402660874287	raw	2345
A	-30	1	1483	0.954957204664	norm	2345
T	-30	1	1352	0.367092044529	raw	2345
T	-30	1	1352	0.901379415115	norm	2345
G	-30	1	432	0.117295682867	raw	2345
G	-30	1	432	1.28779039814	norm	2345
C	-30	1	416	0.112951398317	raw	2345
C	-30	1	416	1.41175258578	norm	2345
T	-29	1	1526	0.414336139017	raw	2345
T	-29	1	1526	1.01738534576	norm	2345
A	-29	1	1425	0.386912842791	raw	2345
A	-29	1	1425	0.917608912102	norm	2345
C	-29	1	379	0.102905240293	raw	2345
C	-29	1	379	1.28618805291	norm	2345
G	-29	1	353	0.0958457778985	raw	2345
G	-29	1	353	1.05229169107	norm	2345
T	-28	1	1482	0.402389356503	raw	2345
T	-28	1	1482	0.988050512722	norm	2345
A	-28	1	1462	0.396959000815	raw	2345
A	-28	1	1462	0.941434547012	norm	2345
C	-28	1	415	0.112679880532	raw	2345
C	-28	1	415	1.40835894975	norm	2345
G	-28	1	324	0.0879717621504	raw	2345
G	-28	1	324	0.965842798605	norm	2345
A	-27	1	1467	0.398316589737	raw	2345
A	-27	1	1467	0.944654227406	norm	2345
T	-27	1	1311	0.355959815368	raw	2345
T	-27	1	1311	0.874044684331	norm	2345
C	-27	1	472	0.128156394244	raw	2345
C	-27	1	472	1.60179620309	norm	2345
G	-27	1	433	0.117567200652	raw	2345
G	-27	1	433	1.29077139443	norm	2345
T	-26	1	1449	0.393429269617	raw	2345
T	-26	1	1449	0.966049387945	norm	2345
A	-26	1	1417	0.384740700516	raw	2345
A	-26	1	1417	0.912457423472	norm	2345
C	-26	1	446	0.121096931849	raw	2345
C	-26	1	446	1.51356166648	norm	2345
G	-26	1	371	0.100733098018	raw	2345
G	-26	1	371	1.10594962433	norm	2345
A	-25	1	1478	0.401303285365	raw	2345
A	-25	1	1478	0.951737524271	norm	2345
T	-25	1	1388	0.376866684768	raw	2345
T	-25	1	1388	0.925380642145	norm	2345
C	-25	1	458	0.124355145262	raw	2345
C	-25	1	458	1.55428529877	norm	2345
G	-25	1	359	0.0974748846049	raw	2345
G	-25	1	359	1.07017766882	norm	2345
A	-24	1	1431	0.388541949498	raw	2345
A	-24	1	1431	0.921472528574	norm	2345
T	-24	1	1341	0.3641053489	raw	2345
T	-24	1	1341	0.894045706856	norm	2345
C	-24	1	459	0.124626663046	raw	2345
C	-24	1	459	1.55767893479	norm	2345
G	-24	1	452	0.122726038556	raw	2345
G	-24	1	452	1.34741032398	norm	2345
T	-23	1	1461	0.39668748303	raw	2345
T	-23	1	1461	0.974049796955	norm	2345
A	-23	1	1435	0.389628020635	raw	2345
A	-23	1	1435	0.924048272888	norm	2345
C	-23	1	404	0.109693184904	raw	2345
C	-23	1	404	1.3710289535	norm	2345
G	-23	1	383	0.103991311431	raw	2345
G	-23	1	383	1.14172157983	norm	2345
T	-22	1	1459	0.396144447461	raw	2345
T	-22	1	1459	0.972716395453	norm	2345
A	-22	1	1372	0.372522400217	raw	2345
A	-22	1	1372	0.883480299932	norm	2345
C	-22	1	462	0.1254412164	raw	2345
C	-22	1	462	1.56785984286	norm	2345
G	-22	1	390	0.105891935922	raw	2345
G	-22	1	390	1.16258855388	norm	2345
T	-21	1	1394	0.378495791474	raw	2345
T	-21	1	1394	0.929380846649	norm	2345
A	-21	1	1375	0.37333695357	raw	2345
A	-21	1	1375	0.885412108168	norm	2345
C	-21	1	486	0.131957643226	raw	2345
C	-21	1	486	1.64930710742	norm	2345
G	-21	1	428	0.11620961173	raw	2345
G	-21	1	428	1.27586641297	norm	2345
A	-20	1	1408	0.382297040456	raw	2345
A	-20	1	1408	0.906661998764	norm	2345
T	-20	1	1389	0.377138202552	raw	2345
T	-20	1	1389	0.926047342895	norm	2345
C	-20	1	457	0.124083627478	raw	2345
C	-20	1	457	1.55089166274	norm	2345
G	-20	1	429	0.116481129514	raw	2345
G	-20	1	429	1.27884740926	norm	2345
A	-19	1	1423	0.386369807222	raw	2345
A	-19	1	1423	0.916321039944	norm	2345
T	-19	1	1370	0.371979364648	raw	2345
T	-19	1	1370	0.91338002863	norm	2345
C	-19	1	488	0.132500678794	raw	2345
C	-19	1	488	1.65609437947	norm	2345
G	-19	1	402	0.109150149335	raw	2345
G	-19	1	402	1.19836050938	norm	2345
T	-18	1	1434	0.389356502851	raw	2345
T	-18	1	1434	0.956048876682	norm	2345
A	-18	1	1293	0.351072495248	raw	2345
A	-18	1	1293	0.832609349718	norm	2345
C	-18	1	546	0.148248710291	raw	2345
C	-18	1	546	1.85292526883	norm	2345
G	-18	1	410	0.11132229161	raw	2345
G	-18	1	410	1.22220847972	norm	2345
T	-17	1	1375	0.37333695357	raw	2345
T	-17	1	1375	0.916713532384	norm	2345
A	-17	1	1337	0.363019277763	raw	2345
A	-17	1	1337	0.860942537179	norm	2345
G	-17	1	486	0.131957643226	raw	2345
G	-17	1	486	1.44876419791	norm	2345
C	-17	1	485	0.131686125441	raw	2345
C	-17	1	485	1.6459134714	norm	2345
T	-16	1	1360	0.369264186804	raw	2345
T	-16	1	1360	0.906713021121	norm	2345
A	-16	1	1331	0.361390171056	raw	2345
A	-16	1	1331	0.857078920707	norm	2345
C	-16	1	551	0.149606299213	raw	2345
C	-16	1	551	1.86989344895	norm	2345
G	-16	1	441	0.119739342927	raw	2345
G	-16	1	441	1.31461936477	norm	2345
T	-15	1	1382	0.375237578061	raw	2345
T	-15	1	1382	0.92138043764	norm	2345
A	-15	1	1327	0.360304099919	raw	2345
A	-15	1	1327	0.854503176392	norm	2345
C	-15	1	535	0.145262014662	raw	2345
C	-15	1	535	1.81559527258	norm	2345
G	-15	1	439	0.119196307358	raw	2345
G	-15	1	439	1.30865737218	norm	2345
A	-14	1	1398	0.379581862612	raw	2345
A	-14	1	1398	0.900222637978	norm	2345
T	-14	1	1318	0.357860439859	raw	2345
T	-14	1	1318	0.878711589587	norm	2345
C	-14	1	522	0.141732283465	raw	2345
C	-14	1	522	1.77147800427	norm	2345
G	-14	1	445	0.120825414065	raw	2345
G	-14	1	445	1.32654334994	norm	2345
A	-13	1	1361	0.369535704589	raw	2345
A	-13	1	1361	0.876397003067	norm	2345
T	-13	1	1333	0.361933206625	raw	2345
T	-13	1	1333	0.888712100849	norm	2345
C	-13	1	540	0.146619603584	raw	2345
C	-13	1	540	1.83256345269	norm	2345
G	-13	1	449	0.121911485202	raw	2345
G	-13	1	449	1.3384673351	norm	2345
T	-12	1	1344	0.364919902254	raw	2345
T	-12	1	1344	0.896045809108	norm	2345
A	-12	1	1292	0.350800977464	raw	2345
A	-12	1	1292	0.831965413639	norm	2345
C	-12	1	595	0.161553081727	raw	2345
C	-12	1	595	2.01921343399	norm	2345
G	-12	1	452	0.122726038556	raw	2345
G	-12	1	452	1.34741032398	norm	2345
T	-11	1	1409	0.382568558241	raw	2345
T	-11	1	1409	0.939381357912	norm	2345
A	-11	1	1270	0.344827586207	raw	2345
A	-11	1	1270	0.817798819908	norm	2345
C	-11	1	571	0.155036654901	raw	2345
C	-11	1	571	1.93776616942	norm	2345
G	-11	1	433	0.117567200652	raw	2345
G	-11	1	433	1.29077139443	norm	2345
T	-10	1	1397	0.379310344828	raw	2345
T	-10	1	1397	0.931380948902	norm	2345
A	-10	1	1318	0.357860439859	raw	2345
A	-10	1	1318	0.848707751684	norm	2345
C	-10	1	529	0.143632907955	raw	2345
C	-10	1	529	1.79523345643	norm	2345
G	-10	1	439	0.119196307358	raw	2345
G	-10	1	439	1.30865737218	norm	2345
T	-9	1	1382	0.375237578061	raw	2345
T	-9	1	1382	0.92138043764	norm	2345
A	-9	1	1316	0.35731740429	raw	2345
A	-9	1	1316	0.847419879527	norm	2345
G	-9	1	519	0.140917730111	raw	2345
G	-9	1	519	1.54713707554	norm	2345
C	-9	1	466	0.126527287537	raw	2345
C	-9	1	466	1.58143438695	norm	2345
T	-8	1	1386	0.376323649199	raw	2345
T	-8	1	1386	0.924047240643	norm	2345
A	-8	1	1298	0.352430084171	raw	2345
A	-8	1	1298	0.835829030111	norm	2345
C	-8	1	508	0.137931034483	raw	2345
C	-8	1	508	1.72396709994	norm	2345
G	-8	1	491	0.133315232148	raw	2345
G	-8	1	491	1.46366917937	norm	2345
T	-7	1	1365	0.370621775726	raw	2345
T	-7	1	1365	0.910046524876	norm	2345
A	-7	1	1223	0.332066250339	raw	2345
A	-7	1	1223	0.787533824211	norm	2345
C	-7	1	564	0.15313603041	raw	2345
C	-7	1	564	1.91401071726	norm	2345
G	-7	1	531	0.144175943524	raw	2345
G	-7	1	531	1.58290903105	norm	2345
T	-6	1	1312	0.356231333152	raw	2345
T	-6	1	1312	0.874711385082	norm	2345
A	-6	1	1218	0.330708661417	raw	2345
A	-6	1	1218	0.784314143817	norm	2345
G	-6	1	590	0.160195492805	raw	2345
G	-6	1	590	1.75878781227	norm	2345
C	-6	1	563	0.152864512626	raw	2345
C	-6	1	563	1.91061708123	norm	2345
T	-5	1	1351	0.366820526745	raw	2345
T	-5	1	1351	0.900712714364	norm	2345
A	-5	1	1306	0.354602226446	raw	2345
A	-5	1	1306	0.84098051874	norm	2345
G	-5	1	525	0.142546836818	raw	2345
G	-5	1	525	1.56502305329	norm	2345
C	-5	1	501	0.136030409992	raw	2345
C	-5	1	501	1.70021164778	norm	2345
A	-4	1	1369	0.371707846864	raw	2345
A	-4	1	1369	0.881548491696	norm	2345
T	-4	1	1263	0.342926961716	raw	2345
T	-4	1	1263	0.842043048291	norm	2345
C	-4	1	571	0.155036654901	raw	2345
C	-4	1	571	1.93776616942	norm	2345
G	-4	1	480	0.130328536519	raw	2345
G	-4	1	480	1.43087822015	norm	2345
T	-3	1	1294	0.351344013033	raw	2345
T	-3	1	1294	0.862710771567	norm	2345
A	-3	1	1293	0.351072495248	raw	2345
A	-3	1	1293	0.832609349718	norm	2345
C	-3	1	566	0.153679065979	raw	2345
C	-3	1	566	1.9207979893	norm	2345
G	-3	1	530	0.14390442574	raw	2345
G	-3	1	530	1.57992803475	norm	2345
T	-2	1	1578	0.428455063807	raw	2345
T	-2	1	1578	1.0520537848	norm	2345
A	-2	1	1125	0.305457507467	raw	2345
A	-2	1	1125	0.724428088501	norm	2345
C	-2	1	520	0.141189247896	raw	2345
C	-2	1	520	1.76469073222	norm	2345
G	-2	1	460	0.124898180831	raw	2345
G	-2	1	460	1.37125829432	norm	2345
T	-1	1	1403	0.380939451534	raw	2345
T	-1	1	1403	0.935381153407	norm	2345
A	-1	1	1204	0.326907412436	raw	2345
A	-1	1	1204	0.775299038716	norm	2345
C	-1	1	610	0.165625848493	raw	2345
C	-1	1	610	2.07011797434	norm	2345
G	-1	1	466	0.126527287537	raw	2345
G	-1	1	466	1.38914427207	norm	2345
C	0	1	1705	0.462937822427	raw	2345
C	0	1	1705	5.78614942008	norm	2345
A	0	1	1049	0.284822155851	raw	2345
A	0	1	1049	0.675488946523	norm	2345
G	0	1	501	0.136030409992	raw	2345
G	0	1	501	1.49347914229	norm	2345
T	0	1	428	0.11620961173	raw	2345
T	0	1	428	0.285347921353	norm	2345
A	1	1	1570	0.426282921531	raw	2345
A	1	1	1570	1.01097964351	norm	2345
T	1	1	1321	0.358674993212	raw	2345
T	1	1	1321	0.880711691839	norm	2345
C	1	1	569	0.154493619332	raw	2345
C	1	1	569	1.93097889737	norm	2345
G	1	1	223	0.0605484659245	raw	2345
G	1	1	223	0.664762173114	norm	2345
T	2	1	1326	0.360032582134	raw	2345
T	2	1	1326	0.884045195593	norm	2345
A	2	1	1271	0.345099103991	raw	2345
A	2	1	1271	0.818442755987	norm	2345
C	2	1	549	0.149063263644	raw	2345
C	2	1	549	1.8631061769	norm	2345
G	2	1	537	0.145805050231	raw	2345
G	2	1	537	1.6007950088	norm	2345
T	3	1	1383	0.375509095846	raw	2345
T	3	1	1383	0.92204713839	norm	2345
A	3	1	1181	0.320662503394	raw	2345
A	3	1	1181	0.760488508907	norm	2345
G	3	1	592	0.160738528374	raw	2345
G	3	1	592	1.76474980486	norm	2345
C	3	1	527	0.143089872387	raw	2345
C	3	1	527	1.78844618439	norm	2345
A	4	1	1380	0.374694542493	raw	2345
A	4	1	1380	0.888631788562	norm	2345
T	4	1	1216	0.330165625848	raw	2345
T	4	1	1216	0.810708113003	norm	2345
G	4	1	587	0.159380939452	raw	2345
G	4	1	587	1.7498448234	norm	2345
C	4	1	500	0.135758892207	raw	2345
C	4	1	500	1.69681801175	norm	2345
A	5	1	1287	0.349443388542	raw	2345
A	5	1	1287	0.828745733246	norm	2345
T	5	1	1243	0.337496606028	raw	2345
T	5	1	1243	0.828709033275	norm	2345
G	5	1	592	0.160738528374	raw	2345
G	5	1	592	1.76474980486	norm	2345
C	5	1	561	0.152321477057	raw	2345
C	5	1	561	1.90382980919	norm	2345
T	6	1	1288	0.349714906326	raw	2345
T	6	1	1288	0.858710567062	norm	2345
A	6	1	1098	0.298126527288	raw	2345
A	6	1	1098	0.707041814377	norm	2345
C	6	1	697	0.189247895737	raw	2345
C	6	1	697	2.36536430838	norm	2345
G	6	1	600	0.162910670649	raw	2345
G	6	1	600	1.78859777519	norm	2345
T	7	1	1364	0.370350257942	raw	2345
T	7	1	1364	0.909379824125	norm	2345
A	7	1	1189	0.322834645669	raw	2345
A	7	1	1189	0.765639997536	norm	2345
C	7	1	600	0.162910670649	raw	2345
C	7	1	600	2.0361816141	norm	2345
G	7	1	530	0.14390442574	raw	2345
G	7	1	530	1.57992803475	norm	2345
T	8	1	1388	0.376866684768	raw	2345
T	8	1	1388	0.925380642145	norm	2345
A	8	1	1138	0.308987238664	raw	2345
A	8	1	1138	0.732799257524	norm	2345
C	8	1	583	0.158294868314	raw	2345
C	8	1	583	1.9784898017	norm	2345
G	8	1	574	0.155851208254	raw	2345
G	8	1	574	1.7110918716	norm	2345
T	9	1	1306	0.354602226446	raw	2345
T	9	1	1306	0.870711180577	norm	2345
A	9	1	1148	0.311702416508	raw	2345
A	9	1	1148	0.739238618311	norm	2345
G	9	1	671	0.182188433342	raw	2345
G	9	1	671	2.00024851192	norm	2345
C	9	1	558	0.151506923704	raw	2345
C	9	1	558	1.89364890112	norm	2345
T	10	1	1335	0.362476242194	raw	2345
T	10	1	1335	0.890045502351	norm	2345
A	10	1	1167	0.316861254412	raw	2345
A	10	1	1167	0.751473403805	norm	2345
C	10	1	616	0.1672549552	raw	2345
C	10	1	616	2.09047979048	norm	2345
G	10	1	565	0.153407548194	raw	2345
G	10	1	565	1.68426290497	norm	2345
T	11	1	1242	0.337225088243	raw	2345
T	11	1	1242	0.828042332524	norm	2345
A	11	1	1201	0.326092859082	raw	2345
A	11	1	1201	0.77336723048	norm	2345
C	11	1	648	0.175943524301	raw	2345
C	11	1	648	2.19907614323	norm	2345
G	11	1	592	0.160738528374	raw	2345
G	11	1	592	1.76474980486	norm	2345
T	12	1	1365	0.370621775726	raw	2345
T	12	1	1365	0.910046524876	norm	2345
A	12	1	1129	0.306543578604	raw	2345
A	12	1	1129	0.727003832816	norm	2345
C	12	1	614	0.166711919631	raw	2345
C	12	1	614	2.08369251843	norm	2345
G	12	1	575	0.156122726039	raw	2345
G	12	1	575	1.71407286789	norm	2345
T	13	1	1401	0.380396415965	raw	2345
T	13	1	1401	0.934047751905	norm	2345
A	13	1	1099	0.298398045072	raw	2345
A	13	1	1099	0.707685750456	norm	2345
G	13	1	629	0.170784686397	raw	2345
G	13	1	629	1.87504666766	norm	2345
C	13	1	554	0.150420852566	raw	2345
C	13	1	554	1.88007435702	norm	2345
T	14	1	1285	0.348900352973	raw	2345
T	14	1	1285	0.85671046481	norm	2345
A	14	1	1168	0.317132772197	raw	2345
A	14	1	1168	0.752117339884	norm	2345
C	14	1	636	0.172685310888	raw	2345
C	14	1	636	2.15835251095	norm	2345
G	14	1	594	0.161281563942	raw	2345
G	14	1	594	1.77071179744	norm	2345
T	15	1	1300	0.352973119739	raw	2345
T	15	1	1300	0.866710976072	norm	2345
A	15	1	1158	0.314417594352	raw	2345
A	15	1	1158	0.745677979097	norm	2345
C	15	1	613	0.166440401846	raw	2345
C	15	1	613	2.08029888241	norm	2345
G	15	1	612	0.166168884062	raw	2345
G	15	1	612	1.8243697307	norm	2345
T	16	1	1262	0.342655443932	raw	2345
T	16	1	1262	0.841376347541	norm	2345
A	16	1	1076	0.29215313603	raw	2345
A	16	1	1076	0.692875220647	norm	2345
G	16	1	757	0.205538962802	raw	2345
G	16	1	757	2.25661419304	norm	2345
C	16	1	588	0.159652457236	raw	2345
C	16	1	588	1.99545798182	norm	2345
T	17	1	1323	0.359218028781	raw	2345
T	17	1	1323	0.882045093341	norm	2345
A	17	1	1218	0.330708661417	raw	2345
A	17	1	1218	0.784314143817	norm	2345
G	17	1	584	0.158566386098	raw	2345
G	17	1	584	1.74090183452	norm	2345
C	17	1	558	0.151506923704	raw	2345
C	17	1	558	1.89364890112	norm	2345
T	18	1	1289	0.349986424111	raw	2345
T	18	1	1289	0.859377267813	norm	2345
A	18	1	1159	0.314689112137	raw	2345
A	18	1	1159	0.746321915176	norm	2345
G	18	1	628	0.170513168613	raw	2345
G	18	1	628	1.87206567137	norm	2345
C	18	1	607	0.16481129514	raw	2345
C	18	1	607	2.05993706627	norm	2345
T	19	1	1302	0.353516155308	raw	2345
T	19	1	1302	0.868044377574	norm	2345
A	19	1	1195	0.324463752376	raw	2345
A	19	1	1195	0.769503614008	norm	2345
C	19	1	638	0.173228346457	raw	2345
C	19	1	638	2.165139783	norm	2345
G	19	1	548	0.148791745859	raw	2345
G	19	1	548	1.63358596801	norm	2345
T	20	1	1333	0.361933206625	raw	2345
T	20	1	1333	0.888712100849	norm	2345
A	20	1	1131	0.307086614173	raw	2345
A	20	1	1131	0.728291704973	norm	2345
C	20	1	627	0.170241650828	raw	2345
C	20	1	627	2.12780978674	norm	2345
G	20	1	592	0.160738528374	raw	2345
G	20	1	592	1.76474980486	norm	2345
T	21	1	1249	0.339125712734	raw	2345
T	21	1	1249	0.83270923778	norm	2345
A	21	1	1167	0.316861254412	raw	2345
A	21	1	1167	0.751473403805	norm	2345
G	21	1	636	0.172685310888	raw	2345
G	21	1	636	1.89591364171	norm	2345
C	21	1	631	0.171327721966	raw	2345
C	21	1	631	2.14138433083	norm	2345
T	22	1	1309	0.355416779799	raw	2345
T	22	1	1309	0.872711282829	norm	2345
A	22	1	1159	0.314689112137	raw	2345
A	22	1	1159	0.746321915176	norm	2345
C	22	1	630	0.171056204181	raw	2345
C	22	1	630	2.13799069481	norm	2345
G	22	1	585	0.158837903883	raw	2345
G	22	1	585	1.74388283081	norm	2345
T	23	1	1403	0.380939451534	raw	2345
T	23	1	1403	0.935381153407	norm	2345
A	23	1	1122	0.304642954113	raw	2345
A	23	1	1122	0.722496280265	norm	2345
C	23	1	601	0.163182188433	raw	2345
C	23	1	601	2.03957525013	norm	2345
G	23	1	557	0.151235405919	raw	2345
G	23	1	557	1.66041493464	norm	2345
T	24	1	1289	0.349986424111	raw	2345
T	24	1	1289	0.859377267813	norm	2345
A	24	1	1128	0.30627206082	raw	2345
A	24	1	1128	0.726359896737	norm	2345
G	24	1	635	0.172413793103	raw	2345
G	24	1	635	1.89293264541	norm	2345
C	24	1	631	0.171327721966	raw	2345
C	24	1	631	2.14138433083	norm	2345
A	25	1	1299	0.352701601955	raw	2345
A	25	1	1299	0.83647296619	norm	2345
T	25	1	1236	0.335595981537	raw	2345
T	25	1	1236	0.824042128019	norm	2345
C	25	1	583	0.158294868314	raw	2345
C	25	1	583	1.9784898017	norm	2345
G	25	1	565	0.153407548194	raw	2345
G	25	1	565	1.68426290497	norm	2345
T	26	1	1449	0.393429269617	raw	2345
T	26	1	1449	0.966049387945	norm	2345
A	26	1	1082	0.293782242737	raw	2345
A	26	1	1082	0.696738837119	norm	2345
C	26	1	578	0.156937279392	raw	2345
C	26	1	578	1.96152162159	norm	2345
G	26	1	574	0.155851208254	raw	2345
G	26	1	574	1.7110918716	norm	2345
T	27	1	1222	0.331794732555	raw	2345
T	27	1	1222	0.814708317508	norm	2345
A	27	1	1201	0.326092859082	raw	2345
A	27	1	1201	0.77336723048	norm	2345
G	27	1	649	0.176215042085	raw	2345
G	27	1	649	1.9346665935	norm	2345
C	27	1	611	0.165897366277	raw	2345
C	27	1	611	2.07351161036	norm	2345
T	28	1	1328	0.360575617703	raw	2345
T	28	1	1328	0.885378597095	norm	2345
A	28	1	1205	0.32717893022	raw	2345
A	28	1	1205	0.775942974795	norm	2345
C	28	1	598	0.16236763508	raw	2345
C	28	1	598	2.02939434206	norm	2345
G	28	1	552	0.149877816997	raw	2345
G	28	1	552	1.64550995318	norm	2345
T	29	1	1371	0.372250882433	raw	2345
T	29	1	1371	0.914046729381	norm	2345
A	29	1	1152	0.312788487646	raw	2345
A	29	1	1152	0.741814362625	norm	2345
G	29	1	587	0.159380939452	raw	2345
G	29	1	587	1.7498448234	norm	2345
C	29	1	573	0.15557969047	raw	2345
C	29	1	573	1.94455344147	norm	2345
T	30	1	1332	0.361661688841	raw	2345
T	30	1	1332	0.888045400098	norm	2345
A	30	1	1236	0.335595981537	raw	2345
A	30	1	1236	0.795904993234	norm	2345
C	30	1	579	0.157208797176	raw	2345
C	30	1	579	1.96491525761	norm	2345
G	30	1	536	0.145533532446	raw	2345
G	30	1	536	1.59781401251	norm	2345
T	31	1	1344	0.364919902254	raw	2345
T	31	1	1344	0.896045809108	norm	2345
A	31	1	1290	0.350257941895	raw	2345
A	31	1	1290	0.830677541482	norm	2345
G	31	1	560	0.152049959272	raw	2345
G	31	1	560	1.66935792351	norm	2345
C	31	1	489	0.132772196579	raw	2345
C	31	1	489	1.65948801549	norm	2345
T	32	1	1326	0.360032582134	raw	2345
T	32	1	1326	0.884045195593	norm	2345
A	32	1	1241	0.336953570459	raw	2345
A	32	1	1241	0.799124673627	norm	2345
C	32	1	567	0.153950583763	raw	2345
C	32	1	567	1.92419162533	norm	2345
G	32	1	549	0.149063263644	raw	2345
G	32	1	549	1.6365669643	norm	2345
T	33	1	1459	0.396144447461	raw	2345
T	33	1	1459	0.972716395453	norm	2345
A	33	1	1164	0.316046701059	raw	2345
A	33	1	1164	0.749541595569	norm	2345
G	33	1	551	0.149606299213	raw	2345
G	33	1	551	1.64252895689	norm	2345
C	33	1	509	0.138202552267	raw	2345
C	33	1	509	1.72736073596	norm	2345
T	34	1	1364	0.370350257942	raw	2345
T	34	1	1364	0.909379824125	norm	2345
A	34	1	1225	0.332609285908	raw	2345
A	34	1	1225	0.788821696368	norm	2345
G	34	1	556	0.150963888135	raw	2345
G	34	1	556	1.65743393835	norm	2345
C	34	1	538	0.146076568015	raw	2345
C	34	1	538	1.82577618065	norm	2345
T	35	1	1482	0.402389356503	raw	2345
T	35	1	1482	0.988050512722	norm	2345
A	35	1	1167	0.316861254412	raw	2345
A	35	1	1167	0.751473403805	norm	2345
G	35	1	537	0.145805050231	raw	2345
G	35	1	537	1.6007950088	norm	2345
C	35	1	497	0.134944338854	raw	2345
C	35	1	497	1.68663710368	norm	2345
T	36	1	1380	0.374694542493	raw	2345
T	36	1	1380	0.920047036138	norm	2345
A	36	1	1200	0.325821341298	raw	2345
A	36	1	1200	0.772723294401	norm	2345
G	36	1	603	0.163725224002	raw	2345
G	36	1	603	1.79754076407	norm	2345
C	36	1	500	0.135758892207	raw	2345
C	36	1	500	1.69681801175	norm	2345
T	37	1	1359	0.36899266902	raw	2345
T	37	1	1359	0.906046320371	norm	2345
A	37	1	1306	0.354602226446	raw	2345
A	37	1	1306	0.84098051874	norm	2345
C	37	1	514	0.139560141189	raw	2345
C	37	1	514	1.74432891608	norm	2345
G	37	1	504	0.136844963345	raw	2345
G	37	1	504	1.50242213116	norm	2345
T	38	1	1428	0.387727396144	raw	2345
T	38	1	1428	0.952048672178	norm	2345
A	38	1	1228	0.333423839261	raw	2345
A	38	1	1228	0.790753504604	norm	2345
C	38	1	554	0.150420852566	raw	2345
C	38	1	554	1.88007435702	norm	2345
G	38	1	473	0.128427912028	raw	2345
G	38	1	473	1.41001124611	norm	2345
T	39	1	1494	0.405647569916	raw	2345
T	39	1	1494	0.996050921732	norm	2345
A	39	1	1243	0.337496606028	raw	2345
A	39	1	1243	0.800412545784	norm	2345
C	39	1	536	0.145533532446	raw	2345
C	39	1	536	1.8189889086	norm	2345
G	39	1	410	0.11132229161	raw	2345
G	39	1	410	1.22220847972	norm	2345
T	40	1	1573	0.427097474885	raw	2345
T	40	1	1573	1.04872028105	norm	2345
A	40	1	1188	0.322563127885	raw	2345
A	40	1	1188	0.764996061457	norm	2345
G	40	1	470	0.127613358675	raw	2345
G	40	1	470	1.40106825724	norm	2345
C	40	1	452	0.122726038556	raw	2345
C	40	1	452	1.53392348262	norm	2345
T	41	1	1455	0.395058376324	raw	2345
T	41	1	1455	0.97004959245	norm	2345
A	41	1	1310	0.355688297583	raw	2345
A	41	1	1310	0.843556263055	norm	2345
G	41	1	479	0.130057018735	raw	2345
G	41	1	479	1.42789722386	norm	2345
C	41	1	439	0.119196307358	raw	2345
C	41	1	439	1.48980621432	norm	2345
T	42	1	1468	0.398588107521	raw	2345
T	42	1	1468	0.97871670221	norm	2345
A	42	1	1327	0.360304099919	raw	2345
A	42	1	1327	0.854503176392	norm	2345
C	42	1	447	0.121368449633	raw	2345
C	42	1	447	1.51695530251	norm	2345
G	42	1	441	0.119739342927	raw	2345
G	42	1	441	1.31461936477	norm	2345
T	43	1	1491	0.404833016563	raw	2345
T	43	1	1491	0.994050819479	norm	2345
A	43	1	1340	0.363833831116	raw	2345
A	43	1	1340	0.862874345415	norm	2345
G	43	1	440	0.119467825143	raw	2345
G	43	1	440	1.31163836848	norm	2345
C	43	1	412	0.111865327179	raw	2345
C	43	1	412	1.39817804168	norm	2345
T	44	1	1521	0.412978550095	raw	2345
T	44	1	1521	1.014051842	norm	2345
A	44	1	1303	0.353787673093	raw	2345
A	44	1	1303	0.839048710504	norm	2345
G	44	1	448	0.121639967418	raw	2345
G	44	1	448	1.33548633881	norm	2345
C	44	1	411	0.111593809395	raw	2345
C	44	1	411	1.39478440566	norm	2345
T	45	1	1556	0.42248167255	raw	2345
T	45	1	1556	1.03738636828	norm	2345
A	45	1	1343	0.364648384469	raw	2345
A	45	1	1343	0.864806153651	norm	2345
C	45	1	401	0.10887863155	raw	2345
C	45	1	401	1.36084804543	norm	2345
G	45	1	383	0.103991311431	raw	2345
G	45	1	383	1.14172157983	norm	2345
T	46	1	1551	0.421124083627	raw	2345
T	46	1	1551	1.03405286453	norm	2345
A	46	1	1366	0.370893293511	raw	2345
A	46	1	1366	0.87961668346	norm	2345
G	46	1	390	0.105891935922	raw	2345
G	46	1	390	1.16258855388	norm	2345
C	46	1	376	0.10209068694	raw	2345
C	46	1	376	1.27600714484	norm	2345
T	47	1	1573	0.427097474885	raw	2345
T	47	1	1573	1.04872028105	norm	2345
A	47	1	1297	0.352158566386	raw	2345
A	47	1	1297	0.835185094032	norm	2345
G	47	1	412	0.111865327179	raw	2345
G	47	1	412	1.2281704723	norm	2345
C	47	1	401	0.10887863155	raw	2345
C	47	1	401	1.36084804543	norm	2345
T	48	1	1421	0.385826771654	raw	2345
T	48	1	1421	0.947381766922	norm	2345
A	48	1	1416	0.384469182731	raw	2345
A	48	1	1416	0.911813487394	norm	2345
G	48	1	440	0.119467825143	raw	2345
G	48	1	440	1.31163836848	norm	2345
C	48	1	406	0.110236220472	raw	2345
C	48	1	406	1.37781622554	norm	2345
T	49	1	1441	0.391257127342	raw	2345
T	49	1	1441	0.960715781938	norm	2345
A	49	1	1411	0.383111593809	raw	2345
A	49	1	1411	0.908593807	norm	2345
C	49	1	430	0.116752647298	raw	2345
C	49	1	430	1.45926349011	norm	2345
G	49	1	401	0.10887863155	raw	2345
G	49	1	401	1.19537951309	norm	2345
T	50	1	1550	0.420852565843	raw	2345
T	50	1	1550	1.03338616378	norm	2345
A	50	1	1283	0.348357317404	raw	2345
A	50	1	1283	0.826169988931	norm	2345
C	50	1	451	0.122454520771	raw	2345
C	50	1	451	1.5305298466	norm	2345
G	50	1	399	0.108335595982	raw	2345
G	50	1	399	1.1894175205	norm	2345
A	51	1	1429	0.387998913929	raw	2345
A	51	1	1429	0.920184656416	norm	2345
T	51	1	1420	0.385555253869	raw	2345
T	51	1	1420	0.946715066171	norm	2345
C	51	1	430	0.116752647298	raw	2345
C	51	1	430	1.45926349011	norm	2345
G	51	1	404	0.109693184904	raw	2345
G	51	1	404	1.20432250196	norm	2345
T	52	1	1457	0.395601411892	raw	2345
T	52	1	1457	0.971382993951	norm	2345
A	52	1	1447	0.392886234048	raw	2345
A	52	1	1447	0.931775505832	norm	2345
G	52	1	409	0.111050773826	raw	2345
G	52	1	409	1.21922748342	norm	2345
C	52	1	370	0.100461580234	raw	2345
C	52	1	370	1.2556453287	norm	2345
T	53	1	1495	0.4059190877	raw	2345
T	53	1	1495	0.996717622483	norm	2345
A	53	1	1440	0.390985609557	raw	2345
A	53	1	1440	0.927267953282	norm	2345
G	53	1	390	0.105891935922	raw	2345
G	53	1	390	1.16258855388	norm	2345
C	53	1	358	0.0972033668205	raw	2345
C	53	1	358	1.21492169642	norm	2345
T	54	1	1478	0.401303285365	raw	2345
T	54	1	1478	0.985383709719	norm	2345
A	54	1	1386	0.376323649199	raw	2345
A	54	1	1386	0.892495405034	norm	2345
G	54	1	412	0.111865327179	raw	2345
G	54	1	412	1.2281704723	norm	2345
C	54	1	407	0.110507738257	raw	2345
C	54	1	407	1.38120986157	norm	2345
T	55	1	1575	0.427640510453	raw	2345
T	55	1	1575	1.05005368255	norm	2345
A	55	1	1403	0.380939451534	raw	2345
A	55	1	1403	0.903442318371	norm	2345
C	55	1	380	0.103176758078	raw	2345
C	55	1	380	1.28958168893	norm	2345
G	55	1	325	0.0882432799348	raw	2345
G	55	1	325	0.968823794897	norm	2345
T	56	1	1513	0.41080640782	raw	2345
T	56	1	1513	1.008718236	norm	2345
A	56	1	1480	0.401846320934	raw	2345
A	56	1	1480	0.953025396428	norm	2345
C	56	1	362	0.0982894379582	raw	2345
C	56	1	362	1.22849624051	norm	2345
G	56	1	328	0.0890578332881	raw	2345
G	56	1	328	0.977766783773	norm	2345
T	57	1	1450	0.393700787402	raw	2345
T	57	1	1450	0.966716088696	norm	2345
A	57	1	1432	0.388813467282	raw	2345
A	57	1	1432	0.922116464652	norm	2345
G	57	1	420	0.114037469454	raw	2345
G	57	1	420	1.25201844264	norm	2345
C	57	1	381	0.103448275862	raw	2345
C	57	1	381	1.29297532496	norm	2345
T	58	1	1561	0.423839261472	raw	2345
T	58	1	1561	1.04071987204	norm	2345
A	58	1	1376	0.373608471355	raw	2345
A	58	1	1376	0.886056044247	norm	2345
C	58	1	383	0.103991311431	raw	2345
C	58	1	383	1.299762597	norm	2345
G	58	1	363	0.0985609557426	raw	2345
G	58	1	363	1.08210165399	norm	2345
T	59	1	1538	0.41759435243	raw	2345
T	59	1	1538	1.02538575477	norm	2345
A	59	1	1401	0.380396415965	raw	2345
A	59	1	1401	0.902154446214	norm	2345
G	59	1	414	0.112408362748	raw	2345
G	59	1	414	1.23413246488	norm	2345
C	59	1	330	0.0896008688569	raw	2345
C	59	1	330	1.11989988776	norm	2345
A	60	1	1484	0.402932392072	raw	2345
A	60	1	1484	0.955601140743	norm	2345
T	60	1	1384	0.37578061363	raw	2345
T	60	1	1384	0.922713839141	norm	2345
G	60	1	447	0.121368449633	raw	2345
G	60	1	447	1.33250534252	norm	2345
C	60	1	368	0.0999185446647	raw	2345
C	60	1	368	1.24885805665	norm	2345
T	61	1	1573	0.427097474885	raw	2345
T	61	1	1573	1.04872028105	norm	2345
A	61	1	1403	0.380939451534	raw	2345
A	61	1	1403	0.903442318371	norm	2345
G	61	1	409	0.111050773826	raw	2345
G	61	1	409	1.21922748342	norm	2345
C	61	1	298	0.0809122997556	raw	2345
C	61	1	298	1.011303535	norm	2345
A	62	1	1543	0.418951941352	raw	2345
A	62	1	1543	0.993593369385	norm	2345
T	62	1	1454	0.394786858539	raw	2345
T	62	1	1454	0.969382891699	norm	2345
G	62	1	375	0.101819169156	raw	2345
G	62	1	375	1.1178736095	norm	2345
C	62	1	311	0.084442030953	raw	2345
C	62	1	311	1.05542080331	norm	2345
T	63	1	1509	0.409720336682	raw	2345
T	63	1	1509	1.00605143299	norm	2345
A	63	1	1462	0.396959000815	raw	2345
A	63	1	1462	0.941434547012	norm	2345
G	63	1	366	0.0993755090958	raw	2345
G	63	1	366	1.09104464287	norm	2345
C	63	1	346	0.0939451534075	raw	2345
C	63	1	346	1.17419806413	norm	2345
T	64	1	1600	0.434428455064	raw	2345
T	64	1	1600	1.06672120132	norm	2345
A	64	1	1450	0.393700787402	raw	2345
A	64	1	1450	0.933707314068	norm	2345
G	64	1	342	0.0928590822699	raw	2345
G	64	1	342	1.01950073186	norm	2345
C	64	1	291	0.0790116752647	raw	2345
C	64	1	291	0.98754808284	norm	2345
T	65	1	1574	0.427368992669	raw	2345
T	65	1	1574	1.0493869818	norm	2345
A	65	1	1463	0.397230518599	raw	2345
A	65	1	1463	0.942078483091	norm	2345
G	65	1	341	0.0925875644855	raw	2345
G	65	1	341	1.01651973557	norm	2345
C	65	1	305	0.0828129242465	raw	2345
C	65	1	305	1.03505898717	norm	2345
T	66	1	1526	0.414336139017	raw	2345
T	66	1	1526	1.01738534576	norm	2345
A	66	1	1523	0.413521585664	raw	2345
A	66	1	1523	0.980714647811	norm	2345
G	66	1	320	0.0868856910128	raw	2345
G	66	1	320	0.953918813437	norm	2345
C	66	1	314	0.0852565843063	raw	2345
C	66	1	314	1.06560171138	norm	2345
A	67	1	1553	0.421667119196	raw	2345
A	67	1	1553	1.00003273017	norm	2345
T	67	1	1471	0.399402660874	raw	2345
T	67	1	1471	0.980716804463	norm	2345
G	67	1	350	0.0950312245452	raw	2345
G	67	1	350	1.0433487022	norm	2345
C	67	1	309	0.0838989953842	raw	2345
C	67	1	309	1.04863353126	norm	2345
T	68	1	1503	0.408091229976	raw	2345
T	68	1	1503	1.00205122849	norm	2345
A	68	1	1485	0.403203909856	raw	2345
A	68	1	1485	0.956245076822	norm	2345
G	68	1	363	0.0985609557426	raw	2345
G	68	1	363	1.08210165399	norm	2345
C	68	1	332	0.0901439044257	raw	2345
C	68	1	332	1.1266871598	norm	2345
A	69	1	1495	0.4059190877	raw	2345
A	69	1	1495	0.962684437608	norm	2345
T	69	1	1468	0.398588107521	raw	2345
T	69	1	1468	0.97871670221	norm	2345
G	69	1	384	0.104262829215	raw	2345
G	69	1	384	1.14470257612	norm	2345
C	69	1	336	0.0912299755634	raw	2345
C	69	1	336	1.1402617039	norm	2345
T	70	1	1489	0.404289980994	raw	2345
T	70	1	1489	0.992717417978	norm	2345
A	70	1	1483	0.402660874287	raw	2345
A	70	1	1483	0.954957204664	norm	2345
C	70	1	372	0.101004615802	raw	2345
C	70	1	372	1.26243260074	norm	2345
G	70	1	339	0.0920445289166	raw	2345
G	70	1	339	1.01055774298	norm	2345
T	71	1	1541	0.418408905783	raw	2345
T	71	1	1541	1.02738585702	norm	2345
A	71	1	1499	0.407005158838	raw	2345
A	71	1	1499	0.965260181923	norm	2345
C	71	1	325	0.0882432799348	raw	2345
C	71	1	325	1.10293170764	norm	2345
G	71	1	318	0.0863426554439	raw	2345
G	71	1	318	0.947956820853	norm	2345
A	72	1	1554	0.421938636981	raw	2345
A	72	1	1554	1.00067666625	norm	2345
T	72	1	1511	0.410263372251	raw	2345
T	72	1	1511	1.0073848345	norm	2345
C	72	1	324	0.0879717621504	raw	2345
C	72	1	324	1.09953807162	norm	2345
G	72	1	294	0.079826228618	raw	2345
G	72	1	294	0.876412909845	norm	2345
T	73	1	1563	0.42438229704	raw	2345
T	73	1	1563	1.04205327354	norm	2345
A	73	1	1483	0.402660874287	raw	2345
A	73	1	1483	0.954957204664	norm	2345
G	73	1	336	0.0912299755634	raw	2345
G	73	1	336	1.00161475411	norm	2345
C	73	1	301	0.0817268531089	raw	2345
C	73	1	301	1.02148444308	norm	2345
T	74	1	1530	0.415422210155	raw	2345
T	74	1	1530	1.02005214876	norm	2345
A	74	1	1520	0.412707032311	raw	2345
A	74	1	1520	0.978782839575	norm	2345
G	74	1	339	0.0920445289166	raw	2345
G	74	1	339	1.01055774298	norm	2345
C	74	1	294	0.079826228618	raw	2345
C	74	1	294	0.997728990911	norm	2345
T	75	1	1504	0.40836274776	raw	2345
T	75	1	1504	1.00271792924	norm	2345
A	75	1	1481	0.402117838718	raw	2345
A	75	1	1481	0.953669332507	norm	2345
C	75	1	350	0.0950312245452	raw	2345
C	75	1	350	1.18777260823	norm	2345
G	75	1	348	0.0944881889764	raw	2345
G	75	1	348	1.03738670961	norm	2345
A	76	1	1572	0.4268259571	raw	2345
A	76	1	1572	1.01226751567	norm	2345
T	76	1	1461	0.39668748303	raw	2345
T	76	1	1461	0.974049796955	norm	2345
G	76	1	383	0.103991311431	raw	2345
G	76	1	383	1.14172157983	norm	2345
C	76	1	267	0.0724952484388	raw	2345
C	76	1	267	0.906100818276	norm	2345
A	77	1	1523	0.413521585664	raw	2345
A	77	1	1523	0.980714647811	norm	2345
T	77	1	1463	0.397230518599	raw	2345
T	77	1	1463	0.975383198456	norm	2345
C	77	1	354	0.0961172956829	raw	2345
C	77	1	354	1.20134715232	norm	2345
G	77	1	343	0.0931306000543	raw	2345
G	77	1	343	1.02248172815	norm	2345
A	78	1	1542	0.418680423568	raw	2345
A	78	1	1542	0.992949433306	norm	2345
T	78	1	1432	0.388813467282	raw	2345
T	78	1	1432	0.954715475181	norm	2345
G	78	1	365	0.0991039913114	raw	2345
G	78	1	365	1.08806364658	norm	2345
C	78	1	344	0.0934021178387	raw	2345
C	78	1	344	1.16741079209	norm	2345
A	79	1	1570	0.426282921531	raw	2345
A	79	1	1570	1.01097964351	norm	2345
T	79	1	1485	0.403203909856	raw	2345
T	79	1	1485	0.990050614975	norm	2345
G	79	1	370	0.100461580234	raw	2345
G	79	1	370	1.10296862804	norm	2345
C	79	1	258	0.070051588379	raw	2345
C	79	1	258	0.875558094064	norm	2345
T	80	1	1530	0.415422210155	raw	2345
T	80	1	1530	1.02005214876	norm	2345
A	80	1	1508	0.409448818898	raw	2345
A	80	1	1508	0.971055606631	norm	2345
G	80	1	334	0.0906869399946	raw	2345
G	80	1	334	0.995652761525	norm	2345
C	80	1	311	0.084442030953	raw	2345
C	80	1	311	1.05542080331	norm	2345
A	81	1	1530	0.415422210155	raw	2345
A	81	1	1530	0.985222200362	norm	2345
T	81	1	1472	0.399674178659	raw	2345
T	81	1	1472	0.981383505214	norm	2345
G	81	1	376	0.10209068694	raw	2345
G	81	1	376	1.12085460579	norm	2345
C	81	1	305	0.0828129242465	raw	2345
C	81	1	305	1.03505898717	norm	2345
A	82	1	1587	0.430898723866	raw	2345
A	82	1	1587	1.02192655685	norm	2345
T	82	1	1437	0.390171056204	raw	2345
T	82	1	1437	0.958048978935	norm	2345
G	82	1	344	0.0934021178387	raw	2345
G	82	1	344	1.02546272444	norm	2345
C	82	1	315	0.0855281020907	raw	2345
C	82	1	315	1.0689953474	norm	2345
T	83	1	1532	0.415965245724	raw	2345
T	83	1	1532	1.02138555026	norm	2345
A	83	1	1470	0.39913114309	raw	2345
A	83	1	1470	0.946586035642	norm	2345
G	83	1	347	0.094216671192	raw	2345
G	83	1	347	1.03440571332	norm	2345
C	83	1	334	0.0906869399946	raw	2345
C	83	1	334	1.13347443185	norm	2345
A	84	1	1527	0.414607656802	raw	2345
A	84	1	1527	0.983290392126	norm	2345
T	84	1	1454	0.394786858539	raw	2345
T	84	1	1454	0.969382891699	norm	2345
G	84	1	368	0.0999185446647	raw	2345
G	84	1	368	1.09700663545	norm	2345
C	84	1	334	0.0906869399946	raw	2345
C	84	1	334	1.13347443185	norm	2345
A	85	1	1567	0.425468368178	raw	2345
A	85	1	1567	1.00904783527	norm	2345
T	85	1	1480	0.401846320934	raw	2345
T	85	1	1480	0.98671711122	norm	2345
G	85	1	378	0.102633722509	raw	2345
G	85	1	378	1.12681659837	norm	2345
C	85	1	258	0.070051588379	raw	2345
C	85	1	258	0.875558094064	norm	2345
T	86	1	1575	0.427640510453	raw	2345
T	86	1	1575	1.05005368255	norm	2345
A	86	1	1510	0.409991854466	raw	2345
A	86	1	1510	0.972343478789	norm	2345
G	86	1	324	0.0879717621504	raw	2345
G	86	1	324	0.965842798605	norm	2345
C	86	1	274	0.0743958729297	raw	2345
C	86	1	274	0.929856270441	norm	2345
A	87	1	1533	0.416236763508	raw	2345
A	87	1	1533	0.987154008598	norm	2345
T	87	1	1457	0.395601411892	raw	2345
T	87	1	1457	0.971382993951	norm	2345
G	87	1	361	0.0980179201738	raw	2345
G	87	1	361	1.07613966141	norm	2345
C	87	1	332	0.0901439044257	raw	2345
C	87	1	332	1.1266871598	norm	2345
A	88	1	1593	0.432527830573	raw	2345
A	88	1	1593	1.02579017332	norm	2345
T	88	1	1511	0.410263372251	raw	2345
T	88	1	1511	1.0073848345	norm	2345
G	88	1	312	0.0847135487374	raw	2345
G	88	1	312	0.930070843101	norm	2345
C	88	1	267	0.0724952484388	raw	2345
C	88	1	267	0.906100818276	norm	2345
T	89	1	1525	0.414064621233	raw	2345
T	89	1	1525	1.01671864501	norm	2345
A	89	1	1520	0.412707032311	raw	2345
A	89	1	1520	0.978782839575	norm	2345
C	89	1	332	0.0901439044257	raw	2345
C	89	1	332	1.1266871598	norm	2345
G	89	1	306	0.083084442031	raw	2345
G	89	1	306	0.912184865349	norm	2345
T	90	1	1542	0.418680423568	raw	2345
T	90	1	1542	1.02805255777	norm	2345
A	90	1	1434	0.389356502851	raw	2345
A	90	1	1434	0.92340433681	norm	2345
C	90	1	365	0.0991039913114	raw	2345
C	90	1	365	1.23867714858	norm	2345
G	90	1	342	0.0928590822699	raw	2345
G	90	1	342	1.01950073186	norm	2345
T	91	1	1567	0.425468368178	raw	2345
T	91	1	1567	1.04472007654	norm	2345
A	91	1	1526	0.414336139017	raw	2345
A	91	1	1526	0.982646456047	norm	2345
G	91	1	342	0.0928590822699	raw	2345
G	91	1	342	1.01950073186	norm	2345
C	91	1	248	0.0673364105349	raw	2345
C	91	1	248	0.841621733829	norm	2345
A	92	1	1553	0.421667119196	raw	2345
A	92	1	1553	1.00003273017	norm	2345
T	92	1	1503	0.408091229976	raw	2345
T	92	1	1503	1.00205122849	norm	2345
G	92	1	334	0.0906869399946	raw	2345
G	92	1	334	0.995652761525	norm	2345
C	92	1	293	0.0795547108336	raw	2345
C	92	1	293	0.994335354887	norm	2345
T	93	1	1480	0.401846320934	raw	2345
T	93	1	1480	0.98671711122	norm	2345
A	93	1	1458	0.395872929677	raw	2345
A	93	1	1458	0.938858802698	norm	2345
G	93	1	393	0.106706489275	raw	2345
G	93	1	393	1.17153154275	norm	2345
C	93	1	352	0.095574260114	raw	2345
C	93	1	352	1.19455988027	norm	2345
T	94	1	1541	0.418408905783	raw	2345
T	94	1	1541	1.02738585702	norm	2345
A	94	1	1507	0.409177301113	raw	2345
A	94	1	1507	0.970411670552	norm	2345
G	94	1	359	0.0974748846049	raw	2345
G	94	1	359	1.07017766882	norm	2345
C	94	1	276	0.0749389084985	raw	2345
C	94	1	276	0.936643542488	norm	2345
A	95	1	1632	0.443117024165	raw	2345
A	95	1	1632	1.05090368039	norm	2345
T	95	1	1456	0.395329894108	raw	2345
T	95	1	1456	0.970716293201	norm	2345
C	95	1	310	0.0841705131686	raw	2345
C	95	1	310	1.05202716729	norm	2345
G	95	1	285	0.0773825685582	raw	2345
G	95	1	285	0.849583943217	norm	2345
T	96	1	1497	0.406462123269	raw	2345
T	96	1	1497	0.998051023984	norm	2345
A	96	1	1405	0.381482487103	raw	2345
A	96	1	1405	0.904730190528	norm	2345
G	96	1	442	0.120010860711	raw	2345
G	96	1	442	1.31760036106	norm	2345
C	96	1	339	0.0920445289166	raw	2345
C	96	1	339	1.15044261197	norm	2345
A	97	1	1587	0.430898723866	raw	2345
A	97	1	1587	1.02192655685	norm	2345
T	97	1	1396	0.379038827043	raw	2345
T	97	1	1396	0.930714248151	norm	2345
G	97	1	354	0.0961172956829	raw	2345
G	97	1	354	1.05527268736	norm	2345
C	97	1	346	0.0939451534075	raw	2345
C	97	1	346	1.17419806413	norm	2345
T	98	1	1589	0.431441759435	raw	2345
T	98	1	1589	1.05938749306	norm	2345
A	98	1	1487	0.403746945425	raw	2345
A	98	1	1487	0.957532948979	norm	2345
G	98	1	331	0.0898723866413	raw	2345
G	98	1	331	0.986709772649	norm	2345
C	98	1	276	0.0749389084985	raw	2345
C	98	1	276	0.936643542488	norm	2345
A	99	1	1546	0.419766494705	raw	2345
A	99	1	1546	0.995525177621	norm	2345
T	99	1	1479	0.40157480315	raw	2345
T	99	1	1479	0.98605041047	norm	2345
C	99	1	336	0.0912299755634	raw	2345
C	99	1	336	1.1402617039	norm	2345
G	99	1	322	0.0874287265816	raw	2345
G	99	1	322	0.959880806021	norm	2345
A	100	1	1540	0.418137387999	raw	2345
A	100	1	1540	0.991661561149	norm	2345
T	100	1	1495	0.4059190877	raw	2345
T	100	1	1495	0.996717622483	norm	2345
G	100	1	365	0.0991039913114	raw	2345
G	100	1	365	1.08806364658	norm	2345
C	100	1	283	0.0768395329894	raw	2345
C	100	1	283	0.960398994652	norm	2345
