#nuc	offset	region.size	count	freq	norm.freq	total.sites
T	-100	1	1704	0.400564174894	raw	2845
T	-100	1	1704	1.29752438925	norm	2845
A	-100	1	1658	0.389750822755	raw	2845
A	-100	1	1658	1.25807800431	norm	2845
C	-100	1	458	0.107663375646	raw	2845
C	-100	1	458	0.563997727515	norm	2845
G	-100	1	434	0.102021626704	raw	2845
G	-100	1	434	0.535282668655	norm	2845
T	-99	1	1682	0.395392571697	raw	2845
T	-99	1	1682	1.2807723138	norm	2845
A	-99	1	1642	0.385989656794	raw	2845
A	-99	1	1642	1.24593732393	norm	2845
C	-99	1	511	0.120122237894	raw	2845
C	-99	1	511	0.629263840088	norm	2845
G	-99	1	419	0.0984955336154	raw	2845
G	-99	1	419	0.516782115591	norm	2845
A	-98	1	1700	0.399623883404	raw	2845
A	-98	1	1700	1.28994729031	norm	2845
T	-98	1	1638	0.385049365303	raw	2845
T	-98	1	1638	1.2472681629	norm	2845
C	-98	1	494	0.11612599906	raw	2845
C	-98	1	494	0.608329426621	norm	2845
G	-98	1	422	0.0992007522332	raw	2845
G	-98	1	422	0.520482226204	norm	2845
A	-97	1	1691	0.397508227551	raw	2845
A	-97	1	1691	1.2831181576	norm	2845
T	-97	1	1629	0.38293370945	raw	2845
T	-97	1	1629	1.24041504113	norm	2845
G	-97	1	471	0.11071932299	raw	2845
G	-97	1	471	0.580917366213	norm	2845
C	-97	1	463	0.108838740009	raw	2845
C	-97	1	463	0.570154907947	norm	2845
T	-96	1	1750	0.411377527033	raw	2845
T	-96	1	1750	1.33255145609	norm	2845
A	-96	1	1605	0.377291960508	raw	2845
A	-96	1	1605	1.21786200056	norm	2845
C	-96	1	492	0.115655853315	raw	2845
C	-96	1	492	0.605866554449	norm	2845
G	-96	1	407	0.0956746591443	raw	2845
G	-96	1	407	0.50198167314	norm	2845
A	-95	1	1728	0.406205923836	raw	2845
A	-95	1	1728	1.31119348097	norm	2845
T	-95	1	1692	0.397743300423	raw	2845
T	-95	1	1692	1.28838689355	norm	2845
C	-95	1	445	0.104607428303	raw	2845
C	-95	1	445	0.547989058394	norm	2845
G	-95	1	389	0.0914433474377	raw	2845
G	-95	1	389	0.479781009463	norm	2845
T	-94	1	1688	0.396803008933	raw	2845
T	-94	1	1688	1.28534106165	norm	2845
A	-94	1	1685	0.396097790315	raw	2845
A	-94	1	1685	1.27856540245	norm	2845
C	-94	1	506	0.118946873531	raw	2845
C	-94	1	506	0.623106659657	norm	2845
G	-94	1	375	0.0881523272214	raw	2845
G	-94	1	375	0.462513826603	norm	2845
A	-93	1	1664	0.391161259991	raw	2845
A	-93	1	1664	1.26263075946	norm	2845
T	-93	1	1622	0.381288199342	raw	2845
T	-93	1	1622	1.2350848353	norm	2845
C	-93	1	508	0.119417019276	raw	2845
C	-93	1	508	0.625569531829	norm	2845
G	-93	1	460	0.108133521392	raw	2845
G	-93	1	460	0.567350293966	norm	2845
T	-92	1	1715	0.403149976493	raw	2845
T	-92	1	1715	1.30590042697	norm	2845
A	-92	1	1676	0.393982134462	raw	2845
A	-92	1	1676	1.27173626974	norm	2845
C	-92	1	461	0.108368594264	raw	2845
C	-92	1	461	0.567692035774	norm	2845
G	-92	1	402	0.0944992947814	raw	2845
G	-92	1	402	0.495814822119	norm	2845
A	-91	1	1693	0.397978373296	raw	2845
A	-91	1	1693	1.28463574264	norm	2845
T	-91	1	1688	0.396803008933	raw	2845
T	-91	1	1688	1.28534106165	norm	2845
C	-91	1	445	0.104607428303	raw	2845
C	-91	1	445	0.547989058394	norm	2845
G	-91	1	428	0.100611189469	raw	2845
G	-91	1	428	0.52788244743	norm	2845
T	-90	1	1710	0.40197461213	raw	2845
T	-90	1	1710	1.3020931371	norm	2845
A	-90	1	1587	0.373060648801	raw	2845
A	-90	1	1587	1.20420373513	norm	2845
C	-90	1	494	0.11612599906	raw	2845
C	-90	1	494	0.608329426621	norm	2845
G	-90	1	463	0.108838740009	raw	2845
G	-90	1	463	0.571050404579	norm	2845
A	-89	1	1696	0.398683591913	raw	2845
A	-89	1	1696	1.28691212022	norm	2845
T	-89	1	1688	0.396803008933	raw	2845
T	-89	1	1688	1.28534106165	norm	2845
G	-89	1	456	0.107193229901	raw	2845
G	-89	1	456	0.562416813149	norm	2845
C	-89	1	414	0.0973201692525	raw	2845
C	-89	1	414	0.509814539719	norm	2845
T	-88	1	1743	0.409732016925	raw	2845
T	-88	1	1743	1.32722125027	norm	2845
A	-88	1	1575	0.37023977433	raw	2845
A	-88	1	1575	1.19509822485	norm	2845
C	-88	1	493	0.115890926187	raw	2845
C	-88	1	493	0.607097990535	norm	2845
G	-88	1	443	0.104137282558	raw	2845
G	-88	1	443	0.546383000494	norm	2845
A	-87	1	1652	0.38834038552	raw	2845
A	-87	1	1652	1.25352524917	norm	2845
T	-87	1	1628	0.382698636577	raw	2845
T	-87	1	1628	1.23965358315	norm	2845
C	-87	1	492	0.115655853315	raw	2845
C	-87	1	492	0.605866554449	norm	2845
G	-87	1	482	0.113305124589	raw	2845
G	-87	1	482	0.594484438461	norm	2845
T	-86	1	1767	0.415373765867	raw	2845
T	-86	1	1767	1.34549624167	norm	2845
A	-86	1	1651	0.388105312647	raw	2845
A	-86	1	1651	1.25276645665	norm	2845
C	-86	1	431	0.101316408087	raw	2845
C	-86	1	431	0.530748953186	norm	2845
G	-86	1	405	0.0952045133992	raw	2845
G	-86	1	405	0.499514932731	norm	2845
T	-85	1	1691	0.397508227551	raw	2845
T	-85	1	1691	1.28762543557	norm	2845
A	-85	1	1672	0.393041842971	raw	2845
A	-85	1	1672	1.26870109965	norm	2845
C	-85	1	475	0.11165961448	raw	2845
C	-85	1	475	0.584932140982	norm	2845
G	-85	1	416	0.0977903149976	raw	2845
G	-85	1	416	0.513082004978	norm	2845
A	-84	1	1680	0.394922425952	raw	2845
A	-84	1	1680	1.27477143984	norm	2845
T	-84	1	1599	0.375881523272	raw	2845
T	-84	1	1599	1.21757130188	norm	2845
C	-84	1	494	0.11612599906	raw	2845
C	-84	1	494	0.608329426621	norm	2845
G	-84	1	481	0.113070051716	raw	2845
G	-84	1	481	0.593251068256	norm	2845
T	-83	1	1739	0.408791725435	raw	2845
T	-83	1	1739	1.32417541837	norm	2845
A	-83	1	1644	0.386459802539	raw	2845
A	-83	1	1644	1.24745490898	norm	2845
C	-83	1	452	0.106252938411	raw	2845
C	-83	1	452	0.556609110998	norm	2845
G	-83	1	419	0.0984955336154	raw	2845
G	-83	1	419	0.516782115591	norm	2845
A	-82	1	1660	0.3902209685	raw	2845
A	-82	1	1660	1.25959558936	norm	2845
T	-82	1	1641	0.385754583921	raw	2845
T	-82	1	1641	1.24955253683	norm	2845
C	-82	1	488	0.114715561824	raw	2845
C	-82	1	488	0.600940810104	norm	2845
G	-82	1	465	0.109308885755	raw	2845
G	-82	1	465	0.573517144988	norm	2845
T	-81	1	1711	0.402209685002	raw	2845
T	-81	1	1711	1.30285459507	norm	2845
A	-81	1	1601	0.376351669017	raw	2845
A	-81	1	1601	1.21482683046	norm	2845
C	-81	1	477	0.112129760226	raw	2845
C	-81	1	477	0.587395013155	norm	2845
G	-81	1	465	0.109308885755	raw	2845
G	-81	1	465	0.573517144988	norm	2845
A	-80	1	1684	0.395862717442	raw	2845
A	-80	1	1684	1.27780660993	norm	2845
T	-80	1	1671	0.392806770099	raw	2845
T	-80	1	1671	1.27239627608	norm	2845
G	-80	1	501	0.117771509168	raw	2845
G	-80	1	501	0.617918472342	norm	2845
C	-80	1	398	0.093559003291	raw	2845
C	-80	1	398	0.490111562339	norm	2845
T	-79	1	1770	0.416078984485	raw	2845
T	-79	1	1770	1.34778061559	norm	2845
A	-79	1	1634	0.384109073813	raw	2845
A	-79	1	1634	1.23986698375	norm	2845
C	-79	1	426	0.100141043724	raw	2845
C	-79	1	426	0.524591772754	norm	2845
G	-79	1	424	0.0996708979784	raw	2845
G	-79	1	424	0.522948966613	norm	2845
T	-78	1	1704	0.400564174894	raw	2845
T	-78	1	1704	1.29752438925	norm	2845
A	-78	1	1605	0.377291960508	raw	2845
A	-78	1	1605	1.21786200056	norm	2845
C	-78	1	490	0.115185707569	raw	2845
C	-78	1	490	0.603403682276	norm	2845
G	-78	1	455	0.106958157029	raw	2845
G	-78	1	455	0.561183442945	norm	2845
A	-77	1	1724	0.405265632346	raw	2845
A	-77	1	1724	1.30815831088	norm	2845
T	-77	1	1632	0.383638928068	raw	2845
T	-77	1	1632	1.24269941505	norm	2845
C	-77	1	488	0.114715561824	raw	2845
C	-77	1	488	0.600940810104	norm	2845
G	-77	1	410	0.0963798777621	raw	2845
G	-77	1	410	0.505681783753	norm	2845
T	-76	1	1776	0.417489421721	raw	2845
T	-76	1	1776	1.35234936344	norm	2845
A	-76	1	1539	0.361777150917	raw	2845
A	-76	1	1539	1.16778169399	norm	2845
C	-76	1	482	0.113305124589	raw	2845
C	-76	1	482	0.593552193586	norm	2845
G	-76	1	457	0.107428302774	raw	2845
G	-76	1	457	0.563650183354	norm	2845
T	-75	1	1704	0.400564174894	raw	2845
T	-75	1	1704	1.29752438925	norm	2845
A	-75	1	1636	0.384579219558	raw	2845
A	-75	1	1636	1.24138456879	norm	2845
C	-75	1	466	0.109543958627	raw	2845
C	-75	1	466	0.573849216206	norm	2845
G	-75	1	448	0.105312646921	raw	2845
G	-75	1	448	0.552549851515	norm	2845
T	-74	1	1769	0.415843911613	raw	2845
T	-74	1	1769	1.34701915762	norm	2845
A	-74	1	1585	0.372590503056	raw	2845
A	-74	1	1585	1.20268615008	norm	2845
C	-74	1	467	0.1097790315	raw	2845
C	-74	1	467	0.575080652292	norm	2845
G	-74	1	433	0.101786553832	raw	2845
G	-74	1	433	0.534049298451	norm	2845
A	-73	1	1675	0.393747061589	raw	2845
A	-73	1	1675	1.27097747722	norm	2845
T	-73	1	1656	0.38928067701	raw	2845
T	-73	1	1656	1.26097440645	norm	2845
G	-73	1	472	0.110954395863	raw	2845
G	-73	1	472	0.582150736418	norm	2845
C	-73	1	451	0.106017865538	raw	2845
C	-73	1	451	0.555377674911	norm	2845
T	-72	1	1700	0.399623883404	raw	2845
T	-72	1	1700	1.29447855735	norm	2845
A	-72	1	1625	0.38199341796	raw	2845
A	-72	1	1625	1.23303785103	norm	2845
G	-72	1	481	0.113070051716	raw	2845
G	-72	1	481	0.593251068256	norm	2845
C	-72	1	448	0.105312646921	raw	2845
C	-72	1	448	0.551683366653	norm	2845
A	-71	1	1671	0.392806770099	raw	2845
A	-71	1	1671	1.26794230712	norm	2845
T	-71	1	1658	0.389750822755	raw	2845
T	-71	1	1658	1.2624973224	norm	2845
G	-71	1	488	0.114715561824	raw	2845
G	-71	1	488	0.601884659686	norm	2845
C	-71	1	437	0.102726845322	raw	2845
C	-71	1	437	0.538137569704	norm	2845
A	-70	1	1789	0.420545369064	raw	2845
A	-70	1	1789	1.35747982492	norm	2845
T	-70	1	1653	0.388575458392	raw	2845
T	-70	1	1653	1.25869003253	norm	2845
C	-70	1	442	0.103902209685	raw	2845
C	-70	1	442	0.544294750135	norm	2845
G	-70	1	370	0.0869769628585	raw	2845
G	-70	1	370	0.456346975582	norm	2845
T	-69	1	1658	0.389750822755	raw	2845
T	-69	1	1658	1.2624973224	norm	2845
A	-69	1	1656	0.38928067701	raw	2845
A	-69	1	1656	1.25656041927	norm	2845
C	-69	1	487	0.114480488952	raw	2845
C	-69	1	487	0.599709374017	norm	2845
G	-69	1	453	0.106488011283	raw	2845
G	-69	1	453	0.558716702537	norm	2845
T	-68	1	1670	0.392571697226	raw	2845
T	-68	1	1670	1.2716348181	norm	2845
A	-68	1	1610	0.378467324871	raw	2845
A	-68	1	1610	1.22165596318	norm	2845
C	-68	1	501	0.117771509168	raw	2845
C	-68	1	501	0.616949479225	norm	2845
G	-68	1	473	0.111189468735	raw	2845
G	-68	1	473	0.583384106622	norm	2845
T	-67	1	1723	0.405030559473	raw	2845
T	-67	1	1723	1.31199209077	norm	2845
A	-67	1	1597	0.375411377527	raw	2845
A	-67	1	1597	1.21179166037	norm	2845
C	-67	1	517	0.121532675129	raw	2845
C	-67	1	517	0.636652456606	norm	2845
G	-67	1	417	0.0980253878702	raw	2845
G	-67	1	417	0.514315375183	norm	2845
T	-66	1	1652	0.38834038552	raw	2845
T	-66	1	1652	1.25792857455	norm	2845
A	-66	1	1560	0.366713681241	raw	2845
A	-66	1	1560	1.18371633699	norm	2845
G	-66	1	546	0.128349788434	raw	2845
G	-66	1	546	0.673420131534	norm	2845
C	-66	1	496	0.116596144805	raw	2845
C	-66	1	496	0.610792298794	norm	2845
A	-65	1	1674	0.393511988717	raw	2845
A	-65	1	1674	1.27021868469	norm	2845
T	-65	1	1567	0.368359191349	raw	2845
T	-65	1	1567	1.19320464668	norm	2845
G	-65	1	568	0.133521391631	raw	2845
G	-65	1	568	0.700554276028	norm	2845
C	-65	1	445	0.104607428303	raw	2845
C	-65	1	445	0.547989058394	norm	2845
A	-64	1	1765	0.414903620122	raw	2845
A	-64	1	1765	1.33926880435	norm	2845
T	-64	1	1687	0.39656793606	raw	2845
T	-64	1	1687	1.28457960367	norm	2845
C	-64	1	427	0.100376116596	raw	2845
C	-64	1	427	0.525823208841	norm	2845
G	-64	1	375	0.0881523272214	raw	2845
G	-64	1	375	0.462513826603	norm	2845
T	-63	1	1653	0.388575458392	raw	2845
T	-63	1	1653	1.25869003253	norm	2845
A	-63	1	1636	0.384579219558	raw	2845
A	-63	1	1636	1.24138456879	norm	2845
C	-63	1	510	0.119887165021	raw	2845
C	-63	1	510	0.628032404002	norm	2845
G	-63	1	455	0.106958157029	raw	2845
G	-63	1	455	0.561183442945	norm	2845
A	-62	1	1667	0.391866478608	raw	2845
A	-62	1	1667	1.26490713703	norm	2845
T	-62	1	1667	0.391866478608	raw	2845
T	-62	1	1667	1.26935044418	norm	2845
C	-62	1	485	0.114010343206	raw	2845
C	-62	1	485	0.597246501845	norm	2845
G	-62	1	435	0.102256699577	raw	2845
G	-62	1	435	0.53651603886	norm	2845
A	-61	1	1730	0.406676069582	raw	2845
A	-61	1	1730	1.31271106602	norm	2845
T	-61	1	1630	0.383168782323	raw	2845
T	-61	1	1630	1.2411764991	norm	2845
C	-61	1	460	0.108133521392	raw	2845
C	-61	1	460	0.566460599688	norm	2845
G	-61	1	434	0.102021626704	raw	2845
G	-61	1	434	0.535282668655	norm	2845
T	-60	1	1745	0.41020216267	raw	2845
T	-60	1	1745	1.32874416622	norm	2845
A	-60	1	1504	0.353549600376	raw	2845
A	-60	1	1504	1.14122395566	norm	2845
C	-60	1	559	0.131405735778	raw	2845
C	-60	1	559	0.688372772229	norm	2845
G	-60	1	446	0.104842501175	raw	2845
G	-60	1	446	0.550083111107	norm	2845
A	-59	1	1706	0.401034320639	raw	2845
A	-59	1	1706	1.29450004545	norm	2845
T	-59	1	1671	0.392806770099	raw	2845
T	-59	1	1671	1.27239627608	norm	2845
G	-59	1	440	0.10343206394	raw	2845
G	-59	1	440	0.542682889881	norm	2845
C	-59	1	437	0.102726845322	raw	2845
C	-59	1	437	0.538137569704	norm	2845
T	-58	1	1806	0.424541607898	raw	2845
T	-58	1	1806	1.37519310269	norm	2845
A	-58	1	1509	0.354724964739	raw	2845
A	-58	1	1509	1.14501791828	norm	2845
G	-58	1	482	0.113305124589	raw	2845
G	-58	1	482	0.594484438461	norm	2845
C	-58	1	457	0.107428302774	raw	2845
C	-58	1	457	0.562766291429	norm	2845
T	-57	1	1627	0.382463563705	raw	2845
T	-57	1	1627	1.23889212518	norm	2845
A	-57	1	1595	0.374941231782	raw	2845
A	-57	1	1595	1.21027407532	norm	2845
C	-57	1	556	0.13070051716	raw	2845
C	-57	1	556	0.684678463971	norm	2845
G	-57	1	476	0.111894687353	raw	2845
G	-57	1	476	0.587084217235	norm	2845
T	-56	1	1692	0.397743300423	raw	2845
T	-56	1	1692	1.28838689355	norm	2845
A	-56	1	1601	0.376351669017	raw	2845
A	-56	1	1601	1.21482683046	norm	2845
C	-56	1	494	0.11612599906	raw	2845
C	-56	1	494	0.608329426621	norm	2845
G	-56	1	467	0.1097790315	raw	2845
G	-56	1	467	0.575983885396	norm	2845
T	-55	1	1710	0.40197461213	raw	2845
T	-55	1	1710	1.3020931371	norm	2845
A	-55	1	1574	0.370004701457	raw	2845
A	-55	1	1574	1.19433943232	norm	2845
C	-55	1	530	0.124588622473	raw	2845
C	-55	1	530	0.652661125727	norm	2845
G	-55	1	440	0.10343206394	raw	2845
G	-55	1	440	0.542682889881	norm	2845
A	-54	1	1656	0.38928067701	raw	2845
A	-54	1	1656	1.25656041927	norm	2845
T	-54	1	1601	0.376351669017	raw	2845
T	-54	1	1601	1.21909421783	norm	2845
G	-54	1	535	0.125763986836	raw	2845
G	-54	1	535	0.659853059287	norm	2845
C	-54	1	462	0.108603667137	raw	2845
C	-54	1	462	0.56892347186	norm	2845
T	-53	1	1717	0.403620122238	raw	2845
T	-53	1	1717	1.30742334292	norm	2845
A	-53	1	1610	0.378467324871	raw	2845
A	-53	1	1610	1.22165596318	norm	2845
G	-53	1	474	0.111424541608	raw	2845
G	-53	1	474	0.584617476826	norm	2845
C	-53	1	453	0.106488011283	raw	2845
C	-53	1	453	0.557840547084	norm	2845
A	-52	1	1723	0.405030559473	raw	2845
A	-52	1	1723	1.30739951836	norm	2845
T	-52	1	1646	0.386929948284	raw	2845
T	-52	1	1646	1.2533598267	norm	2845
C	-52	1	474	0.111424541608	raw	2845
C	-52	1	474	0.583700704896	norm	2845
G	-52	1	411	0.0966149506347	raw	2845
G	-52	1	411	0.506915153957	norm	2845
A	-51	1	1631	0.383403855195	raw	2845
A	-51	1	1631	1.23759060617	norm	2845
T	-51	1	1614	0.379407616361	raw	2845
T	-51	1	1614	1.22899317151	norm	2845
G	-51	1	505	0.118711800658	raw	2845
G	-51	1	505	0.622851953159	norm	2845
C	-51	1	504	0.118476727786	raw	2845
C	-51	1	504	0.620643787484	norm	2845
T	-50	1	1713	0.402679830748	raw	2845
T	-50	1	1713	1.30437751102	norm	2845
A	-50	1	1582	0.371885284438	raw	2845
A	-50	1	1582	1.20040977251	norm	2845
C	-50	1	480	0.112834978843	raw	2845
C	-50	1	480	0.591089321413	norm	2845
G	-50	1	479	0.112599905971	raw	2845
G	-50	1	479	0.590784327848	norm	2845
A	-49	1	1700	0.399623883404	raw	2845
A	-49	1	1700	1.28994729031	norm	2845
T	-49	1	1662	0.390691114245	raw	2845
T	-49	1	1662	1.2655431543	norm	2845
C	-49	1	463	0.108838740009	raw	2845
C	-49	1	463	0.570154907947	norm	2845
G	-49	1	429	0.100846262341	raw	2845
G	-49	1	429	0.529115817634	norm	2845
T	-48	1	1609	0.378232251998	raw	2845
T	-48	1	1609	1.22518588163	norm	2845
A	-48	1	1590	0.373765867419	raw	2845
A	-48	1	1590	1.2064801127	norm	2845
C	-48	1	572	0.134461683122	raw	2845
C	-48	1	572	0.704381441351	norm	2845
G	-48	1	483	0.113540197461	raw	2845
G	-48	1	483	0.595717808665	norm	2845
T	-47	1	1700	0.399623883404	raw	2845
T	-47	1	1700	1.29447855735	norm	2845
A	-47	1	1648	0.387400094029	raw	2845
A	-47	1	1648	1.25049007908	norm	2845
G	-47	1	465	0.109308885755	raw	2845
G	-47	1	465	0.573517144988	norm	2845
C	-47	1	441	0.103667136812	raw	2845
C	-47	1	441	0.543063314049	norm	2845
T	-46	1	1706	0.401034320639	raw	2845
T	-46	1	1706	1.2990473052	norm	2845
A	-46	1	1595	0.374941231782	raw	2845
A	-46	1	1595	1.21027407532	norm	2845
G	-46	1	477	0.112129760226	raw	2845
G	-46	1	477	0.588317587439	norm	2845
C	-46	1	476	0.111894687353	raw	2845
C	-46	1	476	0.586163577068	norm	2845
T	-45	1	1673	0.393276915844	raw	2845
T	-45	1	1673	1.27391919203	norm	2845
A	-45	1	1645	0.386694875411	raw	2845
A	-45	1	1645	1.24821370151	norm	2845
C	-45	1	485	0.114010343206	raw	2845
C	-45	1	485	0.597246501845	norm	2845
G	-45	1	451	0.106017865538	raw	2845
G	-45	1	451	0.556249962128	norm	2845
T	-44	1	1665	0.391396332863	raw	2845
T	-44	1	1665	1.26782752823	norm	2845
A	-44	1	1600	0.376116596145	raw	2845
A	-44	1	1600	1.21406803794	norm	2845
C	-44	1	544	0.127879642689	raw	2845
C	-44	1	544	0.669901230935	norm	2845
G	-44	1	445	0.104607428303	raw	2845
G	-44	1	445	0.548849740902	norm	2845
T	-43	1	1672	0.393041842971	raw	2845
T	-43	1	1672	1.27315773405	norm	2845
A	-43	1	1661	0.390456041373	raw	2845
A	-43	1	1661	1.26035438189	norm	2845
C	-43	1	470	0.110484250118	raw	2845
C	-43	1	470	0.578774960551	norm	2845
G	-43	1	451	0.106017865538	raw	2845
G	-43	1	451	0.556249962128	norm	2845
T	-42	1	1684	0.395862717442	raw	2845
T	-42	1	1684	1.28229522975	norm	2845
A	-42	1	1558	0.366243535496	raw	2845
A	-42	1	1558	1.18219875194	norm	2845
C	-42	1	542	0.127409496944	raw	2845
C	-42	1	542	0.667438358763	norm	2845
G	-42	1	470	0.110484250118	raw	2845
G	-42	1	470	0.579683996009	norm	2845
T	-41	1	1674	0.393511988717	raw	2845
T	-41	1	1674	1.27468065	norm	2845
A	-41	1	1671	0.392806770099	raw	2845
A	-41	1	1671	1.26794230712	norm	2845
C	-41	1	481	0.113070051716	raw	2845
C	-41	1	481	0.5923207575	norm	2845
G	-41	1	428	0.100611189469	raw	2845
G	-41	1	428	0.52788244743	norm	2845
A	-40	1	1659	0.389985895628	raw	2845
A	-40	1	1659	1.25883679684	norm	2845
T	-40	1	1621	0.381053126469	raw	2845
T	-40	1	1621	1.23432337733	norm	2845
C	-40	1	502	0.11800658204	raw	2845
C	-40	1	502	0.618180915312	norm	2845
G	-40	1	472	0.110954395863	raw	2845
G	-40	1	472	0.582150736418	norm	2845
T	-39	1	1652	0.38834038552	raw	2845
T	-39	1	1652	1.25792857455	norm	2845
A	-39	1	1637	0.384814292431	raw	2845
A	-39	1	1637	1.24214336132	norm	2845
G	-39	1	518	0.121767748002	raw	2845
G	-39	1	518	0.638885765814	norm	2845
C	-39	1	447	0.105077574048	raw	2845
C	-39	1	447	0.550451930566	norm	2845
A	-38	1	1631	0.383403855195	raw	2845
A	-38	1	1631	1.23759060617	norm	2845
T	-38	1	1621	0.381053126469	raw	2845
T	-38	1	1621	1.23432337733	norm	2845
C	-38	1	529	0.1243535496	raw	2845
C	-38	1	529	0.651429689641	norm	2845
G	-38	1	473	0.111189468735	raw	2845
G	-38	1	473	0.583384106622	norm	2845
T	-37	1	1765	0.414903620122	raw	2845
T	-37	1	1765	1.34397332572	norm	2845
A	-37	1	1498	0.352139163141	raw	2845
A	-37	1	1498	1.13667120052	norm	2845
C	-37	1	521	0.12247296662	raw	2845
C	-37	1	521	0.641578200951	norm	2845
G	-37	1	470	0.110484250118	raw	2845
G	-37	1	470	0.579683996009	norm	2845
T	-36	1	1597	0.375411377527	raw	2845
T	-36	1	1597	1.21604838593	norm	2845
A	-36	1	1587	0.373060648801	raw	2845
A	-36	1	1587	1.20420373513	norm	2845
G	-36	1	567	0.133286318759	raw	2845
G	-36	1	567	0.699320905824	norm	2845
C	-36	1	503	0.118241654913	raw	2845
C	-36	1	503	0.619412351398	norm	2845
A	-35	1	1700	0.399623883404	raw	2845
A	-35	1	1700	1.28994729031	norm	2845
T	-35	1	1636	0.384579219558	raw	2845
T	-35	1	1636	1.24574524695	norm	2845
C	-35	1	475	0.11165961448	raw	2845
C	-35	1	475	0.584932140982	norm	2845
G	-35	1	443	0.104137282558	raw	2845
G	-35	1	443	0.546383000494	norm	2845
T	-34	1	1656	0.38928067701	raw	2845
T	-34	1	1656	1.26097440645	norm	2845
A	-34	1	1603	0.376821814763	raw	2845
A	-34	1	1603	1.21634441551	norm	2845
C	-34	1	534	0.125528913963	raw	2845
C	-34	1	534	0.657586870072	norm	2845
G	-34	1	461	0.108368594264	raw	2845
G	-34	1	461	0.568583664171	norm	2845
T	-33	1	1611	0.378702397743	raw	2845
T	-33	1	1611	1.22670879758	norm	2845
A	-33	1	1509	0.354724964739	raw	2845
A	-33	1	1509	1.14501791828	norm	2845
C	-33	1	578	0.135872120357	raw	2845
C	-33	1	578	0.711770057869	norm	2845
G	-33	1	556	0.13070051716	raw	2845
G	-33	1	556	0.685753833577	norm	2845
T	-32	1	1620	0.380818053597	raw	2845
T	-32	1	1620	1.23356191935	norm	2845
A	-32	1	1590	0.373765867419	raw	2845
A	-32	1	1590	1.2064801127	norm	2845
G	-32	1	550	0.129290079925	raw	2845
G	-32	1	550	0.678353612351	norm	2845
C	-32	1	494	0.11612599906	raw	2845
C	-32	1	494	0.608329426621	norm	2845
A	-31	1	1662	0.390691114245	raw	2845
A	-31	1	1662	1.26111317441	norm	2845
T	-31	1	1574	0.370004701457	raw	2845
T	-31	1	1574	1.19853485251	norm	2845
C	-31	1	513	0.120592383639	raw	2845
C	-31	1	513	0.631726712261	norm	2845
G	-31	1	505	0.118711800658	raw	2845
G	-31	1	505	0.622851953159	norm	2845
A	-30	1	1647	0.387165021157	raw	2845
A	-30	1	1647	1.24973128655	norm	2845
T	-30	1	1546	0.363422661025	raw	2845
T	-30	1	1546	1.17721402921	norm	2845
G	-30	1	535	0.125763986836	raw	2845
G	-30	1	535	0.659853059287	norm	2845
C	-30	1	526	0.123648330983	raw	2845
C	-30	1	526	0.647735381382	norm	2845
T	-29	1	1672	0.393041842971	raw	2845
T	-29	1	1672	1.27315773405	norm	2845
A	-29	1	1631	0.383403855195	raw	2845
A	-29	1	1631	1.23759060617	norm	2845
C	-29	1	490	0.115185707569	raw	2845
C	-29	1	490	0.603403682276	norm	2845
G	-29	1	461	0.108368594264	raw	2845
G	-29	1	461	0.568583664171	norm	2845
A	-28	1	1673	0.393276915844	raw	2845
A	-28	1	1673	1.26945989217	norm	2845
T	-28	1	1635	0.384344146685	raw	2845
T	-28	1	1635	1.24498378898	norm	2845
C	-28	1	512	0.120357310766	raw	2845
C	-28	1	512	0.630495276174	norm	2845
G	-28	1	434	0.102021626704	raw	2845
G	-28	1	434	0.535282668655	norm	2845
A	-27	1	1637	0.384814292431	raw	2845
A	-27	1	1637	1.24214336132	norm	2845
T	-27	1	1503	0.353314527504	raw	2845
T	-27	1	1503	1.14447133629	norm	2845
C	-27	1	566	0.133051245886	raw	2845
C	-27	1	566	0.696992824833	norm	2845
G	-27	1	548	0.12881993418	raw	2845
G	-27	1	548	0.675886871943	norm	2845
T	-26	1	1634	0.384109073813	raw	2845
T	-26	1	1634	1.244222331	norm	2845
A	-26	1	1585	0.372590503056	raw	2845
A	-26	1	1585	1.20268615008	norm	2845
C	-26	1	576	0.135401974612	raw	2845
C	-26	1	576	0.709307185696	norm	2845
G	-26	1	459	0.107898448519	raw	2845
G	-26	1	459	0.566116923762	norm	2845
A	-25	1	1677	0.394217207334	raw	2845
A	-25	1	1677	1.27249506226	norm	2845
T	-25	1	1569	0.368829337094	raw	2845
T	-25	1	1569	1.19472756263	norm	2845
C	-25	1	542	0.127409496944	raw	2845
C	-25	1	542	0.667438358763	norm	2845
G	-25	1	466	0.109543958627	raw	2845
G	-25	1	466	0.574750515192	norm	2845
A	-24	1	1616	0.379877762106	raw	2845
A	-24	1	1616	1.22620871832	norm	2845
T	-24	1	1520	0.357310766338	raw	2845
T	-24	1	1520	1.15741612186	norm	2845
C	-24	1	568	0.133521391631	raw	2845
C	-24	1	568	0.699455697006	norm	2845
G	-24	1	550	0.129290079925	raw	2845
G	-24	1	550	0.678353612351	norm	2845
T	-23	1	1654	0.388810531265	raw	2845
T	-23	1	1654	1.2594514905	norm	2845
A	-23	1	1613	0.379172543488	raw	2845
A	-23	1	1613	1.22393234075	norm	2845
C	-23	1	500	0.117536436295	raw	2845
C	-23	1	500	0.615718043139	norm	2845
G	-23	1	487	0.114480488952	raw	2845
G	-23	1	487	0.600651289482	norm	2845
T	-22	1	1664	0.391161259991	raw	2845
T	-22	1	1664	1.26706607025	norm	2845
A	-22	1	1538	0.361542078044	raw	2845
A	-22	1	1538	1.16702290147	norm	2845
C	-22	1	560	0.131640808651	raw	2845
C	-22	1	560	0.689604208316	norm	2845
G	-22	1	492	0.115655853315	raw	2845
G	-22	1	492	0.606818140503	norm	2845
T	-21	1	1601	0.376351669017	raw	2845
T	-21	1	1601	1.21909421783	norm	2845
A	-21	1	1514	0.355900329102	raw	2845
A	-21	1	1514	1.1488118809	norm	2845
C	-21	1	586	0.137752703338	raw	2845
C	-21	1	586	0.721621546559	norm	2845
G	-21	1	553	0.129995298543	raw	2845
G	-21	1	553	0.682053722964	norm	2845
A	-20	1	1603	0.376821814763	raw	2845
A	-20	1	1603	1.21634441551	norm	2845
T	-20	1	1578	0.370944992948	raw	2845
T	-20	1	1578	1.20158068441	norm	2845
C	-20	1	546	0.128349788434	raw	2845
C	-20	1	546	0.672364103108	norm	2845
G	-20	1	527	0.123883403855	raw	2845
G	-20	1	527	0.649986097653	norm	2845
A	-19	1	1623	0.381523272214	raw	2845
A	-19	1	1623	1.23152026598	norm	2845
T	-19	1	1544	0.36295251528	raw	2845
T	-19	1	1544	1.17569111326	norm	2845
C	-19	1	575	0.13516690174	raw	2845
C	-19	1	575	0.70807574961	norm	2845
G	-19	1	512	0.120357310766	raw	2845
G	-19	1	512	0.631485544589	norm	2845
T	-18	1	1602	0.37658674189	raw	2845
T	-18	1	1602	1.21985567581	norm	2845
A	-18	1	1471	0.345792195581	raw	2845
A	-18	1	1471	1.11618380238	norm	2845
C	-18	1	674	0.158439116126	raw	2845
C	-18	1	674	0.829987922151	norm	2845
G	-18	1	507	0.119181946403	raw	2845
G	-18	1	507	0.625318693567	norm	2845
T	-17	1	1545	0.363187588152	raw	2845
T	-17	1	1545	1.17645257124	norm	2845
A	-17	1	1535	0.360836859426	raw	2845
A	-17	1	1535	1.1647465239	norm	2845
C	-17	1	602	0.141513869299	raw	2845
C	-17	1	602	0.741324523939	norm	2845
G	-17	1	572	0.134461683122	raw	2845
G	-17	1	572	0.705487756845	norm	2845
A	-16	1	1515	0.356135401975	raw	2845
A	-16	1	1515	1.14957067342	norm	2845
T	-16	1	1513	0.355665256229	raw	2845
T	-16	1	1513	1.15208591604	norm	2845
C	-16	1	664	0.1560883874	raw	2845
C	-16	1	664	0.817673561289	norm	2845
G	-16	1	562	0.132110954396	raw	2845
G	-16	1	562	0.693154054802	norm	2845
T	-15	1	1529	0.359426422191	raw	2845
T	-15	1	1529	1.16426924364	norm	2845
A	-15	1	1508	0.354489891866	raw	2845
A	-15	1	1508	1.14425912576	norm	2845
C	-15	1	644	0.151386929948	raw	2845
C	-15	1	644	0.793044839563	norm	2845
G	-15	1	573	0.134696755994	raw	2845
G	-15	1	573	0.70672112705	norm	2845
A	-14	1	1578	0.370944992948	raw	2845
A	-14	1	1578	1.19737460242	norm	2845
T	-14	1	1497	0.351904090268	raw	2845
T	-14	1	1497	1.13990258844	norm	2845
C	-14	1	620	0.145745181006	raw	2845
C	-14	1	620	0.763490373492	norm	2845
G	-14	1	559	0.131405735778	raw	2845
G	-14	1	559	0.68945394419	norm	2845
A	-13	1	1552	0.36483309826	raw	2845
A	-13	1	1552	1.1776459968	norm	2845
T	-13	1	1517	0.35660554772	raw	2845
T	-13	1	1517	1.15513174794	norm	2845
C	-13	1	637	0.14974141984	raw	2845
C	-13	1	637	0.784424786959	norm	2845
G	-13	1	548	0.12881993418	raw	2845
G	-13	1	548	0.675886871943	norm	2845
T	-12	1	1553	0.365068171133	raw	2845
T	-12	1	1553	1.18254423504	norm	2845
A	-12	1	1469	0.345322049835	raw	2845
A	-12	1	1469	1.11466621733	norm	2845
C	-12	1	686	0.161259990597	raw	2845
C	-12	1	686	0.844765155187	norm	2845
G	-12	1	546	0.128349788434	raw	2845
G	-12	1	546	0.673420131534	norm	2845
T	-11	1	1607	0.377762106253	raw	2845
T	-11	1	1607	1.22366296568	norm	2845
A	-11	1	1472	0.346027268453	raw	2845
A	-11	1	1472	1.1169425949	norm	2845
C	-11	1	655	0.153972731547	raw	2845
C	-11	1	655	0.806590636512	norm	2845
G	-11	1	520	0.122237893747	raw	2845
G	-11	1	520	0.641352506223	norm	2845
T	-10	1	1585	0.372590503056	raw	2845
T	-10	1	1585	1.20691089023	norm	2845
A	-10	1	1520	0.357310766338	raw	2845
A	-10	1	1520	1.15336463604	norm	2845
C	-10	1	618	0.145275035261	raw	2845
C	-10	1	618	0.76102750132	norm	2845
G	-10	1	531	0.124823695346	raw	2845
G	-10	1	531	0.65491957847	norm	2845
T	-9	1	1554	0.365303244006	raw	2845
T	-9	1	1554	1.18330569301	norm	2845
A	-9	1	1510	0.354960037612	raw	2845
A	-9	1	1510	1.1457767108	norm	2845
G	-9	1	633	0.14880112835	raw	2845
G	-9	1	633	0.780723339306	norm	2845
C	-9	1	557	0.130935590033	raw	2845
C	-9	1	557	0.685909900057	norm	2845
T	-8	1	1562	0.367183826986	raw	2845
T	-8	1	1562	1.18939735681	norm	2845
A	-8	1	1494	0.35119887165	raw	2845
A	-8	1	1494	1.13363603043	norm	2845
C	-8	1	603	0.141748942172	raw	2845
C	-8	1	603	0.742555960026	norm	2845
G	-8	1	595	0.139868359191	raw	2845
G	-8	1	595	0.733855271544	norm	2845
T	-7	1	1552	0.36483309826	raw	2845
T	-7	1	1552	1.18178277706	norm	2845
A	-7	1	1400	0.329102021627	raw	2845
A	-7	1	1400	1.0623095332	norm	2845
C	-7	1	678	0.159379407616	raw	2845
C	-7	1	678	0.834913666497	norm	2845
G	-7	1	624	0.146685472496	raw	2845
G	-7	1	624	0.769623007468	norm	2845
T	-6	1	1493	0.350963798778	raw	2845
T	-6	1	1493	1.13685675654	norm	2845
A	-6	1	1376	0.323460272685	raw	2845
A	-6	1	1376	1.04409851263	norm	2845
G	-6	1	725	0.170427832628	raw	2845
G	-6	1	725	0.894193398099	norm	2845
C	-6	1	660	0.15514809591	raw	2845
C	-6	1	660	0.812747816944	norm	2845
T	-5	1	1526	0.358721203573	raw	2845
T	-5	1	1526	1.16198486971	norm	2845
A	-5	1	1478	0.347437705689	raw	2845
A	-5	1	1478	1.12149535005	norm	2845
G	-5	1	649	0.152562294311	raw	2845
G	-5	1	649	0.800457262574	norm	2845
C	-5	1	601	0.141278796427	raw	2845
C	-5	1	601	0.740093087853	norm	2845
A	-4	1	1532	0.360131640809	raw	2845
A	-4	1	1532	1.16247014633	norm	2845
T	-4	1	1467	0.34485190409	raw	2845
T	-4	1	1467	1.11705884919	norm	2845
C	-4	1	658	0.154677950165	raw	2845
C	-4	1	658	0.810284944771	norm	2845
G	-4	1	597	0.140338504937	raw	2845
G	-4	1	597	0.736322011952	norm	2845
T	-3	1	1476	0.346967559944	raw	2845
T	-3	1	1476	1.12391197097	norm	2845
A	-3	1	1462	0.343676539727	raw	2845
A	-3	1	1462	1.10935466967	norm	2845
C	-3	1	688	0.161730136342	raw	2845
C	-3	1	688	0.847228027359	norm	2845
G	-3	1	628	0.147625763987	raw	2845
G	-3	1	628	0.774556488285	norm	2845
T	-2	1	1786	0.419840150447	raw	2845
T	-2	1	1786	1.35996394319	norm	2845
A	-2	1	1297	0.30488951575	raw	2845
A	-2	1	1297	0.984153903254	norm	2845
C	-2	1	618	0.145275035261	raw	2845
C	-2	1	618	0.76102750132	norm	2845
G	-2	1	553	0.129995298543	raw	2845
G	-2	1	553	0.682053722964	norm	2845
T	-1	1	1598	0.3756464504	raw	2845
T	-1	1	1598	1.21680984391	norm	2845
A	-1	1	1373	0.322755054067	raw	2845
A	-1	1	1373	1.04182213506	norm	2845
C	-1	1	687	0.16149506347	raw	2845
C	-1	1	687	0.845996591273	norm	2845
G	-1	1	596	0.140103432064	raw	2845
G	-1	1	596	0.735088641748	norm	2845
C	0	1	1886	0.443347437706	raw	2845
C	0	1	1886	2.32248845872	norm	2845
A	0	1	1190	0.279736718383	raw	2845
A	0	1	1190	0.902963103217	norm	2845
G	0	1	637	0.14974141984	raw	2845
G	0	1	637	0.785656820123	norm	2845
T	0	1	541	0.127174424071	raw	2845
T	0	1	541	0.411948764427	norm	2845
A	1	1	1805	0.424306535026	raw	2845
A	1	1	1805	1.3696205053	norm	2845
T	1	1	1473	0.346262341326	raw	2845
T	1	1	1473	1.12162759704	norm	2845
C	1	1	686	0.161259990597	raw	2845
C	1	1	686	0.844765155187	norm	2845
G	1	1	290	0.0681711330512	raw	2845
G	1	1	290	0.35767735924	norm	2845
T	2	1	1520	0.357310766338	raw	2845
T	2	1	1520	1.15741612186	norm	2845
A	2	1	1449	0.340620592384	raw	2845
A	2	1	1449	1.09949036686	norm	2845
C	2	1	653	0.153502585802	raw	2845
C	2	1	653	0.80412776434	norm	2845
G	2	1	632	0.148566055477	raw	2845
G	2	1	632	0.779489969102	norm	2845
T	3	1	1538	0.361542078044	raw	2845
T	3	1	1538	1.17112236541	norm	2845
A	3	1	1380	0.324400564175	raw	2845
A	3	1	1380	1.04713368272	norm	2845
G	3	1	689	0.161965209215	raw	2845
G	3	1	689	0.849792070745	norm	2845
C	3	1	647	0.152092148566	raw	2845
C	3	1	647	0.796739147822	norm	2845
A	4	1	1568	0.368594264222	raw	2845
A	4	1	1568	1.18978667718	norm	2845
T	4	1	1378	0.32393041843	raw	2845
T	4	1	1378	1.04928908943	norm	2845
G	4	1	684	0.160789844852	raw	2845
G	4	1	684	0.843625219724	norm	2845
C	4	1	624	0.146685472496	raw	2845
C	4	1	624	0.768416117838	norm	2845
A	5	1	1476	0.346967559944	raw	2845
A	5	1	1476	1.119977765	norm	2845
T	5	1	1414	0.332393041843	raw	2845
T	5	1	1414	1.07670157652	norm	2845
G	5	1	695	0.16337564645	raw	2845
G	5	1	695	0.857192291971	norm	2845
C	5	1	669	0.157263751763	raw	2845
C	5	1	669	0.82383074172	norm	2845
T	6	1	1446	0.339915373766	raw	2845
T	6	1	1446	1.10106823172	norm	2845
A	6	1	1258	0.295721673719	raw	2845
A	6	1	1258	0.95456099483	norm	2845
C	6	1	808	0.189938881053	raw	2845
C	6	1	808	0.995000357713	norm	2845
G	6	1	742	0.174424071462	raw	2845
G	6	1	742	0.915160691572	norm	2845
T	7	1	1518	0.356840620592	raw	2845
T	7	1	1518	1.15589320591	norm	2845
A	7	1	1359	0.31946403385	raw	2845
A	7	1	1359	1.03119903972	norm	2845
C	7	1	697	0.163845792196	raw	2845
C	7	1	697	0.858310952136	norm	2845
G	7	1	680	0.159849553362	raw	2845
G	7	1	680	0.838691738907	norm	2845
T	8	1	1589	0.373530794546	raw	2845
T	8	1	1589	1.20995672213	norm	2845
A	8	1	1284	0.301833568406	raw	2845
A	8	1	1284	0.974289600446	norm	2845
G	8	1	697	0.163845792196	raw	2845
G	8	1	697	0.85965903238	norm	2845
C	8	1	684	0.160789844852	raw	2845
C	8	1	684	0.842302283014	norm	2845
T	9	1	1473	0.346262341326	raw	2845
T	9	1	1473	1.12162759704	norm	2845
A	9	1	1340	0.314997649271	raw	2845
A	9	1	1340	1.01678198177	norm	2845
G	9	1	761	0.178890456041	raw	2845
G	9	1	761	0.938594725453	norm	2845
C	9	1	680	0.159849553362	raw	2845
C	9	1	680	0.837376538669	norm	2845
T	10	1	1519	0.357075693465	raw	2845
T	10	1	1519	1.15665466389	norm	2845
A	10	1	1351	0.31758345087	raw	2845
A	10	1	1351	1.02512869953	norm	2845
C	10	1	723	0.169957686883	raw	2845
C	10	1	723	0.890328290379	norm	2845
G	10	1	661	0.155383168782	raw	2845
G	10	1	661	0.815257705026	norm	2845
T	11	1	1414	0.332393041843	raw	2845
T	11	1	1414	1.07670157652	norm	2845
A	11	1	1371	0.322284908322	raw	2845
A	11	1	1371	1.04030455001	norm	2845
C	11	1	742	0.174424071462	raw	2845
C	11	1	742	0.913725576018	norm	2845
G	11	1	727	0.170897978373	raw	2845
G	11	1	727	0.896660138508	norm	2845
T	12	1	1531	0.359896567936	raw	2845
T	12	1	1531	1.16579215959	norm	2845
A	12	1	1288	0.302773859897	raw	2845
A	12	1	1288	0.977324770541	norm	2845
C	12	1	749	0.17606958157	raw	2845
C	12	1	749	0.922345628622	norm	2845
G	12	1	686	0.161259990597	raw	2845
G	12	1	686	0.846091960133	norm	2845
T	13	1	1594	0.374706158909	raw	2845
T	13	1	1594	1.21376401201	norm	2845
A	13	1	1255	0.295016455101	raw	2845
A	13	1	1255	0.952284617258	norm	2845
G	13	1	725	0.170427832628	raw	2845
G	13	1	725	0.894193398099	norm	2845
C	13	1	680	0.159849553362	raw	2845
C	13	1	680	0.837376538669	norm	2845
T	14	1	1475	0.346732487071	raw	2845
T	14	1	1475	1.12315051299	norm	2845
A	14	1	1310	0.307945463094	raw	2845
A	14	1	1310	0.994018206063	norm	2845
C	14	1	760	0.178655383169	raw	2845
C	14	1	760	0.935891425571	norm	2845
G	14	1	709	0.166666666667	raw	2845
G	14	1	709	0.874459474831	norm	2845
T	15	1	1452	0.341325811001	raw	2845
T	15	1	1452	1.10563697957	norm	2845
A	15	1	1356	0.318758815233	raw	2845
A	15	1	1356	1.02892266215	norm	2845
C	15	1	735	0.172778561354	raw	2845
C	15	1	735	0.905105523414	norm	2845
G	15	1	711	0.167136812412	raw	2845
G	15	1	711	0.876926215239	norm	2845
T	16	1	1426	0.335213916314	raw	2845
T	16	1	1426	1.08583907222	norm	2845
A	16	1	1253	0.294546309356	raw	2845
A	16	1	1253	0.950767032211	norm	2845
G	16	1	883	0.207569346497	raw	2845
G	16	1	883	1.08906589037	norm	2845
C	16	1	692	0.162670427833	raw	2845
C	16	1	692	0.852153771704	norm	2845
T	17	1	1489	0.350023507287	raw	2845
T	17	1	1489	1.13381092464	norm	2845
A	17	1	1408	0.330982604607	raw	2845
A	17	1	1408	1.06837987339	norm	2845
G	17	1	704	0.165491302304	raw	2845
G	17	1	704	0.86829262381	norm	2845
C	17	1	653	0.153502585802	raw	2845
C	17	1	653	0.80412776434	norm	2845
T	18	1	1432	0.33662435355	raw	2845
T	18	1	1432	1.09040782007	norm	2845
A	18	1	1358	0.319228960978	raw	2845
A	18	1	1358	1.0304402472	norm	2845
G	18	1	735	0.172778561354	raw	2845
G	18	1	735	0.906527100142	norm	2845
C	18	1	729	0.171368124118	raw	2845
C	18	1	729	0.897716906897	norm	2845
T	19	1	1427	0.335448989187	raw	2845
T	19	1	1427	1.0866005302	norm	2845
A	19	1	1402	0.329572167372	raw	2845
A	19	1	1402	1.06382711824	norm	2845
C	19	1	768	0.18053596615	raw	2845
C	19	1	768	0.945742914262	norm	2845
G	19	1	657	0.154442877292	raw	2845
G	19	1	657	0.810324224209	norm	2845
T	20	1	1523	0.358015984955	raw	2845
T	20	1	1523	1.15970049579	norm	2845
A	20	1	1304	0.306535025858	raw	2845
A	20	1	1304	0.98946545092	norm	2845
C	20	1	724	0.170192759756	raw	2845
C	20	1	724	0.891559726465	norm	2845
G	20	1	703	0.165256229431	raw	2845
G	20	1	703	0.867059253605	norm	2845
T	21	1	1413	0.33215796897	raw	2845
T	21	1	1413	1.07594011855	norm	2845
A	21	1	1319	0.310061118947	raw	2845
A	21	1	1319	1.00084733878	norm	2845
G	21	1	777	0.182651622003	raw	2845
G	21	1	777	0.958328648722	norm	2845
C	21	1	745	0.17512929008	raw	2845
C	21	1	745	0.917419884277	norm	2845
T	22	1	1479	0.347672778561	raw	2845
T	22	1	1479	1.12619634489	norm	2845
A	22	1	1323	0.311001410437	raw	2845
A	22	1	1323	1.00388250887	norm	2845
C	22	1	749	0.17606958157	raw	2845
C	22	1	749	0.922345628622	norm	2845
G	22	1	703	0.165256229431	raw	2845
G	22	1	703	0.867059253605	norm	2845
T	23	1	1589	0.373530794546	raw	2845
T	23	1	1589	1.20995672213	norm	2845
A	23	1	1294	0.304184297132	raw	2845
A	23	1	1294	0.981877525683	norm	2845
C	23	1	704	0.165491302304	raw	2845
C	23	1	704	0.86693100474	norm	2845
G	23	1	667	0.156793606018	raw	2845
G	23	1	667	0.822657926251	norm	2845
T	24	1	1476	0.346967559944	raw	2845
T	24	1	1476	1.12391197097	norm	2845
A	24	1	1295	0.304419370005	raw	2845
A	24	1	1295	0.982636318207	norm	2845
G	24	1	753	0.177009873061	raw	2845
G	24	1	753	0.928727763819	norm	2845
C	24	1	730	0.171603196991	raw	2845
C	24	1	730	0.898948342983	norm	2845
A	25	1	1475	0.346732487071	raw	2845
A	25	1	1475	1.11921897248	norm	2845
T	25	1	1420	0.333803479079	raw	2845
T	25	1	1420	1.08127032437	norm	2845
C	25	1	701	0.164786083686	raw	2845
C	25	1	701	0.863236696481	norm	2845
G	25	1	658	0.154677950165	raw	2845
G	25	1	658	0.811557594413	norm	2845
T	26	1	1619	0.380582980724	raw	2845
T	26	1	1619	1.23280046138	norm	2845
A	26	1	1232	0.289609779031	raw	2845
A	26	1	1232	0.934832389213	norm	2845
G	26	1	710	0.166901739539	raw	2845
G	26	1	710	0.875692845035	norm	2845
C	26	1	693	0.162905500705	raw	2845
C	26	1	693	0.853385207791	norm	2845
T	27	1	1392	0.327221438646	raw	2845
T	27	1	1392	1.05994950108	norm	2845
A	27	1	1386	0.32581100141	raw	2845
A	27	1	1386	1.05168643786	norm	2845
G	27	1	774	0.181946403385	raw	2845
G	27	1	774	0.954628538109	norm	2845
C	27	1	702	0.165021156559	raw	2845
C	27	1	702	0.864468132567	norm	2845
T	28	1	1511	0.355195110484	raw	2845
T	28	1	1511	1.15056300009	norm	2845
A	28	1	1369	0.321814762576	raw	2845
A	28	1	1369	1.03878696496	norm	2845
C	28	1	699	0.164315937941	raw	2845
C	28	1	699	0.860773824308	norm	2845
G	28	1	675	0.158674188999	raw	2845
G	28	1	675	0.832524887886	norm	2845
T	29	1	1549	0.364127879643	raw	2845
T	29	1	1549	1.17949840314	norm	2845
A	29	1	1334	0.313587212036	raw	2845
A	29	1	1334	1.01222922663	norm	2845
C	29	1	693	0.162905500705	raw	2845
C	29	1	693	0.853385207791	norm	2845
G	29	1	678	0.159379407616	raw	2845
G	29	1	678	0.836224998498	norm	2845
T	30	1	1536	0.361071932299	raw	2845
T	30	1	1536	1.16959944946	norm	2845
A	30	1	1402	0.329572167372	raw	2845
A	30	1	1402	1.06382711824	norm	2845
C	30	1	675	0.158674188999	raw	2845
C	30	1	675	0.831219358238	norm	2845
G	30	1	641	0.150681711331	raw	2845
G	30	1	641	0.79059030094	norm	2845
T	31	1	1519	0.357075693465	raw	2845
T	31	1	1519	1.15665466389	norm	2845
A	31	1	1482	0.348377997179	raw	2845
A	31	1	1482	1.12453052014	norm	2845
G	31	1	666	0.156558533145	raw	2845
G	31	1	666	0.821424556047	norm	2845
C	31	1	587	0.137987776211	raw	2845
C	31	1	587	0.722852982645	norm	2845
T	32	1	1504	0.353549600376	raw	2845
T	32	1	1504	1.14523279427	norm	2845
A	32	1	1412	0.331922896098	raw	2845
A	32	1	1412	1.07141504348	norm	2845
C	32	1	683	0.160554771979	raw	2845
C	32	1	683	0.841070846928	norm	2845
G	32	1	655	0.153972731547	raw	2845
G	32	1	655	0.8078574838	norm	2845
T	33	1	1634	0.384109073813	raw	2845
T	33	1	1634	1.244222331	norm	2845
A	33	1	1313	0.308650681711	raw	2845
A	33	1	1313	0.996294583634	norm	2845
G	33	1	667	0.156793606018	raw	2845
G	33	1	667	0.822657926251	norm	2845
C	33	1	640	0.150446638458	raw	2845
C	33	1	640	0.788119095218	norm	2845
T	34	1	1556	0.365773389751	raw	2845
T	34	1	1556	1.18482860896	norm	2845
A	34	1	1385	0.325575928538	raw	2845
A	34	1	1385	1.05092764534	norm	2845
G	34	1	670	0.157498824636	raw	2845
G	34	1	670	0.826358036864	norm	2845
C	34	1	643	0.151151857076	raw	2845
C	34	1	643	0.791813403477	norm	2845
T	35	1	1654	0.388810531265	raw	2845
T	35	1	1654	1.2594514905	norm	2845
A	35	1	1360	0.319699106723	raw	2845
A	35	1	1360	1.03195783225	norm	2845
G	35	1	652	0.153267512929	raw	2845
G	35	1	652	0.804157373187	norm	2845
C	35	1	588	0.138222849083	raw	2845
C	35	1	588	0.724084418732	norm	2845
T	36	1	1528	0.359191349318	raw	2845
T	36	1	1528	1.16350778566	norm	2845
A	36	1	1400	0.329102021627	raw	2845
A	36	1	1400	1.0623095332	norm	2845
G	36	1	712	0.167371885284	raw	2845
G	36	1	712	0.878159585444	norm	2845
C	36	1	614	0.144334743771	raw	2845
C	36	1	614	0.756101756975	norm	2845
T	37	1	1505	0.353784673249	raw	2845
T	37	1	1505	1.14599425224	norm	2845
A	37	1	1484	0.348848142924	raw	2845
A	37	1	1484	1.12604810519	norm	2845
G	37	1	640	0.150446638458	raw	2845
G	37	1	640	0.789356930736	norm	2845
C	37	1	625	0.146920545369	raw	2845
C	37	1	625	0.769647553924	norm	2845
T	38	1	1590	0.373765867419	raw	2845
T	38	1	1590	1.21071818011	norm	2845
A	38	1	1430	0.336154207804	raw	2845
A	38	1	1430	1.08507330891	norm	2845
C	38	1	653	0.153502585802	raw	2845
C	38	1	653	0.80412776434	norm	2845
G	38	1	581	0.136577338975	raw	2845
G	38	1	581	0.716588088684	norm	2845
T	39	1	1676	0.393982134462	raw	2845
T	39	1	1676	1.27620356595	norm	2845
A	39	1	1418	0.333333333333	raw	2845
A	39	1	1418	1.07596779862	norm	2845
C	39	1	654	0.153737658674	raw	2845
C	39	1	654	0.805359200426	norm	2845
G	39	1	506	0.118946873531	raw	2845
G	39	1	506	0.624085323363	norm	2845
T	40	1	1755	0.412552891396	raw	2845
T	40	1	1755	1.33635874597	norm	2845
A	40	1	1359	0.31946403385	raw	2845
A	40	1	1359	1.03119903972	norm	2845
G	40	1	589	0.138457921956	raw	2845
G	40	1	589	0.726455050318	norm	2845
C	40	1	551	0.129525152797	raw	2845
C	40	1	551	0.678521283539	norm	2845
T	41	1	1644	0.386459802539	raw	2845
T	41	1	1644	1.25183691075	norm	2845
A	41	1	1490	0.35025858016	raw	2845
A	41	1	1490	1.13060086033	norm	2845
G	41	1	597	0.140338504937	raw	2845
G	41	1	597	0.736322011952	norm	2845
C	41	1	523	0.122943112365	raw	2845
C	41	1	523	0.644041073123	norm	2845
T	42	1	1631	0.383403855195	raw	2845
T	42	1	1631	1.24193795708	norm	2845
A	42	1	1540	0.362012223789	raw	2845
A	42	1	1540	1.16854048652	norm	2845
G	42	1	547	0.128584861307	raw	2845
G	42	1	547	0.674653501738	norm	2845
C	42	1	536	0.125999059709	raw	2845
C	42	1	536	0.660049742245	norm	2845
T	43	1	1655	0.389045604137	raw	2845
T	43	1	1655	1.26021294848	norm	2845
A	43	1	1542	0.362482369535	raw	2845
A	43	1	1542	1.17005807156	norm	2845
G	43	1	546	0.128349788434	raw	2845
G	43	1	546	0.673420131534	norm	2845
C	43	1	511	0.120122237894	raw	2845
C	43	1	511	0.629263840088	norm	2845
T	44	1	1700	0.399623883404	raw	2845
T	44	1	1700	1.29447855735	norm	2845
A	44	1	1508	0.354489891866	raw	2845
A	44	1	1508	1.14425912576	norm	2845
G	44	1	552	0.12976022567	raw	2845
G	44	1	552	0.68082035276	norm	2845
C	44	1	494	0.11612599906	raw	2845
C	44	1	494	0.608329426621	norm	2845
T	45	1	1730	0.406676069582	raw	2845
T	45	1	1730	1.31732229659	norm	2845
A	45	1	1527	0.358956276446	raw	2845
A	45	1	1527	1.15867618371	norm	2845
C	45	1	502	0.11800658204	raw	2845
C	45	1	502	0.618180915312	norm	2845
G	45	1	495	0.116361071932	raw	2845
G	45	1	495	0.610518251116	norm	2845
T	46	1	1733	0.407381288199	raw	2845
T	46	1	1733	1.31960667052	norm	2845
A	46	1	1541	0.362247296662	raw	2845
A	46	1	1541	1.16929927904	norm	2845
G	46	1	500	0.117536436295	raw	2845
G	46	1	500	0.616685102137	norm	2845
C	46	1	480	0.112834978843	raw	2845
C	46	1	480	0.591089321413	norm	2845
T	47	1	1739	0.408791725435	raw	2845
T	47	1	1739	1.32417541837	norm	2845
A	47	1	1469	0.345322049835	raw	2845
A	47	1	1469	1.11466621733	norm	2845
G	47	1	533	0.125293841091	raw	2845
G	47	1	533	0.657386318879	norm	2845
C	47	1	513	0.120592383639	raw	2845
C	47	1	513	0.631726712261	norm	2845
A	48	1	1598	0.3756464504	raw	2845
A	48	1	1598	1.21255045289	norm	2845
T	48	1	1592	0.374236013164	raw	2845
T	48	1	1592	1.21224109606	norm	2845
G	48	1	560	0.131640808651	raw	2845
G	48	1	560	0.690687314394	norm	2845
C	48	1	504	0.118476727786	raw	2845
C	48	1	504	0.620643787484	norm	2845
T	49	1	1639	0.385284438176	raw	2845
T	49	1	1639	1.24802962088	norm	2845
A	49	1	1596	0.375176304654	raw	2845
A	49	1	1596	1.21103286784	norm	2845
C	49	1	525	0.12341325811	raw	2845
C	49	1	525	0.646503945296	norm	2845
G	49	1	494	0.11612599906	raw	2845
G	49	1	494	0.609284880912	norm	2845
T	50	1	1716	0.403385049365	raw	2845
T	50	1	1716	1.30666188495	norm	2845
A	50	1	1461	0.343441466855	raw	2845
A	50	1	1461	1.10859587714	norm	2845
C	50	1	567	0.133286318759	raw	2845
C	50	1	567	0.69822426092	norm	2845
G	50	1	510	0.119887165021	raw	2845
G	50	1	510	0.62901880418	norm	2845
A	51	1	1619	0.380582980724	raw	2845
A	51	1	1619	1.22848509589	norm	2845
T	51	1	1574	0.370004701457	raw	2845
T	51	1	1574	1.19853485251	norm	2845
C	51	1	539	0.126704278326	raw	2845
C	51	1	539	0.663744050504	norm	2845
G	51	1	522	0.122708039492	raw	2845
G	51	1	522	0.643819246631	norm	2845
A	52	1	1639	0.385284438176	raw	2845
A	52	1	1639	1.24366094636	norm	2845
T	52	1	1636	0.384579219558	raw	2845
T	52	1	1636	1.24574524695	norm	2845
G	52	1	494	0.11612599906	raw	2845
G	52	1	494	0.609284880912	norm	2845
C	52	1	485	0.114010343206	raw	2845
C	52	1	485	0.597246501845	norm	2845
T	53	1	1657	0.389515749882	raw	2845
T	53	1	1657	1.26173586443	norm	2845
A	53	1	1642	0.385989656794	raw	2845
A	53	1	1642	1.24593732393	norm	2845
G	53	1	494	0.11612599906	raw	2845
G	53	1	494	0.609284880912	norm	2845
C	53	1	461	0.108368594264	raw	2845
C	53	1	461	0.567692035774	norm	2845
T	54	1	1628	0.382698636577	raw	2845
T	54	1	1628	1.23965358315	norm	2845
A	54	1	1596	0.375176304654	raw	2845
A	54	1	1596	1.21103286784	norm	2845
G	54	1	530	0.124588622473	raw	2845
G	54	1	530	0.653686208266	norm	2845
C	54	1	500	0.117536436295	raw	2845
C	54	1	500	0.615718043139	norm	2845
T	55	1	1737	0.40832157969	raw	2845
T	55	1	1737	1.32265250242	norm	2845
A	55	1	1592	0.374236013164	raw	2845
A	55	1	1592	1.20799769775	norm	2845
C	55	1	486	0.114245416079	raw	2845
C	55	1	486	0.598477937931	norm	2845
G	55	1	439	0.103196991067	raw	2845
G	55	1	439	0.541449519677	norm	2845
T	56	1	1713	0.402679830748	raw	2845
T	56	1	1713	1.30437751102	norm	2845
A	56	1	1668	0.392101551481	raw	2845
A	56	1	1668	1.26566592955	norm	2845
C	56	1	444	0.10437235543	raw	2845
C	56	1	444	0.546757622307	norm	2845
G	56	1	429	0.100846262341	raw	2845
G	56	1	429	0.529115817634	norm	2845
T	57	1	1629	0.38293370945	raw	2845
T	57	1	1629	1.24041504113	norm	2845
A	57	1	1611	0.378702397743	raw	2845
A	57	1	1611	1.2224147557	norm	2845
G	57	1	524	0.123178185237	raw	2845
G	57	1	524	0.64628598704	norm	2845
C	57	1	490	0.115185707569	raw	2845
C	57	1	490	0.603403682276	norm	2845
T	58	1	1728	0.406205923836	raw	2845
T	58	1	1728	1.31579938065	norm	2845
A	58	1	1570	0.369064409967	raw	2845
A	58	1	1570	1.19130426223	norm	2845
C	58	1	478	0.112364833098	raw	2845
C	58	1	478	0.588626449241	norm	2845
G	58	1	478	0.112364833098	raw	2845
G	58	1	478	0.589550957643	norm	2845
T	59	1	1699	0.399388810531	raw	2845
T	59	1	1699	1.29371709937	norm	2845
A	59	1	1582	0.371885284438	raw	2845
A	59	1	1582	1.20040977251	norm	2845
G	59	1	524	0.123178185237	raw	2845
G	59	1	524	0.64628598704	norm	2845
C	59	1	449	0.105547719793	raw	2845
C	59	1	449	0.552914802739	norm	2845
A	60	1	1703	0.400329102022	raw	2845
A	60	1	1703	1.29222366788	norm	2845
T	60	1	1537	0.361307005172	raw	2845
T	60	1	1537	1.17036090744	norm	2845
G	60	1	553	0.129995298543	raw	2845
G	60	1	553	0.682053722964	norm	2845
C	60	1	461	0.108368594264	raw	2845
C	60	1	461	0.567692035774	norm	2845
T	61	1	1755	0.412552891396	raw	2845
T	61	1	1755	1.33635874597	norm	2845
A	61	1	1581	0.371650211566	raw	2845
A	61	1	1581	1.19965097999	norm	2845
G	61	1	492	0.115655853315	raw	2845
G	61	1	492	0.606818140503	norm	2845
C	61	1	426	0.100141043724	raw	2845
C	61	1	426	0.524591772754	norm	2845
A	62	1	1737	0.40832157969	raw	2845
A	62	1	1737	1.31802261369	norm	2845
T	62	1	1616	0.379877762106	raw	2845
T	62	1	1616	1.23051608746	norm	2845
G	62	1	475	0.11165961448	raw	2845
G	62	1	475	0.585850847031	norm	2845
C	62	1	426	0.100141043724	raw	2845
C	62	1	426	0.524591772754	norm	2845
T	63	1	1702	0.400094029149	raw	2845
T	63	1	1702	1.2960014733	norm	2845
A	63	1	1626	0.382228490832	raw	2845
A	63	1	1626	1.23379664356	norm	2845
G	63	1	478	0.112364833098	raw	2845
G	63	1	478	0.589550957643	norm	2845
C	63	1	448	0.105312646921	raw	2845
C	63	1	448	0.551683366653	norm	2845
T	64	1	1767	0.415373765867	raw	2845
T	64	1	1767	1.34549624167	norm	2845
A	64	1	1651	0.388105312647	raw	2845
A	64	1	1651	1.25276645665	norm	2845
G	64	1	436	0.102491772449	raw	2845
G	64	1	436	0.537749409064	norm	2845
C	64	1	400	0.0940291490362	raw	2845
C	64	1	400	0.492574434511	norm	2845
T	65	1	1736	0.408086506817	raw	2845
T	65	1	1736	1.32189104444	norm	2845
A	65	1	1674	0.393511988717	raw	2845
A	65	1	1674	1.27021868469	norm	2845
G	65	1	442	0.103902209685	raw	2845
G	65	1	442	0.54514963029	norm	2845
C	65	1	402	0.0944992947814	raw	2845
C	65	1	402	0.495037306684	norm	2845
A	66	1	1735	0.407851433945	raw	2845
A	66	1	1735	1.31650502864	norm	2845
T	66	1	1704	0.400564174894	raw	2845
T	66	1	1704	1.29752438925	norm	2845
C	66	1	415	0.0975552421251	raw	2845
C	66	1	415	0.511045975805	norm	2845
G	66	1	400	0.0940291490362	raw	2845
G	66	1	400	0.49334808171	norm	2845
A	67	1	1732	0.407146215327	raw	2845
A	67	1	1732	1.31422865107	norm	2845
T	67	1	1639	0.385284438176	raw	2845
T	67	1	1639	1.24802962088	norm	2845
G	67	1	450	0.105782792666	raw	2845
G	67	1	450	0.555016591924	norm	2845
C	67	1	433	0.101786553832	raw	2845
C	67	1	433	0.533211825358	norm	2845
T	68	1	1689	0.397038081805	raw	2845
T	68	1	1689	1.28610251962	norm	2845
A	68	1	1671	0.392806770099	raw	2845
A	68	1	1671	1.26794230712	norm	2845
G	68	1	450	0.105782792666	raw	2845
G	68	1	450	0.555016591924	norm	2845
C	68	1	444	0.10437235543	raw	2845
C	68	1	444	0.546757622307	norm	2845
A	69	1	1691	0.397508227551	raw	2845
A	69	1	1691	1.2831181576	norm	2845
T	69	1	1637	0.384814292431	raw	2845
T	69	1	1637	1.24650670493	norm	2845
G	69	1	474	0.111424541608	raw	2845
G	69	1	474	0.584617476826	norm	2845
C	69	1	452	0.106252938411	raw	2845
C	69	1	452	0.556609110998	norm	2845
A	70	1	1672	0.393041842971	raw	2845
A	70	1	1672	1.26870109965	norm	2845
T	70	1	1655	0.389045604137	raw	2845
T	70	1	1655	1.26021294848	norm	2845
C	70	1	477	0.112129760226	raw	2845
C	70	1	477	0.587395013155	norm	2845
G	70	1	450	0.105782792666	raw	2845
G	70	1	450	0.555016591924	norm	2845
T	71	1	1703	0.400329102022	raw	2845
T	71	1	1703	1.29676293127	norm	2845
A	71	1	1679	0.394687353079	raw	2845
A	71	1	1679	1.27401264731	norm	2845
G	71	1	445	0.104607428303	raw	2845
G	71	1	445	0.548849740902	norm	2845
C	71	1	427	0.100376116596	raw	2845
C	71	1	427	0.525823208841	norm	2845
A	72	1	1736	0.408086506817	raw	2845
A	72	1	1736	1.31726382116	norm	2845
T	72	1	1703	0.400329102022	raw	2845
T	72	1	1703	1.29676293127	norm	2845
C	72	1	422	0.0992007522332	raw	2845
C	72	1	422	0.519666028409	norm	2845
G	72	1	393	0.0923836389281	raw	2845
G	72	1	393	0.48471449028	norm	2845
T	73	1	1749	0.411142454161	raw	2845
T	73	1	1749	1.33178999812	norm	2845
A	73	1	1660	0.3902209685	raw	2845
A	73	1	1660	1.25959558936	norm	2845
G	73	1	428	0.100611189469	raw	2845
G	73	1	428	0.52788244743	norm	2845
C	73	1	417	0.0980253878702	raw	2845
C	73	1	417	0.513508847978	norm	2845
A	74	1	1704	0.400564174894	raw	2845
A	74	1	1704	1.29298246041	norm	2845
T	74	1	1697	0.398918664786	raw	2845
T	74	1	1697	1.29219418342	norm	2845
G	74	1	441	0.103667136812	raw	2845
G	74	1	441	0.543916260085	norm	2845
C	74	1	412	0.0968500235073	raw	2845
C	74	1	412	0.507351667547	norm	2845
T	75	1	1687	0.39656793606	raw	2845
T	75	1	1687	1.28457960367	norm	2845
A	75	1	1661	0.390456041373	raw	2845
A	75	1	1661	1.26035438189	norm	2845
G	75	1	457	0.107428302774	raw	2845
G	75	1	457	0.563650183354	norm	2845
C	75	1	449	0.105547719793	raw	2845
C	75	1	449	0.552914802739	norm	2845
A	76	1	1765	0.414903620122	raw	2845
A	76	1	1765	1.33926880435	norm	2845
T	76	1	1648	0.387400094029	raw	2845
T	76	1	1648	1.25488274265	norm	2845
G	76	1	479	0.112599905971	raw	2845
G	76	1	479	0.590784327848	norm	2845
C	76	1	362	0.0850963798778	raw	2845
C	76	1	362	0.445779863233	norm	2845
A	77	1	1726	0.405735778091	raw	2845
A	77	1	1726	1.30967589593	norm	2845
T	77	1	1619	0.380582980724	raw	2845
T	77	1	1619	1.23280046138	norm	2845
C	77	1	469	0.110249177245	raw	2845
C	77	1	469	0.577543524464	norm	2845
G	77	1	440	0.10343206394	raw	2845
G	77	1	440	0.542682889881	norm	2845
A	78	1	1737	0.40832157969	raw	2845
A	78	1	1737	1.31802261369	norm	2845
T	78	1	1625	0.38199341796	raw	2845
T	78	1	1625	1.23736920923	norm	2845
G	78	1	450	0.105782792666	raw	2845
G	78	1	450	0.555016591924	norm	2845
C	78	1	442	0.103902209685	raw	2845
C	78	1	442	0.544294750135	norm	2845
A	79	1	1754	0.412317818524	raw	2845
A	79	1	1754	1.33092208659	norm	2845
T	79	1	1666	0.391631405736	raw	2845
T	79	1	1666	1.2685889862	norm	2845
G	79	1	460	0.108133521392	raw	2845
G	79	1	460	0.567350293966	norm	2845
C	79	1	374	0.0879172543488	raw	2845
C	79	1	374	0.460557096268	norm	2845
T	80	1	1719	0.404090267983	raw	2845
T	80	1	1719	1.30894625887	norm	2845
A	80	1	1687	0.39656793606	raw	2845
A	80	1	1687	1.2800829875	norm	2845
G	80	1	428	0.100611189469	raw	2845
G	80	1	428	0.52788244743	norm	2845
C	80	1	420	0.098730606488	raw	2845
C	80	1	420	0.517203156237	norm	2845
A	81	1	1693	0.397978373296	raw	2845
A	81	1	1693	1.28463574264	norm	2845
T	81	1	1679	0.394687353079	raw	2845
T	81	1	1679	1.27848793987	norm	2845
G	81	1	473	0.111189468735	raw	2845
G	81	1	473	0.583384106622	norm	2845
C	81	1	409	0.0961448048895	raw	2845
C	81	1	409	0.503657359288	norm	2845
A	82	1	1777	0.417724494593	raw	2845
A	82	1	1777	1.34837431464	norm	2845
T	82	1	1631	0.383403855195	raw	2845
T	82	1	1631	1.24193795708	norm	2845
G	82	1	429	0.100846262341	raw	2845
G	82	1	429	0.529115817634	norm	2845
C	82	1	417	0.0980253878702	raw	2845
C	82	1	417	0.513508847978	norm	2845
T	83	1	1704	0.400564174894	raw	2845
T	83	1	1704	1.29752438925	norm	2845
A	83	1	1644	0.386459802539	raw	2845
A	83	1	1644	1.24745490898	norm	2845
C	83	1	471	0.11071932299	raw	2845
C	83	1	471	0.580006396637	norm	2845
G	83	1	435	0.102256699577	raw	2845
G	83	1	435	0.53651603886	norm	2845
A	84	1	1720	0.404325340856	raw	2845
A	84	1	1720	1.30512314078	norm	2845
T	84	1	1636	0.384579219558	raw	2845
T	84	1	1636	1.24574524695	norm	2845
C	84	1	459	0.107898448519	raw	2845
C	84	1	459	0.565229163602	norm	2845
G	84	1	439	0.103196991067	raw	2845
G	84	1	439	0.541449519677	norm	2845
A	85	1	1752	0.411847672779	raw	2845
A	85	1	1752	1.32940450154	norm	2845
T	85	1	1661	0.390456041373	raw	2845
T	85	1	1661	1.26478169633	norm	2845
G	85	1	475	0.11165961448	raw	2845
G	85	1	475	0.585850847031	norm	2845
C	85	1	366	0.0860366713681	raw	2845
C	85	1	366	0.450705607578	norm	2845
T	86	1	1751	0.411612599906	raw	2845
T	86	1	1751	1.33331291407	norm	2845
A	86	1	1705	0.400799247767	raw	2845
A	86	1	1705	1.29374125293	norm	2845
G	86	1	434	0.102021626704	raw	2845
G	86	1	434	0.535282668655	norm	2845
C	86	1	364	0.0855665256229	raw	2845
C	86	1	364	0.448242735405	norm	2845
A	87	1	1711	0.402209685002	raw	2845
A	87	1	1711	1.29829400807	norm	2845
T	87	1	1647	0.387165021157	raw	2845
T	87	1	1647	1.25412128468	norm	2845
G	87	1	459	0.107898448519	raw	2845
G	87	1	459	0.566116923762	norm	2845
C	87	1	437	0.102726845322	raw	2845
C	87	1	437	0.538137569704	norm	2845
A	88	1	1782	0.418899858956	raw	2845
A	88	1	1782	1.35216827725	norm	2845
T	88	1	1697	0.398918664786	raw	2845
T	88	1	1697	1.29219418342	norm	2845
G	88	1	404	0.0949694405266	raw	2845
G	88	1	404	0.498281562527	norm	2845
C	88	1	371	0.0872120357311	raw	2845
C	88	1	371	0.456862788009	norm	2845
A	89	1	1729	0.406440996709	raw	2845
A	89	1	1729	1.3119522735	norm	2845
T	89	1	1690	0.397273154678	raw	2845
T	89	1	1690	1.2868639776	norm	2845
C	89	1	443	0.104137282558	raw	2845
C	89	1	443	0.545526186221	norm	2845
G	89	1	392	0.0921485660555	raw	2845
G	89	1	392	0.483481120076	norm	2845
T	90	1	1705	0.400799247767	raw	2845
T	90	1	1705	1.29828584722	norm	2845
A	90	1	1605	0.377291960508	raw	2845
A	90	1	1605	1.21786200056	norm	2845
C	90	1	486	0.114245416079	raw	2845
C	90	1	486	0.598477937931	norm	2845
G	90	1	458	0.107663375646	raw	2845
G	90	1	458	0.564883553558	norm	2845
T	91	1	1738	0.408556652562	raw	2845
T	91	1	1738	1.32341396039	norm	2845
A	91	1	1716	0.403385049365	raw	2845
A	91	1	1716	1.30208797069	norm	2845
G	91	1	457	0.107428302774	raw	2845
G	91	1	457	0.563650183354	norm	2845
C	91	1	343	0.0806299952985	raw	2845
C	91	1	343	0.422382577593	norm	2845
A	92	1	1760	0.413728255759	raw	2845
A	92	1	1760	1.33547484173	norm	2845
T	92	1	1679	0.394687353079	raw	2845
T	92	1	1679	1.27848793987	norm	2845
G	92	1	446	0.104842501175	raw	2845
G	92	1	446	0.550083111107	norm	2845
C	92	1	369	0.0867418899859	raw	2845
C	92	1	369	0.454399915837	norm	2845
T	93	1	1660	0.3902209685	raw	2845
T	93	1	1660	1.26402023835	norm	2845
A	93	1	1652	0.38834038552	raw	2845
A	93	1	1652	1.25352524917	norm	2845
G	93	1	483	0.113540197461	raw	2845
G	93	1	483	0.595717808665	norm	2845
C	93	1	459	0.107898448519	raw	2845
C	93	1	459	0.565229163602	norm	2845
T	94	1	1718	0.40385519511	raw	2845
T	94	1	1718	1.3081848009	norm	2845
A	94	1	1668	0.392101551481	raw	2845
A	94	1	1668	1.26566592955	norm	2845
G	94	1	461	0.108368594264	raw	2845
G	94	1	461	0.568583664171	norm	2845
C	94	1	407	0.0956746591443	raw	2845
C	94	1	407	0.501194487115	norm	2845
A	95	1	1804	0.424071462153	raw	2845
A	95	1	1804	1.36886171278	norm	2845
T	95	1	1659	0.389985895628	raw	2845
T	95	1	1659	1.26325878038	norm	2845
C	95	1	405	0.0952045133992	raw	2845
C	95	1	405	0.498731614943	norm	2845
G	95	1	386	0.0907381288199	raw	2845
G	95	1	386	0.47608089885	norm	2845
T	96	1	1680	0.394922425952	raw	2845
T	96	1	1680	1.27924939785	norm	2845
A	96	1	1599	0.375881523272	raw	2845
A	96	1	1599	1.21330924542	norm	2845
G	96	1	538	0.126469205454	raw	2845
G	96	1	538	0.6635531699	norm	2845
C	96	1	437	0.102726845322	raw	2845
C	96	1	437	0.538137569704	norm	2845
A	97	1	1768	0.41560883874	raw	2845
A	97	1	1768	1.34154518192	norm	2845
T	97	1	1558	0.366243535496	raw	2845
T	97	1	1558	1.18635152491	norm	2845
C	97	1	475	0.11165961448	raw	2845
C	97	1	475	0.584932140982	norm	2845
G	97	1	453	0.106488011283	raw	2845
G	97	1	453	0.558716702537	norm	2845
T	98	1	1790	0.420780441937	raw	2845
T	98	1	1790	1.36300977509	norm	2845
A	98	1	1651	0.388105312647	raw	2845
A	98	1	1651	1.25276645665	norm	2845
G	98	1	423	0.0994358251058	raw	2845
G	98	1	423	0.521715596408	norm	2845
C	98	1	390	0.0916784203103	raw	2845
C	98	1	390	0.480260073648	norm	2845
A	99	1	1731	0.406911142454	raw	2845
A	99	1	1731	1.31346985855	norm	2845
T	99	1	1669	0.392336624354	raw	2845
T	99	1	1669	1.27087336013	norm	2845
G	99	1	431	0.101316408087	raw	2845
G	99	1	431	0.531582558042	norm	2845
C	99	1	423	0.0994358251058	raw	2845
C	99	1	423	0.520897464496	norm	2845
A	100	1	1718	0.40385519511	raw	2845
A	100	1	1718	1.30360555574	norm	2845
T	100	1	1690	0.397273154678	raw	2845
T	100	1	1690	1.2868639776	norm	2845
G	100	1	464	0.109073812882	raw	2845
G	100	1	464	0.572283774784	norm	2845
C	100	1	382	0.0897978373296	raw	2845
C	100	1	382	0.470408584958	norm	2845
