#nuc	offset	region.size	count	freq	norm.freq	total.sites
A	-100	1	1163	0.323414905451	raw	1340
A	-100	1	1163	1.04395207158	norm	1340
T	-100	1	1102	0.306451612903	raw	1340
T	-100	1	1102	0.992671004518	norm	1340
C	-100	1	683	0.189933259177	raw	1340
C	-100	1	683	0.99497090735	norm	1340
G	-100	1	648	0.180200222469	raw	1340
G	-100	1	648	0.94546675143	norm	1340
A	-99	1	1170	0.325361512792	raw	1340
A	-99	1	1170	1.05023553203	norm	1340
T	-99	1	1136	0.315906562848	raw	1340
T	-99	1	1136	1.02329787762	norm	1340
C	-99	1	693	0.192714126808	raw	1340
C	-99	1	693	1.00953856339	norm	1340
G	-99	1	597	0.166017797553	raw	1340
G	-99	1	597	0.871055016364	norm	1340
A	-98	1	1161	0.322858731924	raw	1340
A	-98	1	1161	1.04215679717	norm	1340
T	-98	1	1124	0.312569521691	raw	1340
T	-98	1	1124	1.01248839299	norm	1340
G	-98	1	678	0.188542825362	raw	1340
G	-98	1	678	0.989238360293	norm	1340
C	-98	1	633	0.176028921023	raw	1340
C	-98	1	633	0.922132627164	norm	1340
A	-97	1	1091	0.303392658509	raw	1340
A	-97	1	1091	0.979322192685	norm	1340
T	-97	1	1085	0.301724137931	raw	1340
T	-97	1	1085	0.977357567969	norm	1340
C	-97	1	756	0.210233592881	raw	1340
C	-97	1	756	1.10131479642	norm	1340
G	-97	1	664	0.184649610679	raw	1340
G	-97	1	664	0.96881160949	norm	1340
T	-96	1	1152	0.320355951057	raw	1340
T	-96	1	1152	1.03771052378	norm	1340
A	-96	1	1022	0.284204671858	raw	1340
A	-96	1	1022	0.917385225411	norm	1340
C	-96	1	770	0.214126807564	raw	1340
C	-96	1	770	1.12170951488	norm	1340
G	-96	1	652	0.181312569522	raw	1340
G	-96	1	652	0.951302965945	norm	1340
T	-95	1	1148	0.319243604004	raw	1340
T	-95	1	1148	1.03410736224	norm	1340
A	-95	1	1049	0.291713014461	raw	1340
A	-95	1	1049	0.941621429997	norm	1340
C	-95	1	809	0.224972191324	raw	1340
C	-95	1	809	1.17852337342	norm	1340
G	-95	1	590	0.164071190211	raw	1340
G	-95	1	590	0.860841640963	norm	1340
A	-94	1	1115	0.310066740823	raw	1340
A	-94	1	1115	1.00086548565	norm	1340
T	-94	1	1113	0.309510567297	raw	1340
T	-94	1	1113	1.00257969876	norm	1340
G	-94	1	690	0.191879866518	raw	1340
G	-94	1	690	1.00674700384	norm	1340
C	-94	1	678	0.188542825362	raw	1340
C	-94	1	678	0.987687079332	norm	1340
A	-93	1	1196	0.332591768632	raw	1340
A	-93	1	1196	1.07357409941	norm	1340
T	-93	1	1072	0.298109010011	raw	1340
T	-93	1	1072	0.965647292961	norm	1340
C	-93	1	685	0.190489432703	raw	1340
C	-93	1	685	0.997884438558	norm	1340
G	-93	1	643	0.178809788654	raw	1340
G	-93	1	643	0.938171483286	norm	1340
T	-92	1	1192	0.33194096352	raw	1340
T	-92	1	1192	1.07523718533	norm	1340
A	-92	1	1116	0.310776942356	raw	1340
A	-92	1	1116	1.00315794759	norm	1340
C	-92	1	725	0.201893622946	raw	1340
C	-92	1	725	1.05762562113	norm	1340
G	-92	1	558	0.155388471178	raw	1340
G	-92	1	558	0.815285525406	norm	1340
A	-91	1	1225	0.340656284761	raw	1340
A	-91	1	1225	1.0996055784	norm	1340
T	-91	1	994	0.276418242492	raw	1340
T	-91	1	994	0.895385642914	norm	1340
C	-91	1	745	0.207174638487	raw	1340
C	-91	1	745	1.08529037478	norm	1340
G	-91	1	632	0.17575083426	raw	1340
G	-91	1	632	0.92212189337	norm	1340
A	-90	1	1158	0.322024471635	raw	1340
A	-90	1	1158	1.03946388554	norm	1340
T	-90	1	1048	0.291434927697	raw	1340
T	-90	1	1048	0.944028323716	norm	1340
C	-90	1	728	0.202447163515	raw	1340
C	-90	1	728	1.06052535952	norm	1340
G	-90	1	662	0.184093437152	raw	1340
G	-90	1	662	0.965893502233	norm	1340
T	-89	1	1143	0.317853170189	raw	1340
T	-89	1	1143	1.02960341031	norm	1340
A	-89	1	1142	0.317575083426	raw	1340
A	-89	1	1142	1.02510169023	norm	1340
G	-89	1	715	0.198832035595	raw	1340
G	-89	1	715	1.04322334456	norm	1340
C	-89	1	596	0.16573971079	raw	1340
C	-89	1	596	0.868232299825	norm	1340
A	-88	1	1157	0.321746384872	raw	1340
A	-88	1	1157	1.03856624834	norm	1340
T	-88	1	1091	0.303392658509	raw	1340
T	-88	1	1091	0.98276231028	norm	1340
C	-88	1	714	0.198553948832	raw	1340
C	-88	1	714	1.04013064107	norm	1340
G	-88	1	634	0.176307007786	raw	1340
G	-88	1	634	0.925040000628	norm	1340
T	-87	1	1175	0.326751946607	raw	1340
T	-87	1	1175	1.05842870264	norm	1340
A	-87	1	1108	0.308120133482	raw	1340
A	-87	1	1108	0.994582025201	norm	1340
C	-87	1	666	0.185205784205	raw	1340
C	-87	1	666	0.970205892087	norm	1340
G	-87	1	647	0.179922135706	raw	1340
G	-87	1	647	0.944007697801	norm	1340
T	-86	1	1166	0.32424916574	raw	1340
T	-86	1	1166	1.05032158917	norm	1340
A	-86	1	1165	0.323971078977	raw	1340
A	-86	1	1165	1.04574734599	norm	1340
G	-86	1	651	0.181034482759	raw	1340
G	-86	1	651	0.949843912316	norm	1340
C	-86	1	614	0.170745272525	raw	1340
C	-86	1	614	0.894454080693	norm	1340
A	-85	1	1171	0.325639599555	raw	1340
A	-85	1	1171	1.05113316923	norm	1340
T	-85	1	1123	0.312291434928	raw	1340
T	-85	1	1123	1.01158760261	norm	1340
C	-85	1	673	0.187152391546	raw	1340
C	-85	1	673	0.980403251313	norm	1340
G	-85	1	629	0.174916573971	raw	1340
G	-85	1	629	0.917744732484	norm	1340
A	-84	1	1058	0.294215795328	raw	1340
A	-84	1	1058	0.949700164858	norm	1340
T	-84	1	1029	0.286151279199	raw	1340
T	-84	1	1029	0.926913306396	norm	1340
C	-84	1	781	0.217185761958	raw	1340
C	-84	1	781	1.13773393652	norm	1340
G	-84	1	728	0.202447163515	raw	1340
G	-84	1	728	1.06219104173	norm	1340
A	-83	1	1105	0.307285873192	raw	1340
A	-83	1	1105	0.991889113581	norm	1340
T	-83	1	1079	0.300055617353	raw	1340
T	-83	1	1079	0.971952825658	norm	1340
G	-83	1	725	0.201612903226	raw	1340
G	-83	1	725	1.05781388084	norm	1340
C	-83	1	687	0.191045606229	raw	1340
C	-83	1	687	1.00079796977	norm	1340
T	-82	1	1241	0.34510567297	raw	1340
T	-82	1	1241	1.11788086806	norm	1340
A	-82	1	1071	0.297830923248	raw	1340
A	-82	1	1071	0.961369448548	norm	1340
C	-82	1	687	0.191045606229	raw	1340
C	-82	1	687	1.00079796977	norm	1340
G	-82	1	597	0.166017797553	raw	1340
G	-82	1	597	0.871055016364	norm	1340
A	-81	1	1107	0.307842046719	raw	1340
A	-81	1	1107	0.993684387995	norm	1340
T	-81	1	1079	0.300055617353	raw	1340
T	-81	1	1079	0.971952825658	norm	1340
C	-81	1	745	0.207174638487	raw	1340
C	-81	1	745	1.08529037478	norm	1340
G	-81	1	665	0.184927697442	raw	1340
G	-81	1	665	0.970270663119	norm	1340
A	-80	1	1185	0.329532814238	raw	1340
A	-80	1	1185	1.06370009013	norm	1340
T	-80	1	1005	0.279477196885	raw	1340
T	-80	1	1005	0.905294337151	norm	1340
G	-80	1	712	0.197997775306	raw	1340
G	-80	1	712	1.03884618367	norm	1340
C	-80	1	694	0.192992213571	raw	1340
C	-80	1	694	1.01099532899	norm	1340
T	-79	1	1093	0.304287305122	raw	1340
T	-79	1	1093	0.985660287366	norm	1340
A	-79	1	1053	0.293151447661	raw	1340
A	-79	1	1053	0.946264553411	norm	1340
C	-79	1	772	0.214922048998	raw	1340
C	-79	1	772	1.12587541028	norm	1340
G	-79	1	674	0.187639198218	raw	1340
G	-79	1	674	0.98449724839	norm	1340
A	-78	1	1120	0.311457174638	raw	1340
A	-78	1	1120	1.00535367168	norm	1340
T	-78	1	1097	0.305061179088	raw	1340
T	-78	1	1097	0.988167052592	norm	1340
G	-78	1	757	0.210511679644	raw	1340
G	-78	1	757	1.10450359696	norm	1340
C	-78	1	622	0.17296996663	raw	1340
C	-78	1	622	0.906108205522	norm	1340
T	-77	1	1130	0.314238042269	raw	1340
T	-77	1	1130	1.0178931353	norm	1340
A	-77	1	1107	0.307842046719	raw	1340
A	-77	1	1107	0.993684387995	norm	1340
C	-77	1	697	0.19382647386	raw	1340
C	-77	1	697	1.0153656258	norm	1340
G	-77	1	662	0.184093437152	raw	1340
G	-77	1	662	0.965893502233	norm	1340
A	-76	1	1128	0.313681868743	raw	1340
A	-76	1	1128	1.01253476934	norm	1340
T	-76	1	1110	0.308676307008	raw	1340
T	-76	1	1110	0.9998773276	norm	1340
G	-76	1	722	0.200778642937	raw	1340
G	-76	1	722	1.05343671996	norm	1340
C	-76	1	636	0.176863181313	raw	1340
C	-76	1	636	0.926502923975	norm	1340
A	-75	1	1146	0.318687430478	raw	1340
A	-75	1	1146	1.02869223906	norm	1340
T	-75	1	1067	0.296718576196	raw	1340
T	-75	1	1067	0.961143341035	norm	1340
C	-75	1	718	0.199666295884	raw	1340
C	-75	1	718	1.04595770348	norm	1340
G	-75	1	665	0.184927697442	raw	1340
G	-75	1	665	0.970270663119	norm	1340
A	-74	1	1122	0.312013348165	raw	1340
A	-74	1	1122	1.0071489461	norm	1340
T	-74	1	1103	0.306729699666	raw	1340
T	-74	1	1103	0.993571794903	norm	1340
G	-74	1	705	0.196051167964	raw	1340
G	-74	1	705	1.02863280827	norm	1340
C	-74	1	666	0.185205784205	raw	1340
C	-74	1	666	0.970205892087	norm	1340
A	-73	1	1132	0.314794215795	raw	1340
A	-73	1	1132	1.01612531817	norm	1340
T	-73	1	1047	0.291156840934	raw	1340
T	-73	1	1047	0.94312753333	norm	1340
G	-73	1	768	0.213570634038	raw	1340
G	-73	1	768	1.12055318688	norm	1340
C	-73	1	649	0.180478309232	raw	1340
C	-73	1	649	0.945440876823	norm	1340
A	-72	1	1210	0.336484983315	raw	1340
A	-72	1	1210	1.0861410203	norm	1340
T	-72	1	973	0.270578420467	raw	1340
T	-72	1	973	0.876469044824	norm	1340
G	-72	1	729	0.202725250278	raw	1340
G	-72	1	729	1.06365009536	norm	1340
C	-72	1	684	0.19021134594	raw	1340
C	-72	1	684	0.996427672954	norm	1340
A	-71	1	1131	0.314516129032	raw	1340
A	-71	1	1131	1.01522768096	norm	1340
T	-71	1	1016	0.282536151279	raw	1340
T	-71	1	1016	0.915203031388	norm	1340
C	-71	1	791	0.219966629588	raw	1340
C	-71	1	791	1.15230159255	norm	1340
G	-71	1	658	0.1829810901	raw	1340
G	-71	1	658	0.960057287718	norm	1340
A	-70	1	1204	0.334816462736	raw	1340
A	-70	1	1204	1.08075519706	norm	1340
T	-70	1	1126	0.313125695217	raw	1340
T	-70	1	1126	1.01428997376	norm	1340
C	-70	1	698	0.194104560623	raw	1340
C	-70	1	698	1.01682239141	norm	1340
G	-70	1	568	0.157953281424	raw	1340
G	-70	1	568	0.82874246113	norm	1340
A	-69	1	1130	0.314238042269	raw	1340
A	-69	1	1130	1.01433004375	norm	1340
T	-69	1	1130	0.314238042269	raw	1340
T	-69	1	1130	1.0178931353	norm	1340
G	-69	1	670	0.186318131257	raw	1340
G	-69	1	670	0.977565931263	norm	1340
C	-69	1	666	0.185205784205	raw	1340
C	-69	1	666	0.970205892087	norm	1340
A	-68	1	1116	0.310344827586	raw	1340
A	-68	1	1116	1.00176312286	norm	1340
T	-68	1	1116	0.310344827586	raw	1340
T	-68	1	1116	1.00528206991	norm	1340
C	-68	1	739	0.205506117909	raw	1340
C	-68	1	739	1.07654978116	norm	1340
G	-68	1	625	0.173804226919	raw	1340
G	-68	1	625	0.911908517969	norm	1340
A	-67	1	1091	0.303392658509	raw	1340
A	-67	1	1091	0.979322192685	norm	1340
T	-67	1	1071	0.297830923248	raw	1340
T	-67	1	1071	0.964746502576	norm	1340
G	-67	1	736	0.20467185762	raw	1340
G	-67	1	736	1.07386347076	norm	1340
C	-67	1	698	0.194104560623	raw	1340
C	-67	1	698	1.01682239141	norm	1340
A	-66	1	1136	0.315906562848	raw	1340
A	-66	1	1136	1.01971586699	norm	1340
T	-66	1	1081	0.300611790879	raw	1340
T	-66	1	1081	0.973754406428	norm	1340
G	-66	1	706	0.196329254727	raw	1340
G	-66	1	706	1.0300918619	norm	1340
C	-66	1	673	0.187152391546	raw	1340
C	-66	1	673	0.980403251313	norm	1340
T	-65	1	1209	0.336206896552	raw	1340
T	-65	1	1209	1.08905557574	norm	1340
A	-65	1	1057	0.293937708565	raw	1340
A	-65	1	1057	0.948802527652	norm	1340
G	-65	1	703	0.195494994438	raw	1340
G	-65	1	703	1.02571470101	norm	1340
C	-65	1	627	0.174360400445	raw	1340
C	-65	1	627	0.913392033541	norm	1340
T	-64	1	1124	0.312569521691	raw	1340
T	-64	1	1124	1.01248839299	norm	1340
A	-64	1	1123	0.312291434928	raw	1340
A	-64	1	1123	1.0080465833	norm	1340
G	-64	1	693	0.192714126808	raw	1340
G	-64	1	693	1.01112416472	norm	1340
C	-64	1	656	0.182424916574	raw	1340
C	-64	1	656	0.955638236049	norm	1340
T	-63	1	1239	0.344549499444	raw	1340
T	-63	1	1239	1.11607928729	norm	1340
A	-63	1	1021	0.283926585095	raw	1340
A	-63	1	1021	0.916487588205	norm	1340
C	-63	1	722	0.200778642937	raw	1340
C	-63	1	722	1.0517847659	norm	1340
G	-63	1	614	0.170745272525	raw	1340
G	-63	1	614	0.895858928053	norm	1340
T	-62	1	1152	0.320355951057	raw	1340
T	-62	1	1152	1.03771052378	norm	1340
A	-62	1	1098	0.305339265851	raw	1340
A	-62	1	1098	0.985605653133	norm	1340
C	-62	1	682	0.189655172414	raw	1340
C	-62	1	682	0.993514141746	norm	1340
G	-62	1	664	0.184649610679	raw	1340
G	-62	1	664	0.96881160949	norm	1340
T	-61	1	1144	0.318131256952	raw	1340
T	-61	1	1144	1.0305042007	norm	1340
A	-61	1	1135	0.315628476085	raw	1340
A	-61	1	1135	1.01881822979	norm	1340
G	-61	1	684	0.19021134594	raw	1340
G	-61	1	684	0.997992682065	norm	1340
C	-61	1	633	0.176028921023	raw	1340
C	-61	1	633	0.922132627164	norm	1340
A	-60	1	1124	0.312569521691	raw	1340
A	-60	1	1124	1.00894422051	norm	1340
T	-60	1	1069	0.297274749722	raw	1340
T	-60	1	1069	0.962944921805	norm	1340
C	-60	1	724	0.201334816463	raw	1340
C	-60	1	724	1.0546982971	norm	1340
G	-60	1	679	0.188820912125	raw	1340
G	-60	1	679	0.990697413921	norm	1340
T	-59	1	1160	0.322580645161	raw	1340
T	-59	1	1160	1.04491684686	norm	1340
A	-59	1	1156	0.321468298109	raw	1340
A	-59	1	1156	1.03766861113	norm	1340
C	-59	1	659	0.183259176863	raw	1340
C	-59	1	659	0.960008532861	norm	1340
G	-59	1	621	0.172691879867	raw	1340
G	-59	1	621	0.906072303454	norm	1340
T	-58	1	1186	0.329810901001	raw	1340
T	-58	1	1186	1.06833739688	norm	1340
A	-58	1	1038	0.288654060067	raw	1340
A	-58	1	1038	0.931747420721	norm	1340
G	-58	1	723	0.2010567297	raw	1340
G	-58	1	723	1.05489577359	norm	1340
C	-58	1	649	0.180478309232	raw	1340
C	-58	1	649	0.945440876823	norm	1340
T	-57	1	1152	0.320355951057	raw	1340
T	-57	1	1152	1.03771052378	norm	1340
A	-57	1	1128	0.313681868743	raw	1340
A	-57	1	1128	1.01253476934	norm	1340
G	-57	1	694	0.192992213571	raw	1340
G	-57	1	694	1.01258321835	norm	1340
C	-57	1	622	0.17296996663	raw	1340
C	-57	1	622	0.906108205522	norm	1340
A	-56	1	1181	0.328420467186	raw	1340
A	-56	1	1181	1.0601095413	norm	1340
T	-56	1	1103	0.306729699666	raw	1340
T	-56	1	1103	0.993571794903	norm	1340
C	-56	1	729	0.202725250278	raw	1340
C	-56	1	729	1.06198212512	norm	1340
G	-56	1	583	0.16212458287	raw	1340
G	-56	1	583	0.850628265561	norm	1340
T	-55	1	1098	0.305339265851	raw	1340
T	-55	1	1098	0.989067842977	norm	1340
A	-55	1	1094	0.304226918799	raw	1340
A	-55	1	1094	0.982015104305	norm	1340
C	-55	1	746	0.20745272525	raw	1340
C	-55	1	746	1.08674714039	norm	1340
G	-55	1	658	0.1829810901	raw	1340
G	-55	1	658	0.960057287718	norm	1340
T	-54	1	1071	0.297830923248	raw	1340
T	-54	1	1071	0.964746502576	norm	1340
A	-54	1	1002	0.278642936596	raw	1340
A	-54	1	1002	0.899432481274	norm	1340
C	-54	1	762	0.211902113459	raw	1340
C	-54	1	762	1.11005539005	norm	1340
G	-54	1	761	0.211624026696	raw	1340
G	-54	1	761	1.11033981148	norm	1340
T	-53	1	1116	0.310344827586	raw	1340
T	-53	1	1116	1.00528206991	norm	1340
A	-53	1	1092	0.303670745273	raw	1340
A	-53	1	1092	0.980219829892	norm	1340
G	-53	1	708	0.196885428254	raw	1340
G	-53	1	708	1.03300996916	norm	1340
C	-53	1	680	0.189098998888	raw	1340
C	-53	1	680	0.990600610539	norm	1340
T	-52	1	1172	0.325917686318	raw	1340
T	-52	1	1172	1.05572633148	norm	1340
A	-52	1	1101	0.30617352614	raw	1340
A	-52	1	1101	0.988298564753	norm	1340
C	-52	1	702	0.195216907675	raw	1340
C	-52	1	702	1.02264945382	norm	1340
G	-52	1	621	0.172691879867	raw	1340
G	-52	1	621	0.906072303454	norm	1340
A	-51	1	1178	0.327586206897	raw	1340
A	-51	1	1178	1.05741662968	norm	1340
T	-51	1	1040	0.289210233593	raw	1340
T	-51	1	1040	0.936822000634	norm	1340
G	-51	1	708	0.196885428254	raw	1340
G	-51	1	708	1.03300996916	norm	1340
C	-51	1	670	0.186318131257	raw	1340
C	-51	1	670	0.976032954502	norm	1340
A	-50	1	1164	0.323692992214	raw	1340
A	-50	1	1164	1.04484970879	norm	1340
T	-50	1	1041	0.289488320356	raw	1340
T	-50	1	1041	0.937722791019	norm	1340
C	-50	1	741	0.206062291435	raw	1340
C	-50	1	741	1.07946331237	norm	1340
G	-50	1	650	0.180756395996	raw	1340
G	-50	1	650	0.948384858688	norm	1340
T	-49	1	1109	0.308398220245	raw	1340
T	-49	1	1109	0.998976537214	norm	1340
A	-49	1	1097	0.305061179088	raw	1340
A	-49	1	1097	0.984708015926	norm	1340
C	-49	1	697	0.19382647386	raw	1340
C	-49	1	697	1.0153656258	norm	1340
G	-49	1	693	0.192714126808	raw	1340
G	-49	1	693	1.01112416472	norm	1340
A	-48	1	1164	0.323692992214	raw	1340
A	-48	1	1164	1.04484970879	norm	1340
T	-48	1	1030	0.286429365962	raw	1340
T	-48	1	1030	0.927814096782	norm	1340
C	-48	1	722	0.200778642937	raw	1340
C	-48	1	722	1.0517847659	norm	1340
G	-48	1	680	0.189098998888	raw	1340
G	-48	1	680	0.99215646755	norm	1340
T	-47	1	1149	0.319521690768	raw	1340
T	-47	1	1149	1.03500815262	norm	1340
A	-47	1	1107	0.307842046719	raw	1340
A	-47	1	1107	0.993684387995	norm	1340
G	-47	1	736	0.20467185762	raw	1340
G	-47	1	736	1.07386347076	norm	1340
C	-47	1	604	0.167964404894	raw	1340
C	-47	1	604	0.879886424655	norm	1340
T	-46	1	1083	0.301167964405	raw	1340
T	-46	1	1083	0.975555987199	norm	1340
A	-46	1	1054	0.293103448276	raw	1340
A	-46	1	1054	0.946109616031	norm	1340
C	-46	1	773	0.214961067853	raw	1340
C	-46	1	773	1.12607981169	norm	1340
G	-46	1	686	0.190767519466	raw	1340
G	-46	1	686	1.00091078932	norm	1340
T	-45	1	1134	0.315350389321	raw	1340
T	-45	1	1134	1.02149629685	norm	1340
A	-45	1	1118	0.310901001112	raw	1340
A	-45	1	1118	1.00355839727	norm	1340
G	-45	1	721	0.200500556174	raw	1340
G	-45	1	721	1.05197766633	norm	1340
C	-45	1	623	0.173248053393	raw	1340
C	-45	1	623	0.907564971126	norm	1340
T	-44	1	1149	0.319521690768	raw	1340
T	-44	1	1149	1.03500815262	norm	1340
A	-44	1	1117	0.310622914349	raw	1340
A	-44	1	1117	1.00266076006	norm	1340
G	-44	1	710	0.19744160178	raw	1340
G	-44	1	710	1.03592807641	norm	1340
C	-44	1	620	0.172413793103	raw	1340
C	-44	1	620	0.903194674315	norm	1340
T	-43	1	1172	0.325917686318	raw	1340
T	-43	1	1172	1.05572633148	norm	1340
A	-43	1	1124	0.312569521691	raw	1340
A	-43	1	1124	1.00894422051	norm	1340
G	-43	1	680	0.189098998888	raw	1340
G	-43	1	680	0.99215646755	norm	1340
C	-43	1	620	0.172413793103	raw	1340
C	-43	1	620	0.903194674315	norm	1340
A	-42	1	1127	0.31340378198	raw	1340
A	-42	1	1127	1.01163713213	norm	1340
T	-42	1	1074	0.298665183537	raw	1340
T	-42	1	1074	0.967448873732	norm	1340
G	-42	1	712	0.197997775306	raw	1340
G	-42	1	712	1.03884618367	norm	1340
C	-42	1	683	0.189933259177	raw	1340
C	-42	1	683	0.99497090735	norm	1340
T	-41	1	1151	0.320077864294	raw	1340
T	-41	1	1151	1.03680973339	norm	1340
A	-41	1	1087	0.302280311457	raw	1340
A	-41	1	1087	0.975731643857	norm	1340
C	-41	1	710	0.19744160178	raw	1340
C	-41	1	710	1.03430357865	norm	1340
G	-41	1	648	0.180200222469	raw	1340
G	-41	1	648	0.94546675143	norm	1340
T	-40	1	1067	0.296718576196	raw	1340
T	-40	1	1067	0.961143341035	norm	1340
A	-40	1	1025	0.285038932147	raw	1340
A	-40	1	1025	0.920078137032	norm	1340
G	-40	1	765	0.212736373749	raw	1340
G	-40	1	765	1.11617602599	norm	1340
C	-40	1	739	0.205506117909	raw	1340
C	-40	1	739	1.07654978116	norm	1340
A	-39	1	1188	0.330367074527	raw	1340
A	-39	1	1188	1.06639300175	norm	1340
T	-39	1	1117	0.310622914349	raw	1340
T	-39	1	1117	1.0061828603	norm	1340
G	-39	1	698	0.194104560623	raw	1340
G	-39	1	698	1.01841943287	norm	1340
C	-39	1	593	0.164905450501	raw	1340
C	-39	1	593	0.863862003014	norm	1340
T	-38	1	1115	0.310066740823	raw	1340
T	-38	1	1115	1.00438127953	norm	1340
A	-38	1	1084	0.301446051168	raw	1340
A	-38	1	1084	0.973038732237	norm	1340
G	-38	1	705	0.196051167964	raw	1340
G	-38	1	705	1.02863280827	norm	1340
C	-38	1	692	0.192436040044	raw	1340
C	-38	1	692	1.00808179778	norm	1340
T	-37	1	1116	0.310344827586	raw	1340
T	-37	1	1116	1.00528206991	norm	1340
A	-37	1	1035	0.287819799778	raw	1340
A	-37	1	1035	0.929054509101	norm	1340
G	-37	1	731	0.203281423804	raw	1340
G	-37	1	731	1.06656820262	norm	1340
C	-37	1	714	0.198553948832	raw	1340
C	-37	1	714	1.04013064107	norm	1340
A	-36	1	1153	0.32063403782	raw	1340
A	-36	1	1153	1.03497569951	norm	1340
T	-36	1	1117	0.310622914349	raw	1340
T	-36	1	1117	1.0061828603	norm	1340
G	-36	1	712	0.197997775306	raw	1340
G	-36	1	712	1.03884618367	norm	1340
C	-36	1	614	0.170745272525	raw	1340
C	-36	1	614	0.894454080693	norm	1340
A	-35	1	1163	0.323414905451	raw	1340
A	-35	1	1163	1.04395207158	norm	1340
T	-35	1	984	0.273637374861	raw	1340
T	-35	1	984	0.886377739061	norm	1340
G	-35	1	791	0.219966629588	raw	1340
G	-35	1	791	1.15411142034	norm	1340
C	-35	1	658	0.1829810901	raw	1340
C	-35	1	658	0.958551767257	norm	1340
A	-34	1	1153	0.32063403782	raw	1340
A	-34	1	1153	1.03497569951	norm	1340
T	-34	1	1043	0.290044493882	raw	1340
T	-34	1	1043	0.93952437179	norm	1340
C	-34	1	716	0.199110122358	raw	1340
C	-34	1	716	1.04304417227	norm	1340
G	-34	1	684	0.19021134594	raw	1340
G	-34	1	684	0.997992682065	norm	1340
T	-33	1	1070	0.297552836485	raw	1340
T	-33	1	1070	0.963845712191	norm	1340
A	-33	1	1042	0.289766407119	raw	1340
A	-33	1	1042	0.935337969549	norm	1340
G	-33	1	828	0.230255839822	raw	1340
G	-33	1	828	1.20809640461	norm	1340
C	-33	1	656	0.182424916574	raw	1340
C	-33	1	656	0.955638236049	norm	1340
T	-32	1	1155	0.321190211346	raw	1340
T	-32	1	1155	1.04041289493	norm	1340
A	-32	1	1099	0.305617352614	raw	1340
A	-32	1	1099	0.98650329034	norm	1340
G	-32	1	704	0.195773081201	raw	1340
G	-32	1	704	1.02717375464	norm	1340
C	-32	1	638	0.177419354839	raw	1340
C	-32	1	638	0.929416455182	norm	1340
A	-31	1	1144	0.318131256952	raw	1340
A	-31	1	1144	1.02689696465	norm	1340
T	-31	1	1063	0.295606229143	raw	1340
T	-31	1	1063	0.957540179494	norm	1340
C	-31	1	727	0.202169076752	raw	1340
C	-31	1	727	1.05906859391	norm	1340
G	-31	1	662	0.184093437152	raw	1340
G	-31	1	662	0.965893502233	norm	1340
T	-30	1	1109	0.308398220245	raw	1340
T	-30	1	1109	0.998976537214	norm	1340
A	-30	1	1076	0.299221357063	raw	1340
A	-30	1	1076	0.965857634582	norm	1340
C	-30	1	716	0.199110122358	raw	1340
C	-30	1	716	1.04304417227	norm	1340
G	-30	1	695	0.193270300334	raw	1340
G	-30	1	695	1.01404227198	norm	1340
A	-29	1	1185	0.329532814238	raw	1340
A	-29	1	1185	1.06370009013	norm	1340
T	-29	1	1109	0.308398220245	raw	1340
T	-29	1	1109	0.998976537214	norm	1340
G	-29	1	683	0.189933259177	raw	1340
G	-29	1	683	0.996533628436	norm	1340
C	-29	1	619	0.17213570634	raw	1340
C	-29	1	619	0.901737908711	norm	1340
A	-28	1	1224	0.340378197998	raw	1340
A	-28	1	1224	1.0987079412	norm	1340
T	-28	1	1017	0.282814238042	raw	1340
T	-28	1	1017	0.916103821774	norm	1340
G	-28	1	720	0.20022246941	raw	1340
G	-28	1	720	1.0505186127	norm	1340
C	-28	1	635	0.176585094549	raw	1340
C	-28	1	635	0.925046158371	norm	1340
A	-27	1	1131	0.314516129032	raw	1340
A	-27	1	1131	1.01522768096	norm	1340
T	-27	1	1094	0.304226918799	raw	1340
T	-27	1	1094	0.985464681436	norm	1340
G	-27	1	739	0.205506117909	raw	1340
G	-27	1	739	1.07824063165	norm	1340
C	-27	1	632	0.17575083426	raw	1340
C	-27	1	632	0.92067586156	norm	1340
A	-26	1	1158	0.322024471635	raw	1340
A	-26	1	1158	1.03946388554	norm	1340
T	-26	1	1022	0.284204671858	raw	1340
T	-26	1	1022	0.9206077737	norm	1340
G	-26	1	744	0.206896551724	raw	1340
G	-26	1	744	1.08553589979	norm	1340
C	-26	1	672	0.186874304783	raw	1340
C	-26	1	672	0.978946485709	norm	1340
A	-25	1	1201	0.333982202447	raw	1340
A	-25	1	1201	1.07806228544	norm	1340
T	-25	1	1063	0.295606229143	raw	1340
T	-25	1	1063	0.957540179494	norm	1340
G	-25	1	728	0.202447163515	raw	1340
G	-25	1	728	1.06219104173	norm	1340
C	-25	1	604	0.167964404894	raw	1340
C	-25	1	604	0.879886424655	norm	1340
A	-24	1	1155	0.321190211346	raw	1340
A	-24	1	1155	1.03677097392	norm	1340
T	-24	1	1065	0.29616240267	raw	1340
T	-24	1	1065	0.959341760264	norm	1340
C	-24	1	693	0.192714126808	raw	1340
C	-24	1	693	1.00953856339	norm	1340
G	-24	1	683	0.189933259177	raw	1340
G	-24	1	683	0.996533628436	norm	1340
A	-23	1	1161	0.322858731924	raw	1340
A	-23	1	1161	1.04215679717	norm	1340
T	-23	1	979	0.272246941046	raw	1340
T	-23	1	979	0.881873787135	norm	1340
G	-23	1	747	0.207730812013	raw	1340
G	-23	1	747	1.08991306068	norm	1340
C	-23	1	709	0.197163515017	raw	1340
C	-23	1	709	1.03284681305	norm	1340
A	-22	1	1167	0.324527252503	raw	1340
A	-22	1	1167	1.04754262041	norm	1340
T	-22	1	1011	0.281145717464	raw	1340
T	-22	1	1011	0.910699079462	norm	1340
C	-22	1	725	0.201612903226	raw	1340
C	-22	1	725	1.05615506271	norm	1340
G	-22	1	693	0.192714126808	raw	1340
G	-22	1	693	1.01112416472	norm	1340
T	-21	1	1167	0.324527252503	raw	1340
T	-21	1	1167	1.05122237956	norm	1340
A	-21	1	1050	0.291991101224	raw	1340
A	-21	1	1050	0.942519067204	norm	1340
C	-21	1	724	0.201334816463	raw	1340
C	-21	1	724	1.0546982971	norm	1340
G	-21	1	655	0.182146829811	raw	1340
G	-21	1	655	0.955680126831	norm	1340
T	-20	1	1141	0.317296996663	raw	1340
T	-20	1	1141	1.02780182954	norm	1340
A	-20	1	1095	0.304505005562	raw	1340
A	-20	1	1095	0.982912741512	norm	1340
C	-20	1	752	0.209121245829	raw	1340
C	-20	1	752	1.09548773401	norm	1340
G	-20	1	608	0.169076751947	raw	1340
G	-20	1	608	0.88710460628	norm	1340
A	-19	1	1139	0.316740823137	raw	1340
A	-19	1	1139	1.02240877861	norm	1340
T	-19	1	1113	0.309510567297	raw	1340
T	-19	1	1113	1.00257969876	norm	1340
G	-19	1	682	0.189655172414	raw	1340
G	-19	1	682	0.995074574808	norm	1340
C	-19	1	662	0.184093437152	raw	1340
C	-19	1	662	0.964378829672	norm	1340
A	-18	1	1161	0.322858731924	raw	1340
A	-18	1	1161	1.04215679717	norm	1340
T	-18	1	1129	0.313959955506	raw	1340
T	-18	1	1129	1.01699234492	norm	1340
G	-18	1	663	0.184371523915	raw	1340
G	-18	1	663	0.967352555861	norm	1340
C	-18	1	643	0.178809788654	raw	1340
C	-18	1	643	0.936700283201	norm	1340
A	-17	1	1189	0.33064516129	raw	1340
A	-17	1	1189	1.06729063896	norm	1340
T	-17	1	1113	0.309510567297	raw	1340
T	-17	1	1113	1.00257969876	norm	1340
C	-17	1	670	0.186318131257	raw	1340
C	-17	1	670	0.976032954502	norm	1340
G	-17	1	624	0.173526140156	raw	1340
G	-17	1	624	0.91044946434	norm	1340
A	-16	1	1137	0.316184649611	raw	1340
A	-16	1	1137	1.0206135042	norm	1340
T	-16	1	1019	0.283370411568	raw	1340
T	-16	1	1019	0.917905402544	norm	1340
C	-16	1	747	0.207730812013	raw	1340
C	-16	1	747	1.08820390599	norm	1340
G	-16	1	693	0.192714126808	raw	1340
G	-16	1	693	1.01112416472	norm	1340
A	-15	1	1255	0.348998887653	raw	1340
A	-15	1	1255	1.12653469461	norm	1340
T	-15	1	974	0.27085650723	raw	1340
T	-15	1	974	0.877369835209	norm	1340
G	-15	1	731	0.203281423804	raw	1340
G	-15	1	731	1.06656820262	norm	1340
C	-15	1	636	0.176863181313	raw	1340
C	-15	1	636	0.926502923975	norm	1340
A	-14	1	1124	0.312569521691	raw	1340
A	-14	1	1124	1.00894422051	norm	1340
T	-14	1	1081	0.300611790879	raw	1340
T	-14	1	1081	0.973754406428	norm	1340
C	-14	1	727	0.202169076752	raw	1340
C	-14	1	727	1.05906859391	norm	1340
G	-14	1	664	0.184649610679	raw	1340
G	-14	1	664	0.96881160949	norm	1340
A	-13	1	1144	0.318131256952	raw	1340
A	-13	1	1144	1.02689696465	norm	1340
T	-13	1	1090	0.303114571746	raw	1340
T	-13	1	1090	0.981861519895	norm	1340
G	-13	1	694	0.192992213571	raw	1340
G	-13	1	694	1.01258321835	norm	1340
C	-13	1	668	0.185761957731	raw	1340
C	-13	1	668	0.973119423294	norm	1340
T	-12	1	1104	0.307007786429	raw	1340
T	-12	1	1104	0.994472585288	norm	1340
A	-12	1	1066	0.296440489433	raw	1340
A	-12	1	1066	0.956881262513	norm	1340
G	-12	1	730	0.203003337041	raw	1340
G	-12	1	730	1.06510914899	norm	1340
C	-12	1	696	0.193548387097	raw	1340
C	-12	1	696	1.0139088602	norm	1340
A	-11	1	1248	0.347052280311	raw	1340
A	-11	1	1248	1.12025123416	norm	1340
T	-11	1	1109	0.308398220245	raw	1340
T	-11	1	1109	0.998976537214	norm	1340
G	-11	1	621	0.172691879867	raw	1340
G	-11	1	621	0.906072303454	norm	1340
C	-11	1	618	0.171857619577	raw	1340
C	-11	1	618	0.900281143108	norm	1340
A	-10	1	1093	0.303948832036	raw	1340
A	-10	1	1093	0.981117467099	norm	1340
T	-10	1	1069	0.297274749722	raw	1340
T	-10	1	1069	0.962944921805	norm	1340
G	-10	1	740	0.205784204672	raw	1340
G	-10	1	740	1.07969968528	norm	1340
C	-10	1	694	0.192992213571	raw	1340
C	-10	1	694	1.01099532899	norm	1340
T	-9	1	1157	0.321746384872	raw	1340
T	-9	1	1157	1.04221447571	norm	1340
A	-9	1	1103	0.306729699666	raw	1340
A	-9	1	1103	0.990093839167	norm	1340
C	-9	1	680	0.189098998888	raw	1340
C	-9	1	680	0.990600610539	norm	1340
G	-9	1	656	0.182424916574	raw	1340
G	-9	1	656	0.95713918046	norm	1340
A	-8	1	1105	0.307285873192	raw	1340
A	-8	1	1105	0.991889113581	norm	1340
T	-8	1	1101	0.30617352614	raw	1340
T	-8	1	1101	0.991770214133	norm	1340
C	-8	1	697	0.19382647386	raw	1340
C	-8	1	697	1.0153656258	norm	1340
G	-8	1	693	0.192714126808	raw	1340
G	-8	1	693	1.01112416472	norm	1340
T	-7	1	1155	0.321190211346	raw	1340
T	-7	1	1155	1.04041289493	norm	1340
A	-7	1	1067	0.296718576196	raw	1340
A	-7	1	1067	0.95777889972	norm	1340
C	-7	1	690	0.191879866518	raw	1340
C	-7	1	690	1.00516826658	norm	1340
G	-7	1	684	0.19021134594	raw	1340
G	-7	1	684	0.997992682065	norm	1340
T	-6	1	1209	0.336206896552	raw	1340
T	-6	1	1209	1.08905557574	norm	1340
A	-6	1	995	0.276696329255	raw	1340
A	-6	1	995	0.893149020826	norm	1340
C	-6	1	713	0.198275862069	raw	1340
C	-6	1	713	1.03867387546	norm	1340
G	-6	1	679	0.188820912125	raw	1340
G	-6	1	679	0.990697413921	norm	1340
A	-5	1	1133	0.315072302558	raw	1340
A	-5	1	1133	1.01702295537	norm	1340
T	-5	1	1104	0.307007786429	raw	1340
T	-5	1	1104	0.994472585288	norm	1340
G	-5	1	718	0.199666295884	raw	1340
G	-5	1	718	1.04760050544	norm	1340
C	-5	1	641	0.178253615128	raw	1340
C	-5	1	641	0.933786751993	norm	1340
A	-4	1	1199	0.333426028921	raw	1340
A	-4	1	1199	1.07626701103	norm	1340
T	-4	1	1152	0.320355951057	raw	1340
T	-4	1	1152	1.03771052378	norm	1340
C	-4	1	635	0.176585094549	raw	1340
C	-4	1	635	0.925046158371	norm	1340
G	-4	1	610	0.169632925473	raw	1340
G	-4	1	610	0.890022713538	norm	1340
T	-3	1	1139	0.316740823137	raw	1340
T	-3	1	1139	1.02600024877	norm	1340
A	-3	1	1030	0.286429365962	raw	1340
A	-3	1	1030	0.924566323066	norm	1340
C	-3	1	754	0.209677419355	raw	1340
C	-3	1	754	1.09840126522	norm	1340
G	-3	1	673	0.187152391546	raw	1340
G	-3	1	673	0.981943092149	norm	1340
T	-2	1	1134	0.315350389321	raw	1340
T	-2	1	1134	1.02149629685	norm	1340
A	-2	1	1023	0.284482758621	raw	1340
A	-2	1	1023	0.918282862618	norm	1340
C	-2	1	727	0.202169076752	raw	1340
C	-2	1	727	1.05906859391	norm	1340
G	-2	1	712	0.197997775306	raw	1340
G	-2	1	712	1.03884618367	norm	1340
A	-1	1	1244	0.345939933259	raw	1340
A	-1	1	1244	1.11666068533	norm	1340
T	-1	1	1102	0.306451612903	raw	1340
T	-1	1	1102	0.992671004518	norm	1340
G	-1	1	655	0.182146829811	raw	1340
G	-1	1	655	0.955680126831	norm	1340
C	-1	1	595	0.165461624027	raw	1340
C	-1	1	595	0.866775534222	norm	1340
C	0	1	1551	0.431312569522	raw	1340
C	0	1	1551	2.25944345139	norm	1340
G	0	1	940	0.261401557286	raw	1340
G	0	1	940	1.37151041103	norm	1340
A	0	1	584	0.162402669633	raw	1340
A	0	1	584	0.524220128807	norm	1340
T	0	1	521	0.14488320356	raw	1340
T	0	1	521	0.469311790702	norm	1340
A	1	1	1615	0.449110122358	raw	1340
A	1	1	1615	1.44968408908	norm	1340
C	1	1	800	0.222469410456	raw	1340
C	1	1	800	1.16541248299	norm	1340
T	1	1	636	0.176863181313	raw	1340
T	1	1	636	0.572902685003	norm	1340
G	1	1	545	0.151557285873	raw	1340
G	1	1	545	0.795184227669	norm	1340
T	2	1	1125	0.312847608454	raw	1340
T	2	1	1125	1.01338918338	norm	1340
A	2	1	998	0.277530589544	raw	1340
A	2	1	998	0.895841932447	norm	1340
C	2	1	765	0.212736373749	raw	1340
C	2	1	765	1.11442568686	norm	1340
G	2	1	708	0.196885428254	raw	1340
G	2	1	708	1.03300996916	norm	1340
A	3	1	1078	0.29977753059	raw	1340
A	3	1	1078	0.967652908996	norm	1340
T	3	1	1076	0.299221357063	raw	1340
T	3	1	1076	0.969250454502	norm	1340
C	3	1	814	0.226362625139	raw	1340
C	3	1	814	1.18580720144	norm	1340
G	3	1	628	0.174638487208	raw	1340
G	3	1	628	0.916285678855	norm	1340
T	4	1	1145	0.318409343715	raw	1340
T	4	1	1145	1.03140499108	norm	1340
A	4	1	995	0.276696329255	raw	1340
A	4	1	995	0.893149020826	norm	1340
C	4	1	764	0.212458286986	raw	1340
C	4	1	764	1.11296892125	norm	1340
G	4	1	692	0.192436040044	raw	1340
G	4	1	692	1.0096651111	norm	1340
A	5	1	1105	0.307285873192	raw	1340
A	5	1	1105	0.991889113581	norm	1340
T	5	1	1066	0.296440489433	raw	1340
T	5	1	1066	0.96024255065	norm	1340
C	5	1	739	0.205506117909	raw	1340
C	5	1	739	1.07654978116	norm	1340
G	5	1	686	0.190767519466	raw	1340
G	5	1	686	1.00091078932	norm	1340
T	6	1	1131	0.314516129032	raw	1340
T	6	1	1131	1.01879392569	norm	1340
A	6	1	1045	0.290600667408	raw	1340
A	6	1	1045	0.938030881169	norm	1340
G	6	1	810	0.225250278087	raw	1340
G	6	1	810	1.18183343929	norm	1340
C	6	1	610	0.169632925473	raw	1340
C	6	1	610	0.888627018278	norm	1340
T	7	1	1120	0.311457174638	raw	1340
T	7	1	1120	1.00888523145	norm	1340
A	7	1	1036	0.288097886541	raw	1340
A	7	1	1036	0.929952146307	norm	1340
C	7	1	721	0.200500556174	raw	1340
C	7	1	721	1.05032800029	norm	1340
G	7	1	719	0.199944382647	raw	1340
G	7	1	719	1.04905955907	norm	1340
T	8	1	1064	0.295884315907	raw	1340
T	8	1	1064	0.958440969879	norm	1340
A	8	1	1029	0.286151279199	raw	1340
A	8	1	1029	0.923668685859	norm	1340
C	8	1	862	0.239710789766	raw	1340
C	8	1	862	1.25573195042	norm	1340
G	8	1	641	0.178253615128	raw	1340
G	8	1	641	0.935253376029	norm	1340
T	9	1	1145	0.318409343715	raw	1340
T	9	1	1145	1.03140499108	norm	1340
A	9	1	963	0.267797552836	raw	1340
A	9	1	963	0.864424630207	norm	1340
C	9	1	765	0.212736373749	raw	1340
C	9	1	765	1.11442568686	norm	1340
G	9	1	723	0.2010567297	raw	1340
G	9	1	723	1.05489577359	norm	1340
A	10	1	1136	0.315906562848	raw	1340
A	10	1	1136	1.01971586699	norm	1340
T	10	1	1051	0.292269187987	raw	1340
T	10	1	1051	0.946730694871	norm	1340
C	10	1	789	0.219410456062	raw	1340
C	10	1	789	1.14938806135	norm	1340
G	10	1	620	0.172413793103	raw	1340
G	10	1	620	0.904613249825	norm	1340
A	11	1	1126	0.313125695217	raw	1340
A	11	1	1126	1.01073949492	norm	1340
T	11	1	1092	0.303670745273	raw	1340
T	11	1	1092	0.983663100666	norm	1340
C	11	1	703	0.195494994438	raw	1340
C	11	1	703	1.02410621942	norm	1340
G	11	1	675	0.187708565072	raw	1340
G	11	1	675	0.984861199406	norm	1340
T	12	1	1113	0.309510567297	raw	1340
T	12	1	1113	1.00257969876	norm	1340
A	12	1	995	0.276696329255	raw	1340
A	12	1	995	0.893149020826	norm	1340
G	12	1	763	0.212180200222	raw	1340
G	12	1	763	1.11325791874	norm	1340
C	12	1	725	0.201612903226	raw	1340
C	12	1	725	1.05615506271	norm	1340
T	13	1	1120	0.311457174638	raw	1340
T	13	1	1120	1.00888523145	norm	1340
A	13	1	1052	0.29254727475	raw	1340
A	13	1	1052	0.944314341617	norm	1340
C	13	1	719	0.199944382647	raw	1340
C	13	1	719	1.04741446908	norm	1340
G	13	1	705	0.196051167964	raw	1340
G	13	1	705	1.02863280827	norm	1340
A	14	1	1175	0.326751946607	raw	1340
A	14	1	1175	1.05472371806	norm	1340
T	14	1	1073	0.298387096774	raw	1340
T	14	1	1073	0.966548083346	norm	1340
G	14	1	720	0.20022246941	raw	1340
G	14	1	720	1.0505186127	norm	1340
C	14	1	628	0.174638487208	raw	1340
C	14	1	628	0.914848799145	norm	1340
A	15	1	1127	0.31340378198	raw	1340
A	15	1	1127	1.01163713213	norm	1340
T	15	1	1057	0.293937708565	raw	1340
T	15	1	1057	0.952135437183	norm	1340
G	15	1	714	0.198553948832	raw	1340
G	15	1	714	1.04176429093	norm	1340
C	15	1	698	0.194104560623	raw	1340
C	15	1	698	1.01682239141	norm	1340
A	16	1	1162	0.323136818687	raw	1340
A	16	1	1162	1.04305443437	norm	1340
T	16	1	1059	0.294493882091	raw	1340
T	16	1	1059	0.953937017953	norm	1340
G	16	1	717	0.199388209121	raw	1340
G	16	1	717	1.04614145181	norm	1340
C	16	1	658	0.1829810901	raw	1340
C	16	1	658	0.958551767257	norm	1340
A	17	1	1103	0.306729699666	raw	1340
A	17	1	1103	0.990093839167	norm	1340
T	17	1	1030	0.286429365962	raw	1340
T	17	1	1030	0.927814096782	norm	1340
G	17	1	735	0.204393770857	raw	1340
G	17	1	735	1.07240441713	norm	1340
C	17	1	728	0.202447163515	raw	1340
C	17	1	728	1.06052535952	norm	1340
A	18	1	1111	0.308954393771	raw	1340
A	18	1	1111	0.997274936822	norm	1340
T	18	1	1111	0.308954393771	raw	1340
T	18	1	1111	1.00077811798	norm	1340
G	18	1	693	0.192714126808	raw	1340
G	18	1	693	1.01112416472	norm	1340
C	18	1	681	0.189377085651	raw	1340
C	18	1	681	0.992057376143	norm	1340
A	19	1	1095	0.304505005562	raw	1340
A	19	1	1095	0.982912741512	norm	1340
T	19	1	1027	0.285595105673	raw	1340
T	19	1	1027	0.925111725626	norm	1340
G	19	1	776	0.215795328142	raw	1340
G	19	1	776	1.13222561591	norm	1340
C	19	1	698	0.194104560623	raw	1340
C	19	1	698	1.01682239141	norm	1340
A	20	1	1093	0.303948832036	raw	1340
A	20	1	1093	0.981117467099	norm	1340
T	20	1	1061	0.295050055617	raw	1340
T	20	1	1061	0.955738598724	norm	1340
C	20	1	761	0.211624026696	raw	1340
C	20	1	761	1.10859862444	norm	1340
G	20	1	681	0.189377085651	raw	1340
G	20	1	681	0.993615521179	norm	1340
T	21	1	1054	0.293103448276	raw	1340
T	21	1	1054	0.949433066027	norm	1340
A	21	1	991	0.275583982202	raw	1340
A	21	1	991	0.889558471999	norm	1340
C	21	1	784	0.218020022247	raw	1340
C	21	1	784	1.14210423333	norm	1340
G	21	1	767	0.213292547275	raw	1340
G	21	1	767	1.11909413325	norm	1340
T	22	1	1096	0.304783092325	raw	1340
T	22	1	1096	0.987266262206	norm	1340
A	22	1	1076	0.299221357063	raw	1340
A	22	1	1076	0.965857634582	norm	1340
C	22	1	728	0.202447163515	raw	1340
C	22	1	728	1.06052535952	norm	1340
G	22	1	696	0.193548387097	raw	1340
G	22	1	696	1.01550132561	norm	1340
T	23	1	1181	0.328420467186	raw	1340
T	23	1	1181	1.06383344495	norm	1340
A	23	1	1052	0.29254727475	raw	1340
A	23	1	1052	0.944314341617	norm	1340
G	23	1	699	0.194382647386	raw	1340
G	23	1	699	1.0198784865	norm	1340
C	23	1	664	0.184649610679	raw	1340
C	23	1	664	0.967292360879	norm	1340
T	24	1	1066	0.296440489433	raw	1340
T	24	1	1066	0.96024255065	norm	1340
A	24	1	1021	0.283926585095	raw	1340
A	24	1	1021	0.916487588205	norm	1340
C	24	1	796	0.221357063404	raw	1340
C	24	1	796	1.15958542057	norm	1340
G	24	1	713	0.198275862069	raw	1340
G	24	1	713	1.0403052373	norm	1340
A	25	1	1071	0.297830923248	raw	1340
A	25	1	1071	0.961369448548	norm	1340
T	25	1	1030	0.286429365962	raw	1340
T	25	1	1030	0.927814096782	norm	1340
C	25	1	808	0.224694104561	raw	1340
C	25	1	808	1.17706660782	norm	1340
G	25	1	687	0.191045606229	raw	1340
G	25	1	687	1.00236984295	norm	1340
A	26	1	1177	0.327308120133	raw	1340
A	26	1	1177	1.05651899247	norm	1340
T	26	1	1078	0.29977753059	raw	1340
T	26	1	1078	0.971052035272	norm	1340
G	26	1	743	0.206618464961	raw	1340
G	26	1	743	1.08407684616	norm	1340
C	26	1	598	0.166295884316	raw	1340
C	26	1	598	0.871145831033	norm	1340
A	27	1	1142	0.317575083426	raw	1340
A	27	1	1142	1.02510169023	norm	1340
T	27	1	1089	0.302836484983	raw	1340
T	27	1	1089	0.98096072951	norm	1340
C	27	1	714	0.198553948832	raw	1340
C	27	1	714	1.04013064107	norm	1340
G	27	1	651	0.181034482759	raw	1340
G	27	1	651	0.949843912316	norm	1340
A	28	1	1129	0.313959955506	raw	1340
A	28	1	1129	1.01343240655	norm	1340
T	28	1	1038	0.288654060067	raw	1340
T	28	1	1038	0.935020419863	norm	1340
C	28	1	753	0.209399332592	raw	1340
C	28	1	753	1.09694449961	norm	1340
G	28	1	676	0.187986651835	raw	1340
G	28	1	676	0.986320253035	norm	1340
T	29	1	1111	0.308954393771	raw	1340
T	29	1	1111	1.00077811798	norm	1340
A	29	1	1056	0.293659621802	raw	1340
A	29	1	1056	0.947904890445	norm	1340
G	29	1	737	0.204949944383	raw	1340
G	29	1	737	1.07532252439	norm	1340
C	29	1	692	0.192436040044	raw	1340
C	29	1	692	1.00808179778	norm	1340
T	30	1	1136	0.315906562848	raw	1340
T	30	1	1136	1.02329787762	norm	1340
A	30	1	1051	0.292269187987	raw	1340
A	30	1	1051	0.94341670441	norm	1340
C	30	1	723	0.2010567297	raw	1340
C	30	1	723	1.0532415315	norm	1340
G	30	1	686	0.190767519466	raw	1340
G	30	1	686	1.00091078932	norm	1340
A	31	1	1162	0.323136818687	raw	1340
A	31	1	1162	1.04305443437	norm	1340
T	31	1	1135	0.315628476085	raw	1340
T	31	1	1135	1.02239708723	norm	1340
C	31	1	704	0.195773081201	raw	1340
C	31	1	704	1.02556298503	norm	1340
G	31	1	595	0.165461624027	raw	1340
G	31	1	595	0.868136909106	norm	1340
A	32	1	1217	0.338431590656	raw	1340
A	32	1	1217	1.09242448075	norm	1340
T	32	1	964	0.2680756396	raw	1340
T	32	1	964	0.868361931357	norm	1340
G	32	1	710	0.19744160178	raw	1340
G	32	1	710	1.03592807641	norm	1340
C	32	1	705	0.196051167964	raw	1340
C	32	1	705	1.02701975063	norm	1340
T	33	1	1112	0.309232480534	raw	1340
T	33	1	1112	1.00167890837	norm	1340
A	33	1	1055	0.293381535039	raw	1340
A	33	1	1055	0.947007253238	norm	1340
G	33	1	722	0.200778642937	raw	1340
G	33	1	722	1.05343671996	norm	1340
C	33	1	707	0.196607341491	raw	1340
C	33	1	707	1.02993328184	norm	1340
A	34	1	1167	0.324527252503	raw	1340
A	34	1	1167	1.04754262041	norm	1340
T	34	1	985	0.273915461624	raw	1340
T	34	1	985	0.887278529447	norm	1340
G	34	1	732	0.203559510567	raw	1340
G	34	1	732	1.06802725625	norm	1340
C	34	1	712	0.197997775306	raw	1340
C	34	1	712	1.03721710986	norm	1340
A	35	1	1073	0.298387096774	raw	1340
A	35	1	1073	0.963164722961	norm	1340
T	35	1	1058	0.294215795328	raw	1340
T	35	1	1058	0.953036227568	norm	1340
G	35	1	744	0.206896551724	raw	1340
G	35	1	744	1.08553589979	norm	1340
C	35	1	721	0.200500556174	raw	1340
C	35	1	721	1.05032800029	norm	1340
T	36	1	1132	0.314794215795	raw	1340
T	36	1	1132	1.01969471607	norm	1340
A	36	1	1039	0.28893214683	raw	1340
A	36	1	1039	0.932645057928	norm	1340
G	36	1	720	0.20022246941	raw	1340
G	36	1	720	1.0505186127	norm	1340
C	36	1	705	0.196051167964	raw	1340
C	36	1	705	1.02701975063	norm	1340
A	37	1	1157	0.321746384872	raw	1340
A	37	1	1157	1.03856624834	norm	1340
T	37	1	1131	0.314516129032	raw	1340
T	37	1	1131	1.01879392569	norm	1340
G	37	1	682	0.189655172414	raw	1340
G	37	1	682	0.995074574808	norm	1340
C	37	1	626	0.174082313682	raw	1340
C	37	1	626	0.911935267937	norm	1340
A	38	1	1119	0.311179087875	raw	1340
A	38	1	1119	1.00445603448	norm	1340
T	38	1	1086	0.302002224694	raw	1340
T	38	1	1086	0.978258358354	norm	1340
G	38	1	713	0.198275862069	raw	1340
G	38	1	713	1.0403052373	norm	1340
C	38	1	678	0.188542825362	raw	1340
C	38	1	678	0.987687079332	norm	1340
A	39	1	1120	0.311457174638	raw	1340
A	39	1	1120	1.00535367168	norm	1340
T	39	1	1082	0.300889877642	raw	1340
T	39	1	1082	0.974655196813	norm	1340
C	39	1	727	0.202169076752	raw	1340
C	39	1	727	1.05906859391	norm	1340
G	39	1	667	0.185483870968	raw	1340
G	39	1	667	0.973188770376	norm	1340
A	40	1	1121	0.311735261402	raw	1340
A	40	1	1121	1.00625130889	norm	1340
T	40	1	1068	0.296996662959	raw	1340
T	40	1	1068	0.96204413142	norm	1340
C	40	1	736	0.20467185762	raw	1340
C	40	1	736	1.07217948435	norm	1340
G	40	1	671	0.18659621802	raw	1340
G	40	1	671	0.979024984891	norm	1340
A	41	1	1195	0.332313681869	raw	1340
A	41	1	1195	1.0726764622	norm	1340
T	41	1	1178	0.327586206897	raw	1340
T	41	1	1178	1.06113107379	norm	1340
C	41	1	663	0.184371523915	raw	1340
C	41	1	663	0.965835595276	norm	1340
G	41	1	560	0.155728587319	raw	1340
G	41	1	560	0.8170700321	norm	1340
T	42	1	1124	0.312569521691	raw	1340
T	42	1	1124	1.01248839299	norm	1340
A	42	1	1118	0.310901001112	raw	1340
A	42	1	1118	1.00355839727	norm	1340
C	42	1	759	0.21106785317	raw	1340
C	42	1	759	1.10568509323	norm	1340
G	42	1	595	0.165461624027	raw	1340
G	42	1	595	0.868136909106	norm	1340
T	43	1	1174	0.326473859844	raw	1340
T	43	1	1174	1.05752791225	norm	1340
A	43	1	1093	0.303948832036	raw	1340
A	43	1	1093	0.981117467099	norm	1340
C	43	1	684	0.19021134594	raw	1340
C	43	1	684	0.996427672954	norm	1340
G	43	1	645	0.17936596218	raw	1340
G	43	1	645	0.941089590544	norm	1340
T	44	1	1186	0.329810901001	raw	1340
T	44	1	1186	1.06833739688	norm	1340
A	44	1	1108	0.308120133482	raw	1340
A	44	1	1108	0.994582025201	norm	1340
G	44	1	664	0.184649610679	raw	1340
G	44	1	664	0.96881160949	norm	1340
C	44	1	638	0.177419354839	raw	1340
C	44	1	638	0.929416455182	norm	1340
T	45	1	1133	0.315510999722	raw	1340
T	45	1	1133	1.02201655283	norm	1340
A	45	1	1023	0.284878863826	raw	1340
A	45	1	1023	0.919561451956	norm	1340
C	45	1	731	0.203564466722	raw	1340
C	45	1	731	1.0663783849	norm	1340
G	45	1	704	0.19604566973	raw	1340
G	45	1	704	1.02860396037	norm	1340
T	46	1	1146	0.319131161236	raw	1340
T	46	1	1146	1.03374313288	norm	1340
A	46	1	1134	0.315789473684	raw	1340
A	46	1	1134	1.01933791449	norm	1340
G	46	1	666	0.185463659148	raw	1340
G	46	1	666	0.973082723872	norm	1340
C	46	1	645	0.179615705931	raw	1340
C	46	1	645	0.94092210432	norm	1340
T	47	1	1129	0.314397103871	raw	1340
T	47	1	1129	1.01840837436	norm	1340
A	47	1	1112	0.309663046505	raw	1340
A	47	1	1112	0.99956239939	norm	1340
G	47	1	685	0.190754664439	raw	1340
G	47	1	685	1.00084334212	norm	1340
C	47	1	665	0.185185185185	raw	1340
C	47	1	665	0.970097983524	norm	1340
A	48	1	1107	0.308270676692	raw	1340
A	48	1	1107	0.995067964141	norm	1340
T	48	1	1096	0.305207463102	raw	1340
T	48	1	1096	0.988640901948	norm	1340
C	48	1	726	0.202172096909	raw	1340
C	48	1	726	1.05908441509	norm	1340
G	48	1	662	0.184349763297	raw	1340
G	48	1	662	0.967238383188	norm	1340
A	49	1	1163	0.323865218602	raw	1340
A	49	1	1163	1.04540563893	norm	1340
T	49	1	1096	0.305207463102	raw	1340
T	49	1	1096	0.988640901948	norm	1340
G	49	1	671	0.186856028961	raw	1340
G	49	1	671	0.980388149727	norm	1340
C	49	1	661	0.184071289334	raw	1340
C	49	1	661	0.964262807683	norm	1340
A	50	1	1113	0.309941520468	raw	1340
A	50	1	1113	1.00046128644	norm	1340
T	50	1	1075	0.299359509886	raw	1340
T	50	1	1075	0.969697964958	norm	1340
C	50	1	709	0.197438039543	raw	1340
C	50	1	709	1.03428491777	norm	1340
G	50	1	694	0.193260930103	raw	1340
G	50	1	694	1.01399310866	norm	1340
A	51	1	1140	0.31746031746	raw	1340
A	51	1	1140	1.02473123678	norm	1340
T	51	1	996	0.277360066834	raw	1340
T	51	1	996	0.898436440091	norm	1340
C	51	1	741	0.206349206349	raw	1340
C	51	1	741	1.0809663245	norm	1340
G	51	1	714	0.198830409357	raw	1340
G	51	1	714	1.04321481208	norm	1340
A	52	1	1197	0.333333333333	raw	1340
A	52	1	1197	1.07596779862	norm	1340
T	52	1	1098	0.305764411028	raw	1340
T	52	1	1098	0.990444991185	norm	1340
G	52	1	699	0.194653299916	raw	1340
G	52	1	699	1.02129853451	norm	1340
C	52	1	597	0.166248955723	raw	1340
C	52	1	597	0.870899994231	norm	1340
T	53	1	1140	0.31746031746	raw	1340
T	53	1	1140	1.02833086516	norm	1340
A	53	1	1041	0.289891395155	raw	1340
A	53	1	1041	0.935741418853	norm	1340
C	53	1	728	0.202729044834	raw	1340
C	53	1	728	1.06200200302	norm	1340
G	53	1	682	0.189919242551	raw	1340
G	53	1	682	0.996460086608	norm	1340
A	54	1	1077	0.299916457811	raw	1340
A	54	1	1077	0.968101352646	norm	1340
T	54	1	1002	0.27903091061	raw	1340
T	54	1	1002	0.903848707803	norm	1340
C	54	1	800	0.222779170148	raw	1340
C	54	1	800	1.16703516815	norm	1340
G	54	1	712	0.198273461431	raw	1340
G	54	1	712	1.04029264174	norm	1340
T	55	1	1131	0.314954051796	raw	1340
T	55	1	1131	1.0202124636	norm	1340
A	55	1	1049	0.292119186856	raw	1340
A	55	1	1049	0.942932515251	norm	1340
G	55	1	711	0.197994987469	raw	1340
G	55	1	711	1.03883155657	norm	1340
C	55	1	700	0.194931773879	raw	1340
C	55	1	700	1.02115577213	norm	1340
A	56	1	1269	0.353383458647	raw	1340
A	56	1	1269	1.14068766621	norm	1340
T	56	1	1165	0.324422166527	raw	1340
T	56	1	1165	1.05088198063	norm	1340
G	56	1	590	0.164299637984	raw	1340
G	56	1	590	0.862040250878	norm	1340
C	56	1	567	0.157894736842	raw	1340
C	56	1	567	0.827136175425	norm	1340
A	57	1	1178	0.328042328042	raw	1340
A	57	1	1178	1.05888894468	norm	1340
T	57	1	1047	0.291562238931	raw	1340
T	57	1	1047	0.944440715638	norm	1340
G	57	1	695	0.193539404066	raw	1340
G	57	1	695	1.01545419383	norm	1340
C	57	1	671	0.186856028961	raw	1340
C	57	1	671	0.978850747285	norm	1340
A	58	1	1186	0.330270119744	raw	1340
A	58	1	1186	1.06608004108	norm	1340
T	58	1	1099	0.30604288499	raw	1340
T	58	1	1099	0.991347035803	norm	1340
C	58	1	665	0.185185185185	raw	1340
C	58	1	665	0.970097983524	norm	1340
G	58	1	641	0.178501810081	raw	1340
G	58	1	641	0.936555594598	norm	1340
A	59	1	1247	0.347257031468	raw	1340
A	59	1	1247	1.12091215111	norm	1340
T	59	1	958	0.266778056252	raw	1340
T	59	1	958	0.864158744586	norm	1340
G	59	1	743	0.206906154275	raw	1340
G	59	1	743	1.08558628204	norm	1340
C	59	1	643	0.179058758006	raw	1340
C	59	1	643	0.938004516399	norm	1340
A	60	1	1126	0.313561681983	raw	1340
A	60	1	1126	1.01214681809	norm	1340
T	60	1	1052	0.292954608744	raw	1340
T	60	1	1052	0.948950938731	norm	1340
C	60	1	728	0.202729044834	raw	1340
C	60	1	728	1.06200200302	norm	1340
G	60	1	685	0.190754664439	raw	1340
G	60	1	685	1.00084334212	norm	1340
A	61	1	1239	0.345029239766	raw	1340
A	61	1	1239	1.11372105472	norm	1340
T	61	1	1090	0.303536619326	raw	1340
T	61	1	1090	0.983228634236	norm	1340
C	61	1	648	0.18045112782	raw	1340
C	61	1	648	0.9452984862	norm	1340
G	61	1	614	0.170983013088	raw	1340
G	61	1	614	0.897106294981	norm	1340
T	62	1	1132	0.315232525759	raw	1340
T	62	1	1132	1.02111450822	norm	1340
A	62	1	1120	0.311890838207	raw	1340
A	62	1	1120	1.00675349579	norm	1340
C	62	1	672	0.187134502924	raw	1340
C	62	1	672	0.980309541245	norm	1340
G	62	1	667	0.185742133111	raw	1340
G	62	1	667	0.974543809043	norm	1340
T	63	1	1119	0.311612364244	raw	1340
T	63	1	1119	1.00938792817	norm	1340
A	63	1	1025	0.285435811752	raw	1340
A	63	1	1025	0.921359226056	norm	1340
C	63	1	729	0.203007518797	raw	1340
C	63	1	729	1.06346079698	norm	1340
G	63	1	718	0.199944305207	raw	1340
G	63	1	718	1.04905915276	norm	1340
T	64	1	1188	0.330827067669	raw	1340
T	64	1	1188	1.07162900686	norm	1340
A	64	1	1140	0.31746031746	raw	1340
A	64	1	1140	1.02473123678	norm	1340
C	64	1	639	0.177944862155	raw	1340
C	64	1	639	0.932169340559	norm	1340
G	64	1	624	0.173767752715	raw	1340
G	64	1	624	0.911717146691	norm	1340
A	65	1	1210	0.336953494848	raw	1340
A	65	1	1210	1.08765333027	norm	1340
T	65	1	1090	0.303536619326	raw	1340
T	65	1	1090	0.983228634236	norm	1340
C	65	1	681	0.189640768588	raw	1340
C	65	1	681	0.993438686886	norm	1340
G	65	1	610	0.169869117238	raw	1340
G	65	1	610	0.891261954297	norm	1340
T	66	1	1123	0.312726260095	raw	1340
T	66	1	1123	1.01299610665	norm	1340
A	66	1	1087	0.302701197438	raw	1340
A	66	1	1087	0.977090223144	norm	1340
C	66	1	774	0.215538847118	raw	1340
C	66	1	774	1.12910652518	norm	1340
G	66	1	607	0.169033695349	raw	1340
G	66	1	607	0.886878698784	norm	1340
A	67	1	1211	0.337231968811	raw	1340
A	67	1	1211	1.08855221732	norm	1340
T	67	1	1057	0.294346978558	raw	1340
T	67	1	1057	0.953461161824	norm	1340
C	67	1	685	0.190754664439	raw	1340
C	67	1	685	0.999273862727	norm	1340
G	67	1	638	0.177666388193	raw	1340
G	67	1	638	0.932172339085	norm	1340
A	68	1	1142	0.318017265386	raw	1340
A	68	1	1142	1.02652901088	norm	1340
T	68	1	1117	0.311055416319	raw	1340
T	68	1	1117	1.00758383894	norm	1340
G	68	1	713	0.198551935394	raw	1340
G	68	1	713	1.04175372691	norm	1340
C	68	1	619	0.172375382902	raw	1340
C	68	1	619	0.902993461355	norm	1340
A	69	1	1141	0.317738791423	raw	1340
A	69	1	1141	1.02563012383	norm	1340
T	69	1	1124	0.313004734057	raw	1340
T	69	1	1124	1.01389815127	norm	1340
C	69	1	695	0.193539404066	raw	1340
C	69	1	695	1.01386180233	norm	1340
G	69	1	631	0.175717070454	raw	1340
G	69	1	631	0.921944742888	norm	1340
A	70	1	1202	0.334725703147	raw	1340
A	70	1	1202	1.08046223387	norm	1340
T	70	1	1067	0.297131718184	raw	1340
T	70	1	1067	0.962481608009	norm	1340
G	70	1	666	0.185463659148	raw	1340
G	70	1	666	0.973082723872	norm	1340
C	70	1	656	0.182678919521	raw	1340
C	70	1	656	0.956968837882	norm	1340
A	71	1	1136	0.31634642161	raw	1340
A	71	1	1136	1.02113568859	norm	1340
T	71	1	1047	0.291562238931	raw	1340
T	71	1	1047	0.944440715638	norm	1340
C	71	1	731	0.203564466722	raw	1340
C	71	1	731	1.0663783849	norm	1340
G	71	1	677	0.188526872737	raw	1340
G	71	1	677	0.989154660753	norm	1340
A	72	1	1204	0.335282651072	raw	1340
A	72	1	1204	1.08226000797	norm	1340
T	72	1	1115	0.310498468393	raw	1340
T	72	1	1115	1.0057797497	norm	1340
C	72	1	653	0.181843497633	raw	1340
C	72	1	653	0.952592456001	norm	1340
G	72	1	619	0.172375382902	raw	1340
G	72	1	619	0.904411720836	norm	1340
T	73	1	1125	0.31328320802	raw	1340
T	73	1	1125	1.01480019589	norm	1340
A	73	1	1104	0.307435254804	raw	1340
A	73	1	1104	0.992371302991	norm	1340
C	73	1	697	0.194096351991	raw	1340
C	73	1	697	1.01677939025	norm	1340
G	73	1	665	0.185185185185	raw	1340
G	73	1	665	0.971621638701	norm	1340
T	74	1	1146	0.319131161236	raw	1340
T	74	1	1146	1.03374313288	norm	1340
A	74	1	1030	0.286828181565	raw	1340
A	74	1	1030	0.925853661305	norm	1340
C	74	1	742	0.206627680312	raw	1340
C	74	1	742	1.08242511846	norm	1340
G	74	1	673	0.187412976887	raw	1340
G	74	1	673	0.983310320069	norm	1340
T	75	1	1209	0.336675020886	raw	1340
T	75	1	1209	1.09057194385	norm	1340
A	75	1	1083	0.301587301587	raw	1340
A	75	1	1083	0.973494674945	norm	1340
C	75	1	664	0.184906711223	raw	1340
C	75	1	664	0.968639189563	norm	1340
G	75	1	635	0.176830966305	raw	1340
G	75	1	635	0.927789083572	norm	1340
A	76	1	1178	0.328042328042	raw	1340
A	76	1	1178	1.05888894468	norm	1340
T	76	1	1080	0.300751879699	raw	1340
T	76	1	1080	0.974208188051	norm	1340
C	76	1	682	0.189919242551	raw	1340
C	76	1	682	0.994897480847	norm	1340
G	76	1	651	0.181286549708	raw	1340
G	76	1	651	0.951166446307	norm	1340
A	77	1	1192	0.33194096352	raw	1340
A	77	1	1192	1.07147336337	norm	1340
T	77	1	1046	0.291283764968	raw	1340
T	77	1	1046	0.943538671019	norm	1340
C	77	1	700	0.194931773879	raw	1340
C	77	1	700	1.02115577213	norm	1340
G	77	1	653	0.181843497633	raw	1340
G	77	1	653	0.954088616649	norm	1340
T	78	1	1188	0.330827067669	raw	1340
T	78	1	1188	1.07162900686	norm	1340
A	78	1	1059	0.294903926483	raw	1340
A	78	1	1059	0.95192138575	norm	1340
G	78	1	693	0.19298245614	raw	1340
G	78	1	693	1.01253202349	norm	1340
C	78	1	651	0.181286549708	raw	1340
C	78	1	651	0.949674868081	norm	1340
A	79	1	1171	0.326093010304	raw	1340
A	79	1	1171	1.05259673533	norm	1340
T	79	1	1161	0.323308270677	raw	1340
T	79	1	1161	1.04727380215	norm	1340
C	79	1	673	0.187412976887	raw	1340
C	79	1	673	0.981768335205	norm	1340
G	79	1	586	0.163185742133	raw	1340
G	79	1	586	0.856195910194	norm	1340
A	80	1	1126	0.313561681983	raw	1340
A	80	1	1126	1.01214681809	norm	1340
T	80	1	1027	0.285992759677	raw	1340
T	80	1	1027	0.926399823267	norm	1340
G	80	1	733	0.204121414648	raw	1340
G	80	1	733	1.07097543033	norm	1340
C	80	1	705	0.196324143693	raw	1340
C	80	1	705	1.02844974193	norm	1340
A	81	1	1090	0.303536619326	raw	1340
A	81	1	1090	0.979786884294	norm	1340
T	81	1	1065	0.296574770259	raw	1340
T	81	1	1065	0.960677518772	norm	1340
G	81	1	759	0.211361737678	raw	1340
G	81	1	759	1.10896364477	norm	1340
C	81	1	677	0.188526872737	raw	1340
C	81	1	677	0.987603511046	norm	1340
A	82	1	1124	0.313004734057	raw	1340
A	82	1	1124	1.01034904399	norm	1340
T	82	1	1053	0.293233082707	raw	1340
T	82	1	1053	0.949852983349	norm	1340
G	82	1	719	0.20022277917	raw	1340
G	82	1	719	1.05052023793	norm	1340
C	82	1	695	0.193539404066	raw	1340
C	82	1	695	1.01386180233	norm	1340
A	83	1	1200	0.334168755221	raw	1340
A	83	1	1200	1.07866445977	norm	1340
T	83	1	992	0.276246170983	raw	1340
T	83	1	992	0.894828261617	norm	1340
G	83	1	745	0.2074631022	raw	1340
G	83	1	745	1.08850845238	norm	1340
C	83	1	654	0.182121971596	raw	1340
C	83	1	654	0.954051249961	norm	1340
A	84	1	1190	0.331384015595	raw	1340
A	84	1	1190	1.06967558927	norm	1340
T	84	1	1039	0.289334447229	raw	1340
T	84	1	1039	0.93722435869	norm	1340
C	84	1	707	0.196881091618	raw	1340
C	84	1	707	1.03136732985	norm	1340
G	84	1	655	0.182400445558	raw	1340
G	84	1	655	0.957010786991	norm	1340
T	85	1	1176	0.327485380117	raw	1340
T	85	1	1176	1.06080447143	norm	1340
A	85	1	1113	0.309941520468	raw	1340
A	85	1	1113	1.00046128644	norm	1340
C	85	1	661	0.184071289334	raw	1340
C	85	1	661	0.964262807683	norm	1340
G	85	1	641	0.178501810081	raw	1340
G	85	1	641	0.936555594598	norm	1340
A	86	1	1140	0.31746031746	raw	1340
A	86	1	1140	1.02473123678	norm	1340
T	86	1	1138	0.316903369535	raw	1340
T	86	1	1138	1.02652677593	norm	1340
C	86	1	673	0.187412976887	raw	1340
C	86	1	673	0.981768335205	norm	1340
G	86	1	640	0.178223336118	raw	1340
G	86	1	640	0.935094509427	norm	1340
A	87	1	1188	0.330827067669	raw	1340
A	87	1	1188	1.06787781518	norm	1340
T	87	1	1132	0.315232525759	raw	1340
T	87	1	1132	1.02111450822	norm	1340
G	87	1	674	0.187691450849	raw	1340
G	87	1	674	0.98477140524	norm	1340
C	87	1	597	0.166248955723	raw	1340
C	87	1	597	0.870899994231	norm	1340
T	88	1	1150	0.320245057087	raw	1340
T	88	1	1150	1.03735131135	norm	1340
A	88	1	1128	0.314118629908	raw	1340
A	88	1	1128	1.01394459219	norm	1340
G	88	1	709	0.197438039543	raw	1340
G	88	1	709	1.03590938622	norm	1340
C	88	1	604	0.168198273461	raw	1340
C	88	1	604	0.881111551952	norm	1340
A	89	1	1194	0.332497911445	raw	1340
A	89	1	1194	1.07327113747	norm	1340
T	89	1	1070	0.297967140072	raw	1340
T	89	1	1070	0.965187741865	norm	1340
G	89	1	708	0.197159565581	raw	1340
G	89	1	708	1.03444830105	norm	1340
C	89	1	619	0.172375382902	raw	1340
C	89	1	619	0.902993461355	norm	1340
A	90	1	1108	0.308549150654	raw	1340
A	90	1	1108	0.99596685119	norm	1340
T	90	1	1082	0.301308827625	raw	1340
T	90	1	1082	0.976012277288	norm	1340
C	90	1	729	0.203007518797	raw	1340
C	90	1	729	1.06346079698	norm	1340
G	90	1	672	0.187134502924	raw	1340
G	90	1	672	0.981849234898	norm	1340
T	91	1	1112	0.309663046505	raw	1340
T	91	1	1112	1.00307361584	norm	1340
A	91	1	1095	0.30492898914	raw	1340
A	91	1	1095	0.984281319543	norm	1340
C	91	1	716	0.199387357282	raw	1340
C	91	1	716	1.04449647549	norm	1340
G	91	1	668	0.186020607073	raw	1340
G	91	1	668	0.976004894214	norm	1340
A	92	1	1101	0.306599832916	raw	1340
A	92	1	1101	0.989674641842	norm	1340
T	92	1	1079	0.300473405737	raw	1340
T	92	1	1079	0.973306143432	norm	1340
G	92	1	743	0.206906154275	raw	1340
G	92	1	743	1.08558628204	norm	1340
C	92	1	668	0.186020607073	raw	1340
C	92	1	668	0.974474365404	norm	1340
A	93	1	1114	0.310219994431	raw	1340
A	93	1	1114	1.00136017349	norm	1340
T	93	1	1083	0.301587301587	raw	1340
T	93	1	1083	0.976914321906	norm	1340
G	93	1	700	0.194931773879	raw	1340
G	93	1	700	1.02275961969	norm	1340
C	93	1	694	0.193260930103	raw	1340
C	93	1	694	1.01240300837	norm	1340
A	94	1	1180	0.328599275968	raw	1340
A	94	1	1180	1.06068671878	norm	1340
T	94	1	1108	0.308549150654	raw	1340
T	94	1	1108	0.999465437371	norm	1340
G	94	1	662	0.184349763297	raw	1340
G	94	1	662	0.967238383188	norm	1340
C	94	1	641	0.178501810081	raw	1340
C	94	1	641	0.935086928479	norm	1340
A	95	1	1241	0.345586187691	raw	1340
A	95	1	1241	1.11551882882	norm	1340
T	95	1	1055	0.293790030632	raw	1340
T	95	1	1055	0.951657072587	norm	1340
G	95	1	663	0.18462823726	raw	1340
G	95	1	663	0.968699468359	norm	1340
C	95	1	632	0.175995544417	raw	1340
C	95	1	632	0.921957782837	norm	1340
A	96	1	1214	0.338067390699	raw	1340
A	96	1	1214	1.09124887847	norm	1340
T	96	1	1105	0.307713728766	raw	1340
T	96	1	1105	0.996759303515	norm	1340
C	96	1	651	0.181286549708	raw	1340
C	96	1	651	0.949674868081	norm	1340
G	96	1	621	0.172932330827	raw	1340
G	96	1	621	0.907333891178	norm	1340
A	97	1	1190	0.331384015595	raw	1340
A	97	1	1190	1.06967558927	norm	1340
T	97	1	1042	0.290169869117	raw	1340
T	97	1	1042	0.939930492545	norm	1340
C	97	1	714	0.198830409357	raw	1340
C	97	1	714	1.04157888757	norm	1340
G	97	1	645	0.179615705931	raw	1340
G	97	1	645	0.942399935281	norm	1340
A	98	1	1198	0.333611807296	raw	1340
A	98	1	1198	1.07686668567	norm	1340
T	98	1	1167	0.324979114453	raw	1340
T	98	1	1167	1.05268606987	norm	1340
C	98	1	619	0.172375382902	raw	1340
C	98	1	619	0.902993461355	norm	1340
G	98	1	607	0.169033695349	raw	1340
G	98	1	607	0.886878698784	norm	1340
A	99	1	1217	0.338902812587	raw	1340
A	99	1	1217	1.09394553962	norm	1340
T	99	1	1099	0.30604288499	raw	1340
T	99	1	1099	0.991347035803	norm	1340
G	99	1	690	0.192147034252	raw	1340
G	99	1	690	1.00814876798	norm	1340
C	99	1	585	0.16290726817	raw	1340
C	99	1	585	0.853394466709	norm	1340
A	100	1	1095	0.30492898914	raw	1340
A	100	1	1095	0.984281319543	norm	1340
T	100	1	1024	0.285157337789	raw	1340
T	100	1	1024	0.923693689411	norm	1340
C	100	1	772	0.214981899192	raw	1340
C	100	1	772	1.12618893726	norm	1340
G	100	1	700	0.194931773879	raw	1340
G	100	1	700	1.02275961969	norm	1340
