#nuc	offset	region.size	count	freq	norm.freq	total.sites
A	-100	1	39	0.438202247191	raw	27
A	-100	1	39	1.47577920989	norm	27
T	-100	1	19	0.213483146067	raw	27
T	-100	1	19	0.681549528477	norm	27
G	-100	1	18	0.202247191011	raw	27
G	-100	1	18	1.08379792435	norm	27
C	-100	1	13	0.14606741573	raw	27
C	-100	1	13	0.718733592354	norm	27
A	-99	1	28	0.314606741573	raw	27
A	-99	1	28	1.05953379171	norm	27
G	-99	1	26	0.292134831461	raw	27
G	-99	1	26	1.56548589073	norm	27
C	-99	1	20	0.224719101124	raw	27
C	-99	1	20	1.10574398824	norm	27
T	-99	1	15	0.168539325843	raw	27
T	-99	1	15	0.538065417218	norm	27
T	-98	1	31	0.348314606742	raw	27
T	-98	1	31	1.11200186225	norm	27
A	-98	1	30	0.337078651685	raw	27
A	-98	1	30	1.13521477684	norm	27
G	-98	1	16	0.179775280899	raw	27
G	-98	1	16	0.963375932754	norm	27
C	-98	1	12	0.134831460674	raw	27
C	-98	1	12	0.663446392942	norm	27
A	-97	1	38	0.426966292135	raw	27
A	-97	1	38	1.43793871733	norm	27
T	-97	1	23	0.258426966292	raw	27
T	-97	1	23	0.825033639735	norm	27
C	-97	1	15	0.168539325843	raw	27
C	-97	1	15	0.829307991177	norm	27
G	-97	1	13	0.14606741573	raw	27
G	-97	1	13	0.782742945363	norm	27
A	-96	1	31	0.348314606742	raw	27
A	-96	1	31	1.1730552694	norm	27
T	-96	1	26	0.292134831461	raw	27
T	-96	1	26	0.932646723178	norm	27
C	-96	1	21	0.23595505618	raw	27
C	-96	1	21	1.16103118765	norm	27
G	-96	1	11	0.123595505618	raw	27
G	-96	1	11	0.662320953769	norm	27
A	-95	1	36	0.404494382022	raw	27
A	-95	1	36	1.3622577322	norm	27
T	-95	1	23	0.258426966292	raw	27
T	-95	1	23	0.825033639735	norm	27
C	-95	1	15	0.168539325843	raw	27
C	-95	1	15	0.829307991177	norm	27
G	-95	1	15	0.168539325843	raw	27
G	-95	1	15	0.903164936957	norm	27
A	-94	1	41	0.460674157303	raw	27
A	-94	1	41	1.55146019501	norm	27
T	-94	1	27	0.303370786517	raw	27
T	-94	1	27	0.968517750993	norm	27
G	-94	1	11	0.123595505618	raw	27
G	-94	1	11	0.662320953769	norm	27
C	-94	1	10	0.112359550562	raw	27
C	-94	1	10	0.552871994118	norm	27
T	-93	1	40	0.449438202247	raw	27
T	-93	1	40	1.43484111258	norm	27
C	-93	1	28	0.314606741573	raw	27
C	-93	1	28	1.54804158353	norm	27
A	-93	1	14	0.157303370787	raw	27
A	-93	1	14	0.529766895857	norm	27
G	-93	1	7	0.0786516853933	raw	27
G	-93	1	7	0.42147697058	norm	27
T	-92	1	47	0.559523809524	raw	27
T	-92	1	47	1.78629177796	norm	27
A	-92	1	26	0.309523809524	raw	27
A	-92	1	26	1.04241547365	norm	27
C	-92	1	11	0.130952380952	raw	27
C	-92	1	11	0.644359145526	norm	27
A	-91	1	38	0.426966292135	raw	27
A	-91	1	38	1.43793871733	norm	27
C	-91	1	26	0.292134831461	raw	27
C	-91	1	26	1.43746718471	norm	27
T	-91	1	20	0.224719101124	raw	27
T	-91	1	20	0.717420556291	norm	27
G	-91	1	5	0.0561797752809	raw	27
G	-91	1	5	0.301054978986	norm	27
T	-90	1	27	0.303370786517	raw	27
T	-90	1	27	0.968517750993	norm	27
A	-90	1	23	0.258426966292	raw	27
A	-90	1	23	0.870331328908	norm	27
C	-90	1	23	0.258426966292	raw	27
C	-90	1	23	1.27160558647	norm	27
G	-90	1	16	0.179775280899	raw	27
G	-90	1	16	0.963375932754	norm	27
A	-89	1	31	0.348314606742	raw	27
A	-89	1	31	1.1730552694	norm	27
T	-89	1	29	0.325842696629	raw	27
T	-89	1	29	1.04025980662	norm	27
C	-89	1	18	0.202247191011	raw	27
C	-89	1	18	0.995169589413	norm	27
G	-89	1	11	0.123595505618	raw	27
G	-89	1	11	0.662320953769	norm	27
T	-88	1	30	0.337078651685	raw	27
T	-88	1	30	1.07613083444	norm	27
G	-88	1	24	0.269662921348	raw	27
G	-88	1	24	1.44506389913	norm	27
C	-88	1	19	0.213483146067	raw	27
C	-88	1	19	1.05045678882	norm	27
A	-88	1	16	0.179775280899	raw	27
A	-88	1	16	0.605447880979	norm	27
T	-87	1	46	0.516853932584	raw	27
T	-87	1	46	1.65006727947	norm	27
C	-87	1	25	0.280898876404	raw	27
C	-87	1	25	1.3821799853	norm	27
A	-87	1	16	0.179775280899	raw	27
A	-87	1	16	0.605447880979	norm	27
G	-87	1	2	0.0224719101124	raw	27
G	-87	1	2	0.120421991594	norm	27
T	-86	1	36	0.404494382022	raw	27
T	-86	1	36	1.29135700132	norm	27
G	-86	1	24	0.269662921348	raw	27
G	-86	1	24	1.44506389913	norm	27
C	-86	1	20	0.224719101124	raw	27
C	-86	1	20	1.10574398824	norm	27
A	-86	1	9	0.101123595506	raw	27
A	-86	1	9	0.340564433051	norm	27
A	-85	1	37	0.415730337079	raw	27
A	-85	1	37	1.40009822476	norm	27
T	-85	1	27	0.303370786517	raw	27
T	-85	1	27	0.968517750993	norm	27
C	-85	1	19	0.213483146067	raw	27
C	-85	1	19	1.05045678882	norm	27
G	-85	1	6	0.0674157303371	raw	27
G	-85	1	6	0.361265974783	norm	27
A	-84	1	31	0.348314606742	raw	27
A	-84	1	31	1.1730552694	norm	27
T	-84	1	30	0.337078651685	raw	27
T	-84	1	30	1.07613083444	norm	27
C	-84	1	26	0.292134831461	raw	27
C	-84	1	26	1.43746718471	norm	27
G	-84	1	2	0.0224719101124	raw	27
G	-84	1	2	0.120421991594	norm	27
C	-83	1	34	0.38202247191	raw	27
C	-83	1	34	1.87976478	norm	27
T	-83	1	34	0.38202247191	raw	27
T	-83	1	34	1.21961494569	norm	27
A	-83	1	21	0.23595505618	raw	27
A	-83	1	21	0.794650343785	norm	27
A	-82	1	40	0.449438202247	raw	27
A	-82	1	40	1.51361970245	norm	27
G	-82	1	21	0.23595505618	raw	27
G	-82	1	21	1.26443091174	norm	27
T	-82	1	20	0.224719101124	raw	27
T	-82	1	20	0.717420556291	norm	27
C	-82	1	8	0.0898876404494	raw	27
C	-82	1	8	0.442297595295	norm	27
A	-81	1	37	0.415730337079	raw	27
A	-81	1	37	1.40009822476	norm	27
C	-81	1	24	0.269662921348	raw	27
C	-81	1	24	1.32689278588	norm	27
G	-81	1	16	0.179775280899	raw	27
G	-81	1	16	0.963375932754	norm	27
T	-81	1	12	0.134831460674	raw	27
T	-81	1	12	0.430452333775	norm	27
T	-80	1	40	0.449438202247	raw	27
T	-80	1	40	1.43484111258	norm	27
G	-80	1	27	0.303370786517	raw	27
G	-80	1	27	1.62569688652	norm	27
A	-80	1	13	0.14606741573	raw	27
A	-80	1	13	0.491926403296	norm	27
C	-80	1	9	0.101123595506	raw	27
C	-80	1	9	0.497584794706	norm	27
T	-79	1	36	0.423529411765	raw	27
T	-79	1	36	1.35212674256	norm	27
G	-79	1	25	0.294117647059	raw	27
G	-79	1	25	1.57611136057	norm	27
A	-79	1	22	0.258823529412	raw	27
A	-79	1	22	0.871666875704	norm	27
C	-79	1	2	0.0235294117647	raw	27
C	-79	1	2	0.115777899945	norm	27
T	-78	1	26	0.292134831461	raw	27
T	-78	1	26	0.932646723178	norm	27
G	-78	1	24	0.269662921348	raw	27
G	-78	1	24	1.44506389913	norm	27
A	-78	1	20	0.224719101124	raw	27
A	-78	1	20	0.756809851224	norm	27
C	-78	1	19	0.213483146067	raw	27
C	-78	1	19	1.05045678882	norm	27
T	-77	1	30	0.337078651685	raw	27
T	-77	1	30	1.07613083444	norm	27
A	-77	1	25	0.280898876404	raw	27
A	-77	1	25	0.94601231403	norm	27
G	-77	1	20	0.224719101124	raw	27
G	-77	1	20	1.20421991594	norm	27
C	-77	1	14	0.157303370787	raw	27
C	-77	1	14	0.774020791766	norm	27
T	-76	1	42	0.47191011236	raw	27
T	-76	1	42	1.50658316821	norm	27
A	-76	1	30	0.337078651685	raw	27
A	-76	1	30	1.13521477684	norm	27
G	-76	1	15	0.168539325843	raw	27
G	-76	1	15	0.903164936957	norm	27
C	-76	1	2	0.0224719101124	raw	27
C	-76	1	2	0.110574398824	norm	27
T	-75	1	26	0.292134831461	raw	27
T	-75	1	26	0.932646723178	norm	27
A	-75	1	25	0.280898876404	raw	27
A	-75	1	25	0.94601231403	norm	27
C	-75	1	20	0.224719101124	raw	27
C	-75	1	20	1.10574398824	norm	27
G	-75	1	18	0.202247191011	raw	27
G	-75	1	18	1.08379792435	norm	27
G	-74	1	29	0.325842696629	raw	27
G	-74	1	29	1.74611887812	norm	27
T	-74	1	23	0.258426966292	raw	27
T	-74	1	23	0.825033639735	norm	27
A	-74	1	22	0.247191011236	raw	27
A	-74	1	22	0.832490836347	norm	27
C	-74	1	15	0.168539325843	raw	27
C	-74	1	15	0.829307991177	norm	27
A	-73	1	31	0.348314606742	raw	27
A	-73	1	31	1.1730552694	norm	27
T	-73	1	23	0.258426966292	raw	27
T	-73	1	23	0.825033639735	norm	27
C	-73	1	18	0.202247191011	raw	27
C	-73	1	18	0.995169589413	norm	27
G	-73	1	17	0.191011235955	raw	27
G	-73	1	17	1.02358692855	norm	27
A	-72	1	28	0.314606741573	raw	27
A	-72	1	28	1.05953379171	norm	27
C	-72	1	28	0.314606741573	raw	27
C	-72	1	28	1.54804158353	norm	27
T	-72	1	19	0.213483146067	raw	27
T	-72	1	19	0.681549528477	norm	27
G	-72	1	14	0.157303370787	raw	27
G	-72	1	14	0.84295394116	norm	27
C	-71	1	30	0.337078651685	raw	27
C	-71	1	30	1.65861598235	norm	27
G	-71	1	21	0.23595505618	raw	27
G	-71	1	21	1.26443091174	norm	27
A	-71	1	19	0.213483146067	raw	27
A	-71	1	19	0.718969358663	norm	27
T	-71	1	19	0.213483146067	raw	27
T	-71	1	19	0.681549528477	norm	27
T	-70	1	35	0.393258426966	raw	27
T	-70	1	35	1.25548597351	norm	27
A	-70	1	31	0.348314606742	raw	27
A	-70	1	31	1.1730552694	norm	27
C	-70	1	21	0.23595505618	raw	27
C	-70	1	21	1.16103118765	norm	27
G	-70	1	2	0.0224719101124	raw	27
G	-70	1	2	0.120421991594	norm	27
A	-69	1	32	0.359550561798	raw	27
A	-69	1	32	1.21089576196	norm	27
C	-69	1	23	0.258426966292	raw	27
C	-69	1	23	1.27160558647	norm	27
T	-69	1	19	0.213483146067	raw	27
T	-69	1	19	0.681549528477	norm	27
G	-69	1	15	0.168539325843	raw	27
G	-69	1	15	0.903164936957	norm	27
A	-68	1	42	0.47191011236	raw	27
A	-68	1	42	1.58930068757	norm	27
T	-68	1	22	0.247191011236	raw	27
T	-68	1	22	0.78916261192	norm	27
C	-68	1	13	0.14606741573	raw	27
C	-68	1	13	0.718733592354	norm	27
G	-68	1	12	0.134831460674	raw	27
G	-68	1	12	0.722531949566	norm	27
A	-67	1	40	0.449438202247	raw	27
A	-67	1	40	1.51361970245	norm	27
C	-67	1	18	0.202247191011	raw	27
C	-67	1	18	0.995169589413	norm	27
G	-67	1	18	0.202247191011	raw	27
G	-67	1	18	1.08379792435	norm	27
T	-67	1	13	0.14606741573	raw	27
T	-67	1	13	0.466323361589	norm	27
A	-66	1	30	0.337078651685	raw	27
A	-66	1	30	1.13521477684	norm	27
G	-66	1	27	0.303370786517	raw	27
G	-66	1	27	1.62569688652	norm	27
C	-66	1	22	0.247191011236	raw	27
C	-66	1	22	1.21631838706	norm	27
T	-66	1	10	0.112359550562	raw	27
T	-66	1	10	0.358710278146	norm	27
A	-65	1	31	0.348314606742	raw	27
A	-65	1	31	1.1730552694	norm	27
T	-65	1	30	0.337078651685	raw	27
T	-65	1	30	1.07613083444	norm	27
G	-65	1	15	0.168539325843	raw	27
G	-65	1	15	0.903164936957	norm	27
C	-65	1	13	0.14606741573	raw	27
C	-65	1	13	0.718733592354	norm	27
A	-64	1	45	0.505617977528	raw	27
A	-64	1	45	1.70282216525	norm	27
T	-64	1	21	0.23595505618	raw	27
T	-64	1	21	0.753291584106	norm	27
C	-64	1	16	0.179775280899	raw	27
C	-64	1	16	0.884595190589	norm	27
G	-64	1	7	0.0786516853933	raw	27
G	-64	1	7	0.42147697058	norm	27
T	-63	1	49	0.550561797753	raw	27
T	-63	1	49	1.75768036291	norm	27
C	-63	1	21	0.23595505618	raw	27
C	-63	1	21	1.16103118765	norm	27
A	-63	1	11	0.123595505618	raw	27
A	-63	1	11	0.416245418173	norm	27
G	-63	1	8	0.0898876404494	raw	27
G	-63	1	8	0.481687966377	norm	27
A	-62	1	36	0.404494382022	raw	27
A	-62	1	36	1.3622577322	norm	27
T	-62	1	33	0.370786516854	raw	27
T	-62	1	33	1.18374391788	norm	27
G	-62	1	14	0.157303370787	raw	27
G	-62	1	14	0.84295394116	norm	27
C	-62	1	6	0.0674157303371	raw	27
C	-62	1	6	0.331723196471	norm	27
T	-61	1	54	0.606741573034	raw	27
T	-61	1	54	1.93703550199	norm	27
A	-61	1	21	0.23595505618	raw	27
A	-61	1	21	0.794650343785	norm	27
C	-61	1	10	0.112359550562	raw	27
C	-61	1	10	0.552871994118	norm	27
G	-61	1	4	0.0449438202247	raw	27
G	-61	1	4	0.240843983189	norm	27
T	-60	1	41	0.460674157303	raw	27
T	-60	1	41	1.4707121404	norm	27
A	-60	1	26	0.292134831461	raw	27
A	-60	1	26	0.983852806591	norm	27
G	-60	1	14	0.157303370787	raw	27
G	-60	1	14	0.84295394116	norm	27
C	-60	1	8	0.0898876404494	raw	27
C	-60	1	8	0.442297595295	norm	27
T	-59	1	30	0.337078651685	raw	27
T	-59	1	30	1.07613083444	norm	27
A	-59	1	27	0.303370786517	raw	27
A	-59	1	27	1.02169329915	norm	27
G	-59	1	22	0.247191011236	raw	27
G	-59	1	22	1.32464190754	norm	27
C	-59	1	10	0.112359550562	raw	27
C	-59	1	10	0.552871994118	norm	27
T	-58	1	33	0.370786516854	raw	27
T	-58	1	33	1.18374391788	norm	27
A	-58	1	25	0.280898876404	raw	27
A	-58	1	25	0.94601231403	norm	27
C	-58	1	17	0.191011235955	raw	27
C	-58	1	17	0.939882390001	norm	27
G	-58	1	14	0.157303370787	raw	27
G	-58	1	14	0.84295394116	norm	27
A	-57	1	39	0.438202247191	raw	27
A	-57	1	39	1.47577920989	norm	27
G	-57	1	30	0.337078651685	raw	27
G	-57	1	30	1.80632987391	norm	27
C	-57	1	14	0.157303370787	raw	27
C	-57	1	14	0.774020791766	norm	27
T	-57	1	6	0.0674157303371	raw	27
T	-57	1	6	0.215226166887	norm	27
A	-56	1	36	0.404494382022	raw	27
A	-56	1	36	1.3622577322	norm	27
T	-56	1	29	0.325842696629	raw	27
T	-56	1	29	1.04025980662	norm	27
G	-56	1	18	0.202247191011	raw	27
G	-56	1	18	1.08379792435	norm	27
C	-56	1	6	0.0674157303371	raw	27
C	-56	1	6	0.331723196471	norm	27
T	-55	1	46	0.516853932584	raw	27
T	-55	1	46	1.65006727947	norm	27
G	-55	1	24	0.269662921348	raw	27
G	-55	1	24	1.44506389913	norm	27
A	-55	1	10	0.112359550562	raw	27
A	-55	1	10	0.378404925612	norm	27
C	-55	1	9	0.101123595506	raw	27
C	-55	1	9	0.497584794706	norm	27
A	-54	1	34	0.38202247191	raw	27
A	-54	1	34	1.28657674708	norm	27
C	-54	1	24	0.269662921348	raw	27
C	-54	1	24	1.32689278588	norm	27
T	-54	1	24	0.269662921348	raw	27
T	-54	1	24	0.860904667549	norm	27
G	-54	1	7	0.0786516853933	raw	27
G	-54	1	7	0.42147697058	norm	27
A	-53	1	30	0.337078651685	raw	27
A	-53	1	30	1.13521477684	norm	27
T	-53	1	28	0.314606741573	raw	27
T	-53	1	28	1.00438877881	norm	27
G	-53	1	16	0.179775280899	raw	27
G	-53	1	16	0.963375932754	norm	27
C	-53	1	15	0.168539325843	raw	27
C	-53	1	15	0.829307991177	norm	27
T	-52	1	38	0.426966292135	raw	27
T	-52	1	38	1.36309905695	norm	27
C	-52	1	28	0.314606741573	raw	27
C	-52	1	28	1.54804158353	norm	27
A	-52	1	22	0.247191011236	raw	27
A	-52	1	22	0.832490836347	norm	27
G	-52	1	1	0.0112359550562	raw	27
G	-52	1	1	0.0602109957971	norm	27
A	-51	1	29	0.325842696629	raw	27
A	-51	1	29	1.09737428428	norm	27
C	-51	1	27	0.303370786517	raw	27
C	-51	1	27	1.49275438412	norm	27
G	-51	1	17	0.191011235955	raw	27
G	-51	1	17	1.02358692855	norm	27
T	-51	1	16	0.179775280899	raw	27
T	-51	1	16	0.573936445033	norm	27
A	-50	1	42	0.47191011236	raw	27
A	-50	1	42	1.58930068757	norm	27
C	-50	1	32	0.359550561798	raw	27
C	-50	1	32	1.76919038118	norm	27
T	-50	1	13	0.14606741573	raw	27
T	-50	1	13	0.466323361589	norm	27
G	-50	1	2	0.0224719101124	raw	27
G	-50	1	2	0.120421991594	norm	27
A	-49	1	32	0.359550561798	raw	27
A	-49	1	32	1.21089576196	norm	27
T	-49	1	22	0.247191011236	raw	27
T	-49	1	22	0.78916261192	norm	27
G	-49	1	20	0.224719101124	raw	27
G	-49	1	20	1.20421991594	norm	27
C	-49	1	15	0.168539325843	raw	27
C	-49	1	15	0.829307991177	norm	27
A	-48	1	31	0.348314606742	raw	27
A	-48	1	31	1.1730552694	norm	27
C	-48	1	25	0.280898876404	raw	27
C	-48	1	25	1.3821799853	norm	27
G	-48	1	20	0.224719101124	raw	27
G	-48	1	20	1.20421991594	norm	27
T	-48	1	13	0.14606741573	raw	27
T	-48	1	13	0.466323361589	norm	27
G	-47	1	33	0.370786516854	raw	27
G	-47	1	33	1.98696286131	norm	27
T	-47	1	28	0.314606741573	raw	27
T	-47	1	28	1.00438877881	norm	27
A	-47	1	17	0.191011235955	raw	27
A	-47	1	17	0.643288373541	norm	27
C	-47	1	11	0.123595505618	raw	27
C	-47	1	11	0.60815919353	norm	27
A	-46	1	31	0.348314606742	raw	27
A	-46	1	31	1.1730552694	norm	27
T	-46	1	24	0.269662921348	raw	27
T	-46	1	24	0.860904667549	norm	27
C	-46	1	19	0.213483146067	raw	27
C	-46	1	19	1.05045678882	norm	27
G	-46	1	15	0.168539325843	raw	27
G	-46	1	15	0.903164936957	norm	27
A	-45	1	43	0.483146067416	raw	27
A	-45	1	43	1.62714118013	norm	27
G	-45	1	22	0.247191011236	raw	27
G	-45	1	22	1.32464190754	norm	27
C	-45	1	15	0.168539325843	raw	27
C	-45	1	15	0.829307991177	norm	27
T	-45	1	9	0.101123595506	raw	27
T	-45	1	9	0.322839250331	norm	27
A	-44	1	29	0.325842696629	raw	27
A	-44	1	29	1.09737428428	norm	27
G	-44	1	27	0.303370786517	raw	27
G	-44	1	27	1.62569688652	norm	27
T	-44	1	26	0.292134831461	raw	27
T	-44	1	26	0.932646723178	norm	27
C	-44	1	7	0.0786516853933	raw	27
C	-44	1	7	0.387010395883	norm	27
T	-43	1	37	0.415730337079	raw	27
T	-43	1	37	1.32722802914	norm	27
A	-43	1	23	0.258426966292	raw	27
A	-43	1	23	0.870331328908	norm	27
C	-43	1	19	0.213483146067	raw	27
C	-43	1	19	1.05045678882	norm	27
G	-43	1	10	0.112359550562	raw	27
G	-43	1	10	0.602109957971	norm	27
T	-42	1	48	0.539325842697	raw	27
T	-42	1	48	1.7218093351	norm	27
A	-42	1	32	0.359550561798	raw	27
A	-42	1	32	1.21089576196	norm	27
C	-42	1	9	0.101123595506	raw	27
C	-42	1	9	0.497584794706	norm	27
T	-41	1	35	0.393258426966	raw	27
T	-41	1	35	1.25548597351	norm	27
A	-41	1	32	0.359550561798	raw	27
A	-41	1	32	1.21089576196	norm	27
C	-41	1	12	0.134831460674	raw	27
C	-41	1	12	0.663446392942	norm	27
G	-41	1	10	0.112359550562	raw	27
G	-41	1	10	0.602109957971	norm	27
C	-40	1	24	0.269662921348	raw	27
C	-40	1	24	1.32689278588	norm	27
T	-40	1	23	0.258426966292	raw	27
T	-40	1	23	0.825033639735	norm	27
A	-40	1	22	0.247191011236	raw	27
A	-40	1	22	0.832490836347	norm	27
G	-40	1	20	0.224719101124	raw	27
G	-40	1	20	1.20421991594	norm	27
T	-39	1	30	0.337078651685	raw	27
T	-39	1	30	1.07613083444	norm	27
G	-39	1	22	0.247191011236	raw	27
G	-39	1	22	1.32464190754	norm	27
A	-39	1	20	0.224719101124	raw	27
A	-39	1	20	0.756809851224	norm	27
C	-39	1	17	0.191011235955	raw	27
C	-39	1	17	0.939882390001	norm	27
A	-38	1	48	0.539325842697	raw	27
A	-38	1	48	1.81634364294	norm	27
G	-38	1	15	0.168539325843	raw	27
G	-38	1	15	0.903164936957	norm	27
C	-38	1	14	0.157303370787	raw	27
C	-38	1	14	0.774020791766	norm	27
T	-38	1	12	0.134831460674	raw	27
T	-38	1	12	0.430452333775	norm	27
T	-37	1	36	0.404494382022	raw	27
T	-37	1	36	1.29135700132	norm	27
A	-37	1	22	0.247191011236	raw	27
A	-37	1	22	0.832490836347	norm	27
G	-37	1	21	0.23595505618	raw	27
G	-37	1	21	1.26443091174	norm	27
C	-37	1	10	0.112359550562	raw	27
C	-37	1	10	0.552871994118	norm	27
T	-36	1	36	0.404494382022	raw	27
T	-36	1	36	1.29135700132	norm	27
A	-36	1	25	0.280898876404	raw	27
A	-36	1	25	0.94601231403	norm	27
G	-36	1	19	0.213483146067	raw	27
G	-36	1	19	1.14400892015	norm	27
C	-36	1	9	0.101123595506	raw	27
C	-36	1	9	0.497584794706	norm	27
A	-35	1	29	0.325842696629	raw	27
A	-35	1	29	1.09737428428	norm	27
G	-35	1	29	0.325842696629	raw	27
G	-35	1	29	1.74611887812	norm	27
T	-35	1	18	0.202247191011	raw	27
T	-35	1	18	0.645678500662	norm	27
C	-35	1	13	0.14606741573	raw	27
C	-35	1	13	0.718733592354	norm	27
T	-34	1	36	0.404494382022	raw	27
T	-34	1	36	1.29135700132	norm	27
A	-34	1	33	0.370786516854	raw	27
A	-34	1	33	1.24873625452	norm	27
G	-34	1	18	0.202247191011	raw	27
G	-34	1	18	1.08379792435	norm	27
C	-34	1	2	0.0224719101124	raw	27
C	-34	1	2	0.110574398824	norm	27
G	-33	1	34	0.38202247191	raw	27
G	-33	1	34	2.0471738571	norm	27
A	-33	1	29	0.325842696629	raw	27
A	-33	1	29	1.09737428428	norm	27
T	-33	1	18	0.202247191011	raw	27
T	-33	1	18	0.645678500662	norm	27
C	-33	1	8	0.0898876404494	raw	27
C	-33	1	8	0.442297595295	norm	27
T	-32	1	33	0.370786516854	raw	27
T	-32	1	33	1.18374391788	norm	27
C	-32	1	25	0.280898876404	raw	27
C	-32	1	25	1.3821799853	norm	27
A	-32	1	20	0.224719101124	raw	27
A	-32	1	20	0.756809851224	norm	27
G	-32	1	11	0.123595505618	raw	27
G	-32	1	11	0.662320953769	norm	27
A	-31	1	40	0.449438202247	raw	27
A	-31	1	40	1.51361970245	norm	27
T	-31	1	23	0.258426966292	raw	27
T	-31	1	23	0.825033639735	norm	27
G	-31	1	22	0.247191011236	raw	27
G	-31	1	22	1.32464190754	norm	27
C	-31	1	4	0.0449438202247	raw	27
C	-31	1	4	0.221148797647	norm	27
A	-30	1	43	0.483146067416	raw	27
A	-30	1	43	1.62714118013	norm	27
C	-30	1	24	0.269662921348	raw	27
C	-30	1	24	1.32689278588	norm	27
T	-30	1	15	0.168539325843	raw	27
T	-30	1	15	0.538065417218	norm	27
G	-30	1	7	0.0786516853933	raw	27
G	-30	1	7	0.42147697058	norm	27
T	-29	1	30	0.337078651685	raw	27
T	-29	1	30	1.07613083444	norm	27
A	-29	1	28	0.314606741573	raw	27
A	-29	1	28	1.05953379171	norm	27
G	-29	1	21	0.23595505618	raw	27
G	-29	1	21	1.26443091174	norm	27
C	-29	1	10	0.112359550562	raw	27
C	-29	1	10	0.552871994118	norm	27
T	-28	1	36	0.404494382022	raw	27
T	-28	1	36	1.29135700132	norm	27
A	-28	1	27	0.303370786517	raw	27
A	-28	1	27	1.02169329915	norm	27
G	-28	1	23	0.258426966292	raw	27
G	-28	1	23	1.38485290333	norm	27
C	-28	1	3	0.0337078651685	raw	27
C	-28	1	3	0.165861598235	norm	27
A	-27	1	32	0.359550561798	raw	27
A	-27	1	32	1.21089576196	norm	27
T	-27	1	22	0.247191011236	raw	27
T	-27	1	22	0.78916261192	norm	27
G	-27	1	20	0.224719101124	raw	27
G	-27	1	20	1.20421991594	norm	27
C	-27	1	15	0.168539325843	raw	27
C	-27	1	15	0.829307991177	norm	27
A	-26	1	37	0.415730337079	raw	27
A	-26	1	37	1.40009822476	norm	27
T	-26	1	34	0.38202247191	raw	27
T	-26	1	34	1.21961494569	norm	27
C	-26	1	15	0.168539325843	raw	27
C	-26	1	15	0.829307991177	norm	27
G	-26	1	3	0.0337078651685	raw	27
G	-26	1	3	0.180632987391	norm	27
A	-25	1	45	0.505617977528	raw	27
A	-25	1	45	1.70282216525	norm	27
T	-25	1	23	0.258426966292	raw	27
T	-25	1	23	0.825033639735	norm	27
G	-25	1	15	0.168539325843	raw	27
G	-25	1	15	0.903164936957	norm	27
C	-25	1	6	0.0674157303371	raw	27
C	-25	1	6	0.331723196471	norm	27
A	-24	1	46	0.516853932584	raw	27
A	-24	1	46	1.74066265782	norm	27
T	-24	1	30	0.337078651685	raw	27
T	-24	1	30	1.07613083444	norm	27
G	-24	1	9	0.101123595506	raw	27
G	-24	1	9	0.541898962174	norm	27
C	-24	1	4	0.0449438202247	raw	27
C	-24	1	4	0.221148797647	norm	27
T	-23	1	30	0.337078651685	raw	27
T	-23	1	30	1.07613083444	norm	27
C	-23	1	24	0.269662921348	raw	27
C	-23	1	24	1.32689278588	norm	27
A	-23	1	23	0.258426966292	raw	27
A	-23	1	23	0.870331328908	norm	27
G	-23	1	12	0.134831460674	raw	27
G	-23	1	12	0.722531949566	norm	27
T	-22	1	39	0.438202247191	raw	27
T	-22	1	39	1.39897008477	norm	27
C	-22	1	24	0.269662921348	raw	27
C	-22	1	24	1.32689278588	norm	27
A	-22	1	13	0.14606741573	raw	27
A	-22	1	13	0.491926403296	norm	27
G	-22	1	13	0.14606741573	raw	27
G	-22	1	13	0.782742945363	norm	27
T	-21	1	35	0.393258426966	raw	27
T	-21	1	35	1.25548597351	norm	27
C	-21	1	22	0.247191011236	raw	27
C	-21	1	22	1.21631838706	norm	27
G	-21	1	20	0.224719101124	raw	27
G	-21	1	20	1.20421991594	norm	27
A	-21	1	12	0.134831460674	raw	27
A	-21	1	12	0.454085910735	norm	27
A	-20	1	29	0.325842696629	raw	27
A	-20	1	29	1.09737428428	norm	27
C	-20	1	25	0.280898876404	raw	27
C	-20	1	25	1.3821799853	norm	27
T	-20	1	21	0.23595505618	raw	27
T	-20	1	21	0.753291584106	norm	27
G	-20	1	14	0.157303370787	raw	27
G	-20	1	14	0.84295394116	norm	27
C	-19	1	27	0.303370786517	raw	27
C	-19	1	27	1.49275438412	norm	27
T	-19	1	27	0.303370786517	raw	27
T	-19	1	27	0.968517750993	norm	27
A	-19	1	18	0.202247191011	raw	27
A	-19	1	18	0.681128866102	norm	27
G	-19	1	17	0.191011235955	raw	27
G	-19	1	17	1.02358692855	norm	27
T	-18	1	46	0.516853932584	raw	27
T	-18	1	46	1.65006727947	norm	27
A	-18	1	18	0.202247191011	raw	27
A	-18	1	18	0.681128866102	norm	27
C	-18	1	15	0.168539325843	raw	27
C	-18	1	15	0.829307991177	norm	27
G	-18	1	10	0.112359550562	raw	27
G	-18	1	10	0.602109957971	norm	27
A	-17	1	38	0.426966292135	raw	27
A	-17	1	38	1.43793871733	norm	27
T	-17	1	21	0.23595505618	raw	27
T	-17	1	21	0.753291584106	norm	27
G	-17	1	18	0.202247191011	raw	27
G	-17	1	18	1.08379792435	norm	27
C	-17	1	12	0.134831460674	raw	27
C	-17	1	12	0.663446392942	norm	27
A	-16	1	30	0.337078651685	raw	27
A	-16	1	30	1.13521477684	norm	27
T	-16	1	30	0.337078651685	raw	27
T	-16	1	30	1.07613083444	norm	27
G	-16	1	16	0.179775280899	raw	27
G	-16	1	16	0.963375932754	norm	27
C	-16	1	13	0.14606741573	raw	27
C	-16	1	13	0.718733592354	norm	27
A	-15	1	41	0.460674157303	raw	27
A	-15	1	41	1.55146019501	norm	27
T	-15	1	34	0.38202247191	raw	27
T	-15	1	34	1.21961494569	norm	27
G	-15	1	14	0.157303370787	raw	27
G	-15	1	14	0.84295394116	norm	27
T	-14	1	24	0.269662921348	raw	27
T	-14	1	24	0.860904667549	norm	27
C	-14	1	23	0.258426966292	raw	27
C	-14	1	23	1.27160558647	norm	27
A	-14	1	21	0.23595505618	raw	27
A	-14	1	21	0.794650343785	norm	27
G	-14	1	21	0.23595505618	raw	27
G	-14	1	21	1.26443091174	norm	27
T	-13	1	46	0.516853932584	raw	27
T	-13	1	46	1.65006727947	norm	27
G	-13	1	20	0.224719101124	raw	27
G	-13	1	20	1.20421991594	norm	27
A	-13	1	14	0.157303370787	raw	27
A	-13	1	14	0.529766895857	norm	27
C	-13	1	9	0.101123595506	raw	27
C	-13	1	9	0.497584794706	norm	27
T	-12	1	32	0.359550561798	raw	27
T	-12	1	32	1.14787289007	norm	27
G	-12	1	26	0.292134831461	raw	27
G	-12	1	26	1.56548589073	norm	27
A	-12	1	21	0.23595505618	raw	27
A	-12	1	21	0.794650343785	norm	27
C	-12	1	10	0.112359550562	raw	27
C	-12	1	10	0.552871994118	norm	27
T	-11	1	30	0.337078651685	raw	27
T	-11	1	30	1.07613083444	norm	27
C	-11	1	21	0.23595505618	raw	27
C	-11	1	21	1.16103118765	norm	27
A	-11	1	19	0.213483146067	raw	27
A	-11	1	19	0.718969358663	norm	27
G	-11	1	19	0.213483146067	raw	27
G	-11	1	19	1.14400892015	norm	27
A	-10	1	33	0.370786516854	raw	27
A	-10	1	33	1.24873625452	norm	27
C	-10	1	22	0.247191011236	raw	27
C	-10	1	22	1.21631838706	norm	27
G	-10	1	22	0.247191011236	raw	27
G	-10	1	22	1.32464190754	norm	27
T	-10	1	12	0.134831460674	raw	27
T	-10	1	12	0.430452333775	norm	27
T	-9	1	49	0.550561797753	raw	27
T	-9	1	49	1.75768036291	norm	27
A	-9	1	26	0.292134831461	raw	27
A	-9	1	26	0.983852806591	norm	27
C	-9	1	9	0.101123595506	raw	27
C	-9	1	9	0.497584794706	norm	27
G	-9	1	5	0.0561797752809	raw	27
G	-9	1	5	0.301054978986	norm	27
A	-8	1	41	0.460674157303	raw	27
A	-8	1	41	1.55146019501	norm	27
T	-8	1	26	0.292134831461	raw	27
T	-8	1	26	0.932646723178	norm	27
C	-8	1	13	0.14606741573	raw	27
C	-8	1	13	0.718733592354	norm	27
G	-8	1	9	0.101123595506	raw	27
G	-8	1	9	0.541898962174	norm	27
A	-7	1	33	0.370786516854	raw	27
A	-7	1	33	1.24873625452	norm	27
T	-7	1	22	0.247191011236	raw	27
T	-7	1	22	0.78916261192	norm	27
G	-7	1	19	0.213483146067	raw	27
G	-7	1	19	1.14400892015	norm	27
C	-7	1	15	0.168539325843	raw	27
C	-7	1	15	0.829307991177	norm	27
A	-6	1	40	0.449438202247	raw	27
A	-6	1	40	1.51361970245	norm	27
C	-6	1	20	0.224719101124	raw	27
C	-6	1	20	1.10574398824	norm	27
G	-6	1	16	0.179775280899	raw	27
G	-6	1	16	0.963375932754	norm	27
T	-6	1	13	0.14606741573	raw	27
T	-6	1	13	0.466323361589	norm	27
A	-5	1	37	0.415730337079	raw	27
A	-5	1	37	1.40009822476	norm	27
C	-5	1	22	0.247191011236	raw	27
C	-5	1	22	1.21631838706	norm	27
T	-5	1	18	0.202247191011	raw	27
T	-5	1	18	0.645678500662	norm	27
G	-5	1	12	0.134831460674	raw	27
G	-5	1	12	0.722531949566	norm	27
A	-4	1	40	0.449438202247	raw	27
A	-4	1	40	1.51361970245	norm	27
T	-4	1	21	0.23595505618	raw	27
T	-4	1	21	0.753291584106	norm	27
G	-4	1	17	0.191011235955	raw	27
G	-4	1	17	1.02358692855	norm	27
C	-4	1	11	0.123595505618	raw	27
C	-4	1	11	0.60815919353	norm	27
T	-3	1	43	0.483146067416	raw	27
T	-3	1	43	1.54245419603	norm	27
A	-3	1	28	0.314606741573	raw	27
A	-3	1	28	1.05953379171	norm	27
C	-3	1	12	0.134831460674	raw	27
C	-3	1	12	0.663446392942	norm	27
G	-3	1	6	0.0674157303371	raw	27
G	-3	1	6	0.361265974783	norm	27
G	-2	1	34	0.38202247191	raw	27
G	-2	1	34	2.0471738571	norm	27
A	-2	1	25	0.280898876404	raw	27
A	-2	1	25	0.94601231403	norm	27
T	-2	1	17	0.191011235955	raw	27
T	-2	1	17	0.609807472847	norm	27
C	-2	1	13	0.14606741573	raw	27
C	-2	1	13	0.718733592354	norm	27
T	-1	1	45	0.505617977528	raw	27
T	-1	1	45	1.61419625165	norm	27
A	-1	1	24	0.269662921348	raw	27
A	-1	1	24	0.908171821469	norm	27
C	-1	1	10	0.112359550562	raw	27
C	-1	1	10	0.552871994118	norm	27
G	-1	1	10	0.112359550562	raw	27
G	-1	1	10	0.602109957971	norm	27
C	0	1	39	0.438202247191	raw	27
C	0	1	39	2.15620077706	norm	27
G	0	1	25	0.280898876404	raw	27
G	0	1	25	1.50527489493	norm	27
T	0	1	14	0.157303370787	raw	27
T	0	1	14	0.502194389404	norm	27
A	0	1	11	0.123595505618	raw	27
A	0	1	11	0.416245418173	norm	27
G	1	1	39	0.438202247191	raw	27
G	1	1	39	2.34822883609	norm	27
A	1	1	24	0.269662921348	raw	27
A	1	1	24	0.908171821469	norm	27
T	1	1	14	0.157303370787	raw	27
T	1	1	14	0.502194389404	norm	27
C	1	1	12	0.134831460674	raw	27
C	1	1	12	0.663446392942	norm	27
T	2	1	40	0.449438202247	raw	27
T	2	1	40	1.43484111258	norm	27
A	2	1	27	0.303370786517	raw	27
A	2	1	27	1.02169329915	norm	27
G	2	1	13	0.14606741573	raw	27
G	2	1	13	0.782742945363	norm	27
C	2	1	9	0.101123595506	raw	27
C	2	1	9	0.497584794706	norm	27
A	3	1	43	0.483146067416	raw	27
A	3	1	43	1.62714118013	norm	27
G	3	1	21	0.23595505618	raw	27
G	3	1	21	1.26443091174	norm	27
T	3	1	13	0.14606741573	raw	27
T	3	1	13	0.466323361589	norm	27
C	3	1	12	0.134831460674	raw	27
C	3	1	12	0.663446392942	norm	27
A	4	1	24	0.269662921348	raw	27
A	4	1	24	0.908171821469	norm	27
G	4	1	24	0.269662921348	raw	27
G	4	1	24	1.44506389913	norm	27
C	4	1	21	0.23595505618	raw	27
C	4	1	21	1.16103118765	norm	27
T	4	1	20	0.224719101124	raw	27
T	4	1	20	0.717420556291	norm	27
T	5	1	31	0.348314606742	raw	27
T	5	1	31	1.11200186225	norm	27
A	5	1	24	0.269662921348	raw	27
A	5	1	24	0.908171821469	norm	27
G	5	1	20	0.224719101124	raw	27
G	5	1	20	1.20421991594	norm	27
C	5	1	14	0.157303370787	raw	27
C	5	1	14	0.774020791766	norm	27
G	6	1	32	0.359550561798	raw	27
G	6	1	32	1.92675186551	norm	27
A	6	1	27	0.303370786517	raw	27
A	6	1	27	1.02169329915	norm	27
T	6	1	18	0.202247191011	raw	27
T	6	1	18	0.645678500662	norm	27
C	6	1	12	0.134831460674	raw	27
C	6	1	12	0.663446392942	norm	27
A	7	1	46	0.516853932584	raw	27
A	7	1	46	1.74066265782	norm	27
T	7	1	32	0.359550561798	raw	27
T	7	1	32	1.14787289007	norm	27
G	7	1	8	0.0898876404494	raw	27
G	7	1	8	0.481687966377	norm	27
C	7	1	3	0.0337078651685	raw	27
C	7	1	3	0.165861598235	norm	27
A	8	1	32	0.359550561798	raw	27
A	8	1	32	1.21089576196	norm	27
T	8	1	30	0.337078651685	raw	27
T	8	1	30	1.07613083444	norm	27
G	8	1	15	0.168539325843	raw	27
G	8	1	15	0.903164936957	norm	27
C	8	1	12	0.134831460674	raw	27
C	8	1	12	0.663446392942	norm	27
T	9	1	56	0.629213483146	raw	27
T	9	1	56	2.00877755762	norm	27
A	9	1	18	0.202247191011	raw	27
A	9	1	18	0.681128866102	norm	27
G	9	1	8	0.0898876404494	raw	27
G	9	1	8	0.481687966377	norm	27
C	9	1	7	0.0786516853933	raw	27
C	9	1	7	0.387010395883	norm	27
T	10	1	47	0.52808988764	raw	27
T	10	1	47	1.68593830728	norm	27
C	10	1	21	0.23595505618	raw	27
C	10	1	21	1.16103118765	norm	27
A	10	1	19	0.213483146067	raw	27
A	10	1	19	0.718969358663	norm	27
G	10	1	2	0.0224719101124	raw	27
G	10	1	2	0.120421991594	norm	27
T	11	1	28	0.314606741573	raw	27
T	11	1	28	1.00438877881	norm	27
A	11	1	24	0.269662921348	raw	27
A	11	1	24	0.908171821469	norm	27
C	11	1	22	0.247191011236	raw	27
C	11	1	22	1.21631838706	norm	27
G	11	1	15	0.168539325843	raw	27
G	11	1	15	0.903164936957	norm	27
G	12	1	36	0.404494382022	raw	27
G	12	1	36	2.1675958487	norm	27
T	12	1	32	0.359550561798	raw	27
T	12	1	32	1.14787289007	norm	27
C	12	1	16	0.179775280899	raw	27
C	12	1	16	0.884595190589	norm	27
A	12	1	5	0.0561797752809	raw	27
A	12	1	5	0.189202462806	norm	27
A	13	1	30	0.337078651685	raw	27
A	13	1	30	1.13521477684	norm	27
C	13	1	23	0.258426966292	raw	27
C	13	1	23	1.27160558647	norm	27
T	13	1	19	0.213483146067	raw	27
T	13	1	19	0.681549528477	norm	27
G	13	1	17	0.191011235955	raw	27
G	13	1	17	1.02358692855	norm	27
G	14	1	39	0.438202247191	raw	27
G	14	1	39	2.34822883609	norm	27
T	14	1	22	0.247191011236	raw	27
T	14	1	22	0.78916261192	norm	27
A	14	1	21	0.23595505618	raw	27
A	14	1	21	0.794650343785	norm	27
C	14	1	7	0.0786516853933	raw	27
C	14	1	7	0.387010395883	norm	27
C	15	1	27	0.303370786517	raw	27
C	15	1	27	1.49275438412	norm	27
T	15	1	24	0.269662921348	raw	27
T	15	1	24	0.860904667549	norm	27
G	15	1	21	0.23595505618	raw	27
G	15	1	21	1.26443091174	norm	27
A	15	1	17	0.191011235955	raw	27
A	15	1	17	0.643288373541	norm	27
G	16	1	33	0.370786516854	raw	27
G	16	1	33	1.98696286131	norm	27
A	16	1	29	0.325842696629	raw	27
A	16	1	29	1.09737428428	norm	27
T	16	1	14	0.157303370787	raw	27
T	16	1	14	0.502194389404	norm	27
C	16	1	13	0.14606741573	raw	27
C	16	1	13	0.718733592354	norm	27
A	17	1	39	0.438202247191	raw	27
A	17	1	39	1.47577920989	norm	27
T	17	1	34	0.38202247191	raw	27
T	17	1	34	1.21961494569	norm	27
C	17	1	11	0.123595505618	raw	27
C	17	1	11	0.60815919353	norm	27
G	17	1	5	0.0561797752809	raw	27
G	17	1	5	0.301054978986	norm	27
A	18	1	41	0.460674157303	raw	27
A	18	1	41	1.55146019501	norm	27
T	18	1	22	0.247191011236	raw	27
T	18	1	22	0.78916261192	norm	27
G	18	1	18	0.202247191011	raw	27
G	18	1	18	1.08379792435	norm	27
C	18	1	8	0.0898876404494	raw	27
C	18	1	8	0.442297595295	norm	27
A	19	1	42	0.47191011236	raw	27
A	19	1	42	1.58930068757	norm	27
T	19	1	26	0.292134831461	raw	27
T	19	1	26	0.932646723178	norm	27
G	19	1	13	0.14606741573	raw	27
G	19	1	13	0.782742945363	norm	27
C	19	1	8	0.0898876404494	raw	27
C	19	1	8	0.442297595295	norm	27
T	20	1	31	0.348314606742	raw	27
T	20	1	31	1.11200186225	norm	27
A	20	1	26	0.292134831461	raw	27
A	20	1	26	0.983852806591	norm	27
C	20	1	19	0.213483146067	raw	27
C	20	1	19	1.05045678882	norm	27
G	20	1	13	0.14606741573	raw	27
G	20	1	13	0.782742945363	norm	27
A	21	1	32	0.359550561798	raw	27
A	21	1	32	1.21089576196	norm	27
T	21	1	28	0.314606741573	raw	27
T	21	1	28	1.00438877881	norm	27
C	21	1	20	0.224719101124	raw	27
C	21	1	20	1.10574398824	norm	27
G	21	1	9	0.101123595506	raw	27
G	21	1	9	0.541898962174	norm	27
C	22	1	29	0.325842696629	raw	27
C	22	1	29	1.60332878294	norm	27
T	22	1	23	0.258426966292	raw	27
T	22	1	23	0.825033639735	norm	27
G	22	1	20	0.224719101124	raw	27
G	22	1	20	1.20421991594	norm	27
A	22	1	17	0.191011235955	raw	27
A	22	1	17	0.643288373541	norm	27
A	23	1	28	0.314606741573	raw	27
A	23	1	28	1.05953379171	norm	27
C	23	1	23	0.258426966292	raw	27
C	23	1	23	1.27160558647	norm	27
T	23	1	19	0.213483146067	raw	27
T	23	1	19	0.681549528477	norm	27
G	23	1	19	0.213483146067	raw	27
G	23	1	19	1.14400892015	norm	27
T	24	1	35	0.393258426966	raw	27
T	24	1	35	1.25548597351	norm	27
A	24	1	23	0.258426966292	raw	27
A	24	1	23	0.870331328908	norm	27
G	24	1	16	0.179775280899	raw	27
G	24	1	16	0.963375932754	norm	27
C	24	1	15	0.168539325843	raw	27
C	24	1	15	0.829307991177	norm	27
A	25	1	28	0.314606741573	raw	27
A	25	1	28	1.05953379171	norm	27
G	25	1	25	0.280898876404	raw	27
G	25	1	25	1.50527489493	norm	27
T	25	1	19	0.213483146067	raw	27
T	25	1	19	0.681549528477	norm	27
C	25	1	17	0.191011235955	raw	27
C	25	1	17	0.939882390001	norm	27
A	26	1	39	0.438202247191	raw	27
A	26	1	39	1.47577920989	norm	27
G	26	1	22	0.247191011236	raw	27
G	26	1	22	1.32464190754	norm	27
T	26	1	21	0.23595505618	raw	27
T	26	1	21	0.753291584106	norm	27
C	26	1	7	0.0786516853933	raw	27
C	26	1	7	0.387010395883	norm	27
A	27	1	36	0.404494382022	raw	27
A	27	1	36	1.3622577322	norm	27
T	27	1	21	0.23595505618	raw	27
T	27	1	21	0.753291584106	norm	27
G	27	1	19	0.213483146067	raw	27
G	27	1	19	1.14400892015	norm	27
C	27	1	13	0.14606741573	raw	27
C	27	1	13	0.718733592354	norm	27
A	28	1	39	0.438202247191	raw	27
A	28	1	39	1.47577920989	norm	27
T	28	1	25	0.280898876404	raw	27
T	28	1	25	0.896775695364	norm	27
G	28	1	13	0.14606741573	raw	27
G	28	1	13	0.782742945363	norm	27
C	28	1	12	0.134831460674	raw	27
C	28	1	12	0.663446392942	norm	27
A	29	1	40	0.449438202247	raw	27
A	29	1	40	1.51361970245	norm	27
G	29	1	23	0.258426966292	raw	27
G	29	1	23	1.38485290333	norm	27
C	29	1	17	0.191011235955	raw	27
C	29	1	17	0.939882390001	norm	27
T	29	1	9	0.101123595506	raw	27
T	29	1	9	0.322839250331	norm	27
T	30	1	29	0.325842696629	raw	27
T	30	1	29	1.04025980662	norm	27
C	30	1	28	0.314606741573	raw	27
C	30	1	28	1.54804158353	norm	27
A	30	1	18	0.202247191011	raw	27
A	30	1	18	0.681128866102	norm	27
G	30	1	14	0.157303370787	raw	27
G	30	1	14	0.84295394116	norm	27
T	31	1	37	0.415730337079	raw	27
T	31	1	37	1.32722802914	norm	27
A	31	1	24	0.269662921348	raw	27
A	31	1	24	0.908171821469	norm	27
C	31	1	22	0.247191011236	raw	27
C	31	1	22	1.21631838706	norm	27
G	31	1	6	0.0674157303371	raw	27
G	31	1	6	0.361265974783	norm	27
T	32	1	30	0.337078651685	raw	27
T	32	1	30	1.07613083444	norm	27
A	32	1	28	0.314606741573	raw	27
A	32	1	28	1.05953379171	norm	27
C	32	1	23	0.258426966292	raw	27
C	32	1	23	1.27160558647	norm	27
G	32	1	8	0.0898876404494	raw	27
G	32	1	8	0.481687966377	norm	27
T	33	1	33	0.370786516854	raw	27
T	33	1	33	1.18374391788	norm	27
A	33	1	24	0.269662921348	raw	27
A	33	1	24	0.908171821469	norm	27
C	33	1	19	0.213483146067	raw	27
C	33	1	19	1.05045678882	norm	27
G	33	1	13	0.14606741573	raw	27
G	33	1	13	0.782742945363	norm	27
A	34	1	30	0.337078651685	raw	27
A	34	1	30	1.13521477684	norm	27
T	34	1	27	0.303370786517	raw	27
T	34	1	27	0.968517750993	norm	27
C	34	1	17	0.191011235955	raw	27
C	34	1	17	0.939882390001	norm	27
G	34	1	15	0.168539325843	raw	27
G	34	1	15	0.903164936957	norm	27
A	35	1	46	0.516853932584	raw	27
A	35	1	46	1.74066265782	norm	27
C	35	1	23	0.258426966292	raw	27
C	35	1	23	1.27160558647	norm	27
G	35	1	11	0.123595505618	raw	27
G	35	1	11	0.662320953769	norm	27
T	35	1	9	0.101123595506	raw	27
T	35	1	9	0.322839250331	norm	27
A	36	1	36	0.404494382022	raw	27
A	36	1	36	1.3622577322	norm	27
T	36	1	27	0.303370786517	raw	27
T	36	1	27	0.968517750993	norm	27
C	36	1	16	0.179775280899	raw	27
C	36	1	16	0.884595190589	norm	27
G	36	1	10	0.112359550562	raw	27
G	36	1	10	0.602109957971	norm	27
T	37	1	35	0.393258426966	raw	27
T	37	1	35	1.25548597351	norm	27
G	37	1	22	0.247191011236	raw	27
G	37	1	22	1.32464190754	norm	27
C	37	1	20	0.224719101124	raw	27
C	37	1	20	1.10574398824	norm	27
A	37	1	12	0.134831460674	raw	27
A	37	1	12	0.454085910735	norm	27
A	38	1	26	0.292134831461	raw	27
A	38	1	26	0.983852806591	norm	27
T	38	1	22	0.247191011236	raw	27
T	38	1	22	0.78916261192	norm	27
G	38	1	21	0.23595505618	raw	27
G	38	1	21	1.26443091174	norm	27
C	38	1	20	0.224719101124	raw	27
C	38	1	20	1.10574398824	norm	27
T	39	1	37	0.415730337079	raw	27
T	39	1	37	1.32722802914	norm	27
A	39	1	20	0.224719101124	raw	27
A	39	1	20	0.756809851224	norm	27
C	39	1	19	0.213483146067	raw	27
C	39	1	19	1.05045678882	norm	27
G	39	1	13	0.14606741573	raw	27
G	39	1	13	0.782742945363	norm	27
A	40	1	46	0.516853932584	raw	27
A	40	1	46	1.74066265782	norm	27
T	40	1	27	0.303370786517	raw	27
T	40	1	27	0.968517750993	norm	27
G	40	1	15	0.168539325843	raw	27
G	40	1	15	0.903164936957	norm	27
C	40	1	1	0.0112359550562	raw	27
C	40	1	1	0.0552871994118	norm	27
A	41	1	31	0.348314606742	raw	27
A	41	1	31	1.1730552694	norm	27
T	41	1	27	0.303370786517	raw	27
T	41	1	27	0.968517750993	norm	27
G	41	1	16	0.179775280899	raw	27
G	41	1	16	0.963375932754	norm	27
C	41	1	15	0.168539325843	raw	27
C	41	1	15	0.829307991177	norm	27
A	42	1	38	0.426966292135	raw	27
A	42	1	38	1.43793871733	norm	27
T	42	1	32	0.359550561798	raw	27
T	42	1	32	1.14787289007	norm	27
G	42	1	16	0.179775280899	raw	27
G	42	1	16	0.963375932754	norm	27
C	42	1	3	0.0337078651685	raw	27
C	42	1	3	0.165861598235	norm	27
C	43	1	38	0.426966292135	raw	27
C	43	1	38	2.10091357765	norm	27
A	43	1	30	0.337078651685	raw	27
A	43	1	30	1.13521477684	norm	27
G	43	1	12	0.134831460674	raw	27
G	43	1	12	0.722531949566	norm	27
T	43	1	9	0.101123595506	raw	27
T	43	1	9	0.322839250331	norm	27
T	44	1	31	0.348314606742	raw	27
T	44	1	31	1.11200186225	norm	27
A	44	1	23	0.258426966292	raw	27
A	44	1	23	0.870331328908	norm	27
G	44	1	22	0.247191011236	raw	27
G	44	1	22	1.32464190754	norm	27
C	44	1	13	0.14606741573	raw	27
C	44	1	13	0.718733592354	norm	27
T	45	1	36	0.428571428571	raw	27
T	45	1	36	1.3682234895	norm	27
A	45	1	25	0.297619047619	raw	27
A	45	1	25	1.00232257082	norm	27
G	45	1	17	0.202380952381	raw	27
G	45	1	17	1.08451472192	norm	27
C	45	1	6	0.0714285714286	raw	27
C	45	1	6	0.351468624832	norm	27
T	46	1	45	0.535714285714	raw	27
T	46	1	45	1.71027936187	norm	27
A	46	1	17	0.202380952381	raw	27
A	46	1	17	0.681579348156	norm	27
G	46	1	15	0.178571428571	raw	27
G	46	1	15	0.956924754633	norm	27
C	46	1	7	0.0833333333333	raw	27
C	46	1	7	0.410046728971	norm	27
A	47	1	31	0.369047619048	raw	27
A	47	1	31	1.24287998781	norm	27
T	47	1	31	0.369047619048	raw	27
T	47	1	31	1.17819244929	norm	27
C	47	1	11	0.130952380952	raw	27
C	47	1	11	0.644359145526	norm	27
G	47	1	11	0.130952380952	raw	27
G	47	1	11	0.701744820064	norm	27
A	48	1	37	0.440476190476	raw	27
A	48	1	37	1.48343740481	norm	27
T	48	1	21	0.25	raw	27
T	48	1	21	0.798130368874	norm	27
C	48	1	18	0.214285714286	raw	27
C	48	1	18	1.0544058745	norm	27
G	48	1	8	0.0952380952381	raw	27
G	48	1	8	0.510359869138	norm	27
A	49	1	27	0.321428571429	raw	27
A	49	1	27	1.08250837648	norm	27
G	49	1	26	0.309523809524	raw	27
G	49	1	26	1.6586695747	norm	27
C	49	1	17	0.202380952381	raw	27
C	49	1	17	0.995827770358	norm	27
T	49	1	14	0.166666666667	raw	27
T	49	1	14	0.532086912583	norm	27
T	50	1	40	0.47619047619	raw	27
T	50	1	40	1.52024832166	norm	27
G	50	1	19	0.22619047619	raw	27
G	50	1	19	1.2121046892	norm	27
C	50	1	14	0.166666666667	raw	27
C	50	1	14	0.820093457942	norm	27
A	50	1	11	0.130952380952	raw	27
A	50	1	11	0.44102193116	norm	27
A	51	1	27	0.321428571429	raw	27
A	51	1	27	1.08250837648	norm	27
T	51	1	26	0.309523809524	raw	27
T	51	1	26	0.988161409082	norm	27
G	51	1	21	0.25	raw	27
G	51	1	21	1.33969465649	norm	27
C	51	1	10	0.119047619048	raw	27
C	51	1	10	0.585781041387	norm	27
A	52	1	32	0.380952380952	raw	27
A	52	1	32	1.28297289065	norm	27
T	52	1	22	0.261904761905	raw	27
T	52	1	22	0.836136576915	norm	27
G	52	1	19	0.22619047619	raw	27
G	52	1	19	1.2121046892	norm	27
C	52	1	11	0.130952380952	raw	27
C	52	1	11	0.644359145526	norm	27
T	53	1	34	0.404761904762	raw	27
T	53	1	34	1.29221107341	norm	27
C	53	1	20	0.238095238095	raw	27
C	53	1	20	1.17156208277	norm	27
G	53	1	17	0.202380952381	raw	27
G	53	1	17	1.08451472192	norm	27
A	53	1	13	0.154761904762	raw	27
A	53	1	13	0.521207736825	norm	27
C	54	1	25	0.297619047619	raw	27
C	54	1	25	1.46445260347	norm	27
G	54	1	22	0.261904761905	raw	27
G	54	1	22	1.40348964013	norm	27
T	54	1	19	0.22619047619	raw	27
T	54	1	19	0.722117952791	norm	27
A	54	1	18	0.214285714286	raw	27
A	54	1	18	0.721672250989	norm	27
T	55	1	35	0.416666666667	raw	27
T	55	1	35	1.33021728146	norm	27
A	55	1	19	0.22619047619	raw	27
A	55	1	19	0.761765153821	norm	27
G	55	1	18	0.214285714286	raw	27
G	55	1	18	1.14830970556	norm	27
C	55	1	12	0.142857142857	raw	27
C	55	1	12	0.702937249665	norm	27
T	56	1	33	0.392857142857	raw	27
T	56	1	33	1.25420486537	norm	27
A	56	1	27	0.321428571429	raw	27
A	56	1	27	1.08250837648	norm	27
C	56	1	13	0.154761904762	raw	27
C	56	1	13	0.761515353803	norm	27
G	56	1	11	0.130952380952	raw	27
G	56	1	11	0.701744820064	norm	27
A	57	1	35	0.416666666667	raw	27
A	57	1	35	1.40325159914	norm	27
T	57	1	22	0.261904761905	raw	27
T	57	1	22	0.836136576915	norm	27
G	57	1	20	0.238095238095	raw	27
G	57	1	20	1.27589967284	norm	27
C	57	1	7	0.0833333333333	raw	27
C	57	1	7	0.410046728971	norm	27
A	58	1	41	0.488095238095	raw	27
A	58	1	41	1.64380901614	norm	27
G	58	1	21	0.25	raw	27
G	58	1	21	1.33969465649	norm	27
T	58	1	16	0.190476190476	raw	27
T	58	1	16	0.608099328666	norm	27
C	58	1	6	0.0714285714286	raw	27
C	58	1	6	0.351468624832	norm	27
A	59	1	26	0.309523809524	raw	27
A	59	1	26	1.04241547365	norm	27
G	59	1	22	0.261904761905	raw	27
G	59	1	22	1.40348964013	norm	27
T	59	1	19	0.22619047619	raw	27
T	59	1	19	0.722117952791	norm	27
C	59	1	17	0.202380952381	raw	27
C	59	1	17	0.995827770358	norm	27
T	60	1	32	0.380952380952	raw	27
T	60	1	32	1.21619865733	norm	27
A	60	1	28	0.333333333333	raw	27
A	60	1	28	1.12260127932	norm	27
G	60	1	13	0.154761904762	raw	27
G	60	1	13	0.829334787349	norm	27
C	60	1	11	0.130952380952	raw	27
C	60	1	11	0.644359145526	norm	27
T	61	1	30	0.357142857143	raw	27
T	61	1	30	1.14018624125	norm	27
G	61	1	23	0.27380952381	raw	27
G	61	1	23	1.46728462377	norm	27
C	61	1	19	0.22619047619	raw	27
C	61	1	19	1.11298397864	norm	27
A	61	1	12	0.142857142857	raw	27
A	61	1	12	0.481114833993	norm	27
T	62	1	27	0.321428571429	raw	27
T	62	1	27	1.02616761712	norm	27
A	62	1	25	0.297619047619	raw	27
A	62	1	25	1.00232257082	norm	27
C	62	1	19	0.22619047619	raw	27
C	62	1	19	1.11298397864	norm	27
G	62	1	13	0.154761904762	raw	27
G	62	1	13	0.829334787349	norm	27
T	63	1	40	0.47619047619	raw	27
T	63	1	40	1.52024832166	norm	27
C	63	1	16	0.190476190476	raw	27
C	63	1	16	0.937249666219	norm	27
A	63	1	14	0.166666666667	raw	27
A	63	1	14	0.561300639658	norm	27
G	63	1	14	0.166666666667	raw	27
G	63	1	14	0.893129770991	norm	27
A	64	1	37	0.440476190476	raw	27
A	64	1	37	1.48343740481	norm	27
T	64	1	26	0.309523809524	raw	27
T	64	1	26	0.988161409082	norm	27
C	64	1	16	0.190476190476	raw	27
C	64	1	16	0.937249666219	norm	27
G	64	1	5	0.0595238095238	raw	27
G	64	1	5	0.318974918211	norm	27
A	65	1	44	0.52380952381	raw	27
A	65	1	44	1.76408772464	norm	27
T	65	1	32	0.380952380952	raw	27
T	65	1	32	1.21619865733	norm	27
C	65	1	5	0.0595238095238	raw	27
C	65	1	5	0.292890520694	norm	27
G	65	1	3	0.0357142857143	raw	27
G	65	1	3	0.191384950927	norm	27
C	66	1	34	0.404761904762	raw	27
C	66	1	34	1.99165554072	norm	27
A	66	1	24	0.285714285714	raw	27
A	66	1	24	0.962229667985	norm	27
T	66	1	14	0.166666666667	raw	27
T	66	1	14	0.532086912583	norm	27
G	66	1	12	0.142857142857	raw	27
G	66	1	12	0.765539803706	norm	27
G	67	1	35	0.416666666667	raw	27
G	67	1	35	2.23282442748	norm	27
A	67	1	18	0.214285714286	raw	27
A	67	1	18	0.721672250989	norm	27
T	67	1	16	0.190476190476	raw	27
T	67	1	16	0.608099328666	norm	27
C	67	1	15	0.178571428571	raw	27
C	67	1	15	0.878671562081	norm	27
A	68	1	37	0.440476190476	raw	27
A	68	1	37	1.48343740481	norm	27
T	68	1	34	0.404761904762	raw	27
T	68	1	34	1.29221107341	norm	27
G	68	1	8	0.0952380952381	raw	27
G	68	1	8	0.510359869138	norm	27
C	68	1	5	0.0595238095238	raw	27
C	68	1	5	0.292890520694	norm	27
A	69	1	40	0.47619047619	raw	27
A	69	1	40	1.60371611331	norm	27
T	69	1	27	0.321428571429	raw	27
T	69	1	27	1.02616761712	norm	27
G	69	1	9	0.107142857143	raw	27
G	69	1	9	0.57415485278	norm	27
C	69	1	8	0.0952380952381	raw	27
C	69	1	8	0.46862483311	norm	27
A	70	1	28	0.333333333333	raw	27
A	70	1	28	1.12260127932	norm	27
G	70	1	20	0.238095238095	raw	27
G	70	1	20	1.27589967284	norm	27
C	70	1	19	0.22619047619	raw	27
C	70	1	19	1.11298397864	norm	27
T	70	1	17	0.202380952381	raw	27
T	70	1	17	0.646105536707	norm	27
T	71	1	29	0.345238095238	raw	27
T	71	1	29	1.10218003321	norm	27
A	71	1	25	0.297619047619	raw	27
A	71	1	25	1.00232257082	norm	27
C	71	1	22	0.261904761905	raw	27
C	71	1	22	1.28871829105	norm	27
G	71	1	8	0.0952380952381	raw	27
G	71	1	8	0.510359869138	norm	27
T	72	1	46	0.547619047619	raw	27
T	72	1	46	1.74828556991	norm	27
A	72	1	17	0.202380952381	raw	27
A	72	1	17	0.681579348156	norm	27
G	72	1	16	0.190476190476	raw	27
G	72	1	16	1.02071973828	norm	27
C	72	1	5	0.0595238095238	raw	27
C	72	1	5	0.292890520694	norm	27
T	73	1	36	0.428571428571	raw	27
T	73	1	36	1.3682234895	norm	27
C	73	1	20	0.238095238095	raw	27
C	73	1	20	1.17156208277	norm	27
A	73	1	16	0.190476190476	raw	27
A	73	1	16	0.641486445323	norm	27
G	73	1	12	0.142857142857	raw	27
G	73	1	12	0.765539803706	norm	27
T	74	1	35	0.416666666667	raw	27
T	74	1	35	1.33021728146	norm	27
G	74	1	20	0.238095238095	raw	27
G	74	1	20	1.27589967284	norm	27
A	74	1	15	0.178571428571	raw	27
A	74	1	15	0.601393542491	norm	27
C	74	1	14	0.166666666667	raw	27
C	74	1	14	0.820093457942	norm	27
A	75	1	39	0.464285714286	raw	27
A	75	1	39	1.56362321048	norm	27
G	75	1	31	0.369047619048	raw	27
G	75	1	31	1.97764449291	norm	27
C	75	1	9	0.107142857143	raw	27
C	75	1	9	0.527202937248	norm	27
T	75	1	5	0.0595238095238	raw	27
T	75	1	5	0.190031040208	norm	27
C	76	1	26	0.309523809524	raw	27
C	76	1	26	1.52303070761	norm	27
A	76	1	22	0.261904761905	raw	27
A	76	1	22	0.88204386232	norm	27
G	76	1	19	0.22619047619	raw	27
G	76	1	19	1.2121046892	norm	27
T	76	1	17	0.202380952381	raw	27
T	76	1	17	0.646105536707	norm	27
T	77	1	35	0.416666666667	raw	27
T	77	1	35	1.33021728146	norm	27
A	77	1	30	0.357142857143	raw	27
A	77	1	30	1.20278708498	norm	27
C	77	1	11	0.130952380952	raw	27
C	77	1	11	0.644359145526	norm	27
G	77	1	8	0.0952380952381	raw	27
G	77	1	8	0.510359869138	norm	27
T	78	1	32	0.380952380952	raw	27
T	78	1	32	1.21619865733	norm	27
A	78	1	22	0.261904761905	raw	27
A	78	1	22	0.88204386232	norm	27
G	78	1	17	0.202380952381	raw	27
G	78	1	17	1.08451472192	norm	27
C	78	1	13	0.154761904762	raw	27
C	78	1	13	0.761515353803	norm	27
A	79	1	33	0.392857142857	raw	27
A	79	1	33	1.32306579348	norm	27
T	79	1	20	0.238095238095	raw	27
T	79	1	20	0.760124160832	norm	27
G	79	1	16	0.190476190476	raw	27
G	79	1	16	1.02071973828	norm	27
C	79	1	15	0.178571428571	raw	27
C	79	1	15	0.878671562081	norm	27
A	80	1	40	0.47619047619	raw	27
A	80	1	40	1.60371611331	norm	27
G	80	1	21	0.25	raw	27
G	80	1	21	1.33969465649	norm	27
T	80	1	19	0.22619047619	raw	27
T	80	1	19	0.722117952791	norm	27
C	80	1	4	0.047619047619	raw	27
C	80	1	4	0.234312416555	norm	27
A	81	1	35	0.416666666667	raw	27
A	81	1	35	1.40325159914	norm	27
T	81	1	21	0.25	raw	27
T	81	1	21	0.798130368874	norm	27
G	81	1	16	0.190476190476	raw	27
G	81	1	16	1.02071973828	norm	27
C	81	1	12	0.142857142857	raw	27
C	81	1	12	0.702937249665	norm	27
T	82	1	30	0.357142857143	raw	27
T	82	1	30	1.14018624125	norm	27
C	82	1	28	0.333333333333	raw	27
C	82	1	28	1.64018691588	norm	27
A	82	1	14	0.166666666667	raw	27
A	82	1	14	0.561300639658	norm	27
G	82	1	12	0.142857142857	raw	27
G	82	1	12	0.765539803706	norm	27
T	83	1	25	0.297619047619	raw	27
T	83	1	25	0.95015520104	norm	27
C	83	1	24	0.285714285714	raw	27
C	83	1	24	1.40587449933	norm	27
A	83	1	20	0.238095238095	raw	27
A	83	1	20	0.801858056654	norm	27
G	83	1	15	0.178571428571	raw	27
G	83	1	15	0.956924754633	norm	27
A	84	1	38	0.452380952381	raw	27
A	84	1	38	1.52353030764	norm	27
T	84	1	26	0.309523809524	raw	27
T	84	1	26	0.988161409082	norm	27
C	84	1	16	0.190476190476	raw	27
C	84	1	16	0.937249666219	norm	27
G	84	1	4	0.047619047619	raw	27
G	84	1	4	0.255179934569	norm	27
A	85	1	47	0.559523809524	raw	27
A	85	1	47	1.88436643314	norm	27
C	85	1	13	0.154761904762	raw	27
C	85	1	13	0.761515353803	norm	27
T	85	1	13	0.154761904762	raw	27
T	85	1	13	0.494080704541	norm	27
G	85	1	11	0.130952380952	raw	27
G	85	1	11	0.701744820064	norm	27
A	86	1	39	0.464285714286	raw	27
A	86	1	39	1.56362321048	norm	27
T	86	1	22	0.261904761905	raw	27
T	86	1	22	0.836136576915	norm	27
C	86	1	21	0.25	raw	27
C	86	1	21	1.23014018691	norm	27
G	86	1	2	0.0238095238095	raw	27
G	86	1	2	0.127589967284	norm	27
A	87	1	26	0.309523809524	raw	27
A	87	1	26	1.04241547365	norm	27
G	87	1	25	0.297619047619	raw	27
G	87	1	25	1.59487459106	norm	27
T	87	1	20	0.238095238095	raw	27
T	87	1	20	0.760124160832	norm	27
C	87	1	13	0.154761904762	raw	27
C	87	1	13	0.761515353803	norm	27
T	88	1	41	0.488095238095	raw	27
T	88	1	41	1.55825452971	norm	27
A	88	1	24	0.285714285714	raw	27
A	88	1	24	0.962229667985	norm	27
C	88	1	14	0.166666666667	raw	27
C	88	1	14	0.820093457942	norm	27
G	88	1	5	0.0595238095238	raw	27
G	88	1	5	0.318974918211	norm	27
T	89	1	42	0.5	raw	27
T	89	1	42	1.59626073775	norm	27
A	89	1	32	0.380952380952	raw	27
A	89	1	32	1.28297289065	norm	27
C	89	1	6	0.0714285714286	raw	27
C	89	1	6	0.351468624832	norm	27
G	89	1	4	0.047619047619	raw	27
G	89	1	4	0.255179934569	norm	27
A	90	1	37	0.440476190476	raw	27
A	90	1	37	1.48343740481	norm	27
G	90	1	22	0.261904761905	raw	27
G	90	1	22	1.40348964013	norm	27
T	90	1	18	0.214285714286	raw	27
T	90	1	18	0.684111744749	norm	27
C	90	1	7	0.0833333333333	raw	27
C	90	1	7	0.410046728971	norm	27
A	91	1	33	0.392857142857	raw	27
A	91	1	33	1.32306579348	norm	27
T	91	1	29	0.345238095238	raw	27
T	91	1	29	1.10218003321	norm	27
C	91	1	15	0.178571428571	raw	27
C	91	1	15	0.878671562081	norm	27
G	91	1	7	0.0833333333333	raw	27
G	91	1	7	0.446564885495	norm	27
G	92	1	30	0.357142857143	raw	27
G	92	1	30	1.91384950927	norm	27
A	92	1	29	0.345238095238	raw	27
A	92	1	29	1.16269418215	norm	27
C	92	1	18	0.214285714286	raw	27
C	92	1	18	1.0544058745	norm	27
T	92	1	7	0.0833333333333	raw	27
T	92	1	7	0.266043456291	norm	27
T	93	1	35	0.416666666667	raw	27
T	93	1	35	1.33021728146	norm	27
G	93	1	21	0.25	raw	27
G	93	1	21	1.33969465649	norm	27
A	93	1	20	0.238095238095	raw	27
A	93	1	20	0.801858056654	norm	27
C	93	1	8	0.0952380952381	raw	27
C	93	1	8	0.46862483311	norm	27
T	94	1	28	0.333333333333	raw	27
T	94	1	28	1.06417382517	norm	27
G	94	1	25	0.297619047619	raw	27
G	94	1	25	1.59487459106	norm	27
C	94	1	18	0.214285714286	raw	27
C	94	1	18	1.0544058745	norm	27
A	94	1	13	0.154761904762	raw	27
A	94	1	13	0.521207736825	norm	27
T	95	1	41	0.488095238095	raw	27
T	95	1	41	1.55825452971	norm	27
C	95	1	24	0.285714285714	raw	27
C	95	1	24	1.40587449933	norm	27
A	95	1	13	0.154761904762	raw	27
A	95	1	13	0.521207736825	norm	27
G	95	1	6	0.0714285714286	raw	27
G	95	1	6	0.382769901853	norm	27
T	96	1	37	0.440476190476	raw	27
T	96	1	37	1.40622969754	norm	27
A	96	1	24	0.285714285714	raw	27
A	96	1	24	0.962229667985	norm	27
C	96	1	17	0.202380952381	raw	27
C	96	1	17	0.995827770358	norm	27
G	96	1	6	0.0714285714286	raw	27
G	96	1	6	0.382769901853	norm	27
A	97	1	28	0.333333333333	raw	27
A	97	1	28	1.12260127932	norm	27
T	97	1	27	0.321428571429	raw	27
T	97	1	27	1.02616761712	norm	27
G	97	1	16	0.190476190476	raw	27
G	97	1	16	1.02071973828	norm	27
C	97	1	13	0.154761904762	raw	27
C	97	1	13	0.761515353803	norm	27
C	98	1	29	0.345238095238	raw	27
C	98	1	29	1.69876502002	norm	27
A	98	1	24	0.285714285714	raw	27
A	98	1	24	0.962229667985	norm	27
T	98	1	20	0.238095238095	raw	27
T	98	1	20	0.760124160832	norm	27
G	98	1	11	0.130952380952	raw	27
G	98	1	11	0.701744820064	norm	27
A	99	1	41	0.488095238095	raw	27
A	99	1	41	1.64380901614	norm	27
C	99	1	17	0.202380952381	raw	27
C	99	1	17	0.995827770358	norm	27
T	99	1	13	0.154761904762	raw	27
T	99	1	13	0.494080704541	norm	27
G	99	1	13	0.154761904762	raw	27
G	99	1	13	0.829334787349	norm	27
T	100	1	33	0.392857142857	raw	27
T	100	1	33	1.25420486537	norm	27
A	100	1	21	0.25	raw	27
A	100	1	21	0.841950959487	norm	27
C	100	1	15	0.178571428571	raw	27
C	100	1	15	0.878671562081	norm	27
G	100	1	15	0.178571428571	raw	27
G	100	1	15	0.956924754633	norm	27
