#nuc	offset	region.size	count	freq	norm.freq	total.sites
T	-100	1	4325	0.396971087655	raw	4487
T	-100	1	4325	1.28588550934	norm	4487
A	-100	1	3859	0.354199173933	raw	4487
A	-100	1	3859	1.14332071635	norm	4487
C	-100	1	1410	0.129417163837	raw	4487
C	-100	1	1410	0.677955580225	norm	4487
G	-100	1	1301	0.119412574575	raw	4487
G	-100	1	1301	0.626528743509	norm	4487
A	-99	1	4137	0.37971546581	raw	4487
A	-99	1	4137	1.22568484155	norm	4487
T	-99	1	3993	0.366498393759	raw	4487
T	-99	1	3993	1.18717707256	norm	4487
C	-99	1	1430	0.131252868288	raw	4487
C	-99	1	1430	0.687571971434	norm	4487
G	-99	1	1335	0.122533272143	raw	4487
G	-99	1	1335	0.642902284846	norm	4487
A	-98	1	4150	0.380908673704	raw	4487
A	-98	1	4150	1.22953640136	norm	4487
T	-98	1	4113	0.377512620468	raw	4487
T	-98	1	4113	1.22285482079	norm	4487
C	-98	1	1375	0.126204681046	raw	4487
C	-98	1	1375	0.661126895609	norm	4487
G	-98	1	1257	0.115374024782	raw	4487
G	-98	1	1257	0.60533945472	norm	4487
T	-97	1	4083	0.374759063791	raw	4487
T	-97	1	4083	1.21393538373	norm	4487
A	-97	1	4058	0.372464433226	raw	4487
A	-97	1	4058	1.20227920885	norm	4487
C	-97	1	1474	0.135291418082	raw	4487
C	-97	1	1474	0.708728032093	norm	4487
G	-97	1	1280	0.117485084901	raw	4487
G	-97	1	1280	0.61641567386	norm	4487
T	-96	1	4115	0.377696190913	raw	4487
T	-96	1	4115	1.22344944993	norm	4487
A	-96	1	3926	0.360348783846	raw	4487
A	-96	1	3926	1.16317106307	norm	4487
C	-96	1	1564	0.143552088114	raw	4487
C	-96	1	1564	0.752001792533	norm	4487
G	-96	1	1290	0.118402937127	raw	4487
G	-96	1	1290	0.621231421312	norm	4487
A	-95	1	4113	0.377512620468	raw	4487
A	-95	1	4113	1.21857426959	norm	4487
T	-95	1	4098	0.376135842129	raw	4487
T	-95	1	4098	1.21839510226	norm	4487
C	-95	1	1504	0.138044974759	raw	4487
C	-95	1	1504	0.723152618906	norm	4487
G	-95	1	1180	0.108306562643	raw	4487
G	-95	1	1180	0.568258199339	norm	4487
A	-94	1	4080	0.374483708123	raw	4487
A	-94	1	4080	1.20879723315	norm	4487
T	-94	1	4036	0.37044515833	raw	4487
T	-94	1	4036	1.19996159901	norm	4487
C	-94	1	1497	0.137402478201	raw	4487
C	-94	1	1497	0.719786881983	norm	4487
G	-94	1	1282	0.117668655346	raw	4487
G	-94	1	1282	0.61737882335	norm	4487
A	-93	1	4157	0.381551170262	raw	4487
A	-93	1	4157	1.23161031819	norm	4487
T	-93	1	3917	0.359522716843	raw	4487
T	-93	1	3917	1.16458116534	norm	4487
G	-93	1	1425	0.130793942175	raw	4487
G	-93	1	1425	0.686244011914	norm	4487
C	-93	1	1396	0.128132170721	raw	4487
C	-93	1	1396	0.671224106378	norm	4487
T	-92	1	4171	0.383011937557	raw	4487
T	-92	1	4171	1.24066844092	norm	4487
A	-92	1	4122	0.378512396694	raw	4487
A	-92	1	4122	1.22180145067	norm	4487
C	-92	1	1397	0.128282828283	raw	4487
C	-92	1	1397	0.672013330404	norm	4487
G	-92	1	1200	0.110192837466	raw	4487
G	-92	1	1200	0.578155024682	norm	4487
A	-91	1	4191	0.384671867829	raw	4487
A	-91	1	4191	1.24168362846	norm	4487
T	-91	1	4052	0.371913721891	raw	4487
T	-91	1	4052	1.20471863211	norm	4487
C	-91	1	1444	0.132537861404	raw	4487
C	-91	1	1444	0.69430344528	norm	4487
G	-91	1	1208	0.110876548876	raw	4487
G	-91	1	1208	0.581742292205	norm	4487
T	-90	1	4088	0.375217989904	raw	4487
T	-90	1	4088	1.21542195658	norm	4487
A	-90	1	4036	0.37044515833	raw	4487
A	-90	1	4036	1.19576118456	norm	4487
C	-90	1	1449	0.132996787517	raw	4487
C	-90	1	1449	0.696707543082	norm	4487
G	-90	1	1322	0.12134006425	raw	4487
G	-90	1	1322	0.636641813158	norm	4487
T	-89	1	4187	0.384304726939	raw	4487
T	-89	1	4187	1.24485609887	norm	4487
A	-89	1	3968	0.364203763194	raw	4487
A	-89	1	3968	1.175614564	norm	4487
G	-89	1	1487	0.136484625975	raw	4487
G	-89	1	1487	0.716101646117	norm	4487
C	-89	1	1253	0.115006883892	raw	4487
C	-89	1	1253	0.602466909235	norm	4487
A	-88	1	4045	0.371271225333	raw	4487
A	-88	1	4045	1.19842764904	norm	4487
T	-88	1	4044	0.37117944011	raw	4487
T	-88	1	4044	1.20234011556	norm	4487
C	-88	1	1500	0.137677833869	raw	4487
C	-88	1	1500	0.721229340665	norm	4487
G	-88	1	1306	0.119871500688	raw	4487
G	-88	1	1306	0.628936617235	norm	4487
T	-87	1	4068	0.373382285452	raw	4487
T	-87	1	4068	1.2094756652	norm	4487
A	-87	1	4015	0.368517668655	raw	4487
A	-87	1	4015	1.18953943409	norm	4487
C	-87	1	1460	0.134006424966	raw	4487
C	-87	1	1460	0.701996558247	norm	4487
G	-87	1	1352	0.124093620927	raw	4487
G	-87	1	1352	0.651089055514	norm	4487
T	-86	1	4263	0.391280403855	raw	4487
T	-86	1	4263	1.26745200609	norm	4487
A	-86	1	4125	0.378614043139	raw	4487
A	-86	1	4125	1.22212955557	norm	4487
C	-86	1	1258	0.115465810005	raw	4487
C	-86	1	1258	0.604871007037	norm	4487
G	-86	1	1249	0.114639743001	raw	4487
G	-86	1	1249	0.601486856758	norm	4487
T	-85	1	4184	0.384029371271	raw	4487
T	-85	1	4184	1.24396415517	norm	4487
A	-85	1	4072	0.373749426342	raw	4487
A	-85	1	4072	1.2064270425	norm	4487
C	-85	1	1407	0.129141808169	raw	4487
C	-85	1	1407	0.676513121543	norm	4487
G	-85	1	1232	0.113079394218	raw	4487
G	-85	1	1232	0.59330008609	norm	4487
T	-84	1	4001	0.367232675539	raw	4487
T	-84	1	4001	1.18955558911	norm	4487
A	-84	1	3961	0.363561266636	raw	4487
A	-84	1	3961	1.17354064718	norm	4487
C	-84	1	1509	0.138503900872	raw	4487
C	-84	1	1509	0.725556716709	norm	4487
G	-84	1	1424	0.130702156953	raw	4487
G	-84	1	1424	0.685762437169	norm	4487
T	-83	1	4272	0.392106470858	raw	4487
T	-83	1	4272	1.2701278372	norm	4487
A	-83	1	3824	0.350986691143	raw	4487
A	-83	1	3824	1.13295113224	norm	4487
G	-83	1	1403	0.128774667279	raw	4487
G	-83	1	1403	0.67564936752	norm	4487
C	-83	1	1396	0.128132170721	raw	4487
C	-83	1	1396	0.671224106378	norm	4487
T	-82	1	4366	0.400734281781	raw	4487
T	-82	1	4366	1.29807540666	norm	4487
A	-82	1	3833	0.351812758146	raw	4487
A	-82	1	3833	1.13561759673	norm	4487
C	-82	1	1418	0.130151445617	raw	4487
C	-82	1	1418	0.681802136708	norm	4487
G	-82	1	1278	0.117301514456	raw	4487
G	-82	1	1278	0.615452524369	norm	4487
T	-81	1	4117	0.377879761358	raw	4487
T	-81	1	4117	1.22404407907	norm	4487
A	-81	1	3868	0.355025240936	raw	4487
A	-81	1	3868	1.14598718084	norm	4487
G	-81	1	1458	0.13382285452	raw	4487
G	-81	1	1458	0.702135978506	norm	4487
C	-81	1	1452	0.133272143185	raw	4487
C	-81	1	1452	0.698150001763	norm	4487
T	-80	1	4103	0.376594768242	raw	4487
T	-80	1	4103	1.21988167511	norm	4487
A	-80	1	4050	0.371730151446	raw	4487
A	-80	1	4050	1.1999090182	norm	4487
G	-80	1	1403	0.128774667279	raw	4487
G	-80	1	1403	0.67564936752	norm	4487
C	-80	1	1339	0.122900413034	raw	4487
C	-80	1	1339	0.643817391433	norm	4487
A	-79	1	4072	0.373886695437	raw	4487
A	-79	1	4072	1.20687013387	norm	4487
T	-79	1	3985	0.36589844826	raw	4487
T	-79	1	3985	1.18523370376	norm	4487
C	-79	1	1486	0.136442934533	raw	4487
C	-79	1	1486	0.714760284546	norm	4487
G	-79	1	1348	0.12377192177	raw	4487
G	-79	1	1348	0.64940117826	norm	4487
T	-78	1	4170	0.382744378155	raw	4487
T	-78	1	4170	1.2398017512	norm	4487
A	-78	1	3945	0.362092703075	raw	4487
A	-78	1	3945	1.16880026588	norm	4487
G	-78	1	1461	0.134098210188	raw	4487
G	-78	1	1461	0.703580702741	norm	4487
C	-78	1	1319	0.121064708582	raw	4487
C	-78	1	1319	0.634201000224	norm	4487
A	-77	1	4098	0.376135842129	raw	4487
A	-77	1	4098	1.21413016212	norm	4487
T	-77	1	4025	0.369435520881	raw	4487
T	-77	1	4025	1.19669113875	norm	4487
C	-77	1	1436	0.131803579624	raw	4487
C	-77	1	1436	0.690456888796	norm	4487
G	-77	1	1336	0.122625057366	raw	4487
G	-77	1	1336	0.643383859591	norm	4487
T	-76	1	4228	0.388067921065	raw	4487
T	-76	1	4228	1.25704599619	norm	4487
A	-76	1	3989	0.366131252868	raw	4487
A	-76	1	3989	1.18183631447	norm	4487
G	-76	1	1394	0.127948600275	raw	4487
G	-76	1	1394	0.671315194813	norm	4487
C	-76	1	1284	0.117852225792	raw	4487
C	-76	1	1284	0.617372315609	norm	4487
T	-75	1	4116	0.377787976136	raw	4487
T	-75	1	4116	1.2237467645	norm	4487
A	-75	1	4051	0.371821936668	raw	4487
A	-75	1	4051	1.20020529203	norm	4487
G	-75	1	1367	0.125470399266	raw	4487
G	-75	1	1367	0.658312676692	norm	4487
C	-75	1	1361	0.12491968793	raw	4487
C	-75	1	1361	0.654395421763	norm	4487
T	-74	1	4207	0.386140431391	raw	4487
T	-74	1	4207	1.25080239024	norm	4487
A	-74	1	3925	0.360256998623	raw	4487
A	-74	1	3925	1.16287478924	norm	4487
G	-74	1	1386	0.127214318495	raw	4487
G	-74	1	1386	0.667462596851	norm	4487
C	-74	1	1377	0.126388251492	raw	4487
C	-74	1	1377	0.66208853473	norm	4487
T	-73	1	3999	0.367049105094	raw	4487
T	-73	1	3999	1.18896095997	norm	4487
A	-73	1	3994	0.366590178981	raw	4487
A	-73	1	3994	1.18331768363	norm	4487
G	-73	1	1541	0.141441027994	raw	4487
G	-73	1	1541	0.742106682358	norm	4487
C	-73	1	1361	0.12491968793	raw	4487
C	-73	1	1361	0.654395421763	norm	4487
T	-72	1	4157	0.381551170262	raw	4487
T	-72	1	4157	1.23593666181	norm	4487
A	-72	1	3934	0.361083065626	raw	4487
A	-72	1	3934	1.16554125373	norm	4487
G	-72	1	1437	0.131895364846	raw	4487
G	-72	1	1437	0.692022908857	norm	4487
C	-72	1	1367	0.125470399266	raw	4487
C	-72	1	1367	0.657280339126	norm	4487
A	-71	1	4074	0.373932996788	raw	4487
A	-71	1	4074	1.20701959016	norm	4487
T	-71	1	3953	0.362826984855	raw	4487
T	-71	1	3953	1.17528448981	norm	4487
C	-71	1	1488	0.136576411198	raw	4487
C	-71	1	1488	0.715459505939	norm	4487
G	-71	1	1380	0.126663607159	raw	4487
G	-71	1	1380	0.66457314838	norm	4487
A	-70	1	4223	0.387608994952	raw	4487
A	-70	1	4223	1.25116439107	norm	4487
T	-70	1	4103	0.376594768242	raw	4487
T	-70	1	4103	1.21988167511	norm	4487
C	-70	1	1424	0.130702156953	raw	4487
C	-70	1	1424	0.684687054071	norm	4487
G	-70	1	1145	0.105094079853	raw	4487
G	-70	1	1145	0.551403083257	norm	4487
T	-69	1	4107	0.376961909133	raw	4487
T	-69	1	4107	1.22107093338	norm	4487
A	-69	1	3962	0.363653051859	raw	4487
A	-69	1	3962	1.17383692101	norm	4487
C	-69	1	1417	0.130059660395	raw	4487
C	-69	1	1417	0.681321317148	norm	4487
G	-69	1	1409	0.129325378614	raw	4487
G	-69	1	1409	0.678538815991	norm	4487
T	-68	1	4059	0.372556218449	raw	4487
T	-68	1	4059	1.20679983409	norm	4487
A	-68	1	3988	0.366039467646	raw	4487
A	-68	1	3988	1.18154004064	norm	4487
C	-68	1	1521	0.139605323543	raw	4487
C	-68	1	1521	0.731326551434	norm	4487
G	-68	1	1327	0.121798990363	raw	4487
G	-68	1	1327	0.639049686884	norm	4487
T	-67	1	4008	0.367875172097	raw	4487
T	-67	1	4008	1.19163679109	norm	4487
A	-67	1	3934	0.361083065626	raw	4487
A	-67	1	3934	1.16554125373	norm	4487
C	-67	1	1491	0.136851766866	raw	4487
C	-67	1	1491	0.716901964621	norm	4487
G	-67	1	1462	0.134189995411	raw	4487
G	-67	1	1462	0.704062277487	norm	4487
A	-66	1	4029	0.369802661771	raw	4487
A	-66	1	4029	1.19368726773	norm	4487
T	-66	1	3971	0.364479118862	raw	4487
T	-66	1	3971	1.18063615205	norm	4487
G	-66	1	1457	0.133731069298	raw	4487
G	-66	1	1457	0.701654403761	norm	4487
C	-66	1	1438	0.131987150069	raw	4487
C	-66	1	1438	0.691418527917	norm	4487
T	-65	1	4067	0.373290500229	raw	4487
T	-65	1	4067	1.20917835063	norm	4487
A	-65	1	4034	0.370261587884	raw	4487
A	-65	1	4034	1.19516863689	norm	4487
G	-65	1	1476	0.135474988527	raw	4487
G	-65	1	1476	0.710804323919	norm	4487
C	-65	1	1318	0.120972923359	raw	4487
C	-65	1	1318	0.633720180664	norm	4487
A	-64	1	4239	0.389077558513	raw	4487
A	-64	1	4239	1.25590477238	norm	4487
T	-64	1	4025	0.369435520881	raw	4487
T	-64	1	4025	1.19669113875	norm	4487
C	-64	1	1416	0.129967875172	raw	4487
C	-64	1	1416	0.680840497587	norm	4487
G	-64	1	1215	0.111519045434	raw	4487
G	-64	1	1215	0.585113315422	norm	4487
T	-63	1	4197	0.385222579165	raw	4487
T	-63	1	4197	1.24782924456	norm	4487
A	-63	1	3852	0.353556677375	raw	4487
A	-63	1	3852	1.14124679953	norm	4487
C	-63	1	1504	0.138044974759	raw	4487
C	-63	1	1504	0.723152618906	norm	4487
G	-63	1	1342	0.123175768701	raw	4487
G	-63	1	1342	0.646273308062	norm	4487
T	-62	1	4192	0.384763653052	raw	4487
T	-62	1	4192	1.24634267171	norm	4487
A	-62	1	3942	0.361817347407	raw	4487
A	-62	1	3942	1.16791144438	norm	4487
C	-62	1	1419	0.13024323084	raw	4487
C	-62	1	1419	0.682282956269	norm	4487
G	-62	1	1342	0.123175768701	raw	4487
G	-62	1	1342	0.646273308062	norm	4487
A	-61	1	4089	0.375309775126	raw	4487
A	-61	1	4089	1.21146369763	norm	4487
T	-61	1	4011	0.368150527765	raw	4487
T	-61	1	4011	1.19252873479	norm	4487
C	-61	1	1457	0.133731069298	raw	4487
C	-61	1	1457	0.700554099566	norm	4487
G	-61	1	1338	0.122808627811	raw	4487
G	-61	1	1338	0.644347009081	norm	4487
T	-60	1	4135	0.379531895365	raw	4487
T	-60	1	4135	1.2293957413	norm	4487
A	-60	1	3827	0.35126204681	raw	4487
A	-60	1	3827	1.13383995374	norm	4487
C	-60	1	1504	0.138044974759	raw	4487
C	-60	1	1504	0.723152618906	norm	4487
G	-60	1	1429	0.131161083066	raw	4487
G	-60	1	1429	0.688170310895	norm	4487
T	-59	1	4123	0.378430472694	raw	4487
T	-59	1	4123	1.22582796648	norm	4487
A	-59	1	4115	0.377696190913	raw	4487
A	-59	1	4115	1.21916681726	norm	4487
G	-59	1	1339	0.122900413034	raw	4487
G	-59	1	1339	0.644828583827	norm	4487
C	-59	1	1318	0.120972923359	raw	4487
C	-59	1	1318	0.633720180664	norm	4487
T	-58	1	4247	0.389811840294	raw	4487
T	-58	1	4247	1.26269497299	norm	4487
A	-58	1	3761	0.34520422212	raw	4487
A	-58	1	3761	1.11428588085	norm	4487
C	-58	1	1460	0.134006424966	raw	4487
C	-58	1	1460	0.701996558247	norm	4487
G	-58	1	1427	0.13097751262	raw	4487
G	-58	1	1427	0.687207161405	norm	4487
T	-57	1	4134	0.379440110142	raw	4487
T	-57	1	4134	1.22909842673	norm	4487
A	-57	1	3870	0.355208811381	raw	4487
A	-57	1	3870	1.1465797285	norm	4487
G	-57	1	1448	0.132905002295	raw	4487
G	-57	1	1448	0.697320231054	norm	4487
C	-57	1	1443	0.132446076182	raw	4487
C	-57	1	1443	0.693822625719	norm	4487
T	-56	1	4105	0.376778338687	raw	4487
T	-56	1	4105	1.22047630424	norm	4487
A	-56	1	4015	0.368517668655	raw	4487
A	-56	1	4015	1.18953943409	norm	4487
C	-56	1	1477	0.135566773749	raw	4487
C	-56	1	1477	0.710170490774	norm	4487
G	-56	1	1298	0.119137218908	raw	4487
G	-56	1	1298	0.625084019273	norm	4487
T	-55	1	4022	0.369160165213	raw	4487
T	-55	1	4022	1.19579919505	norm	4487
A	-55	1	3991	0.366314823313	raw	4487
A	-55	1	3991	1.18242886213	norm	4487
C	-55	1	1503	0.137953189536	raw	4487
C	-55	1	1503	0.722671799346	norm	4487
G	-55	1	1379	0.126571821937	raw	4487
G	-55	1	1379	0.664091573635	norm	4487
T	-54	1	3988	0.366039467646	raw	4487
T	-54	1	3988	1.18569049971	norm	4487
A	-54	1	3844	0.352822395594	raw	4487
A	-54	1	3844	1.13887660888	norm	4487
G	-54	1	1552	0.142450665443	raw	4487
G	-54	1	1552	0.747404004555	norm	4487
C	-54	1	1511	0.138687471317	raw	4487
C	-54	1	1511	0.726518355829	norm	4487
T	-53	1	4174	0.383111519045	raw	4487
T	-53	1	4174	1.24099100948	norm	4487
A	-53	1	3938	0.361450206517	raw	4487
A	-53	1	3938	1.16672634905	norm	4487
G	-53	1	1461	0.134098210188	raw	4487
G	-53	1	1461	0.703580702741	norm	4487
C	-53	1	1322	0.12134006425	raw	4487
C	-53	1	1322	0.635643458906	norm	4487
A	-52	1	4097	0.376044056907	raw	4487
A	-52	1	4097	1.21383388829	norm	4487
T	-52	1	4068	0.373382285452	raw	4487
T	-52	1	4068	1.2094756652	norm	4487
C	-52	1	1427	0.13097751262	raw	4487
C	-52	1	1427	0.686129512752	norm	4487
G	-52	1	1303	0.119596145021	raw	4487
G	-52	1	1303	0.627491892999	norm	4487
A	-51	1	4033	0.370169802662	raw	4487
A	-51	1	4033	1.19487236306	norm	4487
T	-51	1	3937	0.361358421294	raw	4487
T	-51	1	3937	1.17052745671	norm	4487
G	-51	1	1488	0.136576411198	raw	4487
G	-51	1	1488	0.716583220862	norm	4487
C	-51	1	1437	0.131895364846	raw	4487
C	-51	1	1437	0.690937708357	norm	4487
A	-50	1	4055	0.372189077559	raw	4487
A	-50	1	4055	1.20139038736	norm	4487
T	-50	1	3994	0.366590178981	raw	4487
T	-50	1	3994	1.18747438712	norm	4487
C	-50	1	1490	0.136759981643	raw	4487
C	-50	1	1490	0.71642114506	norm	4487
G	-50	1	1356	0.124460761817	raw	4487
G	-50	1	1356	0.653015354495	norm	4487
T	-49	1	4067	0.373290500229	raw	4487
T	-49	1	4067	1.20917835063	norm	4487
A	-49	1	3950	0.362551629188	raw	4487
A	-49	1	3950	1.17028163503	norm	4487
C	-49	1	1488	0.136576411198	raw	4487
C	-49	1	1488	0.715459505939	norm	4487
G	-49	1	1390	0.127581459385	raw	4487
G	-49	1	1390	0.669388895832	norm	4487
T	-48	1	3962	0.363653051859	raw	4487
T	-48	1	3962	1.17796032093	norm	4487
A	-48	1	3936	0.361266636072	raw	4487
A	-48	1	3936	1.16613380139	norm	4487
C	-48	1	1556	0.142817806333	raw	4487
C	-48	1	1556	0.748155236049	norm	4487
G	-48	1	1441	0.132262505737	raw	4487
G	-48	1	1441	0.693949207837	norm	4487
T	-47	1	4175	0.383203304268	raw	4487
T	-47	1	4175	1.24128832405	norm	4487
A	-47	1	4035	0.370353373107	raw	4487
A	-47	1	4035	1.19546491072	norm	4487
G	-47	1	1417	0.130059660395	raw	4487
G	-47	1	1417	0.682391413952	norm	4487
C	-47	1	1268	0.11638366223	raw	4487
C	-47	1	1268	0.609679202642	norm	4487
T	-46	1	4173	0.383019733823	raw	4487
T	-46	1	4173	1.24069369491	norm	4487
A	-46	1	3682	0.337953189536	raw	4487
A	-46	1	3682	1.09088024815	norm	4487
C	-46	1	1625	0.149150986691	raw	4487
C	-46	1	1625	0.78133178572	norm	4487
G	-46	1	1415	0.12987608995	raw	4487
G	-46	1	1415	0.681428264462	norm	4487
A	-45	1	4049	0.371638366223	raw	4487
A	-45	1	4049	1.19961274437	norm	4487
T	-45	1	3953	0.362826984855	raw	4487
T	-45	1	3953	1.17528448981	norm	4487
C	-45	1	1447	0.132813217072	raw	4487
C	-45	1	1447	0.695745903961	norm	4487
G	-45	1	1446	0.132721431849	raw	4487
G	-45	1	1446	0.696357081563	norm	4487
T	-44	1	4177	0.383386874713	raw	4487
T	-44	1	4177	1.24188295318	norm	4487
A	-44	1	3981	0.365396971088	raw	4487
A	-44	1	3981	1.17946612381	norm	4487
C	-44	1	1401	0.128591096833	raw	4487
C	-44	1	1401	0.673628204181	norm	4487
G	-44	1	1336	0.122625057366	raw	4487
G	-44	1	1336	0.643383859591	norm	4487
A	-43	1	4024	0.369343735659	raw	4487
A	-43	1	4024	1.19220589858	norm	4487
T	-43	1	3978	0.36512161542	raw	4487
T	-43	1	3978	1.18271735403	norm	4487
G	-43	1	1500	0.137677833869	raw	4487
G	-43	1	1500	0.722362117804	norm	4487
C	-43	1	1393	0.127856815053	raw	4487
C	-43	1	1393	0.669781647697	norm	4487
T	-42	1	3960	0.363469481413	raw	4487
T	-42	1	3960	1.17736569179	norm	4487
A	-42	1	3906	0.358513079394	raw	4487
A	-42	1	3906	1.15724558644	norm	4487
C	-42	1	1600	0.146856356127	raw	4487
C	-42	1	1600	0.769311296709	norm	4487
G	-42	1	1429	0.131161083066	raw	4487
G	-42	1	1429	0.688170310895	norm	4487
T	-41	1	4197	0.385222579165	raw	4487
T	-41	1	4197	1.24782924456	norm	4487
A	-41	1	3824	0.350986691143	raw	4487
A	-41	1	3824	1.13295113224	norm	4487
C	-41	1	1447	0.132813217072	raw	4487
C	-41	1	1447	0.695745903961	norm	4487
G	-41	1	1427	0.13097751262	raw	4487
G	-41	1	1427	0.687207161405	norm	4487
A	-40	1	3991	0.366314823313	raw	4487
A	-40	1	3991	1.18242886213	norm	4487
T	-40	1	3908	0.358696649839	raw	4487
T	-40	1	3908	1.16190533422	norm	4487
C	-40	1	1519	0.139421753098	raw	4487
C	-40	1	1519	0.730364912313	norm	4487
G	-40	1	1477	0.135566773749	raw	4487
G	-40	1	1477	0.711285898665	norm	4487
A	-39	1	3993	0.366498393759	raw	4487
A	-39	1	3993	1.18302140979	norm	4487
T	-39	1	3936	0.361266636072	raw	4487
T	-39	1	3936	1.17023014214	norm	4487
G	-39	1	1590	0.145938503901	raw	4487
G	-39	1	1590	0.765703844873	norm	4487
C	-39	1	1376	0.126296466269	raw	4487
C	-39	1	1376	0.66160771517	norm	4487
T	-38	1	4022	0.369160165213	raw	4487
T	-38	1	4022	1.19579919505	norm	4487
A	-38	1	3875	0.355667737494	raw	4487
A	-38	1	3875	1.14806109766	norm	4487
G	-38	1	1595	0.146397430014	raw	4487
G	-38	1	1595	0.768111718599	norm	4487
C	-38	1	1403	0.128774667279	raw	4487
C	-38	1	1403	0.674589843302	norm	4487
T	-37	1	4037	0.370536943552	raw	4487
T	-37	1	4037	1.20025891358	norm	4487
A	-37	1	3746	0.343827443782	raw	4487
A	-37	1	3746	1.10984177338	norm	4487
C	-37	1	1612	0.147957778798	raw	4487
C	-37	1	1612	0.775081131434	norm	4487
G	-37	1	1500	0.137677833869	raw	4487
G	-37	1	1500	0.722362117804	norm	4487
T	-36	1	3969	0.364295548417	raw	4487
T	-36	1	3969	1.18004152291	norm	4487
A	-36	1	3866	0.354841670491	raw	4487
A	-36	1	3866	1.14539463317	norm	4487
G	-36	1	1636	0.15016062414	raw	4487
G	-36	1	1636	0.787856283152	norm	4487
C	-36	1	1424	0.130702156953	raw	4487
C	-36	1	1424	0.684687054071	norm	4487
A	-35	1	4023	0.369251950436	raw	4487
A	-35	1	4023	1.19190962474	norm	4487
T	-35	1	3927	0.360440569068	raw	4487
T	-35	1	3927	1.16755431103	norm	4487
G	-35	1	1557	0.142909591556	raw	4487
G	-35	1	1557	0.749811878281	norm	4487
C	-35	1	1388	0.12739788894	raw	4487
C	-35	1	1388	0.667377549895	norm	4487
A	-34	1	4002	0.367324460762	raw	4487
A	-34	1	4002	1.18568787428	norm	4487
T	-34	1	3874	0.355575952272	raw	4487
T	-34	1	3874	1.15179663889	norm	4487
C	-34	1	1601	0.146948141349	raw	4487
C	-34	1	1601	0.769792116269	norm	4487
G	-34	1	1418	0.130151445617	raw	4487
G	-34	1	1418	0.682872988698	norm	4487
T	-33	1	3879	0.356034878385	raw	4487
T	-33	1	3879	1.15328321173	norm	4487
A	-33	1	3808	0.349518127581	raw	4487
A	-33	1	3808	1.12821075094	norm	4487
G	-33	1	1775	0.162918770078	raw	4487
G	-33	1	1775	0.854795172735	norm	4487
C	-33	1	1433	0.131528223956	raw	4487
C	-33	1	1433	0.689014430115	norm	4487
T	-32	1	3933	0.360991280404	raw	4487
T	-32	1	3933	1.16933819844	norm	4487
A	-32	1	3906	0.358513079394	raw	4487
A	-32	1	3906	1.15724558644	norm	4487
G	-32	1	1632	0.149793483249	raw	4487
G	-32	1	1632	0.785929984171	norm	4487
C	-32	1	1424	0.130702156953	raw	4487
C	-32	1	1424	0.684687054071	norm	4487
A	-31	1	4012	0.368242312988	raw	4487
A	-31	1	4012	1.1886506126	norm	4487
T	-31	1	3847	0.353097751262	raw	4487
T	-31	1	3847	1.14376914554	norm	4487
C	-31	1	1604	0.147223497017	raw	4487
C	-31	1	1604	0.771234574951	norm	4487
G	-31	1	1432	0.131436438733	raw	4487
G	-31	1	1432	0.689615035131	norm	4487
A	-30	1	3885	0.35658558972	raw	4487
A	-30	1	3885	1.15102383598	norm	4487
T	-30	1	3850	0.35337310693	raw	4487
T	-30	1	3850	1.14466108924	norm	4487
C	-30	1	1601	0.146948141349	raw	4487
C	-30	1	1601	0.769792116269	norm	4487
G	-30	1	1559	0.143093162001	raw	4487
G	-30	1	1559	0.750775027771	norm	4487
T	-29	1	4056	0.372280862781	raw	4487
T	-29	1	4056	1.20590789038	norm	4487
A	-29	1	3953	0.362826984855	raw	4487
A	-29	1	3953	1.17117045653	norm	4487
G	-29	1	1454	0.13345571363	raw	4487
G	-29	1	1454	0.700209679525	norm	4487
C	-29	1	1432	0.131436438733	raw	4487
C	-29	1	1432	0.688533610554	norm	4487
A	-28	1	4126	0.378705828362	raw	4487
A	-28	1	4126	1.2224258294	norm	4487
T	-28	1	3829	0.351445617256	raw	4487
T	-28	1	3829	1.1384174833	norm	4487
G	-28	1	1484	0.136209270307	raw	4487
G	-28	1	1484	0.714656921881	norm	4487
C	-28	1	1456	0.133639284075	raw	4487
C	-28	1	1456	0.700073280005	norm	4487
A	-27	1	4024	0.369343735659	raw	4487
A	-27	1	4024	1.19220589858	norm	4487
T	-27	1	3734	0.342726021111	raw	4487
T	-27	1	3734	1.11017259928	norm	4487
C	-27	1	1572	0.144286369894	raw	4487
C	-27	1	1572	0.755848349016	norm	4487
G	-27	1	1565	0.143643873336	raw	4487
G	-27	1	1565	0.753664476243	norm	4487
T	-26	1	3951	0.36264341441	raw	4487
T	-26	1	3951	1.17468986067	norm	4487
A	-26	1	3886	0.356677374943	raw	4487
A	-26	1	3886	1.15132010981	norm	4487
C	-26	1	1572	0.144286369894	raw	4487
C	-26	1	1572	0.755848349016	norm	4487
G	-26	1	1486	0.136392840753	raw	4487
G	-26	1	1486	0.715620071371	norm	4487
A	-25	1	3963	0.363744837081	raw	4487
A	-25	1	3963	1.17413319484	norm	4487
T	-25	1	3872	0.355392381827	raw	4487
T	-25	1	3872	1.15120200975	norm	4487
C	-25	1	1537	0.141073887104	raw	4487
C	-25	1	1537	0.739019664401	norm	4487
G	-25	1	1523	0.139788893988	raw	4487
G	-25	1	1523	0.733438336944	norm	4487
A	-24	1	3876	0.355759522717	raw	4487
A	-24	1	3876	1.14835737149	norm	4487
T	-24	1	3794	0.348233134465	raw	4487
T	-24	1	3794	1.1280114734	norm	4487
C	-24	1	1664	0.152730610372	raw	4487
C	-24	1	1664	0.800083748577	norm	4487
G	-24	1	1561	0.143276732446	raw	4487
G	-24	1	1561	0.751738177262	norm	4487
T	-23	1	3884	0.356493804497	raw	4487
T	-23	1	3884	1.15476978457	norm	4487
A	-23	1	3868	0.355025240936	raw	4487
A	-23	1	3868	1.14598718084	norm	4487
C	-23	1	1597	0.146581000459	raw	4487
C	-23	1	1597	0.767868838028	norm	4487
G	-23	1	1546	0.141899954107	raw	4487
G	-23	1	1546	0.744514556084	norm	4487
T	-22	1	3886	0.356677374943	raw	4487
T	-22	1	3886	1.15536441371	norm	4487
A	-22	1	3777	0.346672785682	raw	4487
A	-22	1	3777	1.11902626216	norm	4487
C	-22	1	1705	0.156493804497	raw	4487
C	-22	1	1705	0.819797350555	norm	4487
G	-22	1	1527	0.140156034878	raw	4487
G	-22	1	1527	0.735364635925	norm	4487
T	-21	1	3960	0.363469481413	raw	4487
T	-21	1	3960	1.17736569179	norm	4487
A	-21	1	3617	0.331987150069	raw	4487
A	-21	1	3617	1.07162244909	norm	4487
C	-21	1	1780	0.163377696191	raw	4487
C	-21	1	1780	0.855858817589	norm	4487
G	-21	1	1538	0.141165672327	raw	4487
G	-21	1	1538	0.740661958122	norm	4487
A	-20	1	3939	0.361541991739	raw	4487
A	-20	1	3939	1.16702262289	norm	4487
T	-20	1	3765	0.345571363011	raw	4487
T	-20	1	3765	1.11938935091	norm	4487
C	-20	1	1657	0.152088113814	raw	4487
C	-20	1	1657	0.796718011654	norm	4487
G	-20	1	1534	0.140798531436	raw	4487
G	-20	1	1534	0.738735659141	norm	4487
A	-19	1	3875	0.355667737494	raw	4487
A	-19	1	3875	1.14806109766	norm	4487
T	-19	1	3796	0.348416704911	raw	4487
T	-19	1	3796	1.12860610254	norm	4487
C	-19	1	1623	0.148967416246	raw	4487
C	-19	1	1623	0.780370146599	norm	4487
G	-19	1	1601	0.146948141349	raw	4487
G	-19	1	1601	0.77100116707	norm	4487
T	-18	1	3874	0.355575952272	raw	4487
T	-18	1	3874	1.15179663889	norm	4487
A	-18	1	3852	0.353556677375	raw	4487
A	-18	1	3852	1.14124679953	norm	4487
C	-18	1	1612	0.147957778798	raw	4487
C	-18	1	1612	0.775081131434	norm	4487
G	-18	1	1557	0.142909591556	raw	4487
G	-18	1	1557	0.749811878281	norm	4487
A	-17	1	3870	0.355208811381	raw	4487
A	-17	1	3870	1.1465797285	norm	4487
T	-17	1	3868	0.355025240936	raw	4487
T	-17	1	3868	1.15001275148	norm	4487
C	-17	1	1633	0.149885268472	raw	4487
C	-17	1	1633	0.785178342203	norm	4487
G	-17	1	1524	0.139880679211	raw	4487
G	-17	1	1524	0.733919911689	norm	4487
T	-16	1	3807	0.349426342359	raw	4487
T	-16	1	3807	1.13187656279	norm	4487
A	-16	1	3703	0.339880679211	raw	4487
A	-16	1	3703	1.09710199861	norm	4487
C	-16	1	1783	0.163653051859	raw	4487
C	-16	1	1783	0.85730127627	norm	4487
G	-16	1	1602	0.147039926572	raw	4487
G	-16	1	1602	0.771482741815	norm	4487
A	-15	1	3813	0.349977053694	raw	4487
A	-15	1	3813	1.1296921201	norm	4487
T	-15	1	3666	0.336484625975	raw	4487
T	-15	1	3666	1.08995520861	norm	4487
C	-15	1	1713	0.157228086278	raw	4487
C	-15	1	1713	0.823643907039	norm	4487
G	-15	1	1703	0.156310234052	raw	4487
G	-15	1	1703	0.820121791081	norm	4487
A	-14	1	3827	0.35126204681	raw	4487
A	-14	1	3827	1.13383995374	norm	4487
T	-14	1	3769	0.345938503901	raw	4487
T	-14	1	3769	1.12057860918	norm	4487
C	-14	1	1722	0.158054153281	raw	4487
C	-14	1	1722	0.827971283083	norm	4487
G	-14	1	1577	0.144745296007	raw	4487
G	-14	1	1577	0.759443373185	norm	4487
A	-13	1	3928	0.360532354291	raw	4487
A	-13	1	3928	1.16376361074	norm	4487
T	-13	1	3605	0.330885727398	raw	4487
T	-13	1	3605	1.07181901993	norm	4487
C	-13	1	1735	0.159247361175	raw	4487
C	-13	1	1735	0.834221937369	norm	4487
G	-13	1	1627	0.149334557136	raw	4487
G	-13	1	1627	0.783522110445	norm	4487
T	-12	1	3823	0.35089490592	raw	4487
T	-12	1	3823	1.13663359589	norm	4487
A	-12	1	3529	0.323910050482	raw	4487
A	-12	1	3529	1.04555035191	norm	4487
C	-12	1	1815	0.166590178981	raw	4487
C	-12	1	1815	0.872687502204	norm	4487
G	-12	1	1728	0.158604864617	raw	4487
G	-12	1	1728	0.832161159711	norm	4487
A	-11	1	3889	0.35695273061	raw	4487
A	-11	1	3889	1.1522089313	norm	4487
T	-11	1	3771	0.346122074346	raw	4487
T	-11	1	3771	1.12117323832	norm	4487
C	-11	1	1664	0.152730610372	raw	4487
C	-11	1	1664	0.800083748577	norm	4487
G	-11	1	1571	0.144194584672	raw	4487
G	-11	1	1571	0.756553924714	norm	4487
T	-10	1	3824	0.350986691143	raw	4487
T	-10	1	3824	1.13693091046	norm	4487
A	-10	1	3747	0.343919229004	raw	4487
A	-10	1	3747	1.11013804721	norm	4487
C	-10	1	1695	0.155575952272	raw	4487
C	-10	1	1695	0.814989154951	norm	4487
G	-10	1	1629	0.149518127581	raw	4487
G	-10	1	1629	0.784485259936	norm	4487
T	-9	1	3818	0.350435979807	raw	4487
T	-9	1	3818	1.13514702305	norm	4487
A	-9	1	3744	0.343643873336	raw	4487
A	-9	1	3744	1.10924922571	norm	4487
C	-9	1	1696	0.155667737494	raw	4487
C	-9	1	1696	0.815469974511	norm	4487
G	-9	1	1637	0.150252409362	raw	4487
G	-9	1	1637	0.788337857897	norm	4487
T	-8	1	3774	0.346397430014	raw	4487
T	-8	1	3774	1.12206518203	norm	4487
A	-8	1	3661	0.336025699862	raw	4487
A	-8	1	3661	1.08465849769	norm	4487
C	-8	1	1735	0.159247361175	raw	4487
C	-8	1	1735	0.834221937369	norm	4487
G	-8	1	1725	0.158329508949	raw	4487
G	-8	1	1725	0.830716435475	norm	4487
T	-7	1	3936	0.361266636072	raw	4487
T	-7	1	3936	1.17023014214	norm	4487
A	-7	1	3385	0.31069297843	raw	4487
A	-7	1	3385	1.00288692015	norm	4487
C	-7	1	1817	0.166773749426	raw	4487
C	-7	1	1817	0.873649141325	norm	4487
G	-7	1	1757	0.161266636072	raw	4487
G	-7	1	1757	0.846126827321	norm	4487
T	-6	1	3737	0.343001376778	raw	4487
T	-6	1	3737	1.11106454299	norm	4487
A	-6	1	3466	0.318127581459	raw	4487
A	-6	1	3466	1.02688510051	norm	4487
C	-6	1	1854	0.170169802662	raw	4487
C	-6	1	1854	0.891439465061	norm	4487
G	-6	1	1838	0.168701239101	raw	4487
G	-6	1	1838	0.885134381683	norm	4487
T	-5	1	3774	0.346397430014	raw	4487
T	-5	1	3774	1.12206518203	norm	4487
A	-5	1	3680	0.337769619091	raw	4487
A	-5	1	3680	1.09028770049	norm	4487
C	-5	1	1798	0.165029830197	raw	4487
C	-5	1	1798	0.864513569677	norm	4487
G	-5	1	1643	0.150803120698	raw	4487
G	-5	1	1643	0.791227306368	norm	4487
A	-4	1	3830	0.351537402478	raw	4487
A	-4	1	3830	1.13472877523	norm	4487
T	-4	1	3823	0.35089490592	raw	4487
T	-4	1	3823	1.13663359589	norm	4487
C	-4	1	1794	0.164662689307	raw	4487
C	-4	1	1794	0.862590291435	norm	4487
G	-4	1	1448	0.132905002295	raw	4487
G	-4	1	1448	0.697320231054	norm	4487
T	-3	1	3730	0.34235888022	raw	4487
T	-3	1	3730	1.10898334101	norm	4487
A	-3	1	3546	0.325470399266	raw	4487
A	-3	1	3546	1.05058700705	norm	4487
C	-3	1	1910	0.175309775126	raw	4487
C	-3	1	1910	0.918365360446	norm	4487
G	-3	1	1709	0.156860945388	raw	4487
G	-3	1	1709	0.823011239552	norm	4487
T	-2	1	4257	0.39072969252	raw	4487
T	-2	1	4257	1.26566811868	norm	4487
A	-2	1	3268	0.299954107389	raw	4487
A	-2	1	3268	0.968222881845	norm	4487
C	-2	1	1820	0.167049105094	raw	4487
C	-2	1	1820	0.875091600006	norm	4487
G	-2	1	1550	0.142267094998	raw	4487
G	-2	1	1550	0.746440855064	norm	4487
T	-1	1	3952	0.362735199633	raw	4487
T	-1	1	3952	1.17498717524	norm	4487
A	-1	1	3624	0.332629646627	raw	4487
A	-1	1	3624	1.07369636591	norm	4487
C	-1	1	1836	0.168517668655	raw	4487
C	-1	1	1836	0.882784712973	norm	4487
G	-1	1	1483	0.136117485085	raw	4487
G	-1	1	1483	0.714175347136	norm	4487
C	0	1	5300	0.48646167967	raw	4487
C	0	1	5300	2.54834367035	norm	4487
A	0	1	2463	0.226067003212	raw	4487
A	0	1	2463	0.729722447364	norm	4487
G	0	1	1866	0.171271225333	raw	4487
G	0	1	1866	0.898618474549	norm	4487
T	0	1	1266	0.116200091785	raw	4487
T	0	1	1266	0.376400243891	norm	4487
A	1	1	4593	0.421569527306	raw	4487
A	1	1	4593	1.36078570879	norm	4487
T	1	1	3163	0.290316659018	raw	4487
T	1	1	3163	0.94040598059	norm	4487
C	1	1	2093	0.192106470858	raw	4487
C	1	1	2093	1.00635534001	norm	4487
G	1	1	1046	0.0960073428178	raw	4487
G	1	1	1046	0.503727183482	norm	4487
T	2	1	3728	0.342175309775	raw	4487
T	2	1	3728	1.10838871187	norm	4487
A	2	1	3317	0.304451583295	raw	4487
A	2	1	3317	0.982740299596	norm	4487
C	2	1	1997	0.183295089491	raw	4487
C	2	1	1997	0.960196662205	norm	4487
G	2	1	1853	0.170078017439	raw	4487
G	2	1	1853	0.892358002861	norm	4487
T	3	1	3892	0.357228086278	raw	4487
T	3	1	3892	1.15714830112	norm	4487
A	3	1	3279	0.300963744837	raw	4487
A	3	1	3279	0.971481893993	norm	4487
C	3	1	1911	0.175401560349	raw	4487
C	3	1	1911	0.918846180007	norm	4487
G	3	1	1813	0.166406608536	raw	4487
G	3	1	1813	0.873095013053	norm	4487
T	4	1	3635	0.333639284075	raw	4487
T	4	1	3635	1.08073845699	norm	4487
A	4	1	3559	0.326663607159	raw	4487
A	4	1	3559	1.05443856686	norm	4487
G	4	1	1956	0.179531895365	raw	4487
G	4	1	1956	0.941960201617	norm	4487
C	4	1	1745	0.160165213401	raw	4487
C	4	1	1745	0.839030132973	norm	4487
T	5	1	3579	0.328499311611	raw	4487
T	5	1	3579	1.06408884114	norm	4487
A	5	1	3374	0.309683340982	raw	4487
A	5	1	3374	0.999627908001	norm	4487
C	5	1	1988	0.182469022487	raw	4487
C	5	1	1988	0.955869286161	norm	4487
G	5	1	1954	0.17934832492	raw	4487
G	5	1	1954	0.940997052126	norm	4487
T	6	1	3710	0.340523175769	raw	4487
T	6	1	3710	1.10303704963	norm	4487
A	6	1	3045	0.279486002754	raw	4487
A	6	1	3045	0.902153817386	norm	4487
C	6	1	2084	0.191280403855	raw	4487
C	6	1	2084	1.00202796396	norm	4487
G	6	1	2056	0.188710417623	raw	4487
G	6	1	2056	0.990117676137	norm	4487
T	7	1	3860	0.354290959156	raw	4487
T	7	1	3860	1.14763423493	norm	4487
A	7	1	3320	0.304726938963	raw	4487
A	7	1	3320	0.983629121091	norm	4487
C	7	1	1958	0.17971546581	raw	4487
C	7	1	1958	0.941444699347	norm	4487
G	7	1	1757	0.161266636072	raw	4487
G	7	1	1757	0.846126827321	norm	4487
T	8	1	3787	0.347590637907	raw	4487
T	8	1	3787	1.12593027142	norm	4487
A	8	1	3323	0.305002294631	raw	4487
A	8	1	3323	0.984517942586	norm	4487
C	8	1	2102	0.192932537861	raw	4487
C	8	1	2102	1.01068271605	norm	4487
G	8	1	1683	0.154474529601	raw	4487
G	8	1	1683	0.810490296176	norm	4487
T	9	1	3913	0.359155575952	raw	4487
T	9	1	3913	1.16339190707	norm	4487
A	9	1	3130	0.287287746673	raw	4487
A	9	1	3130	0.927337093077	norm	4487
C	9	1	1993	0.1829279486	raw	4487
C	9	1	1993	0.958273383963	norm	4487
G	9	1	1859	0.170628728775	raw	4487
G	9	1	1859	0.895247451332	norm	4487
T	10	1	3678	0.337586048646	raw	4487
T	10	1	3678	1.09352298344	norm	4487
A	10	1	3481	0.319504359798	raw	4487
A	10	1	3481	1.03132920799	norm	4487
C	10	1	1978	0.181551170262	raw	4487
C	10	1	1978	0.951061090556	norm	4487
G	10	1	1758	0.161358421294	raw	4487
G	10	1	1758	0.846608402067	norm	4487
T	11	1	3587	0.329233593391	raw	4487
T	11	1	3587	1.06646735769	norm	4487
A	11	1	3393	0.311427260211	raw	4487
A	11	1	3393	1.0052571108	norm	4487
C	11	1	1958	0.17971546581	raw	4487
C	11	1	1958	0.941444699347	norm	4487
G	11	1	1957	0.179623680587	raw	4487
G	11	1	1957	0.942441776362	norm	4487
T	12	1	3731	0.342450665443	raw	4487
T	12	1	3731	1.10928065557	norm	4487
A	12	1	3272	0.300321248279	raw	4487
A	12	1	3272	0.969407977172	norm	4487
C	12	1	2023	0.185681505278	raw	4487
C	12	1	2023	0.972697970776	norm	4487
G	12	1	1869	0.171546581	raw	4487
G	12	1	1869	0.900063198784	norm	4487
T	13	1	3804	0.349150986691	raw	4487
T	13	1	3804	1.13098461908	norm	4487
A	13	1	3398	0.311886186324	raw	4487
A	13	1	3398	1.00673847996	norm	4487
C	13	1	1889	0.173382285452	raw	4487
C	13	1	1889	0.908268149677	norm	4487
G	13	1	1804	0.165580541533	raw	4487
G	13	1	1804	0.868760840346	norm	4487
T	14	1	3755	0.344653510785	raw	4487
T	14	1	3755	1.11641620522	norm	4487
A	14	1	3523	0.323359339146	raw	4487
A	14	1	3523	1.04377270892	norm	4487
C	14	1	1904	0.174759063791	raw	4487
C	14	1	1904	0.915480443084	norm	4487
G	14	1	1713	0.157228086278	raw	4487
G	14	1	1713	0.824937538533	norm	4487
T	15	1	3547	0.325562184488	raw	4487
T	15	1	3547	1.05457477495	norm	4487
A	15	1	3413	0.313262964663	raw	4487
A	15	1	3413	1.01118258744	norm	4487
C	15	1	2013	0.184763653052	raw	4487
C	15	1	2013	0.967889775172	norm	4487
G	15	1	1922	0.176411197797	raw	4487
G	15	1	1922	0.92558666028	norm	4487
T	16	1	3781	0.347039926572	raw	4487
T	16	1	3781	1.12414638401	norm	4487
A	16	1	3267	0.299862322166	raw	4487
A	16	1	3267	0.967926608014	norm	4487
G	16	1	2103	0.193024323084	raw	4487
G	16	1	2103	1.01275168916	norm	4487
C	16	1	1744	0.160073428178	raw	4487
C	16	1	1744	0.838549313413	norm	4487
T	17	1	3616	0.331895364846	raw	4487
T	17	1	3616	1.07508948018	norm	4487
A	17	1	3438	0.315557595227	raw	4487
A	17	1	3438	1.01858943323	norm	4487
C	17	1	1968	0.180633318036	raw	4487
C	17	1	1968	0.946252894952	norm	4487
G	17	1	1873	0.171913721891	raw	4487
G	17	1	1873	0.901989497765	norm	4487
T	18	1	3578	0.328407526388	raw	4487
T	18	1	3578	1.06379152657	norm	4487
A	18	1	3362	0.308581918311	raw	4487
A	18	1	3362	0.996072622021	norm	4487
C	18	1	1989	0.18256080771	raw	4487
C	18	1	1989	0.956350105721	norm	4487
G	18	1	1966	0.180449747591	raw	4487
G	18	1	1966	0.946775949069	norm	4487
T	19	1	3714	0.340890316659	raw	4487
T	19	1	3714	1.10422630791	norm	4487
A	19	1	3372	0.309499770537	raw	4487
A	19	1	3372	0.999035360337	norm	4487
G	19	1	1942	0.178246902249	raw	4487
G	19	1	1942	0.935218155184	norm	4487
C	19	1	1867	0.171363010555	raw	4487
C	19	1	1867	0.897690119347	norm	4487
T	20	1	3799	0.348692060578	raw	4487
T	20	1	3799	1.12949804624	norm	4487
A	20	1	3281	0.301147315282	raw	4487
A	20	1	3281	0.972074441657	norm	4487
C	20	1	1970	0.180816888481	raw	4487
C	20	1	1970	0.947214534073	norm	4487
G	20	1	1845	0.169343735659	raw	4487
G	20	1	1845	0.888505404899	norm	4487
T	21	1	3599	0.330335016062	raw	4487
T	21	1	3599	1.07003513251	norm	4487
A	21	1	3320	0.304726938963	raw	4487
A	21	1	3320	0.983629121091	norm	4487
C	21	1	2028	0.186140431391	raw	4487
C	21	1	2028	0.975102068578	norm	4487
G	21	1	1948	0.178797613584	raw	4487
G	21	1	1948	0.938107603655	norm	4487
T	22	1	3824	0.350986691143	raw	4487
T	22	1	3824	1.13693091046	norm	4487
A	22	1	3363	0.308673703534	raw	4487
A	22	1	3363	0.996368895852	norm	4487
C	22	1	1939	0.177971546581	raw	4487
C	22	1	1939	0.932309127699	norm	4487
G	22	1	1769	0.162368058743	raw	4487
G	22	1	1769	0.851905724264	norm	4487
T	23	1	3979	0.365213400642	raw	4487
T	23	1	3979	1.1830146686	norm	4487
A	23	1	3229	0.296374483708	raw	4487
A	23	1	3229	0.956668202411	norm	4487
C	23	1	1877	0.172280862781	raw	4487
C	23	1	1877	0.902498314952	norm	4487
G	23	1	1810	0.166131252868	raw	4487
G	23	1	1810	0.871650288817	norm	4487
T	24	1	3613	0.331620009179	raw	4487
T	24	1	3613	1.07419753648	norm	4487
A	24	1	3264	0.299586966498	raw	4487
A	24	1	3264	0.967037786519	norm	4487
C	24	1	2207	0.202569986232	raw	4487
C	24	1	2207	1.0611687699	norm	4487
G	24	1	1811	0.166223038091	raw	4487
G	24	1	1811	0.872131863562	norm	4487
A	25	1	3574	0.328040385498	raw	4487
A	25	1	3574	1.05888267433	norm	4487
T	25	1	3572	0.327856815053	raw	4487
T	25	1	3572	1.06200763916	norm	4487
C	25	1	2000	0.183570445158	raw	4487
C	25	1	2000	0.961639120886	norm	4487
G	25	1	1749	0.160532354291	raw	4487
G	25	1	1749	0.84227422936	norm	4487
T	26	1	3877	0.355851307939	raw	4487
T	26	1	3877	1.15268858259	norm	4487
A	26	1	3473	0.318770078017	raw	4487
A	26	1	3473	1.02895901733	norm	4487
C	26	1	1784	0.163744837081	raw	4487
C	26	1	1784	0.85778209583	norm	4487
G	26	1	1761	0.161633776962	raw	4487
G	26	1	1761	0.848053126302	norm	4487
T	27	1	3795	0.348324919688	raw	4487
T	27	1	3795	1.12830878797	norm	4487
A	27	1	3476	0.319045433685	raw	4487
A	27	1	3476	1.02984783883	norm	4487
C	27	1	1881	0.172648003671	raw	4487
C	27	1	1881	0.904421593193	norm	4487
G	27	1	1743	0.159981642955	raw	4487
G	27	1	1743	0.839384780889	norm	4487
T	28	1	3839	0.352363469481	raw	4487
T	28	1	3839	1.14139062899	norm	4487
A	28	1	3548	0.325653969711	raw	4487
A	28	1	3548	1.05117955471	norm	4487
C	28	1	1779	0.163285910968	raw	4487
C	28	1	1779	0.855377998028	norm	4487
G	28	1	1729	0.158696649839	raw	4487
G	28	1	1729	0.832642734456	norm	4487
T	29	1	3869	0.355117026159	raw	4487
T	29	1	3869	1.15031006605	norm	4487
A	29	1	3283	0.301330885727	raw	4487
A	29	1	3283	0.97266698932	norm	4487
G	29	1	1916	0.175860486462	raw	4487
G	29	1	1916	0.922697211809	norm	4487
C	29	1	1827	0.167691601652	raw	4487
C	29	1	1827	0.878457336929	norm	4487
T	30	1	3874	0.355575952272	raw	4487
T	30	1	3874	1.15179663889	norm	4487
A	30	1	3355	0.307939421753	raw	4487
A	30	1	3355	0.993998705199	norm	4487
C	30	1	1869	0.171546581	raw	4487
C	30	1	1869	0.898651758468	norm	4487
G	30	1	1797	0.164938044975	raw	4487
G	30	1	1797	0.86538981713	norm	4487
T	31	1	3815	0.35016062414	raw	4487
T	31	1	3815	1.13425507934	norm	4487
A	31	1	3672	0.337035337311	raw	4487
A	31	1	3672	1.08791750983	norm	4487
C	31	1	1803	0.16548875631	raw	4487
C	31	1	1803	0.866917667479	norm	4487
G	31	1	1605	0.14731528224	raw	4487
G	31	1	1605	0.772927466051	norm	4487
T	32	1	3674	0.337218907756	raw	4487
T	32	1	3674	1.09233372516	norm	4487
A	32	1	3630	0.333180357962	raw	4487
A	32	1	3630	1.0754740089	norm	4487
C	32	1	1831	0.168058742542	raw	4487
C	32	1	1831	0.880380615171	norm	4487
G	32	1	1760	0.161541991739	raw	4487
G	32	1	1760	0.847571551557	norm	4487
T	33	1	3964	0.363836622304	raw	4487
T	33	1	3964	1.17855495007	norm	4487
A	33	1	3409	0.312895823772	raw	4487
A	33	1	3409	1.00999749211	norm	4487
G	33	1	1795	0.16475447453	raw	4487
G	33	1	1795	0.864426667639	norm	4487
C	33	1	1727	0.158513079394	raw	4487
C	33	1	1727	0.830375380885	norm	4487
T	34	1	3765	0.345571363011	raw	4487
T	34	1	3765	1.11938935091	norm	4487
A	34	1	3619	0.332170720514	raw	4487
A	34	1	3619	1.07221499676	norm	4487
G	34	1	1858	0.170536943552	raw	4487
G	34	1	1858	0.894765876587	norm	4487
C	34	1	1653	0.151720972923	raw	4487
C	34	1	1653	0.794794733412	norm	4487
T	35	1	3913	0.359155575952	raw	4487
T	35	1	3913	1.16339190707	norm	4487
A	35	1	3444	0.316108306563	raw	4487
A	35	1	3444	1.02036707622	norm	4487
C	35	1	1786	0.163928407526	raw	4487
C	35	1	1786	0.858743734951	norm	4487
G	35	1	1752	0.160807709959	raw	4487
G	35	1	1752	0.843718953595	norm	4487
T	36	1	3921	0.359889857733	raw	4487
T	36	1	3921	1.16577042361	norm	4487
A	36	1	3439	0.31564938045	raw	4487
A	36	1	3439	1.01888570706	norm	4487
G	36	1	1874	0.172005507113	raw	4487
G	36	1	1874	0.90247107251	norm	4487
C	36	1	1661	0.152455254704	raw	4487
C	36	1	1661	0.798641289896	norm	4487
T	37	1	3969	0.364295548417	raw	4487
T	37	1	3969	1.18004152291	norm	4487
A	37	1	3726	0.34199173933	raw	4487
A	37	1	3726	1.10391629674	norm	4487
G	37	1	1628	0.149426342359	raw	4487
G	37	1	1628	0.78400368519	norm	4487
C	37	1	1572	0.144286369894	raw	4487
C	37	1	1572	0.755848349016	norm	4487
T	38	1	4029	0.369802661771	raw	4487
T	38	1	4029	1.19788039703	norm	4487
A	38	1	3539	0.324827902708	raw	4487
A	38	1	3539	1.04851309022	norm	4487
C	38	1	1726	0.158421294172	raw	4487
C	38	1	1726	0.829894561325	norm	4487
G	38	1	1601	0.146948141349	raw	4487
G	38	1	1601	0.77100116707	norm	4487
T	39	1	3971	0.364479118862	raw	4487
T	39	1	3971	1.18063615205	norm	4487
A	39	1	3680	0.337769619091	raw	4487
A	39	1	3680	1.09028770049	norm	4487
C	39	1	1701	0.156126663607	raw	4487
C	39	1	1701	0.817874072314	norm	4487
G	39	1	1543	0.14162459844	raw	4487
G	39	1	1543	0.743069831848	norm	4487
T	40	1	4040	0.37081229922	raw	4487
T	40	1	4040	1.20115085728	norm	4487
A	40	1	3618	0.332078935291	raw	4487
A	40	1	3618	1.07191872292	norm	4487
C	40	1	1708	0.156769160165	raw	4487
C	40	1	1708	0.821239809237	norm	4487
G	40	1	1529	0.140339605324	raw	4487
G	40	1	1529	0.736327785415	norm	4487
T	41	1	4123	0.378430472694	raw	4487
T	41	1	4123	1.22582796648	norm	4487
A	41	1	3807	0.349426342359	raw	4487
A	41	1	3807	1.12791447711	norm	4487
C	41	1	1494	0.137127122533	raw	4487
C	41	1	1494	0.718344423302	norm	4487
G	41	1	1471	0.135016062414	raw	4487
G	41	1	1471	0.708396450193	norm	4487
T	42	1	3950	0.362551629188	raw	4487
T	42	1	3950	1.1743925461	norm	4487
A	42	1	3634	0.333547498853	raw	4487
A	42	1	3634	1.07665910423	norm	4487
C	42	1	1699	0.155943093162	raw	4487
C	42	1	1699	0.816912433193	norm	4487
G	42	1	1612	0.147957778798	raw	4487
G	42	1	1612	0.776298489267	norm	4487
T	43	1	4075	0.37402478201	raw	4487
T	43	1	4075	1.21155686718	norm	4487
A	43	1	3775	0.346489215236	raw	4487
A	43	1	3775	1.11843371449	norm	4487
G	43	1	1540	0.141349242772	raw	4487
G	43	1	1540	0.741625107612	norm	4487
C	43	1	1505	0.138136759982	raw	4487
C	43	1	1505	0.723633438467	norm	4487
T	44	1	4235	0.388710417623	raw	4487
T	44	1	4235	1.25912719817	norm	4487
A	44	1	3702	0.339788893988	raw	4487
A	44	1	3702	1.09680572478	norm	4487
C	44	1	1494	0.137127122533	raw	4487
C	44	1	1494	0.718344423302	norm	4487
G	44	1	1464	0.134373565856	raw	4487
G	44	1	1464	0.705025426977	norm	4487
T	45	1	4084	0.375022956841	raw	4487
T	45	1	4084	1.21479019724	norm	4487
A	45	1	3694	0.339210284665	raw	4487
A	45	1	3694	1.09493802978	norm	4487
C	45	1	1609	0.147750229568	raw	4487
C	45	1	1609	0.773993878755	norm	4487
G	45	1	1503	0.138016528926	raw	4487
G	45	1	1503	0.724139168414	norm	4487
A	46	1	4061	0.372910927456	raw	4487
A	46	1	4061	1.20372044909	norm	4487
T	46	1	3912	0.359228650138	raw	4487
T	46	1	3912	1.16362861205	norm	4487
G	46	1	1541	0.141505968779	raw	4487
G	46	1	1541	0.742447410862	norm	4487
C	46	1	1376	0.126354453627	raw	4487
C	46	1	1376	0.661911483634	norm	4487
T	47	1	4125	0.378787878788	raw	4487
T	47	1	4125	1.22698569139	norm	4487
A	47	1	3766	0.345821854913	raw	4487
A	47	1	3766	1.11627953984	norm	4487
G	47	1	1539	0.14132231405	raw	4487
G	47	1	1539	0.741483819154	norm	4487
C	47	1	1460	0.13406795225	raw	4487
C	47	1	1460	0.702318870716	norm	4487
T	48	1	3914	0.359412304867	raw	4487
T	48	1	3914	1.16422351421	norm	4487
A	48	1	3838	0.352433425161	raw	4487
A	48	1	3838	1.13762104989	norm	4487
C	48	1	1582	0.145270890725	raw	4487
C	48	1	1582	0.76100579005	norm	4487
G	48	1	1556	0.142883379247	raw	4487
G	48	1	1556	0.74967434867	norm	4487
T	49	1	4088	0.375390266299	raw	4487
T	49	1	4088	1.21598000155	norm	4487
A	49	1	3906	0.35867768595	raw	4487
A	49	1	3906	1.1577769205	norm	4487
C	49	1	1452	0.133333333333	raw	4487
C	49	1	1452	0.698470548137	norm	4487
G	49	1	1444	0.132598714417	raw	4487
G	49	1	1444	0.695713213034	norm	4487
T	50	1	4121	0.37842056933	raw	4487
T	50	1	4121	1.22579588708	norm	4487
A	50	1	3791	0.348117539027	raw	4487
A	50	1	3791	1.12368978639	norm	4487
C	50	1	1541	0.141505968779	raw	4487
C	50	1	1541	0.741283136831	norm	4487
G	50	1	1437	0.131955922865	raw	4487
G	50	1	1437	0.692340642056	norm	4487
A	51	1	3978	0.365289256198	raw	4487
A	51	1	3978	1.17911843056	norm	4487
T	51	1	3886	0.356841138659	raw	4487
T	51	1	3886	1.15589488406	norm	4487
C	51	1	1520	0.139577594123	raw	4487
C	51	1	1520	0.731181290061	norm	4487
G	51	1	1506	0.138292011019	raw	4487
G	51	1	1506	0.725584555975	norm	4487
A	52	1	4067	0.373461891644	raw	4487
A	52	1	4067	1.20549890826	norm	4487
T	52	1	3954	0.363085399449	raw	4487
T	52	1	3954	1.17612155727	norm	4487
G	52	1	1451	0.133241505969	raw	4487
G	52	1	1451	0.699085784011	norm	4487
C	52	1	1418	0.130211202938	raw	4487
C	52	1	1418	0.682115177175	norm	4487
T	53	1	4226	0.388062442608	raw	4487
T	53	1	4226	1.25702825014	norm	4487
A	53	1	3712	0.340863177227	raw	4487
A	53	1	3712	1.1002734073	norm	4487
C	53	1	1500	0.137741046832	raw	4487
C	53	1	1500	0.721560483613	norm	4487
G	53	1	1452	0.133333333333	raw	4487
G	53	1	1452	0.699567579865	norm	4487
T	54	1	3990	0.366391184573	raw	4487
T	54	1	3990	1.18682979604	norm	4487
A	54	1	3779	0.347015610652	raw	4487
A	54	1	3779	1.12013286804	norm	4487
C	54	1	1632	0.149862258953	raw	4487
C	54	1	1632	0.78505780617	norm	4487
G	54	1	1489	0.136730945822	raw	4487
G	54	1	1489	0.717394026459	norm	4487
T	55	1	4142	0.380348943985	raw	4487
T	55	1	4142	1.23204235969	norm	4487
A	55	1	3845	0.353076216713	raw	4487
A	55	1	3845	1.13969591893	norm	4487
C	55	1	1471	0.13507805326	raw	4487
C	55	1	1471	0.707610314263	norm	4487
G	55	1	1432	0.131496786042	raw	4487
G	55	1	1432	0.689931662787	norm	4487
A	56	1	4260	0.391184573003	raw	4487
A	56	1	4260	1.26270601161	norm	4487
T	56	1	3966	0.364187327824	raw	4487
T	56	1	3966	1.17969097019	norm	4487
C	56	1	1368	0.125619834711	raw	4487
C	56	1	1368	0.658063161055	norm	4487
G	56	1	1296	0.119008264463	raw	4487
G	56	1	1296	0.624407426656	norm	4487
A	57	1	4018	0.368962350781	raw	4487
A	57	1	4018	1.19097482503	norm	4487
T	57	1	3927	0.360606060606	raw	4487
T	57	1	3927	1.1680903782	norm	4487
G	57	1	1502	0.137924701561	raw	4487
G	57	1	1502	0.72365737256	norm	4487
C	57	1	1443	0.132506887052	raw	4487
C	57	1	1443	0.694141185235	norm	4487
T	58	1	4223	0.387786960514	raw	4487
T	58	1	4223	1.25613589691	norm	4487
A	58	1	3857	0.354178145087	raw	4487
A	58	1	3857	1.14325283727	norm	4487
C	58	1	1416	0.130027548209	raw	4487
C	58	1	1416	0.68115309653	norm	4487
G	58	1	1394	0.128007346189	raw	4487
G	58	1	1394	0.671623420338	norm	4487
A	59	1	4025	0.369605142332	raw	4487
A	59	1	4025	1.19304969407	norm	4487
T	59	1	3967	0.364279155188	raw	4487
T	59	1	3967	1.17998842127	norm	4487
G	59	1	1519	0.139485766758	raw	4487
G	59	1	1519	0.731847902076	norm	4487
C	59	1	1379	0.126629935721	raw	4487
C	59	1	1379	0.663354604601	norm	4487
A	60	1	4055	0.372359963269	raw	4487
A	60	1	4055	1.20194198992	norm	4487
T	60	1	3818	0.35059687787	raw	4487
T	60	1	3818	1.13566821084	norm	4487
C	60	1	1517	0.139302112029	raw	4487
C	60	1	1517	0.729738169093	norm	4487
G	60	1	1500	0.137741046832	raw	4487
G	60	1	1500	0.722693780852	norm	4487
T	61	1	4120	0.378328741965	raw	4487
T	61	1	4120	1.22549843601	norm	4487
A	61	1	4015	0.368686868687	raw	4487
A	61	1	4015	1.19008559545	norm	4487
G	61	1	1473	0.135261707989	raw	4487
G	61	1	1473	0.709685292797	norm	4487
C	61	1	1282	0.117722681359	raw	4487
C	61	1	1282	0.616693693328	norm	4487
A	62	1	4114	0.377777777778	raw	4487
A	62	1	4114	1.21943017177	norm	4487
T	62	1	4005	0.367768595041	raw	4487
T	62	1	4005	1.19129156219	norm	4487
G	62	1	1450	0.133149678604	raw	4487
G	62	1	1450	0.698603988157	norm	4487
C	62	1	1321	0.121303948577	raw	4487
C	62	1	1321	0.635454265901	norm	4487
T	63	1	4067	0.373461891644	raw	4487
T	63	1	4067	1.20973352894	norm	4487
A	63	1	3898	0.357943067034	raw	4487
A	63	1	3898	1.15540564161	norm	4487
G	63	1	1467	0.134710743802	raw	4487
G	63	1	1467	0.706794517673	norm	4487
C	63	1	1458	0.133884297521	raw	4487
C	63	1	1458	0.701356790071	norm	4487
T	64	1	4145	0.380624426079	raw	4487
T	64	1	4145	1.23293471292	norm	4487
A	64	1	4121	0.37842056933	raw	4487
A	64	1	4121	1.22150504081	norm	4487
G	64	1	1341	0.123140495868	raw	4487
G	64	1	1341	0.646088240082	norm	4487
C	64	1	1283	0.117814508724	raw	4487
C	64	1	1283	0.61717473365	norm	4487
T	65	1	4218	0.387327823691	raw	4487
T	65	1	4218	1.25464864152	norm	4487
A	65	1	4013	0.368503213958	raw	4487
A	65	1	4013	1.18949277572	norm	4487
C	65	1	1349	0.123875114784	raw	4487
C	65	1	1349	0.648923394929	norm	4487
G	65	1	1310	0.120293847567	raw	4487
G	65	1	1310	0.631152568611	norm	4487
T	66	1	4147	0.380808080808	raw	4487
T	66	1	4147	1.23352961508	norm	4487
A	66	1	3971	0.364646464646	raw	4487
A	66	1	3971	1.17704356152	norm	4487
C	66	1	1448	0.132966023875	raw	4487
C	66	1	1448	0.696546386847	norm	4487
G	66	1	1324	0.12157943067	raw	4487
G	66	1	1324	0.637897710565	norm	4487
A	67	1	4216	0.387144168962	raw	4487
A	67	1	4216	1.24966397769	norm	4487
T	67	1	3975	0.365013774105	raw	4487
T	67	1	3975	1.18236802988	norm	4487
G	67	1	1376	0.126354453627	raw	4487
G	67	1	1376	0.662951094968	norm	4487
C	67	1	1323	0.121487603306	raw	4487
C	67	1	1323	0.636416346546	norm	4487
A	68	1	4099	0.376400367309	raw	4487
A	68	1	4099	1.21498402385	norm	4487
T	68	1	4001	0.367401285583	raw	4487
T	68	1	4001	1.19010175788	norm	4487
G	68	1	1464	0.134435261708	raw	4487
G	68	1	1464	0.705349130112	norm	4487
C	68	1	1326	0.121763085399	raw	4487
C	68	1	1326	0.637859467513	norm	4487
T	69	1	4033	0.370339761249	raw	4487
T	69	1	4033	1.19962019233	norm	4487
A	69	1	4028	0.369880624426	raw	4487
A	69	1	4028	1.19393892365	norm	4487
G	69	1	1459	0.133976124885	raw	4487
G	69	1	1459	0.702940150842	norm	4487
C	69	1	1370	0.12580348944	raw	4487
C	69	1	1370	0.659025241699	norm	4487
T	70	1	4118	0.378145087236	raw	4487
T	70	1	4118	1.22490353385	norm	4487
A	70	1	4100	0.376492194674	raw	4487
A	70	1	4100	1.21528043371	norm	4487
C	70	1	1390	0.127640036731	raw	4487
C	70	1	1390	0.668646048148	norm	4487
G	70	1	1282	0.117722681359	raw	4487
G	70	1	1282	0.617662284701	norm	4487
A	71	1	4161	0.382093663912	raw	4487
A	71	1	4161	1.23336143528	norm	4487
T	71	1	3982	0.365656565657	raw	4487
T	71	1	3982	1.18445018742	norm	4487
C	71	1	1391	0.127731864096	raw	4487
C	71	1	1391	0.66912708847	norm	4487
G	71	1	1356	0.124517906336	raw	4487
G	71	1	1356	0.65331517789	norm	4487
A	72	1	4284	0.393388429752	raw	4487
A	72	1	4284	1.26981984829	norm	4487
T	72	1	4070	0.373737373737	raw	4487
T	72	1	4070	1.21062588217	norm	4487
C	72	1	1291	0.11854912764	raw	4487
C	72	1	1291	0.621023056229	norm	4487
G	72	1	1245	0.114325068871	raw	4487
G	72	1	1245	0.599835838107	norm	4487
T	73	1	4160	0.382001836547	raw	4487
T	73	1	4160	1.23739647907	norm	4487
A	73	1	4038	0.370798898072	raw	4487
A	73	1	4038	1.19690302227	norm	4487
G	73	1	1414	0.12984389348	raw	4487
G	73	1	1414	0.681259337416	norm	4487
C	73	1	1278	0.117355371901	raw	4487
C	73	1	1278	0.614769532038	norm	4487
T	74	1	4188	0.384573002755	raw	4487
T	74	1	4188	1.24572510922	norm	4487
A	74	1	4034	0.370431588613	raw	4487
A	74	1	4034	1.19571738282	norm	4487
C	74	1	1345	0.123507805326	raw	4487
C	74	1	1345	0.646999233639	norm	4487
G	74	1	1323	0.121487603306	raw	4487
G	74	1	1323	0.637415914711	norm	4487
T	75	1	4144	0.380532598714	raw	4487
T	75	1	4144	1.23263726185	norm	4487
A	75	1	4104	0.376859504132	raw	4487
A	75	1	4104	1.21646607315	norm	4487
G	75	1	1355	0.124426078972	raw	4487
G	75	1	1355	0.652833382036	norm	4487
C	75	1	1287	0.118181818182	raw	4487
C	75	1	1287	0.61909889494	norm	4487
A	76	1	4182	0.384022038567	raw	4487
A	76	1	4182	1.23958604238	norm	4487
T	76	1	4041	0.371074380165	raw	4487
T	76	1	4041	1.20199980095	norm	4487
G	76	1	1435	0.131772268136	raw	4487
G	76	1	1435	0.691377050348	norm	4487
C	76	1	1232	0.113131313131	raw	4487
C	76	1	1232	0.592641677207	norm	4487
A	77	1	4129	0.379155188246	raw	4487
A	77	1	4129	1.2238763197	norm	4487
T	77	1	4048	0.371717171717	raw	4487
T	77	1	4048	1.20408195848	norm	4487
C	77	1	1411	0.129568411387	raw	4487
C	77	1	1411	0.678747894918	norm	4487
G	77	1	1302	0.11955922865	raw	4487
G	77	1	1302	0.62729820178	norm	4487
A	78	1	4099	0.376400367309	raw	4487
A	78	1	4099	1.21498402385	norm	4487
T	78	1	4028	0.369880624426	raw	4487
T	78	1	4028	1.19813293695	norm	4487
G	78	1	1424	0.130762167126	raw	4487
G	78	1	1424	0.686077295955	norm	4487
C	78	1	1339	0.122956841139	raw	4487
C	78	1	1339	0.644112991705	norm	4487
T	79	1	4182	0.384022038567	raw	4487
T	79	1	4182	1.24394040276	norm	4487
A	79	1	4113	0.377685950413	raw	4487
A	79	1	4113	1.21913376191	norm	4487
C	79	1	1306	0.119926538108	raw	4487
C	79	1	1306	0.628238661065	norm	4487
G	79	1	1289	0.118365472911	raw	4487
G	79	1	1289	0.621034855679	norm	4487
A	80	1	4086	0.37520661157	raw	4487
A	80	1	4086	1.21113069564	norm	4487
T	80	1	4040	0.370982552801	raw	4487
T	80	1	4040	1.20170234987	norm	4487
G	80	1	1451	0.133241505969	raw	4487
G	80	1	1451	0.699085784011	norm	4487
C	80	1	1313	0.12056932966	raw	4487
C	80	1	1313	0.631605943322	norm	4487
A	81	1	4100	0.376492194674	raw	4487
A	81	1	4100	1.21528043371	norm	4487
T	81	1	3953	0.362993572084	raw	4487
T	81	1	3953	1.1758241062	norm	4487
G	81	1	1496	0.137373737374	raw	4487
G	81	1	1496	0.720766597436	norm	4487
C	81	1	1341	0.123140495868	raw	4487
C	81	1	1341	0.64507507235	norm	4487
A	82	1	4214	0.386960514233	raw	4487
A	82	1	4214	1.24907115796	norm	4487
T	82	1	4012	0.368411386593	raw	4487
T	82	1	4012	1.19337371972	norm	4487
G	82	1	1337	0.12277318641	raw	4487
G	82	1	1337	0.644161056666	norm	4487
C	82	1	1327	0.121854912764	raw	4487
C	82	1	1327	0.638340507836	norm	4487
A	83	1	4210	0.386593204775	raw	4487
A	83	1	4210	1.24788551851	norm	4487
T	83	1	3903	0.358402203857	raw	4487
T	83	1	3903	1.16095155236	norm	4487
G	83	1	1439	0.132139577594	raw	4487
G	83	1	1439	0.693304233764	norm	4487
C	83	1	1338	0.122865013774	raw	4487
C	83	1	1338	0.643631951382	norm	4487
T	84	1	4010	0.368227731864	raw	4487
T	84	1	4010	1.19277881757	norm	4487
A	84	1	4008	0.368044077135	raw	4487
A	84	1	4008	1.18801072641	norm	4487
G	84	1	1439	0.132139577594	raw	4487
G	84	1	1439	0.693304233764	norm	4487
C	84	1	1433	0.131588613407	raw	4487
C	84	1	1433	0.689330782011	norm	4487
A	85	1	4164	0.382369146006	raw	4487
A	85	1	4164	1.23425066487	norm	4487
T	85	1	4128	0.379063360882	raw	4487
T	85	1	4128	1.22787804462	norm	4487
G	85	1	1389	0.127548209366	raw	4487
G	85	1	1389	0.669214441069	norm	4487
C	85	1	1209	0.111019283747	raw	4487
C	85	1	1209	0.581577749792	norm	4487
T	86	1	4176	0.38347107438	raw	4487
T	86	1	4176	1.2421556963	norm	4487
A	86	1	4094	0.375941230487	raw	4487
A	86	1	4094	1.21350197454	norm	4487
C	86	1	1320	0.121212121212	raw	4487
C	86	1	1320	0.634973225579	norm	4487
G	86	1	1300	0.119375573921	raw	4487
G	86	1	1300	0.626334610072	norm	4487
A	87	1	4208	0.386409550046	raw	4487
A	87	1	4208	1.24729269879	norm	4487
T	87	1	3932	0.361065197429	raw	4487
T	87	1	3932	1.16957763359	norm	4487
G	87	1	1460	0.13406795225	raw	4487
G	87	1	1460	0.703421946696	norm	4487
C	87	1	1290	0.118457300275	raw	4487
C	87	1	1290	0.620542015907	norm	4487
A	88	1	4166	0.382552800735	raw	4487
A	88	1	4166	1.23484348459	norm	4487
T	88	1	4109	0.377318640955	raw	4487
T	88	1	4109	1.22222647416	norm	4487
G	88	1	1448	0.132966023875	raw	4487
G	88	1	1448	0.697640396449	norm	4487
C	88	1	1167	0.107162534435	raw	4487
C	88	1	1167	0.561374056251	norm	4487
A	89	1	4129	0.379155188246	raw	4487
A	89	1	4129	1.2238763197	norm	4487
T	89	1	4104	0.376859504132	raw	4487
T	89	1	4104	1.22073921878	norm	4487
G	89	1	1401	0.128650137741	raw	4487
G	89	1	1401	0.674995991316	norm	4487
C	89	1	1256	0.115335169881	raw	4487
C	89	1	1256	0.604186644945	norm	4487
T	90	1	4094	0.375941230487	raw	4487
T	90	1	4094	1.21776470801	norm	4487
A	90	1	3993	0.366666666667	raw	4487
A	90	1	3993	1.18356457849	norm	4487
C	90	1	1416	0.130027548209	raw	4487
C	90	1	1416	0.68115309653	norm	4487
G	90	1	1387	0.127364554637	raw	4487
G	90	1	1387	0.668250849361	norm	4487
T	91	1	4231	0.388521579431	raw	4487
T	91	1	4231	1.25851550552	norm	4487
A	91	1	4087	0.375298438935	raw	4487
A	91	1	4087	1.2114271055	norm	4487
C	91	1	1300	0.119375573921	raw	4487
C	91	1	1300	0.625352419131	norm	4487
G	91	1	1272	0.116804407713	raw	4487
G	91	1	1272	0.612844326162	norm	4487
A	92	1	4200	0.385674931129	raw	4487
A	92	1	4200	1.24492141989	norm	4487
T	92	1	3935	0.361340679522	raw	4487
T	92	1	3935	1.17046998682	norm	4487
G	92	1	1431	0.131404958678	raw	4487
G	92	1	1431	0.689449866933	norm	4487
C	92	1	1324	0.12157943067	raw	4487
C	92	1	1324	0.636897386869	norm	4487
T	93	1	4009	0.3681359045	raw	4487
T	93	1	4009	1.19248136649	norm	4487
A	93	1	3987	0.366115702479	raw	4487
A	93	1	3987	1.18178611931	norm	4487
C	93	1	1461	0.134159779614	raw	4487
C	93	1	1461	0.702799911039	norm	4487
G	93	1	1433	0.131588613407	raw	4487
G	93	1	1433	0.690413458641	norm	4487
A	94	1	4135	0.379706152433	raw	4487
A	94	1	4135	1.22565477887	norm	4487
T	94	1	4106	0.377043158861	raw	4487
T	94	1	4106	1.22133412093	norm	4487
G	94	1	1398	0.128374655647	raw	4487
G	94	1	1398	0.673550603754	norm	4487
C	94	1	1251	0.114876033058	raw	4487
C	94	1	1251	0.601781443333	norm	4487
A	95	1	4277	0.3927456382	raw	4487
A	95	1	4277	1.26774497926	norm	4487
T	95	1	4048	0.371717171717	raw	4487
T	95	1	4048	1.20408195848	norm	4487
G	95	1	1283	0.117814508724	raw	4487
G	95	1	1283	0.618144080555	norm	4487
C	95	1	1282	0.117722681359	raw	4487
C	95	1	1282	0.616693693328	norm	4487
A	96	1	4262	0.391368227732	raw	4487
A	96	1	4262	1.26329883133	norm	4487
T	96	1	3919	0.35987144169	raw	4487
T	96	1	3919	1.16571076959	norm	4487
G	96	1	1363	0.125160697888	raw	4487
G	96	1	1363	0.656687748868	norm	4487
C	96	1	1346	0.123599632691	raw	4487
C	96	1	1346	0.647480273962	norm	4487
A	97	1	4274	0.392470156107	raw	4487
A	97	1	4274	1.26685574967	norm	4487
T	97	1	3939	0.361707988981	raw	4487
T	97	1	3939	1.17165979112	norm	4487
C	97	1	1373	0.126078971534	raw	4487
C	97	1	1373	0.660468362667	norm	4487
G	97	1	1304	0.119742883379	raw	4487
G	97	1	1304	0.628261793487	norm	4487
T	98	1	4288	0.39375573921	raw	4487
T	98	1	4288	1.27547021689	norm	4487
A	98	1	4081	0.374747474747	raw	4487
A	98	1	4081	1.20964864633	norm	4487
G	98	1	1273	0.116896235078	raw	4487
G	98	1	1273	0.613326122016	norm	4487
C	98	1	1248	0.114600550964	raw	4487
C	98	1	1248	0.600338322366	norm	4487
A	99	1	4234	0.388797061524	raw	4487
A	99	1	4234	1.2549993552	norm	4487
T	99	1	3970	0.364554637282	raw	4487
T	99	1	3970	1.1808807745	norm	4487
G	99	1	1424	0.130762167126	raw	4487
G	99	1	1424	0.686077295955	norm	4487
C	99	1	1262	0.115886134068	raw	4487
C	99	1	1262	0.607072886879	norm	4487
A	100	1	4103	0.376767676768	raw	4487
A	100	1	4103	1.21616966329	norm	4487
T	100	1	4007	0.36795224977	raw	4487
T	100	1	4007	1.19188646434	norm	4487
G	100	1	1434	0.131680440771	raw	4487
G	100	1	1434	0.690895254495	norm	4487
C	100	1	1346	0.123599632691	raw	4487
C	100	1	1346	0.647480273962	norm	4487
