#nuc	offset	region.size	count	freq	norm.freq	total.sites
T	-100	1	3223	0.441567337992	raw	3147
T	-100	1	3223	1.08425043469	norm	3147
A	-100	1	2696	0.36936566653	raw	3147
A	-100	1	2696	0.875993737987	norm	3147
C	-100	1	727	0.0996026852994	raw	3147
C	-100	1	727	1.24491020578	norm	3147
G	-100	1	653	0.0894643101795	raw	3147
G	-100	1	653	0.982229497361	norm	3147
A	-99	1	2967	0.406494040279	raw	3147
A	-99	1	2967	0.964048004677	norm	3147
T	-99	1	2857	0.391423482669	raw	3147
T	-99	1	2857	0.961124260601	norm	3147
G	-99	1	738	0.10110974106	raw	3147
G	-99	1	738	1.11008479181	norm	3147
C	-99	1	737	0.100972735991	raw	3147
C	-99	1	737	1.26203414259	norm	3147
A	-98	1	2989	0.409508151802	raw	3147
A	-98	1	2989	0.97119632153	norm	3147
T	-98	1	2989	0.409508151802	raw	3147
T	-98	1	2989	1.00553042175	norm	3147
C	-98	1	742	0.101657761337	raw	3147
C	-98	1	742	1.27059611099	norm	3147
G	-98	1	579	0.0793259350596	raw	3147
G	-98	1	579	0.870920182193	norm	3147
T	-97	1	2998	0.410741197424	raw	3147
T	-97	1	2998	1.00855811455	norm	3147
A	-97	1	2967	0.406494040279	raw	3147
A	-97	1	2967	0.964048004677	norm	3147
C	-97	1	718	0.0983696396767	raw	3147
C	-97	1	718	1.22949866266	norm	3147
G	-97	1	616	0.0843951226195	raw	3147
G	-97	1	616	0.926574839777	norm	3147
T	-96	1	2963	0.405946020003	raw	3147
T	-96	1	2963	0.996783753644	norm	3147
A	-96	1	2904	0.397862720921	raw	3147
A	-96	1	2904	0.943577824598	norm	3147
C	-96	1	794	0.108782024935	raw	3147
C	-96	1	794	1.35964058238	norm	3147
G	-96	1	638	0.0874092341417	raw	3147
G	-96	1	638	0.959666798341	norm	3147
A	-95	1	3064	0.419783531991	raw	3147
A	-95	1	3064	0.995565583529	norm	3147
T	-95	1	2950	0.404164954103	raw	3147
T	-95	1	2950	0.992410419591	norm	3147
C	-95	1	695	0.0952185230854	raw	3147
C	-95	1	695	1.190113608	norm	3147
G	-95	1	590	0.0808329908207	raw	3147
G	-95	1	590	0.887466161475	norm	3147
A	-94	1	2965	0.406220030141	raw	3147
A	-94	1	2965	0.96339815769	norm	3147
T	-94	1	2923	0.400465817235	raw	3147
T	-94	1	2923	0.983327341175	norm	3147
C	-94	1	819	0.112207151665	raw	3147
C	-94	1	819	1.4024504244	norm	3147
G	-94	1	592	0.081107000959	raw	3147
G	-94	1	592	0.890474521344	norm	3147
A	-93	1	2961	0.405672009864	raw	3147
A	-93	1	2961	0.962098463717	norm	3147
T	-93	1	2845	0.389779421839	raw	3147
T	-93	1	2845	0.95708733686	norm	3147
G	-93	1	782	0.107137964105	raw	3147
G	-93	1	782	1.17626870894	norm	3147
C	-93	1	711	0.0974106041924	raw	3147
C	-93	1	711	1.21751190689	norm	3147
A	-92	1	3006	0.411837237978	raw	3147
A	-92	1	3006	0.976720020916	norm	3147
T	-92	1	2979	0.40813810111	raw	3147
T	-92	1	2979	1.00216631863	norm	3147
C	-92	1	672	0.092067406494	raw	3147
C	-92	1	672	1.15072855335	norm	3147
G	-92	1	642	0.0879572544184	raw	3147
G	-92	1	642	0.965683518079	norm	3147
T	-91	1	3058	0.418961501576	raw	3147
T	-91	1	3058	1.02874273326	norm	3147
A	-91	1	2966	0.40635703521	raw	3147
A	-91	1	2966	0.963723081184	norm	3147
C	-91	1	699	0.0957665433621	raw	3147
C	-91	1	699	1.19696318273	norm	3147
G	-91	1	576	0.078914919852	raw	3147
G	-91	1	576	0.866407642389	norm	3147
T	-90	1	3040	0.41649541033	raw	3147
T	-90	1	3040	1.02268734765	norm	3147
A	-90	1	2878	0.394300589122	raw	3147
A	-90	1	2878	0.935129813771	norm	3147
C	-90	1	721	0.0987806548842	raw	3147
C	-90	1	721	1.2346358437	norm	3147
G	-90	1	660	0.0904233456638	raw	3147
G	-90	1	660	0.992758756904	norm	3147
T	-89	1	3044	0.417043430607	raw	3147
T	-89	1	3044	1.02403298889	norm	3147
A	-89	1	2826	0.387176325524	raw	3147
A	-89	1	2826	0.918233792119	norm	3147
G	-89	1	772	0.105767913413	raw	3147
G	-89	1	772	1.16122690959	norm	3147
C	-89	1	657	0.0900123304562	raw	3147
C	-89	1	657	1.12504264814	norm	3147
T	-88	1	2953	0.404575969311	raw	3147
T	-88	1	2953	0.993419650526	norm	3147
A	-88	1	2888	0.395670639814	raw	3147
A	-88	1	2888	0.938379048705	norm	3147
C	-88	1	786	0.107685984381	raw	3147
C	-88	1	786	1.34594143294	norm	3147
G	-88	1	672	0.092067406494	raw	3147
G	-88	1	672	1.01080891612	norm	3147
A	-87	1	2907	0.398273736128	raw	3147
A	-87	1	2907	0.944552595078	norm	3147
T	-87	1	2893	0.39635566516	raw	3147
T	-87	1	2893	0.973235031823	norm	3147
C	-87	1	794	0.108782024935	raw	3147
C	-87	1	794	1.35964058238	norm	3147
G	-87	1	705	0.0965885737772	raw	3147
G	-87	1	705	1.06044685397	norm	3147
T	-86	1	3097	0.424304699274	raw	3147
T	-86	1	3097	1.04186273541	norm	3147
A	-86	1	2960	0.405535004795	raw	3147
A	-86	1	2960	0.961773540224	norm	3147
C	-86	1	644	0.0882312645568	raw	3147
C	-86	1	644	1.1027815303	norm	3147
G	-86	1	598	0.0819290313742	raw	3147
G	-86	1	598	0.899499600952	norm	3147
T	-85	1	3061	0.419372516783	raw	3147
T	-85	1	3061	1.02975196419	norm	3147
A	-85	1	2901	0.397451705713	raw	3147
A	-85	1	2901	0.942603054118	norm	3147
C	-85	1	734	0.100561720784	raw	3147
C	-85	1	734	1.25689696155	norm	3147
G	-85	1	603	0.0826140567201	raw	3147
G	-85	1	603	0.907020500626	norm	3147
T	-84	1	2972	0.407179065625	raw	3147
T	-84	1	2972	0.999811446449	norm	3147
A	-84	1	2903	0.397725715851	raw	3147
A	-84	1	2903	0.943252901104	norm	3147
C	-84	1	728	0.0997396903685	raw	3147
C	-84	1	728	1.24662259946	norm	3147
G	-84	1	696	0.0953555281545	raw	3147
G	-84	1	696	1.04690923455	norm	3147
T	-83	1	3193	0.437457185916	raw	3147
T	-83	1	3193	1.07415812534	norm	3147
A	-83	1	2719	0.372516783121	raw	3147
A	-83	1	2719	0.883466978334	norm	3147
C	-83	1	709	0.097136594054	raw	3147
C	-83	1	709	1.21408711953	norm	3147
G	-83	1	678	0.0928894369092	raw	3147
G	-83	1	678	1.01983399573	norm	3147
T	-82	1	3125	0.428140841211	raw	3147
T	-82	1	3125	1.05128222414	norm	3147
A	-82	1	2762	0.378408001096	raw	3147
A	-82	1	2762	0.897438688546	norm	3147
C	-82	1	731	0.100150705576	raw	3147
C	-82	1	731	1.25175978051	norm	3147
G	-82	1	681	0.0933004521167	raw	3147
G	-82	1	681	1.02434653553	norm	3147
T	-81	1	3038	0.416221400192	raw	3147
T	-81	1	3038	1.02201452702	norm	3147
A	-81	1	2761	0.378270996027	raw	3147
A	-81	1	2761	0.897113765053	norm	3147
G	-81	1	793	0.108645019866	raw	3147
G	-81	1	793	1.19281468822	norm	3147
C	-81	1	707	0.0968625839156	raw	3147
C	-81	1	707	1.21066233217	norm	3147
T	-80	1	3098	0.424441704343	raw	3147
T	-80	1	3098	1.04219914573	norm	3147
A	-80	1	2865	0.392519523222	raw	3147
A	-80	1	2865	0.930905808358	norm	3147
G	-80	1	691	0.0946705028086	raw	3147
G	-80	1	691	1.03938833488	norm	3147
C	-80	1	645	0.088368269626	raw	3147
C	-80	1	645	1.10449392398	norm	3147
A	-79	1	3019	0.413618303877	raw	3147
A	-79	1	3019	0.980944026329	norm	3147
T	-79	1	2892	0.39621866009	raw	3147
T	-79	1	2892	0.972898621511	norm	3147
C	-79	1	714	0.0978216193999	raw	3147
C	-79	1	714	1.22264908794	norm	3147
G	-79	1	674	0.0923414166324	raw	3147
G	-79	1	674	1.01381727599	norm	3147
T	-78	1	3073	0.421016577613	raw	3147
T	-78	1	3073	1.03378888793	norm	3147
A	-78	1	2825	0.387039320455	raw	3147
A	-78	1	2825	0.917908868626	norm	3147
G	-78	1	704	0.096451568708	raw	3147
G	-78	1	704	1.05894267403	norm	3147
C	-78	1	697	0.0954925332237	raw	3147
C	-78	1	697	1.19353839537	norm	3147
A	-77	1	2991	0.40978216194	raw	3147
A	-77	1	2991	0.971846168516	norm	3147
T	-77	1	2895	0.396629675298	raw	3147
T	-77	1	2895	0.973907852446	norm	3147
C	-77	1	739	0.10124674613	raw	3147
C	-77	1	739	1.26545892995	norm	3147
G	-77	1	674	0.0923414166324	raw	3147
G	-77	1	674	1.01381727599	norm	3147
T	-76	1	3118	0.427181805727	raw	3147
T	-76	1	3118	1.04892735196	norm	3147
A	-76	1	2861	0.391971502946	raw	3147
A	-76	1	2861	0.929606114385	norm	3147
G	-76	1	672	0.092067406494	raw	3147
G	-76	1	672	1.01080891612	norm	3147
C	-76	1	648	0.0887792848335	raw	3147
C	-76	1	648	1.10963110502	norm	3147
T	-75	1	3049	0.417728455953	raw	3147
T	-75	1	3049	1.02571504045	norm	3147
A	-75	1	2905	0.39799972599	raw	3147
A	-75	1	2905	0.943902748091	norm	3147
G	-75	1	702	0.0961775585697	raw	3147
G	-75	1	702	1.05593431416	norm	3147
C	-75	1	643	0.0880942594876	raw	3147
C	-75	1	643	1.10106913661	norm	3147
T	-74	1	3104	0.425263734758	raw	3147
T	-74	1	3104	1.0442176076	norm	3147
A	-74	1	2803	0.384025208933	raw	3147
A	-74	1	2803	0.910760551773	norm	3147
C	-74	1	711	0.0974106041924	raw	3147
C	-74	1	711	1.21751190689	norm	3147
G	-74	1	681	0.0933004521167	raw	3147
G	-74	1	681	1.02434653553	norm	3147
T	-73	1	2952	0.404438964242	raw	3147
T	-73	1	2952	0.993083240215	norm	3147
A	-73	1	2862	0.392108508015	raw	3147
A	-73	1	2862	0.929931037878	norm	3147
G	-73	1	773	0.105904918482	raw	3147
G	-73	1	773	1.16273108953	norm	3147
C	-73	1	712	0.0975476092615	raw	3147
C	-73	1	712	1.21922430057	norm	3147
T	-72	1	3184	0.436224140293	raw	3147
T	-72	1	3184	1.07113043254	norm	3147
A	-72	1	2724	0.373201808467	raw	3147
A	-72	1	2724	0.8850915958	norm	3147
G	-72	1	708	0.0969995889848	raw	3147
G	-72	1	708	1.06495939377	norm	3147
C	-72	1	683	0.0935744622551	raw	3147
C	-72	1	683	1.16956488384	norm	3147
A	-71	1	2943	0.403205918619	raw	3147
A	-71	1	2943	0.956249840837	norm	3147
T	-71	1	2937	0.402383888204	raw	3147
T	-71	1	2937	0.988037085539	norm	3147
G	-71	1	722	0.0989176599534	raw	3147
G	-71	1	722	1.08601791286	norm	3147
C	-71	1	697	0.0954925332237	raw	3147
C	-71	1	697	1.19353839537	norm	3147
A	-70	1	3019	0.413618303877	raw	3147
A	-70	1	3019	0.980944026329	norm	3147
T	-70	1	2977	0.407864090971	raw	3147
T	-70	1	2977	1.00149349801	norm	3147
C	-70	1	726	0.0994656802302	raw	3147
C	-70	1	726	1.2431978121	norm	3147
G	-70	1	577	0.0790519249212	raw	3147
G	-70	1	577	0.867911822324	norm	3147
T	-69	1	2977	0.407864090971	raw	3147
T	-69	1	2977	1.00149349801	norm	3147
A	-69	1	2832	0.387998355939	raw	3147
A	-69	1	2832	0.920183333079	norm	3147
C	-69	1	751	0.10289080696	raw	3147
C	-69	1	751	1.28600765412	norm	3147
G	-69	1	739	0.10124674613	raw	3147
G	-69	1	739	1.11158897175	norm	3147
T	-68	1	2943	0.403205918619	raw	3147
T	-68	1	2943	0.990055547409	norm	3147
A	-68	1	2872	0.393478558707	raw	3147
A	-68	1	2872	0.933180272812	norm	3147
C	-68	1	782	0.107137964105	raw	3147
C	-68	1	782	1.33909185822	norm	3147
G	-68	1	702	0.0961775585697	raw	3147
G	-68	1	702	1.05593431416	norm	3147
T	-67	1	2937	0.402383888204	raw	3147
T	-67	1	2937	0.988037085539	norm	3147
A	-67	1	2843	0.3895054117	raw	3147
A	-67	1	2843	0.923757491505	norm	3147
C	-67	1	793	0.108645019866	raw	3147
C	-67	1	793	1.3579281887	norm	3147
G	-67	1	726	0.0994656802302	raw	3147
G	-67	1	726	1.09203463259	norm	3147
A	-66	1	2893	0.39635566516	raw	3147
A	-66	1	2893	0.940003666171	norm	3147
T	-66	1	2890	0.395944649952	raw	3147
T	-66	1	2890	0.972225800888	norm	3147
C	-66	1	765	0.104808877928	raw	3147
C	-66	1	765	1.30998116565	norm	3147
G	-66	1	751	0.10289080696	raw	3147
G	-66	1	751	1.12963913096	norm	3147
A	-65	1	2977	0.407864090971	raw	3147
A	-65	1	2977	0.96729723961	norm	3147
T	-65	1	2858	0.391560487738	raw	3147
T	-65	1	2858	0.961460670912	norm	3147
G	-65	1	773	0.105904918482	raw	3147
G	-65	1	773	1.16273108953	norm	3147
C	-65	1	691	0.0946705028086	raw	3147
C	-65	1	691	1.18326403328	norm	3147
A	-64	1	3116	0.426907795588	raw	3147
A	-64	1	3116	1.01246160518	norm	3147
T	-64	1	2901	0.397451705713	raw	3147
T	-64	1	2901	0.975926314317	norm	3147
C	-64	1	760	0.104123852583	raw	3147
C	-64	1	760	1.30141919724	norm	3147
G	-64	1	522	0.0715166461159	raw	3147
G	-64	1	522	0.785181925915	norm	3147
T	-63	1	2958	0.405260994657	raw	3147
T	-63	1	2958	0.995101702085	norm	3147
A	-63	1	2831	0.38786135087	raw	3147
A	-63	1	2831	0.919858409585	norm	3147
C	-63	1	782	0.107137964105	raw	3147
C	-63	1	782	1.33909185822	norm	3147
G	-63	1	728	0.0997396903685	raw	3147
G	-63	1	728	1.09504299246	norm	3147
T	-62	1	3040	0.41649541033	raw	3147
T	-62	1	3040	1.02268734765	norm	3147
A	-62	1	2844	0.389642416769	raw	3147
A	-62	1	2844	0.924082414999	norm	3147
C	-62	1	737	0.100972735991	raw	3147
C	-62	1	737	1.26203414259	norm	3147
G	-62	1	678	0.0928894369092	raw	3147
G	-62	1	678	1.01983399573	norm	3147
A	-61	1	2954	0.40471297438	raw	3147
A	-61	1	2954	0.959823999264	norm	3147
T	-61	1	2867	0.392793533361	raw	3147
T	-61	1	2867	0.964488363718	norm	3147
C	-61	1	824	0.112892177011	raw	3147
C	-61	1	824	1.4110123928	norm	3147
G	-61	1	654	0.0896013152487	raw	3147
G	-61	1	654	0.983733677296	norm	3147
T	-60	1	3066	0.420057542129	raw	3147
T	-60	1	3066	1.03143401575	norm	3147
A	-60	1	2703	0.370324702014	raw	3147
A	-60	1	2703	0.878268202441	norm	3147
C	-60	1	780	0.106863953966	raw	3147
C	-60	1	780	1.33566707085	norm	3147
G	-60	1	750	0.102753801891	raw	3147
G	-60	1	750	1.12813495103	norm	3147
T	-59	1	2963	0.405946020003	raw	3147
T	-59	1	2963	0.996783753644	norm	3147
A	-59	1	2959	0.405397999726	raw	3147
A	-59	1	2959	0.96144861673	norm	3147
G	-59	1	718	0.0983696396767	raw	3147
G	-59	1	718	1.08000119312	norm	3147
C	-59	1	659	0.0902863405946	raw	3147
C	-59	1	659	1.1284674355	norm	3147
T	-58	1	3061	0.419372516783	raw	3147
T	-58	1	3061	1.02975196419	norm	3147
A	-58	1	2723	0.373064803398	raw	3147
A	-58	1	2723	0.884766672307	norm	3147
C	-58	1	811	0.111111111111	raw	3147
C	-58	1	811	1.38875127495	norm	3147
G	-58	1	704	0.096451568708	raw	3147
G	-58	1	704	1.05894267403	norm	3147
T	-57	1	2982	0.408549116317	raw	3147
T	-57	1	2982	1.00317554957	norm	3147
A	-57	1	2742	0.375667899712	raw	3147
A	-57	1	2742	0.89094021868	norm	3147
C	-57	1	821	0.112481161803	raw	3147
C	-57	1	821	1.40587521176	norm	3147
G	-57	1	754	0.103301822167	raw	3147
G	-57	1	754	1.13415167077	norm	3147
T	-56	1	3002	0.411289217701	raw	3147
T	-56	1	3002	1.0099037558	norm	3147
A	-56	1	2834	0.388272366078	raw	3147
A	-56	1	2834	0.920833180065	norm	3147
C	-56	1	748	0.102479791752	raw	3147
C	-56	1	748	1.28087047308	norm	3147
G	-56	1	715	0.0979586244691	raw	3147
G	-56	1	715	1.07548865331	norm	3147
T	-55	1	2924	0.400602822304	raw	3147
T	-55	1	2924	0.983663751486	norm	3147
A	-55	1	2897	0.396903685436	raw	3147
A	-55	1	2897	0.941303360145	norm	3147
C	-55	1	757	0.103712837375	raw	3147
C	-55	1	757	1.2962820162	norm	3147
G	-55	1	721	0.0987806548842	raw	3147
G	-55	1	721	1.08451373292	norm	3147
T	-54	1	2917	0.39964378682	raw	3147
T	-54	1	2917	0.981308879304	norm	3147
A	-54	1	2842	0.389368406631	raw	3147
A	-54	1	2842	0.923432568012	norm	3147
G	-54	1	791	0.108371009727	raw	3147
G	-54	1	791	1.18980632835	norm	3147
C	-54	1	749	0.102616796821	raw	3147
C	-54	1	749	1.28258286676	norm	3147
T	-53	1	3058	0.418961501576	raw	3147
T	-53	1	3058	1.02874273326	norm	3147
A	-53	1	2846	0.389916426908	raw	3147
A	-53	1	2846	0.924732261985	norm	3147
G	-53	1	753	0.103164817098	raw	3147
G	-53	1	753	1.13264749083	norm	3147
C	-53	1	642	0.0879572544184	raw	3147
C	-53	1	642	1.09935674293	norm	3147
A	-52	1	2996	0.410467187286	raw	3147
A	-52	1	2996	0.973470785983	norm	3147
T	-52	1	2896	0.396766680367	raw	3147
T	-52	1	2896	0.974244262758	norm	3147
C	-52	1	725	0.099328675161	raw	3147
C	-52	1	725	1.24148541842	norm	3147
G	-52	1	682	0.0934374571859	raw	3147
G	-52	1	682	1.02585071547	norm	3147
T	-51	1	2897	0.396903685436	raw	3147
T	-51	1	2897	0.97458067307	norm	3147
A	-51	1	2855	0.39114947253	raw	3147
A	-51	1	2855	0.927656573425	norm	3147
G	-51	1	780	0.106863953966	raw	3147
G	-51	1	780	1.17326034907	norm	3147
C	-51	1	767	0.105082888067	raw	3147
C	-51	1	767	1.31340595301	norm	3147
T	-50	1	2953	0.404575969311	raw	3147
T	-50	1	2953	0.993419650526	norm	3147
A	-50	1	2891	0.396081655021	raw	3147
A	-50	1	2891	0.939353819185	norm	3147
C	-50	1	749	0.102616796821	raw	3147
C	-50	1	749	1.28258286676	norm	3147
G	-50	1	706	0.0967255788464	raw	3147
G	-50	1	706	1.0619510339	norm	3147
T	-49	1	2958	0.405260994657	raw	3147
T	-49	1	2958	0.995101702085	norm	3147
A	-49	1	2853	0.390875462392	raw	3147
A	-49	1	2853	0.927006726438	norm	3147
C	-49	1	791	0.108371009727	raw	3147
C	-49	1	791	1.35450340134	norm	3147
G	-49	1	697	0.0954925332237	raw	3147
G	-49	1	697	1.04841341449	norm	3147
T	-48	1	2932	0.401698862858	raw	3147
T	-48	1	2932	0.98635503398	norm	3147
A	-48	1	2772	0.379778051788	raw	3147
A	-48	1	2772	0.90068792348	norm	3147
C	-48	1	834	0.114262227702	raw	3147
C	-48	1	834	1.42813632961	norm	3147
G	-48	1	761	0.104260857652	raw	3147
G	-48	1	761	1.14468093031	norm	3147
T	-47	1	3026	0.414577339362	raw	3147
T	-47	1	3026	1.01797760328	norm	3147
A	-47	1	2928	0.401150842581	raw	3147
A	-47	1	2928	0.951375988437	norm	3147
G	-47	1	681	0.0933004521167	raw	3147
G	-47	1	681	1.02434653553	norm	3147
C	-47	1	664	0.0909713659405	raw	3147
C	-47	1	664	1.13702940391	norm	3147
T	-46	1	3090	0.42334566379	raw	3147
T	-46	1	3090	1.03950786323	norm	3147
A	-46	1	2628	0.360049321825	raw	3147
A	-46	1	2628	0.853898940442	norm	3147
C	-46	1	852	0.116728318948	raw	3147
C	-46	1	852	1.45895941586	norm	3147
G	-46	1	729	0.0998766954377	raw	3147
G	-46	1	729	1.0965471724	norm	3147
A	-45	1	2931	0.401561857789	raw	3147
A	-45	1	2931	0.952350758917	norm	3147
T	-45	1	2819	0.38621729004	raw	3147
T	-45	1	2819	0.948340668755	norm	3147
C	-45	1	824	0.112892177011	raw	3147
C	-45	1	824	1.4110123928	norm	3147
G	-45	1	725	0.099328675161	raw	3147
G	-45	1	725	1.09053045266	norm	3147
T	-44	1	3028	0.4148513495	raw	3147
T	-44	1	3028	1.01865042391	norm	3147
A	-44	1	2864	0.392382518153	raw	3147
A	-44	1	2864	0.930580884865	norm	3147
C	-44	1	781	0.107000959035	raw	3147
C	-44	1	781	1.33737946453	norm	3147
G	-44	1	626	0.0857651733114	raw	3147
G	-44	1	626	0.941616639124	norm	3147
A	-43	1	2900	0.397314700644	raw	3147
A	-43	1	2900	0.942278130624	norm	3147
T	-43	1	2806	0.38443622414	raw	3147
T	-43	1	2806	0.943967334703	norm	3147
G	-43	1	820	0.112344156734	raw	3147
G	-43	1	820	1.23342754646	norm	3147
C	-43	1	773	0.105904918482	raw	3147
C	-43	1	773	1.32368031509	norm	3147
T	-42	1	2886	0.395396629675	raw	3147
T	-42	1	2886	0.970880159641	norm	3147
A	-42	1	2779	0.380737087272	raw	3147
A	-42	1	2779	0.902962387933	norm	3147
C	-42	1	917	0.125633648445	raw	3147
C	-42	1	917	1.57026500509	norm	3147
G	-42	1	717	0.0982326346075	raw	3147
G	-42	1	717	1.07849701318	norm	3147
T	-41	1	3046	0.417317440745	raw	3147
T	-41	1	3046	1.02470580952	norm	3147
A	-41	1	2737	0.374982874366	raw	3147
A	-41	1	2737	0.889315601214	norm	3147
G	-41	1	779	0.106726948897	raw	3147
G	-41	1	779	1.17175616913	norm	3147
C	-41	1	737	0.100972735991	raw	3147
C	-41	1	737	1.26203414259	norm	3147
A	-40	1	2966	0.40635703521	raw	3147
A	-40	1	2966	0.963723081184	norm	3147
T	-40	1	2841	0.389231401562	raw	3147
T	-40	1	2841	0.955741695613	norm	3147
C	-40	1	780	0.106863953966	raw	3147
C	-40	1	780	1.33566707085	norm	3147
G	-40	1	712	0.0975476092615	raw	3147
G	-40	1	712	1.07097611351	norm	3147
T	-39	1	2819	0.38621729004	raw	3147
T	-39	1	2819	0.948340668755	norm	3147
A	-39	1	2805	0.384299219071	raw	3147
A	-39	1	2805	0.911410398759	norm	3147
G	-39	1	892	0.122208521715	raw	3147
G	-39	1	892	1.34172850176	norm	3147
C	-39	1	783	0.107274969174	raw	3147
C	-39	1	783	1.3408042519	norm	3147
T	-38	1	2907	0.398273736128	raw	3147
T	-38	1	2907	0.977944776187	norm	3147
A	-38	1	2791	0.382381148102	raw	3147
A	-38	1	2791	0.906861469853	norm	3147
G	-38	1	890	0.121934511577	raw	3147
G	-38	1	890	1.33872014189	norm	3147
C	-38	1	711	0.0974106041924	raw	3147
C	-38	1	711	1.21751190689	norm	3147
T	-37	1	2921	0.400191807097	raw	3147
T	-37	1	2921	0.982654520551	norm	3147
A	-37	1	2711	0.371420742567	raw	3147
A	-37	1	2711	0.880867590387	norm	3147
C	-37	1	898	0.12303055213	raw	3147
C	-37	1	898	1.53772952516	norm	3147
G	-37	1	769	0.105356898205	raw	3147
G	-37	1	769	1.15671436979	norm	3147
T	-36	1	2852	0.390738457323	raw	3147
T	-36	1	2852	0.959442209042	norm	3147
A	-36	1	2713	0.371694752706	raw	3147
A	-36	1	2713	0.881517437374	norm	3147
G	-36	1	924	0.126592683929	raw	3147
G	-36	1	924	1.38986225967	norm	3147
C	-36	1	810	0.110974106042	raw	3147
C	-36	1	810	1.38703888127	norm	3147
T	-35	1	2943	0.403205918619	raw	3147
T	-35	1	2943	0.990055547409	norm	3147
A	-35	1	2860	0.391834497876	raw	3147
A	-35	1	2860	0.929281190892	norm	3147
G	-35	1	766	0.104945882998	raw	3147
G	-35	1	766	1.15220182998	norm	3147
C	-35	1	730	0.100013700507	raw	3147
C	-35	1	730	1.25004738683	norm	3147
A	-34	1	2849	0.390327442115	raw	3147
A	-34	1	2849	0.925707032465	norm	3147
T	-34	1	2831	0.38786135087	raw	3147
T	-34	1	2831	0.952377592496	norm	3147
C	-34	1	885	0.121249486231	raw	3147
C	-34	1	885	1.51546840732	norm	3147
G	-34	1	734	0.100561720784	raw	3147
G	-34	1	734	1.10406807207	norm	3147
T	-33	1	2809	0.384847239348	raw	3147
T	-33	1	2809	0.944976565638	norm	3147
A	-33	1	2766	0.378956021373	raw	3147
A	-33	1	2766	0.89873838252	norm	3147
G	-33	1	947	0.129743800521	raw	3147
G	-33	1	947	1.42445839816	norm	3147
C	-33	1	777	0.106452938759	raw	3147
C	-33	1	777	1.33052988981	norm	3147
A	-32	1	2807	0.384573229209	raw	3147
A	-32	1	2807	0.912060245746	norm	3147
T	-32	1	2778	0.380600082203	raw	3147
T	-32	1	2778	0.934547845974	norm	3147
G	-32	1	928	0.127140704206	raw	3147
G	-32	1	928	1.3958789794	norm	3147
C	-32	1	786	0.107685984381	raw	3147
C	-32	1	786	1.34594143294	norm	3147
A	-31	1	2868	0.39293053843	raw	3147
A	-31	1	2868	0.931880578838	norm	3147
T	-31	1	2784	0.381422112618	raw	3147
T	-31	1	2784	0.936566307845	norm	3147
C	-31	1	877	0.120153445677	raw	3147
C	-31	1	877	1.50176925787	norm	3147
G	-31	1	770	0.105493903274	raw	3147
G	-31	1	770	1.15821854972	norm	3147
A	-30	1	2809	0.384847239348	raw	3147
A	-30	1	2809	0.912710092732	norm	3147
T	-30	1	2741	0.375530894643	raw	3147
T	-30	1	2741	0.922100664441	norm	3147
C	-30	1	885	0.121249486231	raw	3147
C	-30	1	885	1.51546840732	norm	3147
G	-30	1	864	0.118372379778	raw	3147
G	-30	1	864	1.29961146358	norm	3147
T	-29	1	2947	0.403753938896	raw	3147
T	-29	1	2947	0.991401188656	norm	3147
A	-29	1	2768	0.379230031511	raw	3147
A	-29	1	2768	0.899388229506	norm	3147
C	-29	1	813	0.111385121249	raw	3147
C	-29	1	813	1.39217606231	norm	3147
G	-29	1	771	0.105630908344	raw	3147
G	-29	1	771	1.15972272966	norm	3147
A	-28	1	2902	0.397588710782	raw	3147
A	-28	1	2902	0.942927977611	norm	3147
T	-28	1	2812	0.385258254555	raw	3147
T	-28	1	2812	0.945985796573	norm	3147
C	-28	1	821	0.112481161803	raw	3147
C	-28	1	821	1.40587521176	norm	3147
G	-28	1	764	0.104671872859	raw	3147
G	-28	1	764	1.14919347011	norm	3147
A	-27	1	2893	0.39635566516	raw	3147
A	-27	1	2893	0.940003666171	norm	3147
T	-27	1	2640	0.361693382655	raw	3147
T	-27	1	2640	0.888123222956	norm	3147
C	-27	1	940	0.128784765036	raw	3147
C	-27	1	940	1.60965005975	norm	3147
G	-27	1	826	0.113166187149	raw	3147
G	-27	1	826	1.24245262606	norm	3147
T	-26	1	2929	0.40128784765	raw	3147
T	-26	1	2929	0.985345803045	norm	3147
A	-26	1	2728	0.373749828744	raw	3147
A	-26	1	2728	0.886391289774	norm	3147
C	-26	1	900	0.123304562269	raw	3147
C	-26	1	900	1.54115431252	norm	3147
G	-26	1	742	0.101657761337	raw	3147
G	-26	1	742	1.11610151155	norm	3147
T	-25	1	2809	0.384847239348	raw	3147
T	-25	1	2809	0.944976565638	norm	3147
A	-25	1	2762	0.378408001096	raw	3147
A	-25	1	2762	0.897438688546	norm	3147
C	-25	1	933	0.127825729552	raw	3147
C	-25	1	933	1.59766330398	norm	3147
G	-25	1	795	0.108919030004	raw	3147
G	-25	1	795	1.19582304809	norm	3147
T	-24	1	2729	0.373886833813	raw	3147
T	-24	1	2729	0.9180637407	norm	3147
A	-24	1	2721	0.372790793259	raw	3147
A	-24	1	2721	0.88411682532	norm	3147
C	-24	1	971	0.133031922181	raw	3147
C	-24	1	971	1.66273426385	norm	3147
G	-24	1	878	0.120290450747	raw	3147
G	-24	1	878	1.32066998267	norm	3147
T	-23	1	2905	0.39799972599	raw	3147
T	-23	1	2905	0.977271955564	norm	3147
A	-23	1	2707	0.370872722291	raw	3147
A	-23	1	2707	0.879567896414	norm	3147
C	-23	1	888	0.121660501439	raw	3147
C	-23	1	888	1.52060558836	norm	3147
G	-23	1	799	0.109467050281	raw	3147
G	-23	1	799	1.20183976783	norm	3147
T	-22	1	2875	0.393889573914	raw	3147
T	-22	1	2875	0.967179646212	norm	3147
A	-22	1	2610	0.35758323058	raw	3147
A	-22	1	2610	0.848050317562	norm	3147
C	-22	1	980	0.134264967804	raw	3147
C	-22	1	980	1.67814580697	norm	3147
G	-22	1	834	0.114262227702	raw	3147
G	-22	1	834	1.25448606554	norm	3147
T	-21	1	2793	0.382655158241	raw	3147
T	-21	1	2793	0.93959400065	norm	3147
A	-21	1	2567	0.351692012604	raw	3147
A	-21	1	2567	0.834078607349	norm	3147
C	-21	1	1056	0.144677353062	raw	3147
C	-21	1	1056	1.8082877267	norm	3147
G	-21	1	883	0.120975476093	raw	3147
G	-21	1	883	1.32819088234	norm	3147
A	-20	1	2844	0.389642416769	raw	3147
A	-20	1	2844	0.924082414999	norm	3147
T	-20	1	2624	0.359501301548	raw	3147
T	-20	1	2624	0.882740657969	norm	3147
G	-20	1	926	0.126866694068	raw	3147
G	-20	1	926	1.39287061954	norm	3147
C	-20	1	905	0.123989587615	raw	3147
C	-20	1	905	1.54971628093	norm	3147
A	-19	1	2736	0.374845869297	raw	3147
A	-19	1	2736	0.88899067772	norm	3147
T	-19	1	2683	0.36758460063	raw	3147
T	-19	1	2683	0.90258886636	norm	3147
C	-19	1	961	0.131661871489	raw	3147
C	-19	1	961	1.64561032704	norm	3147
G	-19	1	919	0.125907658583	raw	3147
G	-19	1	919	1.38234135999	norm	3147
T	-18	1	2745	0.37607891492	raw	3147
T	-18	1	2745	0.923446305687	norm	3147
A	-18	1	2691	0.368680641184	raw	3147
A	-18	1	2691	0.874369120521	norm	3147
C	-18	1	969	0.132757912043	raw	3147
C	-18	1	969	1.65930947648	norm	3147
G	-18	1	894	0.122482531854	raw	3147
G	-18	1	894	1.34473686162	norm	3147
T	-17	1	2755	0.377448965612	raw	3147
T	-17	1	2755	0.926810408805	norm	3147
A	-17	1	2681	0.367310590492	raw	3147
A	-17	1	2681	0.871119885588	norm	3147
C	-17	1	963	0.131935881628	raw	3147
C	-17	1	963	1.6490351144	norm	3147
G	-17	1	900	0.123304562269	raw	3147
G	-17	1	900	1.35376194123	norm	3147
T	-16	1	2788	0.381970132895	raw	3147
T	-16	1	2788	0.937911949092	norm	3147
A	-16	1	2566	0.351555007535	raw	3147
A	-16	1	2566	0.833753683856	norm	3147
C	-16	1	1036	0.141937251678	raw	3147
C	-16	1	1036	1.77403985308	norm	3147
G	-16	1	909	0.124537607891	raw	3147
G	-16	1	909	1.36729956065	norm	3147
T	-15	1	2692	0.368817646253	raw	3147
T	-15	1	2692	0.905616559166	norm	3147
A	-15	1	2558	0.350458966982	raw	3147
A	-15	1	2558	0.831154295909	norm	3147
C	-15	1	1077	0.147554459515	raw	3147
C	-15	1	1077	1.84424799399	norm	3147
G	-15	1	972	0.13316892725	raw	3147
G	-15	1	972	1.46206289653	norm	3147
A	-14	1	2703	0.370324702014	raw	3147
A	-14	1	2703	0.878268202441	norm	3147
T	-14	1	2688	0.368269625976	raw	3147
T	-14	1	2688	0.904270917919	norm	3147
C	-14	1	995	0.136320043842	raw	3147
C	-14	1	995	1.70383171218	norm	3147
G	-14	1	913	0.125085628168	raw	3147
G	-14	1	913	1.37331628038	norm	3147
A	-13	1	2784	0.381422112618	raw	3147
A	-13	1	2784	0.904587005399	norm	3147
T	-13	1	2515	0.344567749007	raw	3147
T	-13	1	2515	0.84607193399	norm	3147
C	-13	1	1067	0.146184408823	raw	3147
C	-13	1	1067	1.82712405718	norm	3147
G	-13	1	933	0.127825729552	raw	3147
G	-13	1	933	1.40339987908	norm	3147
T	-12	1	2719	0.372516783121	raw	3147
T	-12	1	2719	0.914699637583	norm	3147
A	-12	1	2463	0.337443485409	raw	3147
A	-12	1	2463	0.800286564044	norm	3147
C	-12	1	1119	0.153308672421	raw	3147
C	-12	1	1119	1.91616852857	norm	3147
G	-12	1	998	0.136731059049	raw	3147
G	-12	1	998	1.50117157483	norm	3147
T	-11	1	2662	0.364707494177	raw	3147
T	-11	1	2662	0.895524249814	norm	3147
A	-11	1	2641	0.361830387724	raw	3147
A	-11	1	2641	0.858122945855	norm	3147
C	-11	1	1046	0.14330730237	raw	3147
C	-11	1	1046	1.79116378989	norm	3147
G	-11	1	950	0.130154815728	raw	3147
G	-11	1	950	1.42897093797	norm	3147
T	-10	1	2755	0.377448965612	raw	3147
T	-10	1	2755	0.926810408805	norm	3147
A	-10	1	2654	0.363611453624	raw	3147
A	-10	1	2654	0.862346951268	norm	3147
C	-10	1	1001	0.137142074257	raw	3147
C	-10	1	1001	1.71410607426	norm	3147
G	-10	1	889	0.121797506508	raw	3147
G	-10	1	889	1.33721596195	norm	3147
T	-9	1	2661	0.364570489108	raw	3147
T	-9	1	2661	0.895187839502	norm	3147
A	-9	1	2641	0.361830387724	raw	3147
A	-9	1	2641	0.858122945855	norm	3147
C	-9	1	1016	0.139197150295	raw	3147
C	-9	1	1016	1.73979197947	norm	3147
G	-9	1	981	0.134401972873	raw	3147
G	-9	1	981	1.47560051594	norm	3147
T	-8	1	2673	0.366214549938	raw	3147
T	-8	1	2673	0.899224763243	norm	3147
A	-8	1	2556	0.350184956843	raw	3147
A	-8	1	2556	0.830504448923	norm	3147
C	-8	1	1038	0.142211261817	raw	3147
C	-8	1	1038	1.77746464044	norm	3147
G	-8	1	1032	0.141389231402	raw	3147
G	-8	1	1032	1.55231369261	norm	3147
T	-7	1	2781	0.381011097411	raw	3147
T	-7	1	2781	0.93555707691	norm	3147
A	-7	1	2318	0.317577750377	raw	3147
A	-7	1	2318	0.753172657513	norm	3147
C	-7	1	1127	0.154404712974	raw	3147
C	-7	1	1127	1.92986767802	norm	3147
G	-7	1	1073	0.147006439238	raw	3147
G	-7	1	1073	1.61398506994	norm	3147
T	-6	1	2528	0.346348814906	raw	3147
T	-6	1	2528	0.850445268043	norm	3147
A	-6	1	2471	0.338539525962	raw	3147
A	-6	1	2471	0.802885951991	norm	3147
G	-6	1	1159	0.158788875188	raw	3147
G	-6	1	1159	1.74334454432	norm	3147
C	-6	1	1141	0.156322783943	raw	3147
C	-6	1	1141	1.95384118954	norm	3147
T	-5	1	2670	0.365803534731	raw	3147
T	-5	1	2670	0.898215532308	norm	3147
A	-5	1	2547	0.348951911221	raw	3147
A	-5	1	2547	0.827580137483	norm	3147
C	-5	1	1157	0.15851486505	raw	3147
C	-5	1	1157	1.98123948843	norm	3147
G	-5	1	925	0.126729688998	raw	3147
G	-5	1	925	1.3913664396	norm	3147
T	-4	1	2671	0.3659405398	raw	3147
T	-4	1	2671	0.89855194262	norm	3147
A	-4	1	2631	0.360460337032	raw	3147
A	-4	1	2631	0.854873710922	norm	3147
C	-4	1	1159	0.158788875188	raw	3147
C	-4	1	1159	1.9846642758	norm	3147
G	-4	1	838	0.114810247979	raw	3147
G	-4	1	838	1.26050278528	norm	3147
T	-3	1	2591	0.354980134265	raw	3147
T	-3	1	2591	0.871639117682	norm	3147
A	-3	1	2516	0.344704754076	raw	3147
A	-3	1	2516	0.81750750919	norm	3147
C	-3	1	1156	0.158377859981	raw	3147
C	-3	1	1156	1.97952709475	norm	3147
G	-3	1	1036	0.141937251678	raw	3147
G	-3	1	1036	1.55833041235	norm	3147
T	-2	1	3123	0.427866831073	raw	3147
T	-2	1	3123	1.05060940352	norm	3147
A	-2	1	2245	0.307576380326	raw	3147
A	-2	1	2245	0.729453242501	norm	3147
C	-2	1	1093	0.149746540622	raw	3147
C	-2	1	1093	1.87164629288	norm	3147
G	-2	1	838	0.114810247979	raw	3147
G	-2	1	838	1.26050278528	norm	3147
T	-1	1	2850	0.390464447185	raw	3147
T	-1	1	2850	0.958769388419	norm	3147
A	-1	1	2380	0.326072064666	raw	3147
A	-1	1	2380	0.773317914099	norm	3147
C	-1	1	1241	0.170023290862	raw	3147
C	-1	1	1241	2.1250805576	norm	3147
G	-1	1	828	0.113440197287	raw	3147
G	-1	1	828	1.24546098593	norm	3147
C	0	1	3749	0.513632004384	raw	3147
C	0	1	3749	6.4197639085	norm	3147
A	0	1	1879	0.257432525003	raw	3147
A	0	1	1879	0.610531243946	norm	3147
G	0	1	926	0.126866694068	raw	3147
G	0	1	926	1.39287061954	norm	3147
T	0	1	745	0.102068776545	raw	3147
T	0	1	745	0.250625682236	norm	3147
A	1	1	2978	0.408001096041	raw	3147
A	1	1	2978	0.967622163103	norm	3147
T	1	1	2527	0.346211809837	raw	3147
T	1	1	2527	0.850108857731	norm	3147
C	1	1	1293	0.17714755446	raw	3147
C	1	1	1293	2.21412502899	norm	3147
G	1	1	501	0.068639539663	raw	3147
G	1	1	501	0.753594147286	norm	3147
T	2	1	2603	0.356624195095	raw	3147
T	2	1	2603	0.875676041422	norm	3147
A	2	1	2319	0.317714755446	raw	3147
A	2	1	2319	0.753497581006	norm	3147
C	2	1	1232	0.168790245239	raw	3147
C	2	1	1232	2.10966901448	norm	3147
G	2	1	1145	0.15687080422	raw	3147
G	2	1	1145	1.72228602523	norm	3147
T	3	1	2816	0.385806274832	raw	3147
T	3	1	2816	0.94733143782	norm	3147
A	3	1	2201	0.301548157282	raw	3147
A	3	1	2201	0.715156608795	norm	3147
G	3	1	1185	0.162351006987	raw	3147
G	3	1	1185	1.78245322262	norm	3147
C	3	1	1097	0.150294560899	raw	3147
C	3	1	1097	1.8784958676	norm	3147
A	4	1	2564	0.351280997397	raw	3147
A	4	1	2564	0.833103836869	norm	3147
T	4	1	2490	0.341142622277	raw	3147
T	4	1	2490	0.837661676197	norm	3147
G	4	1	1264	0.173174407453	raw	3147
G	4	1	1264	1.90128343746	norm	3147
C	4	1	981	0.134401972873	raw	3147
C	4	1	981	1.67985820065	norm	3147
T	5	1	2513	0.344293738868	raw	3147
T	5	1	2513	0.845399113367	norm	3147
A	5	1	2269	0.310864501987	raw	3147
A	5	1	2269	0.73725140634	norm	3147
G	5	1	1268	0.17372242773	raw	3147
G	5	1	1268	1.9073001572	norm	3147
C	5	1	1249	0.171119331415	raw	3147
C	5	1	1249	2.13877970705	norm	3147
T	6	1	2579	0.353336073435	raw	3147
T	6	1	2579	0.867602193941	norm	3147
A	6	1	2000	0.274010138375	raw	3147
A	6	1	2000	0.649846986638	norm	3147
C	6	1	1474	0.201945471982	raw	3147
C	6	1	1474	2.52406828518	norm	3147
G	6	1	1246	0.170708316208	raw	3147
G	6	1	1246	1.87420819864	norm	3147
T	7	1	2740	0.375393889574	raw	3147
T	7	1	2740	0.921764254129	norm	3147
A	7	1	2284	0.312919578024	raw	3147
A	7	1	2284	0.74212525874	norm	3147
C	7	1	1237	0.169475270585	raw	3147
C	7	1	1237	2.11823098288	norm	3147
G	7	1	1038	0.142211261817	raw	3147
G	7	1	1038	1.56133877222	norm	3147
T	8	1	2723	0.373064803398	raw	3147
T	8	1	2723	0.916045278829	norm	3147
A	8	1	2294	0.314289628716	raw	3147
A	8	1	2294	0.745374493673	norm	3147
C	8	1	1240	0.169886285793	raw	3147
C	8	1	1240	2.12336816392	norm	3147
G	8	1	1042	0.142759282093	raw	3147
G	8	1	1042	1.56735549196	norm	3147
T	9	1	2768	0.379230031511	raw	3147
T	9	1	2768	0.931183742857	norm	3147
A	9	1	2167	0.296889984929	raw	3147
A	9	1	2167	0.704109210022	norm	3147
C	9	1	1228	0.168242224962	raw	3147
C	9	1	1228	2.10281943976	norm	3147
G	9	1	1136	0.155637758597	raw	3147
G	9	1	1136	1.70874840582	norm	3147
T	10	1	2627	0.359912316756	raw	3147
T	10	1	2627	0.883749888904	norm	3147
A	10	1	2345	0.321276887245	raw	3147
A	10	1	2345	0.761945591833	norm	3147
C	10	1	1189	0.162899027264	raw	3147
C	10	1	1189	2.03603608621	norm	3147
G	10	1	1138	0.155911768735	raw	3147
G	10	1	1138	1.71175676569	norm	3147
T	11	1	2495	0.341827647623	raw	3147
T	11	1	2495	0.839343727756	norm	3147
A	11	1	2267	0.310590491848	raw	3147
A	11	1	2267	0.736601559354	norm	3147
G	11	1	1282	0.175640498698	raw	3147
G	11	1	1282	1.92835867629	norm	3147
C	11	1	1255	0.17194136183	raw	3147
C	11	1	1255	2.14905406913	norm	3147
T	12	1	2618	0.358679271133	raw	3147
T	12	1	2618	0.880722196098	norm	3147
A	12	1	2277	0.31196054254	raw	3147
A	12	1	2277	0.739850794287	norm	3147
C	12	1	1298	0.177832579805	raw	3147
C	12	1	1298	2.2226869974	norm	3147
G	12	1	1106	0.151527606521	raw	3147
G	12	1	1106	1.66362300778	norm	3147
T	13	1	2684	0.367721605699	raw	3147
T	13	1	2684	0.902925276672	norm	3147
A	13	1	2346	0.321413892314	raw	3147
A	13	1	2346	0.762270515326	norm	3147
C	13	1	1170	0.160295930949	raw	3147
C	13	1	1170	2.00350060628	norm	3147
G	13	1	1099	0.150568571037	raw	3147
G	13	1	1099	1.65309374824	norm	3147
T	14	1	2682	0.367447595561	raw	3147
T	14	1	2682	0.902252456049	norm	3147
A	14	1	2348	0.321687902452	raw	3147
A	14	1	2348	0.762920362313	norm	3147
C	14	1	1276	0.174818468283	raw	3147
C	14	1	1276	2.18501433642	norm	3147
G	14	1	993	0.136046033703	raw	3147
G	14	1	993	1.49365067516	norm	3147
T	15	1	2490	0.341142622277	raw	3147
T	15	1	2490	0.837661676197	norm	3147
A	15	1	2286	0.313193588163	raw	3147
A	15	1	2286	0.742775105727	norm	3147
C	15	1	1315	0.180161665982	raw	3147
C	15	1	1315	2.25179768997	norm	3147
G	15	1	1208	0.165502123579	raw	3147
G	15	1	1208	1.81704936112	norm	3147
T	16	1	2722	0.372927798329	raw	3147
T	16	1	2722	0.915708868518	norm	3147
A	16	1	2105	0.28839567064	raw	3147
A	16	1	2105	0.683963953436	norm	3147
G	16	1	1386	0.189889025894	raw	3147
G	16	1	1386	2.0847933895	norm	3147
C	16	1	1086	0.148787505138	raw	3147
C	16	1	1086	1.85965953711	norm	3147
T	17	1	2586	0.354295108919	raw	3147
T	17	1	2586	0.869957066123	norm	3147
A	17	1	2335	0.319906836553	raw	3147
A	17	1	2335	0.758696356899	norm	3147
C	17	1	1240	0.169886285793	raw	3147
C	17	1	1240	2.12336816392	norm	3147
G	17	1	1138	0.155911768735	raw	3147
G	17	1	1138	1.71175676569	norm	3147
T	18	1	2467	0.337991505686	raw	3147
T	18	1	2467	0.829924239028	norm	3147
A	18	1	2251	0.308398410741	raw	3147
A	18	1	2251	0.731402783461	norm	3147
C	18	1	1308	0.179202630497	raw	3147
C	18	1	1308	2.2398109342	norm	3147
G	18	1	1273	0.174407453076	raw	3147
G	18	1	1273	1.91482105688	norm	3147
T	19	1	2687	0.368132620907	raw	3147
T	19	1	2687	0.903934507607	norm	3147
A	19	1	2277	0.31196054254	raw	3147
A	19	1	2277	0.739850794287	norm	3147
C	19	1	1169	0.16015892588	raw	3147
C	19	1	1169	2.0017882126	norm	3147
G	19	1	1166	0.159747910673	raw	3147
G	19	1	1166	1.75387380386	norm	3147
T	20	1	2738	0.375119879436	raw	3147
T	20	1	2738	0.921091433505	norm	3147
A	20	1	2188	0.299767091382	raw	3147
A	20	1	2188	0.710932603382	norm	3147
C	20	1	1209	0.165639128648	raw	3147
C	20	1	1209	2.07028395982	norm	3147
G	20	1	1164	0.159473900534	raw	3147
G	20	1	1164	1.75086544399	norm	3147
T	21	1	2545	0.348677901082	raw	3147
T	21	1	2545	0.856164243342	norm	3147
A	21	1	2329	0.319084806138	raw	3147
A	21	1	2329	0.756746815939	norm	3147
C	21	1	1244	0.170434306069	raw	3147
C	21	1	1244	2.13021773864	norm	3147
G	21	1	1181	0.161802986711	raw	3147
G	21	1	1181	1.77643650288	norm	3147
T	22	1	2728	0.373749828744	raw	3147
T	22	1	2728	0.917727330388	norm	3147
A	22	1	2287	0.313330593232	raw	3147
A	22	1	2287	0.74310002922	norm	3147
C	22	1	1211	0.165913138786	raw	3147
C	22	1	1211	2.07370874719	norm	3147
G	22	1	1073	0.147006439238	raw	3147
G	22	1	1073	1.61398506994	norm	3147
T	23	1	2798	0.383340183587	raw	3147
T	23	1	2798	0.941276052209	norm	3147
A	23	1	2177	0.298260035621	raw	3147
A	23	1	2177	0.707358444955	norm	3147
C	23	1	1213	0.166187148925	raw	3147
C	23	1	1213	2.07713353455	norm	3147
G	23	1	1111	0.152212631867	raw	3147
G	23	1	1111	1.67114390746	norm	3147
T	24	1	2547	0.348951911221	raw	3147
T	24	1	2547	0.856837063966	norm	3147
A	24	1	2243	0.307302370188	raw	3147
A	24	1	2243	0.728803395514	norm	3147
C	24	1	1411	0.193314152624	raw	3147
C	24	1	1411	2.4161874833	norm	3147
G	24	1	1098	0.150431565968	raw	3147
G	24	1	1098	1.6515895683	norm	3147
T	25	1	2542	0.348266885875	raw	3147
T	25	1	2542	0.855155012407	norm	3147
A	25	1	2503	0.342923688176	raw	3147
A	25	1	2503	0.813283503777	norm	3147
C	25	1	1192	0.163310042472	raw	3147
C	25	1	1192	2.04117326725	norm	3147
G	25	1	1062	0.145499383477	raw	3147
G	25	1	1062	1.59743909065	norm	3147
T	26	1	2799	0.383477188656	raw	3147
T	26	1	2799	0.941612462521	norm	3147
A	26	1	2296	0.314563638855	raw	3147
A	26	1	2296	0.74602434066	norm	3147
C	26	1	1186	0.162488012056	raw	3147
C	26	1	1186	2.03089890517	norm	3147
G	26	1	1018	0.139471160433	raw	3147
G	26	1	1018	1.53125517353	norm	3147
T	27	1	2706	0.370735717222	raw	3147
T	27	1	2706	0.91032630353	norm	3147
A	27	1	2334	0.319769831484	raw	3147
A	27	1	2334	0.758371433406	norm	3147
C	27	1	1167	0.159884915742	raw	3147
C	27	1	1167	1.99836342524	norm	3147
G	27	1	1092	0.149609535553	raw	3147
G	27	1	1092	1.6425644887	norm	3147
T	28	1	2801	0.383751198794	raw	3147
T	28	1	2801	0.942285283144	norm	3147
A	28	1	2419	0.331415262365	raw	3147
A	28	1	2419	0.785989930338	norm	3147
G	28	1	1053	0.144266337855	raw	3147
G	28	1	1053	1.58390147124	norm	3147
C	28	1	1026	0.140567200986	raw	3147
C	28	1	1026	1.75691591628	norm	3147
T	29	1	2758	0.377859980819	raw	3147
T	29	1	2758	0.92781963974	norm	3147
A	29	1	2227	0.305110289081	raw	3147
A	29	1	2227	0.723604619621	norm	3147
G	29	1	1179	0.161528976572	raw	3147
G	29	1	1179	1.77342814301	norm	3147
C	29	1	1135	0.155500753528	raw	3147
C	29	1	1135	1.94356682746	norm	3147
T	30	1	2738	0.375119879436	raw	3147
T	30	1	2738	0.921091433505	norm	3147
A	30	1	2304	0.315659679408	raw	3147
A	30	1	2304	0.748623728606	norm	3147
C	30	1	1146	0.157007809289	raw	3147
C	30	1	1146	1.96240315795	norm	3147
G	30	1	1111	0.152212631867	raw	3147
G	30	1	1111	1.67114390746	norm	3147
T	31	1	2680	0.367173585423	raw	3147
T	31	1	2680	0.901579635425	norm	3147
A	31	1	2510	0.343882723661	raw	3147
A	31	1	2510	0.81555796823	norm	3147
C	31	1	1099	0.150568571037	raw	3147
C	31	1	1099	1.88192065496	norm	3147
G	31	1	1010	0.138375119879	raw	3147
G	31	1	1010	1.51922173405	norm	3147
T	32	1	2710	0.371283737498	raw	3147
T	32	1	2710	0.911671944777	norm	3147
A	32	1	2413	0.33059323195	raw	3147
A	32	1	2413	0.784040389378	norm	3147
C	32	1	1126	0.154267707905	raw	3147
C	32	1	1126	1.92815528434	norm	3147
G	32	1	1050	0.143855322647	raw	3147
G	32	1	1050	1.57938893144	norm	3147
T	33	1	2852	0.390738457323	raw	3147
T	33	1	2852	0.959442209042	norm	3147
A	33	1	2354	0.322509932868	raw	3147
A	33	1	2354	0.764869903272	norm	3147
G	33	1	1073	0.147006439238	raw	3147
G	33	1	1073	1.61398506994	norm	3147
C	33	1	1020	0.139745170571	raw	3147
C	33	1	1020	1.74664155419	norm	3147
T	34	1	2780	0.380874092341	raw	3147
T	34	1	2780	0.935220666598	norm	3147
A	34	1	2452	0.335936429648	raw	3147
A	34	1	2452	0.796712405618	norm	3147
G	34	1	1126	0.154267707905	raw	3147
G	34	1	1126	1.69370660648	norm	3147
C	34	1	941	0.128921770105	raw	3147
C	34	1	941	1.61136245343	norm	3147
T	35	1	2855	0.39114947253	raw	3147
T	35	1	2855	0.960451439977	norm	3147
A	35	1	2371	0.324839019044	raw	3147
A	35	1	2371	0.770393602659	norm	3147
C	35	1	1065	0.145910398685	raw	3147
C	35	1	1065	1.82369926982	norm	3147
G	35	1	1008	0.138101109741	raw	3147
G	35	1	1008	1.51621337418	norm	3147
T	36	1	2789	0.382107137964	raw	3147
T	36	1	2789	0.938248359403	norm	3147
A	36	1	2400	0.32881216605	raw	3147
A	36	1	2400	0.779816383965	norm	3147
G	36	1	1154	0.158103849842	raw	3147
G	36	1	1154	1.73582364465	norm	3147
C	36	1	956	0.130976846143	raw	3147
C	36	1	956	1.63704835864	norm	3147
T	37	1	2838	0.388820386354	raw	3147
T	37	1	2838	0.954732464678	norm	3147
A	37	1	2569	0.351966022743	raw	3147
A	37	1	2569	0.834728454336	norm	3147
C	37	1	946	0.129606795451	raw	3147
C	37	1	946	1.61992442183	norm	3147
G	37	1	946	0.129606795451	raw	3147
G	37	1	946	1.42295421823	norm	3147
T	38	1	2943	0.403205918619	raw	3147
T	38	1	2943	0.990055547409	norm	3147
A	38	1	2420	0.331552267434	raw	3147
A	38	1	2420	0.786314853831	norm	3147
C	38	1	1048	0.143581312509	raw	3147
C	38	1	1048	1.79458857725	norm	3147
G	38	1	888	0.121660501439	raw	3147
G	38	1	888	1.33571178202	norm	3147
T	39	1	2889	0.395807644883	raw	3147
T	39	1	2889	0.971889390576	norm	3147
A	39	1	2560	0.35073297712	raw	3147
A	39	1	2560	0.831804142896	norm	3147
C	39	1	974	0.133442937389	raw	3147
C	39	1	974	1.66787144489	norm	3147
G	39	1	876	0.120016440608	raw	3147
G	39	1	876	1.3176616228	norm	3147
T	40	1	2972	0.407179065625	raw	3147
T	40	1	2972	0.999811446449	norm	3147
A	40	1	2497	0.342101657761	raw	3147
A	40	1	2497	0.811333962817	norm	3147
C	40	1	972	0.13316892725	raw	3147
C	40	1	972	1.66444665753	norm	3147
G	40	1	858	0.117550349363	raw	3147
G	40	1	858	1.29058638398	norm	3147
T	41	1	2945	0.403479928757	raw	3147
T	41	1	2945	0.990728368033	norm	3147
A	41	1	2612	0.357857240718	raw	3147
A	41	1	2612	0.848700164549	norm	3147
G	41	1	911	0.12481161803	raw	3147
G	41	1	911	1.37030792051	norm	3147
C	41	1	831	0.113851212495	raw	3147
C	41	1	831	1.42299914856	norm	3147
T	42	1	2826	0.387176325524	raw	3147
T	42	1	2826	0.950695540937	norm	3147
A	42	1	2516	0.344704754076	raw	3147
A	42	1	2516	0.81750750919	norm	3147
G	42	1	1017	0.139334155364	raw	3147
G	42	1	1017	1.52975099359	norm	3147
C	42	1	940	0.128784765036	raw	3147
C	42	1	940	1.60965005975	norm	3147
T	43	1	2901	0.397451705713	raw	3147
T	43	1	2901	0.975926314317	norm	3147
A	43	1	2682	0.367447595561	raw	3147
A	43	1	2682	0.871444809081	norm	3147
G	43	1	895	0.122619536923	raw	3147
G	43	1	895	1.34624104156	norm	3147
C	43	1	821	0.112481161803	raw	3147
C	43	1	821	1.40587521176	norm	3147
T	44	1	3049	0.417728455953	raw	3147
T	44	1	3049	1.02571504045	norm	3147
A	44	1	2594	0.355391149473	raw	3147
A	44	1	2594	0.842851541669	norm	3147
C	44	1	856	0.117276339225	raw	3147
C	44	1	856	1.46580899058	norm	3147
G	44	1	800	0.10960405535	raw	3147
G	44	1	800	1.20334394776	norm	3147
T	45	1	2951	0.404301959172	raw	3147
T	45	1	2951	0.992746829903	norm	3147
A	45	1	2671	0.3659405398	raw	3147
A	45	1	2671	0.867870650654	norm	3147
C	45	1	878	0.120290450747	raw	3147
C	45	1	878	1.50348165155	norm	3147
G	45	1	799	0.109467050281	raw	3147
G	45	1	799	1.20183976783	norm	3147
A	46	1	2927	0.401013837512	raw	3147
A	46	1	2927	0.951051064944	norm	3147
T	46	1	2766	0.378956021373	raw	3147
T	46	1	2766	0.930510922234	norm	3147
G	46	1	875	0.119879435539	raw	3147
G	46	1	875	1.31615744287	norm	3147
C	46	1	731	0.100150705576	raw	3147
C	46	1	731	1.25175978051	norm	3147
T	47	1	2996	0.410467187286	raw	3147
T	47	1	2996	1.00788529393	norm	3147
A	47	1	2654	0.363611453624	raw	3147
A	47	1	2654	0.862346951268	norm	3147
G	47	1	854	0.117002329086	raw	3147
G	47	1	854	1.28456966424	norm	3147
C	47	1	795	0.108919030004	raw	3147
C	47	1	795	1.36135297606	norm	3147
T	48	1	2818	0.386080284971	raw	3147
T	48	1	2818	0.948004258443	norm	3147
A	48	1	2731	0.374160843951	raw	3147
A	48	1	2731	0.887366060254	norm	3147
G	48	1	894	0.122482531854	raw	3147
G	48	1	894	1.34473686162	norm	3147
C	48	1	856	0.117276339225	raw	3147
C	48	1	856	1.46580899058	norm	3147
T	49	1	2992	0.409919167009	raw	3147
T	49	1	2992	1.00653965268	norm	3147
A	49	1	2743	0.375804904781	raw	3147
A	49	1	2743	0.891265142173	norm	3147
C	49	1	791	0.108371009727	raw	3147
C	49	1	791	1.35450340134	norm	3147
G	49	1	773	0.105904918482	raw	3147
G	49	1	773	1.16273108953	norm	3147
T	50	1	3046	0.417317440745	raw	3147
T	50	1	3046	1.02470580952	norm	3147
A	50	1	2678	0.366899575284	raw	3147
A	50	1	2678	0.870145115108	norm	3147
C	50	1	832	0.113988217564	raw	3147
C	50	1	832	1.42471154224	norm	3147
G	50	1	743	0.101794766406	raw	3147
G	50	1	743	1.11760569148	norm	3147
T	51	1	2890	0.395944649952	raw	3147
T	51	1	2890	0.972225800888	norm	3147
A	51	1	2838	0.388820386354	raw	3147
A	51	1	2838	0.922132874039	norm	3147
G	51	1	792	0.108508014797	raw	3147
G	51	1	792	1.19131050828	norm	3147
C	51	1	779	0.106726948897	raw	3147
C	51	1	779	1.33395467717	norm	3147
A	52	1	2870	0.393204548568	raw	3147
A	52	1	2870	0.932530425825	norm	3147
T	52	1	2856	0.3912864776	raw	3147
T	52	1	2856	0.960787850289	norm	3147
C	52	1	821	0.112481161803	raw	3147
C	52	1	821	1.40587521176	norm	3147
G	52	1	752	0.103027812029	raw	3147
G	52	1	752	1.1311433109	norm	3147
T	53	1	3086	0.422797643513	raw	3147
T	53	1	3086	1.03816222199	norm	3147
A	53	1	2671	0.3659405398	raw	3147
A	53	1	2671	0.867870650654	norm	3147
C	53	1	772	0.105767913413	raw	3147
C	53	1	772	1.32196792141	norm	3147
G	53	1	770	0.105493903274	raw	3147
G	53	1	770	1.15821854972	norm	3147
T	54	1	2988	0.409371146732	raw	3147
T	54	1	2988	1.00519401144	norm	3147
A	54	1	2702	0.370187696945	raw	3147
A	54	1	2702	0.877943278947	norm	3147
C	54	1	832	0.113988217564	raw	3147
C	54	1	832	1.42471154224	norm	3147
G	54	1	777	0.106452938759	raw	3147
G	54	1	777	1.16874780926	norm	3147
T	55	1	3011	0.412522263324	raw	3147
T	55	1	3011	1.01293144861	norm	3147
A	55	1	2796	0.383066173448	raw	3147
A	55	1	2796	0.908486087319	norm	3147
C	55	1	771	0.105630908344	raw	3147
C	55	1	771	1.32025552773	norm	3147
G	55	1	721	0.0987806548842	raw	3147
G	55	1	721	1.08451373292	norm	3147
A	56	1	2991	0.40978216194	raw	3147
A	56	1	2991	0.971846168516	norm	3147
T	56	1	2801	0.383751198794	raw	3147
T	56	1	2801	0.942285283144	norm	3147
C	56	1	801	0.109741060419	raw	3147
C	56	1	801	1.37162733815	norm	3147
G	56	1	706	0.0967255788464	raw	3147
G	56	1	706	1.0619510339	norm	3147
T	57	1	2880	0.39457459926	raw	3147
T	57	1	2880	0.96886169777	norm	3147
A	57	1	2840	0.389094396493	raw	3147
A	57	1	2840	0.922782721025	norm	3147
G	57	1	807	0.110563090834	raw	3147
G	57	1	807	1.21387320731	norm	3147
C	57	1	772	0.105767913413	raw	3147
C	57	1	772	1.32196792141	norm	3147
T	58	1	3124	0.428003836142	raw	3147
T	58	1	3124	1.05094581383	norm	3147
A	58	1	2671	0.3659405398	raw	3147
A	58	1	2671	0.867870650654	norm	3147
G	58	1	753	0.103164817098	raw	3147
G	58	1	753	1.13264749083	norm	3147
C	58	1	751	0.10289080696	raw	3147
C	58	1	751	1.28600765412	norm	3147
T	59	1	3009	0.412248253185	raw	3147
T	59	1	3009	1.01225862798	norm	3147
A	59	1	2778	0.380600082203	raw	3147
A	59	1	2778	0.90263746444	norm	3147
G	59	1	776	0.10631593369	raw	3147
G	59	1	776	1.16724362933	norm	3147
C	59	1	736	0.100835730922	raw	3147
C	59	1	736	1.26032174891	norm	3147
A	60	1	2929	0.40128784765	raw	3147
A	60	1	2929	0.951700911931	norm	3147
T	60	1	2766	0.378956021373	raw	3147
T	60	1	2766	0.930510922234	norm	3147
G	60	1	815	0.111659131388	raw	3147
G	60	1	815	1.22590664678	norm	3147
C	60	1	789	0.108096999589	raw	3147
C	60	1	789	1.35107861398	norm	3147
T	61	1	3030	0.415125359638	raw	3147
T	61	1	3030	1.01932324453	norm	3147
A	61	1	2776	0.380326072065	raw	3147
A	61	1	2776	0.901987617453	norm	3147
G	61	1	859	0.117687354432	raw	3147
G	61	1	859	1.29209056391	norm	3147
C	61	1	634	0.0868612138649	raw	3147
C	61	1	634	1.08565759349	norm	3147
A	62	1	2994	0.410193177148	raw	3147
A	62	1	2994	0.972820938996	norm	3147
T	62	1	2873	0.393615563776	raw	3147
T	62	1	2873	0.966506825588	norm	3147
G	62	1	783	0.107274969174	raw	3147
G	62	1	783	1.17777288887	norm	3147
C	62	1	649	0.0889162899027	raw	3147
C	62	1	649	1.1113434987	norm	3147
T	63	1	2948	0.403890943965	raw	3147
T	63	1	2948	0.991737598968	norm	3147
A	63	1	2873	0.393615563776	raw	3147
A	63	1	2873	0.933505196305	norm	3147
G	63	1	749	0.102616796821	raw	3147
G	63	1	749	1.12663077109	norm	3147
C	63	1	729	0.0998766954377	raw	3147
C	63	1	729	1.24833499314	norm	3147
A	64	1	2981	0.408412111248	raw	3147
A	64	1	2981	0.968596933583	norm	3147
T	64	1	2957	0.405123989588	raw	3147
T	64	1	2957	0.994765291773	norm	3147
G	64	1	717	0.0982326346075	raw	3147
G	64	1	717	1.07849701318	norm	3147
C	64	1	644	0.0882312645568	raw	3147
C	64	1	644	1.1027815303	norm	3147
T	65	1	3128	0.428551856419	raw	3147
T	65	1	3128	1.05229145508	norm	3147
A	65	1	2803	0.384025208933	raw	3147
A	65	1	2803	0.910760551773	norm	3147
G	65	1	700	0.0959035484313	raw	3147
G	65	1	700	1.05292595429	norm	3147
C	65	1	668	0.0915193862173	raw	3147
C	65	1	668	1.14387897863	norm	3147
T	66	1	3024	0.414303329223	raw	3147
T	66	1	3024	1.01730478266	norm	3147
A	66	1	2884	0.395122619537	raw	3147
A	66	1	2884	0.937079354731	norm	3147
G	66	1	717	0.0982326346075	raw	3147
G	66	1	717	1.07849701318	norm	3147
C	66	1	674	0.0923414166324	raw	3147
C	66	1	674	1.15415334071	norm	3147
A	67	1	3005	0.411700232909	raw	3147
A	67	1	3005	0.976395097423	norm	3147
T	67	1	2918	0.399780791889	raw	3147
T	67	1	2918	0.981645289616	norm	3147
G	67	1	738	0.10110974106	raw	3147
G	67	1	738	1.11008479181	norm	3147
C	67	1	638	0.0874092341417	raw	3147
C	67	1	638	1.09250716821	norm	3147
A	68	1	2957	0.405123989588	raw	3147
A	68	1	2957	0.960798769744	norm	3147
T	68	1	2884	0.395122619537	raw	3147
T	68	1	2884	0.970207339017	norm	3147
G	68	1	751	0.10289080696	raw	3147
G	68	1	751	1.12963913096	norm	3147
C	68	1	707	0.0968625839156	raw	3147
C	68	1	707	1.21066233217	norm	3147
T	69	1	2909	0.398547746267	raw	3147
T	69	1	2909	0.97861759681	norm	3147
A	69	1	2887	0.395533634744	raw	3147
A	69	1	2887	0.938054125211	norm	3147
G	69	1	828	0.113440197287	raw	3147
G	69	1	828	1.24546098593	norm	3147
C	69	1	675	0.0924784217016	raw	3147
C	69	1	675	1.15586573439	norm	3147
T	70	1	3051	0.418002466091	raw	3147
T	70	1	3051	1.02638786108	norm	3147
A	70	1	2898	0.397040690506	raw	3147
A	70	1	2898	0.941628283638	norm	3147
C	70	1	734	0.100561720784	raw	3147
C	70	1	734	1.25689696155	norm	3147
G	70	1	616	0.0843951226195	raw	3147
G	70	1	616	0.926574839777	norm	3147
A	71	1	3025	0.414440334292	raw	3147
A	71	1	3025	0.982893567289	norm	3147
T	71	1	2935	0.402109878065	raw	3147
T	71	1	2935	0.987364264915	norm	3147
G	71	1	679	0.0930264419784	raw	3147
G	71	1	679	1.02133817566	norm	3147
C	71	1	660	0.0904233456638	raw	3147
C	71	1	660	1.13017982918	norm	3147
A	72	1	3080	0.421975613098	raw	3147
A	72	1	3080	1.00076435942	norm	3147
T	72	1	2955	0.404849979449	raw	3147
T	72	1	2955	0.99409247115	norm	3147
C	72	1	638	0.0874092341417	raw	3147
C	72	1	638	1.09250716821	norm	3147
G	72	1	626	0.0857651733114	raw	3147
G	72	1	626	0.941616639124	norm	3147
T	73	1	3035	0.415810384984	raw	3147
T	73	1	3035	1.02100529609	norm	3147
A	73	1	2934	0.401972872996	raw	3147
A	73	1	2934	0.953325529397	norm	3147
G	73	1	749	0.102616796821	raw	3147
G	73	1	749	1.12663077109	norm	3147
C	73	1	581	0.079599945198	raw	3147
C	73	1	581	0.994900728418	norm	3147
T	74	1	3042	0.416769420469	raw	3147
T	74	1	3042	1.02336016827	norm	3147
A	74	1	3004	0.411563227839	raw	3147
A	74	1	3004	0.97607017393	norm	3147
G	74	1	650	0.0890532949719	raw	3147
G	74	1	650	0.977716957557	norm	3147
C	74	1	603	0.0826140567201	raw	3147
C	74	1	603	1.03257338939	norm	3147
A	75	1	3021	0.413892314016	raw	3147
A	75	1	3021	0.981593873316	norm	3147
T	75	1	2935	0.402109878065	raw	3147
T	75	1	2935	0.987364264915	norm	3147
G	75	1	720	0.098643649815	raw	3147
G	75	1	720	1.08300955299	norm	3147
C	75	1	623	0.0853541581038	raw	3147
C	75	1	623	1.066821263	norm	3147
A	76	1	3004	0.411563227839	raw	3147
A	76	1	3004	0.97607017393	norm	3147
T	76	1	2961	0.405672009864	raw	3147
T	76	1	2961	0.99611093302	norm	3147
G	76	1	784	0.107411974243	raw	3147
G	76	1	784	1.17927706881	norm	3147
C	76	1	550	0.0753527880532	raw	3147
C	76	1	550	0.94181652432	norm	3147
T	77	1	3002	0.411289217701	raw	3147
T	77	1	3002	1.0099037558	norm	3147
A	77	1	2937	0.402383888204	raw	3147
A	77	1	2937	0.954300299877	norm	3147
C	77	1	711	0.0974106041924	raw	3147
C	77	1	711	1.21751190689	norm	3147
G	77	1	649	0.0889162899027	raw	3147
G	77	1	649	0.976212777622	norm	3147
A	78	1	3040	0.41649541033	raw	3147
A	78	1	3040	0.987767419689	norm	3147
T	78	1	2840	0.389094396493	raw	3147
T	78	1	2840	0.955405285301	norm	3147
G	78	1	731	0.100150705576	raw	3147
G	78	1	731	1.09955553227	norm	3147
C	78	1	688	0.094259487601	raw	3147
C	78	1	688	1.17812685224	norm	3147
T	79	1	3021	0.413892314016	raw	3147
T	79	1	3021	1.01629555172	norm	3147
A	79	1	2942	0.40306891355	raw	3147
A	79	1	2942	0.955924917344	norm	3147
G	79	1	703	0.0963145636389	raw	3147
G	79	1	703	1.0574384941	norm	3147
C	79	1	633	0.0867242087957	raw	3147
C	79	1	633	1.08394519981	norm	3147
T	80	1	3013	0.412796273462	raw	3147
T	80	1	3013	1.01360426923	norm	3147
A	80	1	2960	0.405535004795	raw	3147
A	80	1	2960	0.961773540224	norm	3147
G	80	1	718	0.0983696396767	raw	3147
G	80	1	718	1.08000119312	norm	3147
C	80	1	608	0.083299082066	raw	3147
C	80	1	608	1.04113535779	norm	3147
A	81	1	3010	0.412385258255	raw	3147
A	81	1	3010	0.97801971489	norm	3147
T	81	1	2888	0.395670639814	raw	3147
T	81	1	2888	0.971552980264	norm	3147
G	81	1	737	0.100972735991	raw	3147
G	81	1	737	1.10858061188	norm	3147
C	81	1	664	0.0909713659405	raw	3147
C	81	1	664	1.13702940391	norm	3147
A	82	1	3090	0.42334566379	raw	3147
A	82	1	3090	1.00401359436	norm	3147
T	82	1	2959	0.405397999726	raw	3147
T	82	1	2959	0.995438112397	norm	3147
C	82	1	632	0.0865872037265	raw	3147
C	82	1	632	1.08223280613	norm	3147
G	82	1	618	0.0846691327579	raw	3147
G	82	1	618	0.929583199646	norm	3147
A	83	1	3010	0.412385258255	raw	3147
A	83	1	3010	0.97801971489	norm	3147
T	83	1	2911	0.398821756405	raw	3147
T	83	1	2911	0.979290417434	norm	3147
G	83	1	694	0.0950815180162	raw	3147
G	83	1	694	1.04390087468	norm	3147
C	83	1	684	0.0937114673243	raw	3147
C	83	1	684	1.17127727752	norm	3147
T	84	1	2971	0.407042060556	raw	3147
T	84	1	2971	0.999475036137	norm	3147
A	84	1	2818	0.386080284971	raw	3147
A	84	1	2818	0.915634404172	norm	3147
G	84	1	784	0.107411974243	raw	3147
G	84	1	784	1.17927706881	norm	3147
C	84	1	726	0.0994656802302	raw	3147
C	84	1	726	1.2431978121	norm	3147
A	85	1	3051	0.418002466091	raw	3147
A	85	1	3051	0.991341578116	norm	3147
T	85	1	2952	0.404438964242	raw	3147
T	85	1	2952	0.993083240215	norm	3147
G	85	1	748	0.102479791752	raw	3147
G	85	1	748	1.12512659116	norm	3147
C	85	1	548	0.0750787779148	raw	3147
C	85	1	548	0.938391736959	norm	3147
T	86	1	3038	0.416221400192	raw	3147
T	86	1	3038	1.02201452702	norm	3147
A	86	1	2954	0.40471297438	raw	3147
A	86	1	2954	0.959823999264	norm	3147
G	86	1	660	0.0904233456638	raw	3147
G	86	1	660	0.992758756904	norm	3147
C	86	1	647	0.0886422797644	raw	3147
C	86	1	647	1.10791871134	norm	3147
A	87	1	3020	0.413755308946	raw	3147
A	87	1	3020	0.981268949823	norm	3147
T	87	1	2800	0.383614193725	raw	3147
T	87	1	2800	0.941948872832	norm	3147
G	87	1	786	0.107685984381	raw	3147
G	87	1	786	1.18228542868	norm	3147
C	87	1	693	0.094944512947	raw	3147
C	87	1	693	1.18668882064	norm	3147
A	88	1	3038	0.416221400192	raw	3147
A	88	1	3038	0.987117572702	norm	3147
T	88	1	2959	0.405397999726	raw	3147
T	88	1	2959	0.995438112397	norm	3147
G	88	1	739	0.10124674613	raw	3147
G	88	1	739	1.11158897175	norm	3147
C	88	1	563	0.0771338539526	raw	3147
C	88	1	563	0.964077642168	norm	3147
T	89	1	3034	0.415673379915	raw	3147
T	89	1	3034	1.02066888578	norm	3147
A	89	1	2935	0.402109878065	raw	3147
A	89	1	2935	0.953650452891	norm	3147
G	89	1	693	0.094944512947	raw	3147
G	89	1	693	1.04239669475	norm	3147
C	89	1	637	0.0872722290725	raw	3147
C	89	1	637	1.09079477453	norm	3147
T	90	1	3012	0.412659268393	raw	3147
T	90	1	3012	1.01326785892	norm	3147
A	90	1	2885	0.395259624606	raw	3147
A	90	1	2885	0.937404278225	norm	3147
G	90	1	715	0.0979586244691	raw	3147
G	90	1	715	1.07548865331	norm	3147
C	90	1	687	0.0941224825319	raw	3147
C	90	1	687	1.17641445856	norm	3147
T	91	1	3119	0.427318810796	raw	3147
T	91	1	3119	1.04926376227	norm	3147
A	91	1	2992	0.409919167009	raw	3147
A	91	1	2992	0.97217109201	norm	3147
G	91	1	604	0.0827510617893	raw	3147
G	91	1	604	0.908524680561	norm	3147
C	91	1	584	0.0800109604055	raw	3147
C	91	1	584	1.00003790946	norm	3147
A	92	1	3099	0.424578709412	raw	3147
A	92	1	3099	1.00693790579	norm	3147
T	92	1	2856	0.3912864776	raw	3147
T	92	1	2856	0.960787850289	norm	3147
G	92	1	688	0.094259487601	raw	3147
G	92	1	688	1.03487579508	norm	3147
C	92	1	656	0.089875325387	raw	3147
C	92	1	656	1.12333025446	norm	3147
T	93	1	2926	0.400876832443	raw	3147
T	93	1	2926	0.98433657211	norm	3147
A	93	1	2873	0.393615563776	raw	3147
A	93	1	2873	0.933505196305	norm	3147
C	93	1	767	0.105082888067	raw	3147
C	93	1	767	1.31340595301	norm	3147
G	93	1	733	0.100424715714	raw	3147
G	93	1	733	1.10256389214	norm	3147
T	94	1	2998	0.410741197424	raw	3147
T	94	1	2998	1.00855811455	norm	3147
A	94	1	2955	0.404849979449	raw	3147
A	94	1	2955	0.960148922757	norm	3147
G	94	1	736	0.100835730922	raw	3147
G	94	1	736	1.10707643194	norm	3147
C	94	1	610	0.0835730922044	raw	3147
C	94	1	610	1.04456014516	norm	3147
A	95	1	3036	0.415947390053	raw	3147
A	95	1	3036	0.986467725716	norm	3147
T	95	1	2993	0.410056172078	raw	3147
T	95	1	2993	1.006876063	norm	3147
C	95	1	650	0.0890532949719	raw	3147
C	95	1	650	1.11305589238	norm	3147
G	95	1	620	0.0849431428963	raw	3147
G	95	1	620	0.932591559516	norm	3147
A	96	1	3048	0.417591450884	raw	3147
A	96	1	3048	0.990366807636	norm	3147
T	96	1	2814	0.385532264694	raw	3147
T	96	1	2814	0.946658617197	norm	3147
G	96	1	742	0.101657761337	raw	3147
G	96	1	742	1.11610151155	norm	3147
C	96	1	695	0.0952185230854	raw	3147
C	96	1	695	1.190113608	norm	3147
A	97	1	3084	0.422523633374	raw	3147
A	97	1	3084	1.0020640534	norm	3147
T	97	1	2897	0.396903685436	raw	3147
T	97	1	2897	0.97458067307	norm	3147
C	97	1	659	0.0902863405946	raw	3147
C	97	1	659	1.1284674355	norm	3147
G	97	1	659	0.0902863405946	raw	3147
G	97	1	659	0.991254576969	norm	3147
T	98	1	3121	0.427592820934	raw	3147
T	98	1	3121	1.0499365829	norm	3147
A	98	1	2883	0.394985614468	raw	3147
A	98	1	2883	0.936754431238	norm	3147
G	98	1	666	0.0912453760789	raw	3147
G	98	1	666	1.00178383651	norm	3147
C	98	1	629	0.086176188519	raw	3147
C	98	1	629	1.07709562509	norm	3147
A	99	1	3017	0.413344293739	raw	3147
A	99	1	3017	0.980294179343	norm	3147
T	99	1	2871	0.393341553637	raw	3147
T	99	1	2871	0.965834004965	norm	3147
G	99	1	734	0.100561720784	raw	3147
G	99	1	734	1.10406807207	norm	3147
C	99	1	677	0.09275243184	raw	3147
C	99	1	677	1.15929052175	norm	3147
A	100	1	3008	0.412111248116	raw	3147
A	100	1	3008	0.977369867903	norm	3147
T	100	1	2983	0.408686121386	raw	3147
T	100	1	2983	1.00351195988	norm	3147
G	100	1	734	0.100561720784	raw	3147
G	100	1	734	1.10406807207	norm	3147
C	100	1	574	0.0786409097137	raw	3147
C	100	1	574	0.982913972654	norm	3147
